0.160787161879922 0.145679857249461 0.134126184927437 0.0281787485639821 0.10602759736239 0.0466377682779042 0.00323181911968366 0.127589885365884 0.19557285978166 0.0521681174716762
0.0252889959051928 0.0924399121905539 0.035371399830448 0.131638462441407 0.123629785496304 0.0669393280726134 0.136507041311104 0.11888518077651 0.14976029014454 0.119539603831326
0.130454084369977 0.0786645819421727 0.127438694321728 0.125163070269532 0.125560325698053 0.111600516914384 0.00834556295849981 0.141780119797702 0.0767459454802145 0.0742470982477361
0.176725875960599 0.0219517297312625 0.127316599193654 0.135345562720802 0.0909729014891493 0.0768043087165794 0.0679138128272784 0.0740302016378309 0.0966864131860309 0.132252594536814
0.0881485536315088 0.118406638362033 0.0807026044198988 0.0842341353268534 0.110107930014543 0.0823914288017696 0.109474343992757 0.111159237827179 0.115171120294374 0.100204007329083
0.103138979429142 0.161950526695153 0.181524217458211 0.0300254647382752 0.0426114777638233 0.0744974678502207 0.0275031804805756 0.0537596720016837 0.173826129077311 0.151162884505605
0.115982171983183 0.143475148732077 0.126248149457083 0.141802345614756 0.139833030197502 0.0753017445818813 0.095558956908884 0.0126085111700425 0.0350918723970554 0.114098068957535
0.151725443104397 0.0552204894897817 0.0877975844471374 0.0704460248470541 0.119974715408749 0.130594442010928 0.115565598666941 0.116843696476797 0.136736807266691 0.0150951982815246
0.0895715899597051 0.0775009149163377 0.194876989884305 0.113450690998822 0.0775987504305422 0.0827258355397486 0.0632137896243632 0.0283099927984656 0.0550275712313869 0.217723874616324
0.0464100147699288 0.116616759687006 0.0864821680414222 0.116821246123378 0.158622189728096 0.184093525311137 0.0957570707216315 0.08204481591346 0.0280306657973395 0.0851215439066008
0.0251707432144772 0.0601342728971819 0.150620864822365 0.13742729242196 0.165661799749601 0.0854997702732446 0.00759454071572648 0.0917209012293992 0.114891977690953 0.161277836985091
0.0677237897000737 0.109602609727793 0.0745404771280338 0.111802115654224 0.120045344031048 0.204724535038046 0.0614016308942126 0.0644072866322627 0.178699852818989 0.00705235837531623
0.0634691899949751 0.17043132645171 0.0303881931101444 0.114446321603927 0.212480273454387 0.045808227145181 0.0537263413525316 0.0799214098715479 0.173201353005647 0.0561273640099485
0.162334841339294 0.0320658665680909 0.142756817495474 0.0620500785493552 0.13979961917703 0.0486543212180072 0.163576551149154 0.0243153095970045 0.164099647251519 0.0603469476550708
0.0584313473902271 0.0490886317310989 0.0300128240724857 0.12640968987203 0.12386251646368 0.197619136242695 0.0155366479912678 0.159914132044584 0.144878387677038 0.0942466865148942
0.0594085143856044 0.138581754578304 0.0872949357061152 0.0985861682802709 0.177125887980106 0.0925009947219601 0.135751289137956 0.107369150148834 0.0671705874425098 0.0362107176183389
0.0881646150884021 0.0281906272886744 0.0809015663262064 0.042384816333066 0.0164684508878109 0.207711528862537 0.127974998106044 0.101014365470584 0.102092279818861 0.205096751817814
0.0743272097879011 0.0955117753057554 0.178204973762944 0.0416663328966836 0.079633856527638 0.157462285145259 0.0431131874675594 0.0641776933367765 0.142073074040195 0.123829611729288
0.0181810865802649 0.0459465662640108 0.0899961209333885 0.0946537178248194 0.180752675048242 0.08409831306027 0.000850356073995775 0.109495166338156 0.19355222198787 0.182473775888982
0.059241487864372 0.00189242199128863 0.126187970415383 0.0961494316358685 0.0820033197001879 0.205077136569363 0.0204041454985535 0.23313864458301 0.0697830935894935 0.106122348152481
0.0744473476090569 0.0557267908129683 0.171666035540916 0.073868132366746 0.144093242576672 0.156286696802174 0.0440806984963146 0.146236926751483 0.0887258927253811 0.044868236318287
0.154693425982383 0.171471898644311 0.02213884155328 0.095605175653847 0.12944459839145 0.15716852052052 0.137767205047677 0.0252259247392344 0.0172611922769604 0.089223217190337
0.119126174511795 0.0824802963896648 0.0769732315180723 0.0614258899496357 0.0134056786513855 0.172803839547205 0.145146844316066 0.0268676597417121 0.15297001738749 0.148800367986973
0.0217649366552585 0.152218162537969 0.113185341696412 0.125517251989937 0.0252043928351719 0.120817096184122 0.0943313663581405 0.0992995495449634 0.164080752803522 0.0835811493945041
0.0149583915055529 0.0333795459783527 0.214742686747748 0.134297729764235 0.0294203149146748 0.077268981363376 0.0694394774337427 0.231164119479392 0.0993701807023276 0.0959585721105989
0.110248818296394 0.102974326701978 0.135293136728271 0.0781174035993432 0.0986763852015699 0.0677095795737632 0.122481392667034 0.121355823220582 0.162618324568754 0.000524809442310137
0.126764089321106 0.0738305183627635 0.0161916012532816 0.127821181213248 0.132822189157325 0.132229122790718 0.133165280069704 0.104707178901178 0.130537728044559 0.0219311108861177
0.137731945398827 0.0196485731803344 0.122968529551734 0.133590553945135 0.153671420567521 0.169178865782448 0.0960659493288366 0.109354711244363 0.0124705433133574 0.0453189076874427
0.130408358926341 0.133770085961714 0.139266202306679 0.107540473468464 0.0745147354384795 0.0854780868889787 0.0239666502170137 0.150447001766899 0.00464484981199339 0.149963555213437
0.0431917865330743 0.260605047029345 0.209879858817987 0.00118238703787172 0.0142607186758197 0.00477949609594557 0.141381233500298 0.0122465808757707 0.282816628549452 0.0296562628844359
0.0717653221591618 0.242694175460266 0.187154055592821 0.0343702412572734 0.0126966360635206 0.116162519512648 0.0180519412761511 0.13342245850456 0.0384429738096721 0.145239676363927
0.296736398002528 0.0111175716285358 0.235877986409402 0.0756253906342087 0.0620242985584496 0.175817264951277 0.0153466960801227 0.0614682380387132 0.0563555021251624 0.00963065357160059
0.0116400824978023 0.120775254616985 0.0865356906811668 0.0485596422758452 0.176362378942403 0.178857565487187 0.119833304226217 0.0018394735893975 0.118005334940304 0.137591272742692
0.179555342185385 0.0195638013151977 0.103466054291906 0.11865944122968 0.0171886625265666 0.163989979416926 0.0329866900412968 0.0754805687047752 0.099996878635115 0.189112581653152
0.144004252174016 0.0755344655812485 0.0885450549128338 0.0252463882996294 0.079571256270754 0.100412270719535 0.101942217269732 0.102755104578934 0.138802614356454 0.143186375836863
0.0914879771301185 0.0202563642001513 0.0222842750745298 0.167393594651743 0.0499302042830289 0.0361090207088791 0.268133364801351 0.0304575876734175 0.18969997141483 0.124247640061952
0.0714615658942263 0.144068661041094 0.101229621691846 0.0467038380662925 0.211443006538763 0.0808899887852693 0.0275195474618134 0.012609007356366 0.126210540178259 0.177864222986071
0.231618791998419 0.116675221174622 0.0854585763092055 0.0263243304944753 0.0729422444074001 0.201012494368302 0.179800112705772 0.00704011363566691 0.0457068513491886 0.0334212635569489
0.140474351225854 0.00361412652484729 0.0452626055962837 0.191140031529012 0.0664116157484646 0.00926189291591685 0.011039452852211 0.195596178235637 0.149357706994058 0.187842038377716
0.0185643935907048 0.173381374444356 0.090785784189018 0.0887919231024178 0.0088951481438169 0.177477920359487 0.0988791797621681 0.156082035743846 0.108109720609405 0.0790325200547801
0.205081720218261 0.148840219507737 0.146779581498948 0.178769255010212 0.0592802782792802 0.0960885052781488 0.0280356775823161 0.022303923164064 0.0735319395212286 0.0412888999398044
0.115997984191643 0.116312683019104 0.219619407197971 0.0361854443765962 0.218070471625025 0.081424008234601 0.039450408716004 0.0424571043315279 0.0161047561090353 0.114377732198492
0.0370120101277168 0.113957960652178 0.150997312714642 0.0590436125899025 0.0925032022926807 0.100261366739795 0.169091788809545 0.0433858623986783 0.126219178020594 0.107527705654268
0.117565481140368 0.163801025395548 0.15617871003765 0.0288367625697271 0.100922497147115 0.0772818861901283 0.108006665036759 0.104124533751185 0.0511828536948231 0.0920995850366965
0.219537775792747 0.105869506243967 0.138777051770831 0.206621101448221 0.0989792449264117 0.00819771330918172 0.0636822088020992 0.0539861285023984 0.0599008745931893 0.0444483946109547
0.310436573887981 0.283208054982796 0.0520754319586979 0.00417989800982377 0.0857979318850658 0.0121329048237437 0.0237404497193187 0.179818137713978 0.00756132229690061 0.0410492947216952
0.0172180957047501 0.169380752665652 0.122633757907811 0.0577175361805889 0.178097951041053 0.082095268208639 0.0995865721158064 0.0820420485507482 0.164620526724366 0.0266074909005864
0.00203158423379245 0.190369864626773 0.0293036473619196 0.190872757474786 0.143654539584526 0.208607930814081 0.00225024864077682 0.000968831457882193 0.180749533694245 0.0511910621112185
0.149281964373247 0.0426229729770581 0.142965534473945 0.022446233315746 0.0578615842198957 0.0482093930167125 0.153695842232873 0.156050441489587 0.106586567836575 0.120279466064361
0.139263877163362 0.0794565797937448 0.0926437347234879 0.103245513040349 0.132054476166723 0.0274464616185817 0.176131252494845 0.17204871304512 0.00589254749373565 0.0718168444600502
0.0446647373965001 0.190596556777389 0.162757052752893 0.00566954549849453 0.0977943795819224 0.0661888395138252 0.134582131763526 0.00601982893846908 0.197143851559308 0.0945830762176727
0.0615297625970477 0.108802217472033 0.132043052973344 0.0754109186741984 0.121600195001422 0.136029699343588 0.108091551961818 0.080310189781567 0.153236408203715 0.0229460039912676
0.194431550091675 0.030784378095574 0.00103974572746981 0.143044214402713 0.20374510880333 0.143204716637689 0.0579370294735058 0.132142951202324 0.0389451026226535 0.0547252029430647
0.0478857429240887 0.0207380301945165 0.0616393729151233 0.18982200695684 0.132531112605831 0.17150600935266 0.2253600065954 0.0671579738955685 0.0349779820260521 0.0483817625339194
0.0340239682632371 0.0495359658114897 0.107258745658067 0.0437856978096732 0.147306827597666 0.188946290565718 0.193869971161088 0.0504614341278874 0.110924427642959 0.0738866713622144
0.00469527567522087 0.0290639715598331 0.0830941853881061 0.232899857022879 0.1703651259412 0.0931300851979364 0.129695096640182 0.179114759715795 0.0522938933706076 0.0256477494882403
0.0588581963520304 0.0917332325343346 0.139546251230283 0.00268761269871308 0.0985555824655437 0.149729064793207 0.117335503495352 0.105903127494799 0.0789850056550477 0.15666642328069
0.108180927106561 0.0861743549777403 0.0580233608842714 0.106824332129881 0.177207535876626 0.121093030818217 0.194964464662071 0.0526527478787855 0.033894009021711 0.0609852366441353
0.157832143006895 0.162247485246724 0.0317603414524799 0.0384703713089078 0.089032513191478 0.164993015064922 0.000920154516932857 0.00424483110298665 0.188918439542724 0.161580705565949
0.0662212932271256 0.011704087231808 0.087583041730495 0.0887086321418314 0.208490370096376 0.0692687258850178 0.132632910408754 0.00679671034026014 0.0848925702410921 0.243701658697241
0.033936402163037 0.111689644910663 0.0276333271220274 0.136285438547781 0.183037795975528 0.0695714577263671 0.0654233824438391 0.087497062607087 0.17655620534529 0.108369283158379
0.159348669321667 0.184415767199022 0.155563692564463 0.0452595156015831 0.0863947735733475 0.0698830917194167 0.0617230061702503 0.0272686609739466 0.201267092811845 0.0088757300644595
0.0254655395194219 0.0523171554910409 0.118445605202428 0.117232222808308 0.136058081712503 0.139074076683605 0.129523010192162 0.0832243462246183 0.059258738055444 0.139401224110469
0.113211123112809 0.0696606580619309 0.147622131575199 0.0560331374769292 0.0145870497758947 0.0443406673453529 0.081568705919802 0.137374196129327 0.17173219357449 0.163870137028265
0.0948627301395669 0.0997854043509729 0.164013098352207 0.100211287336796 0.00216016597550126 0.0579744347405972 0.161462581506092 0.175817630447682 0.107367283529018 0.0363453836215661
0.0858944840622179 0.0817480331295824 0.108777805299769 0.155462604271217 0.141312543662882 0.118939674966075 0.183255100968025 0.0470938129443001 0.074859536763317 0.00265640393261488
0.0698550243630438 0.180530097550009 0.0905063270207438 0.0676388150566067 0.0602554998971523 0.0977389752258341 0.125357838079301 0.0472234683274873 0.152802169252951 0.108091785226872
0.211428630351331 0.0792506256606789 0.136659797756155 0.119270863206437 0.0661153618842976 0.20400882473469 0.120190866122895 0.0289993025090677 0.0261711444945057 0.00790458327994324
0.0236387820872772 0.0641482027174267 0.128678300867777 0.0962396936318033 0.0396926008996907 0.142496805092741 0.0185111058902262 0.165852400543721 0.168258140071395 0.152483968197942
0.192070655762861 0.0408857695871029 0.0883785145167783 0.10179537015124 0.066616913326201 0.0741454687335469 0.104188524966409 0.124194666926288 0.00177282884463086 0.205951287184941
0.0831399027430136 0.0531551675831611 0.198863039634526 0.00807475014516808 0.191640526350749 0.109656162043866 0.0023320787129308 0.151314339497462 0.184956827414339 0.0168672058747839
0.129912287159077 0.154901758659921 0.0308437071005554 0.0684491008534113 0.143119527876086 0.172449577681838 0.0344931346002032 0.0363433348920133 0.0734920381728979 0.155995533003997
0.111752189953367 0.166340677625441 0.0802622231473431 0.0176318799571535 0.133686585697483 0.122300974113313 0.0169751964104433 0.131448657686226 0.0670812447897249 0.152520370619505
0.125394974362273 0.0219831102961456 0.0102981955214785 0.0726049896144799 0.0286662328491905 0.165065950245301 0.0724759262776569 0.207846924354398 0.166288087482292 0.129375608996786
0.177496343740665 0.100517043102463 0.0535509431294202 0.179188960328355 0.0187688728620527 0.127379417669931 0.0784203232351846 0.0498155695668204 0.155038579160951 0.0598239472041573
0.140876597285143 0.098577552002424 0.146055564441778 0.11355158553478 0.0227022686293538 0.0740951849680913 0.0995802751276838 0.113178062608955 0.0617104206319608 0.12967248876983
0.0329484388997147 0.131070520412286 0.159760171551402 0.155264541380939 0.0295219315689924 0.0660722695488668 0.0950846826822823 0.0290421616504173 0.18185607051589 0.11937921178921
0.0163334245010426 0.0893560672870908 0.0190448247262842 0.157162504469663 0.0537538407420658 0.0641603063149892 0.0887827273645924 0.0887211443271166 0.20104264984733 0.221642510419825
0.123354585400501 0.119080137728186 0.107843750782048 0.13370197119761 0.0552108639746221 0.0412590301332995 0.126990819136065 0.152169437692763 0.12239589748699 0.0179935064679169
0.138900679821743 0.0715114544918719 0.0013106326353992 0.102598084446184 0.0506300646480353 0.0213080599684031 0.182304369718411 0.219717875331129 0.0713095094080356 0.140409269530788
0.0538210461206582 0.105523239879498 0.086010714495678 0.100311826426807 0.106471449593348 0.134641002757545 0.0446913194844822 0.140258050022275 0.0937191411673171 0.134552210052392
0.019561452319703 0.0955735792178244 0.14776989418156 0.0239411752985141 0.212591629911101 0.0892947335989769 0.0437432019780377 0.0986921810254377 0.17814615691418 0.090685995554666
0.1558800608703 0.116421160605833 0.166357243413636 0.0919500331822045 0.076774920733515 0.100281469314862 0.0152463592815433 0.0780016046208243 0.0654290148858906 0.133658133091393
0.0889451085139752 0.0872536564431188 0.216563491256888 0.0854425558436571 0.0599674218762016 0.140301051983698 0.200921310194518 0.10409986331515 0.00283859409469708 0.0136669464780966
0.0510585391905586 0.129729531333921 0.136919889925888 0.0451516708436017 0.0595737152653067 0.0959636794582697 0.152266724461271 0.127360523593473 0.13578128217337 0.0661944437543411
0.165405587392264 0.102171312408501 0.119947027408122 0.141443442526234 0.0545238386555017 0.0774469479973861 0.118490351831275 0.0482000035485256 0.0296434057646019 0.142728082467588
0.205756272770821 0.015515105111573 0.26169607854288 0.0994147040562824 0.0685123263163674 0.0888974533463619 0.00437894493920628 0.0911522491632298 0.00485499979124869 0.15982186596203
0.129555052600839 0.191201375315441 0.00577280249631722 0.166203494927402 0.023192008117854 0.0644467831289262 0.220243976483695 0.0388935445673162 0.0355072728824885 0.124983689479721
0.196379612406343 0.0495962408514823 0.1757728027155 0.0350317968150984 0.178546474455043 0.101484134347758 0.0790206663776571 0.156093333064799 0.00156123065218042 0.0265137083141394
0.0116135791589043 0.215885253123498 0.23703621684389 0.115020271162407 0.0196091199190474 0.242415718558121 0.0366978133155699 0.011306852033001 0.000391116999096712 0.110024058886465
0.00880938485099847 0.0514434406017725 0.035516778564824 0.0394705940285059 0.230042372551397 0.0105167572769582 0.157064701674429 0.236220884327303 0.163161009258495 0.0677540768653171
0.160904614120873 0.0410154230415711 0.171701833893902 0.0252986682240961 0.0323609252660379 0.163147182392865 0.00165632192813442 0.170826856836864 0.0942046704556502 0.138883503840007
0.014882519597103 0.146279428530852 0.130848343284102 0.0989551829619047 0.141968455699289 0.149522081227689 0.146922013020241 0.0205796728280996 0.113583073568277 0.0364592292824413
0.0549754941833733 0.136989644220704 0.0305670293049418 0.156695874374382 0.156335975664121 0.0751915678494317 0.0729409581576577 0.0599401801016625 0.152340103508516 0.10402317263521
0.110520853883311 0.144186745798575 0.169621955910495 0.0391233025506695 0.0550269852210938 0.0769387089136105 0.0730210735197933 0.127375758587995 0.0636179830814652 0.140566632532992
0.0845100056494922 0.138172009802353 0.155627705398389 0.0182417600197794 0.0367387661479568 0.101456665477647 0.12565113060702 0.0644821097592935 0.136876490356995 0.138243356781075
0.176537560596656 0.141553543883282 0.0217393378909226 0.113165614985087 0.151017850215765 0.0114726841085155 0.105769387563423 0.0771589466871116 0.141599281596401 0.0599857924728366
0.176709154851933 0.0210429868642105 0.100210833481577 0.163895947911244 0.00642752824605155 0.0864430282631645 0.136249930642389 0.0226782636614586 0.132307196836814 0.154035129241158
0.0956337664729344 0.102643498240533 0.108279582179714 0.200197848282595 0.0628891992885121 0.0323053794844413 0.127490738044874 0.0788150238142313 0.120417945617138 0.0713270185750267
0.137096421928626 0.0192906667579702 0.0644569149123636 0.151882134321645 0.101602061646802 0.15836868018482 0.0656186799353402 0.0239475104596982 0.155287520186141 0.122449409666594
0.0505787905879861 0.0895890704223879 0.104564561471955 0.0189863318559984 0.12758013796188 0.113117401023229 0.108218906126591 0.110448499201583 0.113109229033458 0.163807072314931
0.182681898037954 0.0870723998565469 0.0297982277840064 0.192136069458764 0.0187116824009267 0.160314343096975 0.00782222207751637 0.172050376404544 0.0215839272321438 0.127828853650622
0.116643029986429 0.148913399970282 0.0553780732619578 0.0239293145743144 0.0485898812969402 0.0919469939035464 0.0240450389152201 0.141646942534716 0.166705412269291 0.182201913287303
0.0869667541551397 0.121695431687477 0.128179849002547 0.133014784473702 0.0243615660259647 0.172591026249328 0.129375648983046 0.0725622542627127 0.0698591957772823 0.0613934893827999
0.0365070342813698 0.106818433503666 0.0181580562714826 0.128334671679771 0.135908674570463 0.063794135887654 0.112561366606232 0.118927089331421 0.140100001847166 0.138890536020774
0.0675711682143601 0.0396360002048252 0.0415156949357057 0.132904134453375 0.0262051161438951 0.121798950236845 0.173623964298902 0.184703005275966 0.124865883608233 0.087176082627893
0.203485979551804 0.0417956598617292 0.163124239539299 0.0576047703871986 0.148491043999841 0.0128652733457587 0.102721066891275 0.113596826711422 0.0865909424698968 0.0697241972417761
0.158857649603592 0.0557626753638265 0.0608965638688734 0.127436016304636 0.04643752508193 0.147131636129176 0.0727826213058156 0.161020927248191 0.147655796427936 0.0220185886660234
0.137239557542551 0.0360036817042318 0.0979934386656678 0.116853011247634 0.151593959180438 0.0891416522216967 0.119079229955629 0.0304153698646174 0.112160892596269 0.109519207021264
0.0535193453139737 0.0973197551015808 0.124798242193902 0.0802924645114678 0.0375700407857692 0.0311839651594206 0.219256079005444 0.208885911271405 0.0536175664202954 0.0935566302367413
0.173547266586487 0.149251198935298 0.0108297439764051 0.0523798004898553 0.0361293012188464 0.0885058768002775 0.136169136859327 0.159610282390978 0.0482764760639893 0.145300916678535
0.00935650270837656 0.1231909107768 0.0205165544928599 0.168524827209018 0.0930119540451394 0.139477462889946 0.0486490076578116 0.116225388154942 0.124145380214884 0.156902011850223
0.154426149172238 0.0958217540053635 0.0871963566073173 0.0669744045190872 0.0506813766797634 0.0730086810619524 0.107561594751938 0.143974662044163 0.115661255109521 0.104693766048656
0.0243844140936151 0.304967063416027 0.0168698325309152 0.180560727153198 0.0469329763497763 0.17829118778383 0.169761575106878 0.0152481584287452 0.00703971387376251 0.0559443512632519
0.105929838359482 0.038909366983498 0.118120845226895 0.113564830975508 0.07657994302029 0.12508833243262 0.074073769360306 0.160592448455805 0.0188002684485113 0.168340356737085
0.098601299466436 0.0203129341506419 0.102208547282776 0.138584952706669 0.13031291308152 0.0760597585666253 0.00580855326152871 0.139386409418921 0.138137677412986 0.150586954651896
0.0350687416887095 0.0437896835559948 0.0767698742667615 0.0858106478487584 0.255380175970126 0.0544406249956052 0.0805314223565265 0.0137620457451389 0.249547348020905 0.104899435551475
0.0918576841891679 0.0719362296526978 0.168664104037889 0.0445327241981354 0.156137646638784 0.0689729756139394 0.0394627278252577 0.172482659300374 0.177722762779261 0.00823048576449352
0.0229788908933189 0.0863074584968695 0.184618584243216 0.148424786969714 0.0498841685538102 0.0878114096293755 0.0371217027211512 0.0694422053398849 0.126910880192414 0.186499912960247
0.0284942208564956 0.0475557618144341 0.0844647360541801 0.0844463572412538 0.160455954480702 0.128854728686543 0.10352160218813 0.145832260046404 0.063904081590492 0.152470297041366
0.162093625253503 0.0377022328426128 0.0731268481154012 0.0710380201611089 0.0601273952139195 0.124397065993591 0.0909083334242134 0.110694631591893 0.134237198275974 0.135674649127782
0.211492859400611 0.195126062377457 0.151235178172559 0.0471900596721491 0.0352093188726278 0.05886608059865 0.00358359657768553 0.147361182867178 0.00147935215717724 0.148456309303906
0.1315999278938 0.149159910391145 0.146865988567 0.0946497528119012 0.134189143040222 0.0456199391219628 0.0926816704665643 0.0683386300199787 0.0313132970594785 0.105581740627948
0.0599438171463611 0.133751237491032 0.00495364363675293 0.1463121277927 0.066577537668712 0.211005579304906 0.088997367314825 0.0754821215615827 0.157879131935407 0.0550974361477218
0.107637047579688 0.20092821999219 0.222042616272838 0.0676461916791799 0.117079611047193 0.0786495781853407 0.0743673569839563 0.0459968335398191 0.0144260627862255 0.0712264819335695
0.207870658921232 0.064900865199716 0.0456560153969505 0.0530409264694659 0.132846328484114 0.0400781932398514 0.0559427619507825 0.0171459370708038 0.203177801549248 0.179340511717836
0.128997964168902 0.188526024080837 0.124291289085559 0.170110112563398 0.00833942369755414 0.0818725301401833 0.0757226830120939 0.0578397602631364 0.0141644653582859 0.15013574763005
0.0975133642887133 0.0393526768108846 0.132154591279041 0.0295925669382171 0.163795780870177 0.0567954231436606 0.147813873882549 0.124012043367446 0.128844736787427 0.0801249426318855
0.193794823877662 0.222820400420335 0.0559357807621638 0.0460573727879025 0.0573660731251192 0.0620351586854085 0.0199408585414961 0.0192110844337686 0.242594817642667 0.0802436297234774
0.148532949551725 0.0896531318539411 0.150701468904291 0.0638425453273192 0.171198163879302 0.0226360791575088 0.101226191887689 0.0649635671277483 0.040482616056284 0.146763286254191
0.122384195479733 0.0923202882515194 0.0300611845579495 0.0857339668427675 0.0566917526975795 0.126875576829948 0.137016195945386 0.184380997829192 0.161574910587782 0.00296093097814432
0.0580542830290654 0.0580396833850179 0.150824923632387 0.0940301333198351 0.0483724811979148 0.142906312970976 0.162191001720666 0.0265034379280621 0.148612087043731 0.110465655772345
0.132886716860542 0.141031208286868 0.0474031304911549 0.0184377272942683 0.134409374496824 0.146419030282325 0.0681091659897133 0.105899362907267 0.124054749560483 0.0813495338305551
0.221164482401347 0.027202562085318 0.161744568460548 0.0200980812561155 0.0972073079109041 0.133157282509635 0.115925407774338 0.109159758889286 0.114002851786494 0.000337696926013286
0.0561718588746637 0.16009823322146 0.00969115863175004 0.0995252044213607 0.129511026702491 0.0591207350722984 0.0573907805270917 0.127517534024433 0.145997858744962 0.154975609779488
0.192265233566624 0.0854310789758912 0.0955453470544914 0.144964593194873 0.132109894632868 0.0011026076668679 0.0285782989324986 0.183319111515454 0.0507647239899385 0.0859191104704936
0.167442443932762 0.115662939164657 0.140769622271642 0.171523102786152 0.0846269816698684 0.0733668914927053 0.0611757547577217 0.0937481893835249 0.0795690444725901 0.0121150300683766
0.00397100602767073 0.0658757502855575 0.0785984844709158 0.0477159208512646 0.176490727436849 0.0897476007873898 0.110476284652005 0.0937681389822058 0.152821778551079 0.180534307955063
0.212691308817718 0.0348024000728819 0.101817012792754 0.229593770421861 0.0657479378163778 0.0406634432732987 0.0696042967022467 0.00391963382077908 0.093669584521162 0.147490611760921
0.0731857244429927 0.148688961286318 0.105255069321816 0.0283095145557116 0.145546822717764 0.0273903670048617 0.134904733750762 0.157559528657763 0.0632252579231095 0.115934020338902
0.125450270478871 0.100273326962664 0.0513636688130964 0.181224838658825 0.0810533843122464 0.121546475630977 0.122953035065847 0.0413515129317275 0.00530887251292466 0.169474614632821
0.00944844503778326 0.186223724036984 0.128845121851249 0.0776974885110225 0.0491736700757993 0.0572243774300853 0.0596403284713049 0.131175332213602 0.0945059879678562 0.206065524404315
0.0578494334212048 0.195679266154327 0.0216323674910678 0.00605302949654735 0.0469942827552126 0.209745904627264 0.0686015728254194 0.2060141109941 0.141480821872611 0.0459492103622463
0.0643565206727682 0.0624011222831636 0.127109934388839 0.104603423709805 0.0808163433207702 0.0772997888502067 0.0562070016966111 0.143782128289387 0.176951081535724 0.106472655252725
0.0931794372926866 0.155644092776093 0.152616482877074 0.133562011494089 0.102541275560432 0.107545170211241 0.0993350982506335 0.0161007338923841 0.0750146803539719 0.0644610172913941
0.167792038817089 0.119760884309049 0.0207889747114899 0.149499391569608 0.0227771643993375 0.169553014028269 0.103541681257153 0.0678334578713795 0.0849444029013512 0.0935089901352744
0.139075149644068 0.0469354669118643 0.0709298216524188 0.122118306501321 0.107701654542773 0.0416039514777947 0.080508077077023 0.202152861363758 0.0180047980653693 0.170969912763609
0.000897441163134495 0.132985478268047 0.120730625123255 0.0644353627708426 0.107182048055809 0.0802960524761412 0.124391518043164 0.145720591779276 0.00108032218841978 0.222280560131912
0.162979678054772 0.073951567575203 0.143697965916638 0.0186444713084739 0.0450963889188618 0.101308079510476 0.0897240928359224 0.087261038874705 0.161215494236794 0.116121222768154
0.20480164201082 0.029142213359192 0.0263199237266132 0.300406816646229 0.0360976534348925 0.0721210235246289 0.0118097999899071 0.045990661724166 0.150303649186172 0.123006616397379
0.0893072453459576 0.014459288453106 0.0320216412176863 0.105556624475499 0.00368512047149877 0.162685981890365 0.143692558058829 0.180375238797158 0.144111222549274 0.124105078740627
0.0959413335221083 0.0161900645737815 0.222032005452861 0.0117863926022903 0.191275101288405 0.0263711164882155 0.0868623646852668 0.151513805801839 0.0130699361355121 0.18495787944972
0.0567516289658287 0.101089695934415 0.125664269953481 0.155907788595332 0.167842898445543 0.0660486790058096 0.0905903528526367 0.0017517868443498 0.157591970332031 0.0767609290705729
0.152585597425012 0.0354159613613729 0.104694956084936 0.058638786816572 0.0254734681161039 0.306554175462733 0.0955723930160707 0.185742345731425 0.0307020418385252 0.00462027414724834
0.141476870656003 0.138479396756959 0.189024898750956 0.0918030031641954 0.123800298778518 0.0164472350453289 0.0174112288214182 0.167645728195916 0.101896686433958 0.0120146533967474
0.148433132037029 0.176854198477609 0.0774778475354753 0.0556006296356333 0.0515646542601825 0.00944290153360232 0.151609305652734 0.127457125713881 0.144220057049821 0.0573401481040318
0.013287749447893 0.19253659602046 0.0307135602448266 0.0708995078180562 0.0802499172324607 0.203195810045686 0.128247277562551 0.250698048020742 0.0175853090734514 0.0125862245338726
0.0689832081048668 0.076926445649521 0.181353450773179 0.131047764840582 0.10871479299311 0.0232562869574003 0.139247332480528 0.139565194825311 0.0849643222515772 0.0459412011239252
0.146338454214805 0.17067863375681 0.00788321623911037 0.113420483319347 0.00558734394959429 0.0912785532852148 0.0859271094103035 0.0277688922825284 0.19929989159784 0.151817421944446
0.0250777840912926 0.166763054674859 0.0394800787809829 0.16507855905747 0.136419109086312 0.101683302994073 0.0326205527347022 0.145725340509086 0.141671993896391 0.045480224174832
0.00811393351052283 0.0796098721613181 0.144292744250315 0.0589309777930154 0.164756149098652 0.0985425307552007 0.0515869142373676 0.148030326634863 0.125565916304876 0.12057063525387
0.00513444294061307 0.100528940230327 0.0373482430696884 0.113964715071233 0.000738852668236235 0.131607156837836 0.095361205701462 0.186018196134061 0.135711066356632 0.193587180989912
0.126830406171445 0.0808717966331764 0.0992386120388459 0.119743643419491 0.106381820649551 0.122475233488527 0.1034087831574 0.0550771802741937 0.126522308651061 0.0594502155163086
0.124968319237888 0.171604794234238 0.0209182620564308 0.00914452909226289 0.0422877007487957 0.107423283137713 0.239407558355659 0.01842649225468 0.00295438410334834 0.262864676778984
0.0162208063595548 0.199216102485185 0.00766914830836238 0.0392036772468866 0.0159865188059148 0.118983898940607 0.191479769350286 0.189593286127549 0.0662376215871587 0.155409170788495
0.0691632113318744 0.0170384094631919 0.201560378395555 0.183691855487054 0.0980206172722775 0.223237248546448 0.0461585636816343 0.0300869808918325 0.0342466291211451 0.096796105808988
0.185523242946926 0.135023164616029 0.0947509265958649 0.0875160786431941 0.253017390935613 0.038645070850051 0.0596886782553297 0.00165540629315661 0.132472573402545 0.0117074674612902
0.139769682157472 0.0283715475883528 0.143244351435376 0.138750922723863 0.0809053015639242 0.00343860409626262 0.130130540084046 0.130979980743701 0.164428133099633 0.0399809365073702
0.135534954660569 0.112410874378443 0.119288663509503 0.0942690710009933 0.0905760616567834 0.0915916002345389 0.15553856809932 0.0549101410916001 0.0813364528226243 0.064543612545625
0.122874168755715 0.121514013700771 0.100806681410505 0.0857924114339786 0.00755263957735856 0.139483059040035 0.0904648564429597 0.0732823602839668 0.11728775247378 0.140942056880931
0.029408993714433 0.139070379632921 0.140964049365262 0.0934602276796219 0.0305031451385147 0.193083137558072 0.0403237020923799 0.143772858554302 0.13170931337499 0.0577041928895047
0.0728298513910485 0.194682371597634 0.0136279090731807 0.163413343134202 0.173373975099373 0.217047915812028 0.0407993311044739 0.0161043617301845 0.0804028647873731 0.0277180762705016
0.136297982080927 0.0206887253949177 0.165093518691663 0.149355137013136 0.0651142851078092 0.0850783565704882 0.0374000933951007 0.0359150136179618 0.14631179788572 0.158745090242276
0.127078876420162 0.11385181237236 0.0544635280480535 0.176765719298002 0.142595535479101 0.17315626724067 0.0251423217286164 0.127273446455011 0.0166651771914729 0.0430073157665511
0.107495842487021 0.0949398397681008 0.081512102818822 0.0825586076455576 0.184772671521202 0.16037595986158 0.182401430303018 0.0216754249516833 0.02152965468608 0.0627384659569353
0.159270467631929 0.0320070453378486 0.166668543871944 0.0868745657103792 0.155378041725793 0.149823670151737 0.0151199287659453 0.00135073722356461 0.146730732192686 0.0867762673881727
0.329334769871415 0.0265811807674008 0.230880227326062 0.0652315489975471 0.0638458724858423 0.01488843723521 0.0239948986949182 0.0815520214495148 0.0988061478991597 0.0648848952729301
0.118370304392164 0.0332869635076515 0.131585420225256 0.0743541251080539 0.189643733691675 0.215012170945799 0.0737214564583158 0.0131395069929002 0.0467320804952793 0.104154238182904
0.123112572861974 0.13882663031798 0.0201889737263581 0.0466978533832464 0.0576233474555819 0.116229383235214 0.10655578217615 0.0947105843805032 0.161650656167121 0.134404216295872
0.050069763066838 0.066069481468712 0.135285729739438 0.112336203788537 0.0273526832013053 0.154153355954666 0.128131182862208 0.000584884331522346 0.163203710486046 0.162813005100728
0.0880438574564732 0.231963255496693 0.232620224567791 0.0187468339254576 0.0743156589149987 0.0350944439876532 0.0306241912700886 0.201589442613348 0.0532542537991921 0.0337478379683052
0.191446835666179 0.189590202134608 0.141650472283259 0.14448715879433 0.102258152404861 0.0567419773807356 0.0628106540692121 0.08749302602362 0.0155232657771018 0.00799825546609372
0.167834485528414 0.0378851380761372 0.143374743357306 0.0950142026266577 0.0881300667201154 0.104273766949156 0.156930667911322 0.127235527731691 0.0344356416302135 0.0448857594689868
0.123954617186091 0.0676033677404854 0.222323922112382 0.12902917066148 0.0357995452856888 0.0569003505942319 0.0884562015015485 0.0685054688518107 0.0591222111348775 0.148305144931405
0.141581707506 0.141216658028509 0.0260402256328109 0.119016820627694 0.0429619089257064 0.0845083502931744 0.175223513755911 0.079452423444071 0.00675270177363968 0.183245690012484
0.0802641365126808 0.0909839617213917 0.0123989165947272 0.0994313869301761 0.132379463269462 0.116841157318982 0.154982069477752 0.105422790869629 0.0609465556985806 0.146349561606618
0.0737087535052035 0.194923397896185 0.0161195684566392 0.00011735873273653 0.159176831556136 0.184877495781395 0.0277521633161859 0.139491571963794 0.129067801830331 0.0747650569613941
0.195885632598604 0.0611302470915909 0.0773934898000194 0.0983129695612612 0.0883867309918446 0.189732217320733 0.0577009068998287 0.00673933691065946 0.148846422255549 0.0758720465699094
0.0495420617916555 0.0927760326480781 0.10105076292352 0.142684635375585 0.145292453221771 0.0358614256288692 0.0845444746502102 0.150828437333601 0.095961721420347 0.101457995006362
0.0251280697357316 0.235391998684313 0.132331633736176 0.155849434742092 0.0185577796968375 0.0346744834654879 0.122108411306628 0.133306283017025 0.073591103173603 0.0690608024421061
0.0390073190512065 0.0467686852116176 0.0491020691082103 0.126010070549268 0.112110446209167 0.0407658599444779 0.188073452461111 0.039304800122494 0.177708568821879 0.18114872852057
0.19692149483057 0.0416844413476638 0.190300634104386 0.0071501914788959 0.127420327517887 0.140159537081457 0.159988624010514 0.0963931915724005 0.0256878913416291 0.014293666714596
0.144915014785592 0.0326000690874278 0.048097036879306 0.053931839541405 0.0816147718183 0.175134525049942 0.0879897246041461 0.112363013775758 0.135497020033834 0.12785698442429
0.10881142101174 0.103786613135983 0.108004613675871 0.110614888177399 0.0481068624252924 0.151837299228836 0.177987400772296 0.0676121477147406 0.0952553944754151 0.0279833593824264
0.0116060554696927 0.188004120818123 0.178225588599111 0.0694881256224442 0.0593759439189455 0.0452492666714277 0.11202440486901 0.0688503579635727 0.191691046275232 0.0754850897924404
0.109095549755927 0.0976817116574498 0.125667334317487 0.10781727423016 0.112757174883183 0.0420649041158619 0.101622938174833 0.108791446984244 0.0864340270265696 0.108067638854284
0.12257618004014 0.0288167614459928 0.0772984880487916 0.0360749094908441 0.0305361107030403 0.139654872135466 0.159982560494824 0.177240701914337 0.154648937169312 0.0731704785572523
0.110599952693716 0.0816016294310802 0.0541528167118313 0.0852098395002622 0.133390048836998 0.0682101197604554 0.168307362652319 0.0507954479362539 0.183215043444086 0.0645177390329982
0.0372046570212713 0.151176874085721 0.11146185336052 0.150763110489804 0.0993380740987292 0.0281802455059441 0.122865414638959 0.152261831083968 0.0378692527925203 0.108878686922563
0.200242289889814 0.108725490793446 0.194347695343246 0.0809398618985639 0.054222201414872 0.0313232986192174 0.0909957461646282 0.0177898545558391 0.205936221411721 0.0154773399086527
0.14122575966197 0.203356528479379 0.00492463789313154 0.0168083006285613 0.180140741028897 0.0247884869422767 0.0597246989656803 0.0230460685820951 0.070980512390249 0.27500426542776
0.134046735152551 0.16284602091977 0.0439403867308179 0.0487542507838436 0.0428562382197775 0.0913938877121967 0.155067109193034 0.138390683862553 0.0602166193667615 0.122488068058695
0.0980824969188724 0.0995002631956325 0.142139538510548 0.0237081944787334 0.150860642988822 0.127666544963214 0.086272620622755 0.118524990855546 0.121728008592935 0.0315166988729418
0.0797064737084576 0.0973096129185652 0.146063370942585 0.15660698254551 0.0452455636612989 0.0701718555989788 0.109581945577763 0.0331155645312551 0.114532173888096 0.147666456627491
0.157323852094253 0.0443248319787673 0.212748933867195 0.100930226622923 0.0695973778187819 0.0205213727387967 0.177389163878039 0.0169873286321926 0.0773575619504593 0.122819350418592
0.170320371730864 0.0898455370871225 0.110724177005441 0.108525307027894 0.0526999897910196 0.196025306094256 0.0124513374163085 0.035339548487071 0.0852555600951391 0.138812865264884
0.100922583434864 0.0769473139344275 0.151372543170962 0.122350713534176 0.0529752585980152 0.160435483979385 0.00903407200599973 0.0726134062485632 0.14990417902124 0.103444446072368
0.074055730163125 0.0867580727032301 0.0214113158886155 0.124317881272869 0.134565255935373 0.0611303401809722 0.153305927782452 0.226245941129913 0.092975712069189 0.0252338228742614
0.122453182574664 0.0850971095618388 0.149460165861211 0.0415016872841857 0.0747139580670284 0.142272057180341 0.0758446461286224 0.0365892905579146 0.128604161890145 0.14346374089405
0.0307511250600343 0.0225637575940371 0.00123168644911814 0.132793635046531 0.174313528945694 0.0853457163381531 0.140170753069029 0.168577612880428 0.133748781285827 0.110503403331149
0.0526504839698412 0.0684504065795982 0.0753456428175743 0.134385106970376 0.00397912788340887 0.155758435481187 0.15533657286553 0.0639247674060848 0.134518366466429 0.155651089559971
0.00389570531360615 0.154423823968835 0.0643419975091143 0.137337238806654 0.0500808468846871 0.0966633610240608 0.131464737801888 0.133211123517796 0.111389211915516 0.117191953257843
0.0492743830229528 0.0860522123394362 0.0730684506630102 0.0662057968636161 0.0327659788843348 0.0614393895922876 0.184194776419844 0.197695822653032 0.0392093609134476 0.210093828648039
0.0333620077693621 0.107838240870594 0.197122932246398 0.185163617998409 0.00940021966126897 0.177971525349792 0.0937566990757398 0.0161917581627575 0.0947049823584446 0.0844880165072353
0.146238386202532 0.12404567291676 0.0175732268675435 0.0707456653947656 0.0597189640815606 0.151296688582776 0.10730405751439 0.167093719592557 0.126141955065381 0.0298416637817349
0.00493721620710127 0.0225325821628696 0.0928290738520447 0.0212198615748516 0.100305044116557 0.0119932077335532 0.231259070663163 0.108853558121825 0.202368257228366 0.203702128339668
