0.00440184067525 0.198325250400986 0.0609664269524387 0.00118535705889964 0.154968034245959 0.263613293878825 0.316539796787641
0.0120415601655923 0.203164824925047 0.212060910647118 0.242380999050756 0.098451679694898 0.025042321648929 0.206857703867659
0.0645392512200844 0.0813672402099999 0.258043689223253 0.0973164883866995 0.27292169000157 0.164002955429745 0.0618086855286486
0.179112426617441 0.13396435581424 0.0990174059870906 0.0476996443485061 0.23949414047367 0.0476825370523858 0.253029489706666
0.0027677173608608 0.104441528644965 0.285420513357897 0.061183074073462 0.241061752133104 0.251601630901549 0.0535237835281638
0.164209397388799 0.0181102036994206 0.26871974838287 0.0851351487160455 0.0454079118560076 0.195575586885929 0.222842003070928
0.212240003571438 0.15321933852413 0.144479752603156 0.109279593355455 0.24259447679046 0.02565433747072 0.112532497684641
0.191556468538487 0.203242482788313 0.0972585025200323 0.0407520099198087 0.241953218287019 0.171052528519538 0.0541847894268019
0.15737453349882 0.0205649426481134 0.0448850118094026 0.222823949407432 0.227208918398286 0.136396147613792 0.190746496624155
0.0756146340162945 0.0417683799140602 0.254113678357161 0.224938725665735 0.143358690770146 0.0331567098086776 0.227049181467927
0.263717477498183 0.0996818814575818 0.240848434365379 0.196094011124877 0.11505224892635 0.0370433037528127 0.0475626428748165
0.147761191671733 0.114616114484847 0.130029659542454 0.201567109153189 0.0188959385799446 0.303825811626867 0.0833041749409666
0.126300550092098 0.125931630450086 0.111004260008075 0.37575681525001 0.00738220108375722 0.0817014527019173 0.171923090414057
0.281896716963861 0.170716591252797 0.0822053134981052 0.156990866911315 0.107159699266431 0.0348998860587296 0.166130926048762
0.0853581529113238 0.127896518854004 0.35375459443442 0.0038106505999632 0.111386037740422 0.292547888450404 0.0252461570094636
0.213654711478852 0.116843162532625 0.159005099498239 0.00206187240401895 0.0691866857628421 0.2312214215589 0.208027046764523
0.161242191867138 0.0632110449975457 0.0241012389272503 0.11578438400084 0.197988608397394 0.239114323721668 0.198558208088163
0.133155384152816 0.135934489935045 0.201420187058898 0.108746590421105 0.0599204357893107 0.2045175379741 0.156305374668726
0.219461403164621 0.095657288284335 0.102267562442238 0.0898785844880314 0.160388586721141 0.18083636018694 0.151510214712694
0.319921682957297 0.272401707400358 0.0560132331148997 0.0442320133307588 0.177694079531517 0.0556021683283923 0.0741351153367771
0.144239183665784 0.0630263337695281 0.133733714014272 0.117257944414373 0.183883197510083 0.187456055828553 0.170403570797408
0.203190626468995 0.316583513932481 0.0503854265320709 0.231750476862476 0.152767169454532 0.0009001207297928 0.0444226660196521
0.116238517169986 0.074247042028538 0.206643302977598 0.0661393137333764 0.309960109839073 0.0159498665641958 0.210821847687233
0.220601599768155 0.0337754901747075 0.185909108970693 0.0579899703881213 0.205230232719451 0.19224952630365 0.104244071675222
0.165854624491927 0.158433131984634 0.169054720482751 0.239353556699279 0.0218234243259095 0.193632515489183 0.0518480265263169
0.212470435697126 0.0887340940945985 0.110286409628004 0.205707392700477 0.203272617425365 0.0718845973231069 0.107644453131323
0.329243747943236 0.0360471413579992 0.137236736764997 0.095045474089097 0.0763559026753234 0.178943633146754 0.147127364022594
0.167332474813681 0.102691254433558 0.20231464205994 0.115208333529616 0.116868785866071 0.0868386449361996 0.208745864360934
0.0235595748012977 0.217344840800741 0.132468750356484 0.0350813036463466 0.239163072892365 0.131538915343721 0.220843542159045
0.0444663164204942 0.237964919104935 0.123786085315378 0.203494151941382 0.185797863122966 0.123653731996232 0.0808369320986129
0.211266403052052 0.124143434038358 0.00535329971776322 0.159075420472181 0.104703070791934 0.161508947248543 0.233949424679169
0.00405656369428946 0.188698985561488 0.185852769770862 0.145177323122253 0.156884560580252 0.130568969091642 0.188760828179214
0.199156797062776 0.0596667986000364 0.0902331906571447 0.056912528868071 0.21158211497899 0.232796333368192 0.14965223646479
0.0299256114825065 0.204198345413602 0.154022649151456 0.0777694813026219 0.153685877342694 0.182248850331875 0.198149184975243
0.142918969333564 0.198267830228283 0.0758659321524559 0.111314235731457 0.0897088186816783 0.146452807032751 0.23547140683981
0.0421999829565759 0.219848889529199 0.26415150433697 0.172889388502121 0.152668661790099 0.0142656411861035 0.133975931698931
0.125510320623132 0.176785915504169 0.149946836417145 0.31534647456255 0.0529559043852879 0.165334648777629 0.0141198997300877
0.136457096555096 0.0601769346477163 0.239814542173504 0.236578423168633 0.0368642866936861 0.039379127249752 0.250729589511612
0.119834123037525 0.0599573032908756 0.204591199301198 0.140022290898215 0.100116207157504 0.153340203242921 0.222138673071762
0.0815787528149002 0.245815508738648 0.122938208786503 0.0265683314702653 0.262661332119247 0.0155999966834712 0.244837869386965
0.113648860220628 0.213194741346098 0.186264229144879 0.0874178920382822 0.107355362881865 0.0787152755116641 0.213403638856584
0.238160316935806 0.232109469232296 0.0288986798773903 0.0352669815517779 0.116893323028867 0.0784214336327283 0.270249795741133
0.167737583188602 0.168606895776095 0.0999030092585341 0.10222862229622 0.253262566822258 0.206172622360464 0.00208870029782728
0.0696211770741619 0.152478811698924 0.0799507829852768 0.0370181561064686 0.316946136531409 0.116333831175256 0.227651104428503
0.13241179885369 0.0361332408373921 0.136465988115264 0.10923965977038 0.266744482181259 0.164328354104916 0.154676476137099
0.123784783639013 0.211304682186068 0.0867300549831192 0.124363786387524 0.154087223691743 0.0838405739356823 0.21588889517685
0.160753229506468 0.0533088876432559 0.0632684963852259 0.1832115747737 0.215967740818658 0.212520494521818 0.110969576350875
0.048208563143888 0.044720074379229 0.303497802296185 0.273368476541996 0.0840515850637429 0.240309684736845 0.0058438138381141
0.236549713697173 0.0752993637404838 0.0174736401621253 0.216152782374459 0.152961264891081 0.172241866490604 0.129321368644075
0.13336504409081 0.210313599970685 0.0621133673362052 0.205576960295063 0.152856540317513 0.215436100411531 0.0203383875781934
0.0499831698541428 0.311376962027205 0.0346676995077884 0.149696468408509 0.212740033171954 0.191695583730362 0.0498400833000392
0.0787217321051027 0.00575526463139158 0.0811775423639204 0.224960498144179 0.199597381190893 0.225925811083881 0.183861770480633
0.106783407720373 0.137202808191913 0.217969575271627 0.0914995675443452 0.139192407748383 0.218947051693767 0.0884051818295925
0.250309532305556 0.0520192118911994 0.0502207610819812 0.113629062560285 0.0587311371871726 0.281670008476149 0.193420286497657
0.071591352424852 0.0492979508628016 0.15052370130113 0.194534635136238 0.133942719202049 0.269773462885444 0.130336178187486
0.221370836811694 0.0803881418762025 0.153681876041789 0.0492856788306381 0.159873936426562 0.121912195497906 0.213487334515208
0.347178231496599 0.0655322450692368 0.254227646778036 0.0458113317510205 0.105473066767709 0.0483761020383277 0.133401376099071
0.0355886476009664 0.219517287351148 0.203220385632093 0.22956847290388 0.138433779444169 0.0754381478882883 0.0982332791794549
0.0480474298770042 0.226275805781017 0.0912881281915775 0.273023928703614 0.0781515039969325 0.0639092010031038 0.219304002446751
0.125953486688859 0.143974685273918 0.189927604272169 0.217362139151216 0.186652490941045 0.104873899664922 0.0312556940078726
0.174855908199009 0.0132192641842831 0.162667523035282 0.179784823994335 0.155709717827021 0.156897893308626 0.156864869451444
0.203058521470573 0.112303770880472 0.100641173321857 0.043533269288368 0.112087902923095 0.15843883650547 0.269936525610166
0.123180539150934 0.105134026154828 0.0708002151099604 0.235487316503308 0.126827833735067 0.162716370045946 0.175853699299956
0.248650802456723 0.148779365708687 0.241928216337848 0.094242061816695 0.0620317865071295 0.111204752447004 0.0931630147259128
0.0591338272249954 0.0295916761893334 0.0307019388948911 0.0127919200553013 0.294505197024128 0.261387896698864 0.311887543912487
0.191781160734005 0.0160790419449268 0.0670908899260229 0.241867602404506 0.241745829336295 0.137694471657754 0.10374100399649
0.139468082359511 0.188164076849804 0.0221627260468278 0.193619680698292 0.0957444119294587 0.170518268040143 0.190322754075964
0.145682104759978 0.218642170843576 0.0361040654241414 0.116770098250018 0.21604058446652 0.0185281472981658 0.248232828957601
0.154670594471792 0.192425930223155 0.0812812874489589 0.015460281078433 0.1707001863411 0.166966913996936 0.218494806439625
0.143487937128326 0.314078728661735 0.0130481917956532 0.173988863634613 0.0385457651082191 0.0343252247637359 0.282525288907718
0.227367360055761 0.258803824203296 0.0430222879562496 0.0505336745565898 0.0562822308223092 0.0921786040513516 0.271812018354442
0.0740059345823694 0.0697140797845171 0.0856554270855108 0.259444117162031 0.0993894475706307 0.318077984065189 0.0937130097497519
0.0441020082002276 0.166256144552672 0.0623598570856186 0.223246933964079 0.302450479156027 0.0714618985793686 0.130122678462007
0.150893991480935 0.234614969334665 0.282946085401439 0.124784441155088 0.0261953009184458 0.135810799768874 0.0447544119405536
0.141415680926638 0.156543304421323 0.0748045378854705 0.093149115934494 0.203803195277405 0.161511219390677 0.168772946163992
0.0941705731384389 0.00766259434041487 0.222339022487009 0.211570755144982 0.0798612118321105 0.135467330384688 0.248928512672357
0.0991499454463259 0.263535188811992 0.041451856867385 0.221580925707801 0.142769413143795 0.155004540923038 0.0765081290996634
0.181216445686346 0.141224870720463 0.0128218813036186 0.180187116133475 0.182160668492452 0.139556897568926 0.162832120094719
0.15526084457335 0.0207646949719003 0.115260193794757 0.290773793015341 0.0806305214593944 0.210389625190233 0.126920326995024
0.136067247021862 0.0827467430458179 0.16390325716219 0.0915718998603093 0.0221339583957609 0.381410122393639 0.122166772120421
0.232055294102341 0.0581041974140121 0.15336896478802 0.134286825280487 0.0655176009316489 0.201174683190352 0.155492434293139
0.107229303123458 0.232070028646028 0.0406901874534861 0.20460690901626 0.192101133426985 0.0663016706187157 0.157000767715067
0.178374764908012 0.0902957738987293 0.184374445653343 0.171349033481523 0.129730799926853 0.147616383077799 0.0982587990537408
0.175091441181438 0.0824991673269013 0.236001600951064 0.198624724245088 0.0683456675062722 0.0892890566077432 0.150148342181493
0.194405712554478 0.160694634356679 0.0401290460387959 0.210657896035775 0.029865784634421 0.259686531640153 0.104560394739699
0.13900084584186 0.201833586894648 0.169340192751669 0.212175764457849 0.0428619448603968 0.113390061186499 0.121397604007079
0.00353390448289271 0.140190962058616 0.0972013664688335 0.210784377429442 0.150655556513298 0.226376968449598 0.17125686459732
0.0970827859567723 0.147884070344011 0.16595385715134 0.151934582410997 0.0346893427237957 0.18880888648347 0.213646474929614
0.0992153812027988 0.232203042843803 0.261831018583071 0.116246074447015 0.0244949106930074 0.0134364963007781 0.252573075929527
0.108569152373921 0.191159526509841 0.275634192190425 0.2551102555426 0.0267134825761861 0.0250498302917111 0.117763560515316
0.188566791839135 0.0128032763234822 0.015896528860303 0.257160672122281 0.18565188610792 0.207734232324155 0.132186612422724
0.00739856456882632 0.00127267141725837 0.134544329490109 0.250898165437361 0.286902463607999 0.0828058500817703 0.236177955396676
0.0455792482557225 0.225244245542167 0.245961691619177 0.0616997892792274 0.0204160543562673 0.274074389591846 0.127024581355593
0.147594890585279 0.195979006271915 0.0390894179120128 0.175661949890993 0.157339214992271 0.0475556205251022 0.236779899822427
0.247483392964711 0.04956271714574 0.0888075223318317 0.140855298993533 0.124609465050195 0.210118525889297 0.138563077624694
0.0833535319989557 0.0944020326586797 0.409146780098275 0.0292427900362004 0.0678533236626515 0.289810615850097 0.0261909256951411
0.223240934793419 0.173549703358118 0.169159426647579 0.0812196577349414 0.0838320110095099 0.135736808051544 0.133261458404889
0.240509429086149 0.174676982940645 0.0252362366581774 0.0906651520124838 0.237633451544779 0.180386282021449 0.0508924657363166
0.202430140813042 0.118064901785645 0.118145521421676 0.103034484454149 0.2766581385952 0.0681728846375411 0.113493928292748
0.253097638209714 0.246864496160736 0.283532095164737 0.0732452870796232 0.0402183104206277 0.0842328356997053 0.018809337264857
0.23008396087353 0.180474662379109 0.0795473612209733 0.168530076638731 0.165535599771219 0.159567266930178 0.0162610721862602
0.0820573084144469 0.123736243404101 0.234322771948192 0.19304408577423 0.189766833198464 0.176662682157242 0.000410075103324892
0.196443440966705 0.00326920467015083 0.0982630842025581 0.284785798752693 0.238053911319586 0.0140207912775962 0.165163768810711
0.271208227290957 0.154422835794323 0.10514473617248 0.131947532550676 0.0061801460232185 0.122453657924671 0.208642864243674
0.1966751021087 0.211843903490311 0.0765216584302453 0.0634817506537081 0.219006840351561 0.116192391219382 0.116278353746093
0.0938709142949275 0.0456163385848586 0.207856822445709 0.213356956469841 0.206826450095802 0.115738366063395 0.116734152045467
0.283969338523194 0.302932799985446 0.0149219754633857 0.0654885026040917 0.120011279235165 0.176908885382783 0.0357672188059343
0.284571745012528 0.241751301694557 0.216158118948278 0.0675610290770115 0.172074330465174 0.00322236229556905 0.0146611125068826
0.149823719220698 0.203541174533651 0.153021941876844 0.0903459217474265 0.190281073445527 0.183143972895693 0.0298421962801604
0.299271722572852 0.128489529266106 0.0678227689911714 0.00204460049116413 0.200768909205625 0.212049829786389 0.0895526396866924
0.138044738734746 0.0349159710349615 0.0453563358222988 0.294577469955028 0.290328452001342 0.139047095990383 0.057729936461242
0.0601693158914575 0.186203387179859 0.044252847757701 0.158846860498766 0.188557779691438 0.207089384579444 0.154880424401334
0.137324616303151 0.217011128081447 0.130716257509487 0.185733465119133 0.101080601547083 0.104414290150464 0.123719641289235
0.323522737840966 0.147059458422285 0.129435615930184 0.140303498216028 0.120367492723169 0.00244575899538058 0.136865437871987
0.156720183173414 0.166749178998655 0.166675776435214 0.189808715840872 0.0918210933314894 0.056052939629609 0.172172112590746
0.0156830924400828 0.201962846271776 0.186422672597925 0.129389755051772 0.159827615271178 0.144029846887222 0.162684171480045
0.226715302463937 0.196259094958299 0.113129373107662 0.0684697321855817 0.0526450203326218 0.0806307216703081 0.262150755281591
0.274676391651557 0.150673837808603 0.141241697692673 0.00484292334138246 0.0111087568259913 0.252526792674346 0.164929600005446
0.134041841545193 0.325677876316953 0.110866805202732 0.0705967939339041 0.0589603590980672 0.0227928139952294 0.27706350990792
0.293561394618647 0.0439021550917335 0.0270850705826404 0.213812863258368 0.0376326922125343 0.115028493764695 0.268977330471381
0.171257296997284 0.188824478684154 0.102007736629553 0.195044394905158 0.157862134007929 0.0327650880214131 0.152238870754509
0.214450404934917 0.170163631731986 0.181277162258678 0.14937271835849 0.0742372542838917 0.208891310933719 0.00160751749831762
0.0255784136470697 0.0851936753350071 0.17045579868596 0.254528780365385 0.2207695598694 0.229046792281481 0.0144269798156975
0.105715282175001 0.211316818424074 0.19894723821358 0.01506192892813 0.164492861390274 0.225587082273969 0.0788787885949725
0.184846519667759 0.144598049279202 0.166001030129108 0.200764861026413 0.0383153388760415 0.0827771244843185 0.182697076537158
0.0146336987372394 0.107820308001489 0.0769755461294429 0.120396858416144 0.21390894413923 0.230745101076405 0.235519543500049
0.144807425351699 0.073763846500675 0.167560454581409 0.184164354919105 0.0720508142775273 0.194657327873225 0.162995776496358
0.269263104967195 0.00171094859912924 0.166255426468019 0.211777310261982 0.141600950078621 0.0600936591919607 0.149298600433094
0.0944478303939357 0.131532341823894 0.244153357607467 0.0162266196998404 0.214710205902629 0.218328066453057 0.0806015781191778
0.196808211328421 0.0485397129080824 0.00458438971589319 0.14775822020112 0.204863161681611 0.209656487281385 0.187789816883487
0.167399480790226 0.0520803268831689 0.236739532400291 0.00852338461143587 0.244739432766704 0.0638573750041332 0.226660467544042
0.233350691836756 0.0810548963000778 0.256563432938157 0.213191591464787 0.0435882078584175 0.117071553082374 0.0551796265194315
0.106862582019834 0.160677300039501 0.152436879451538 0.121716744224567 0.184597984242322 0.229720074219018 0.0439884358032208
0.219060418801917 0.0532984787305846 0.141809144056623 0.192162014812598 0.151964479606872 0.0447459366104738 0.196959527380932
0.183788890805983 0.0540805324300357 0.141289869353648 0.188361264707088 0.0465074690252934 0.170936111718835 0.215035861959118
0.22768464021194 0.172964679539939 0.0483184236111424 0.228200476908943 0.0392055840975251 0.128916948182055 0.154709247448456
0.122577717484453 0.0460264229790873 0.141778386489388 0.0707436489067891 0.253335697319707 0.291181994212076 0.0743561326084999
0.0331137975721354 0.0486813418888395 0.200953072179963 0.195662308704256 0.122557603479356 0.190777233640922 0.208254642534529
0.0623231633146184 0.0211542554281688 0.123467580390816 0.262932909516357 0.143771382090842 0.235570084197142 0.150780625062056
0.221202704945314 0.0779984209230204 0.0351171058402425 0.22054769613486 0.144907315783199 0.137692707477283 0.162534048896082
0.0699112275348068 0.136879566419036 0.107976375877692 0.0831331529653992 0.442098239464319 0.13163122580656 0.0283702119321867
0.291296038923412 0.072898908154746 0.0219787261574396 0.143184043045827 0.205452937461515 0.207787704672399 0.0574016415846617
0.101064342850958 0.163453334389229 0.190479103019553 0.20596241316053 0.115835598833813 0.0578824300421441 0.165322777703772
0.12158011978928 0.156106763250549 0.208089674596233 0.107596280856135 0.185995187440723 0.0407225882542102 0.179909385812871
0.0786729769677361 0.0498107393553627 0.384981362647729 0.331749476766905 0.00566611859273989 0.0758562161281342 0.0732631095413931
0.0332476572103194 0.0519393763471898 0.333532976863004 0.0439095982311682 0.335458831297161 0.00335271783421798 0.198558842216939
0.118506641258933 0.159455895476818 0.139585734053641 0.157806614491074 0.156358262474571 0.152241286492156 0.116045565752806
0.272501799335471 0.0609490912186755 0.0565021679158541 0.111973715549033 0.0405537636610872 0.286875477307764 0.170643985012116
0.0189975487653694 0.209256117468691 0.218845469973666 0.216279574300969 0.223406829491669 0.0648284914690453 0.0483859685305906
0.0258832226808532 0.251385560534738 0.23504551983919 0.184334350469749 0.012939497482928 0.0769804788579066 0.213431370134635
0.00349716908498893 0.148751450105039 0.195591103106511 0.18258635729192 0.15836244620533 0.225899222570959 0.085312251635252
0.127547339560182 0.160886823432522 0.212269910824701 0.0976611297889911 0.0692912564243895 0.122948601745147 0.209394938224067
0.128863831906361 0.0940875779306409 0.0648333307991173 0.0251267167238459 0.308883248288385 0.206842953875959 0.17136234047569
0.181519104925479 0.15125273912351 0.173024244753487 0.183798089621507 0.151634788570426 0.138110436129386 0.0206605968762038
0.188133613958911 0.0510138105783713 0.165061589194786 0.225427552207566 0.191606775091949 0.012270998241412 0.166485660727005
0.184156897759231 0.0890562059802391 0.072928560173038 0.16650151840475 0.152255619925285 0.183944999918327 0.15115619783913
0.129446717275326 0.107588114292493 0.215318462668832 0.198057146845494 0.127346672876085 0.129777832310938 0.0924650537308317
0.00400805901971577 0.329297347884899 0.137800819228893 0.038410274025215 0.120962467595877 0.0870572027076545 0.282463829537746
0.149784390879242 0.0808691099027199 0.0759648272211638 0.299684382848742 0.0704720307182068 0.121816268151648 0.201408990278277
0.0704945160856599 0.189122569779921 0.12109179597448 0.0811412933742337 0.230245733711519 0.204307331558944 0.103596759515243
0.142772048943368 0.0407427451357921 0.241989868426998 0.16647131230651 0.0903950233624494 0.100167617984161 0.217461383840722
0.147270934058333 0.335610035777735 0.0103045344035894 0.121525055995898 0.0467482850797594 0.148655224825216 0.18988592985947
0.231157241132023 0.167578079122181 0.114653478934583 0.253601318831378 0.176423254903336 0.0552988694097762 0.00128775766672261
0.123795049830618 0.124780302502126 0.187239835732354 0.196118267608945 0.182749508453221 0.0469165084619194 0.138400527410818
0.179666358256771 0.100200635546101 0.00518461353589838 0.125653270902521 0.233163363882721 0.15023540078875 0.205896357087238
0.248234409448712 0.0411924632194944 0.0854712975986239 0.263365830134856 0.0712113986375012 0.121765168648491 0.168759432312321
0.101841269003962 0.157336178404273 0.181216454309779 0.0195000609295213 0.0529564050466915 0.299836459562626 0.187313172743147
0.0229607576515001 0.185919564566079 0.0462682947535724 0.292125262200022 0.148717979331654 0.140091686179403 0.163916455317771
0.109232684016202 0.153083334099898 0.0627008670355907 0.213844915374 0.0450899709590959 0.364149926028147 0.0518983024870669
0.247504570522422 0.0184621323981603 0.117811540862423 0.172859757715536 0.120626722819318 0.128410043862369 0.194325231819772
0.0479202684754641 0.101844227012696 0.111483784815891 0.226016806322823 0.164540515926926 0.236393937789861 0.11180045965634
0.0490366743537011 0.176543577963977 0.190955217696998 0.093817075217999 0.192218401343775 0.145349993412848 0.152079060010702
0.194933487365542 0.318941245039698 0.19437523966963 0.106373783308379 0.0377751099974435 0.00199640801371039 0.145604726605596
0.095489918416112 0.0905552874092062 0.270534592892177 0.133175187687124 0.0539224469677617 0.314342170292319 0.0419803963352999
0.22534463756067 0.229821988356347 0.00887169293979143 0.0245392430325337 0.127552831440836 0.24001048768906 0.143859118980762
0.216115434579505 0.0635176618225947 0.260467006460837 0.031758079390083 0.277494796007228 0.0347806444692565 0.115866377270496
0.214911819376192 0.0239001383712275 0.0243117515906302 0.00147820540901602 0.274780493096552 0.173585351775442 0.28703224038094
0.293018143366475 0.273412297359681 0.00531087387638372 0.134472042831402 0.253224535532779 0.0015335310918305 0.0390285759414486
0.0963021577523516 0.0708604163543894 0.209101567409509 0.175169789216151 0.155896859006277 0.089398353939195 0.203270856322127
0.0117636492012583 0.109037495099327 0.234375409903515 0.0563500570059464 0.280260178161054 0.245134472035056 0.0630787385938433
0.0580995319510024 0.283471329190461 0.0397013334133368 0.209582425469062 0.110079966897914 0.100940797409121 0.198124615669103
0.185654592200781 0.228350032105046 0.0505438422495213 0.13096048278244 0.126521841084405 0.103367412803261 0.174601796774545
0.132538460153953 0.145341013927389 0.147440346045665 0.221514308664652 0.0638801635597354 0.123380652790511 0.165905054858094
0.205621450800186 0.14460577277767 0.122223255928542 0.0914917632679681 0.204057861500018 0.0691586786790192 0.162841217046596
0.0642251299223982 0.154408893975732 0.102863155311782 0.295960396856953 0.000404066150030523 0.178210221925777 0.203928135857327
0.0881078603472768 0.154798444048108 0.10171979322291 0.201902891409301 0.082935877186269 0.189609294734848 0.180925839051288
0.105820297279503 0.0175139634827917 0.081421489260174 0.0448868223607469 0.0510669195743935 0.422434027567358 0.276856480475033
0.252635229220137 0.231327920882172 0.0127888492547139 0.243614856345381 0.00793793617726193 0.184262844155483 0.0674323639648514
0.19543578689499 0.0839529704685799 0.182772869701971 0.0962618983989859 0.0959042045404109 0.115908481052859 0.229763788942203
0.174053375316521 0.0904095448011839 0.151173165114257 0.183216863963434 0.137988817233884 0.097028644704813 0.166129588865907
0.163006656551967 0.0413403655872226 0.0377740319748551 0.129800455569972 0.189810160744781 0.221232175966017 0.217036153605185
0.138457730596579 0.00972562063153808 0.27490513114596 0.205502516090288 0.0333899990057418 0.131679485113763 0.20633951741613
0.0263516366554101 0.171378708341146 0.290962568419914 0.0495930006434467 0.0518037621607716 0.21753118808331 0.192379135696001
0.249876374179907 0.0865317301563683 0.212967790661292 0.180028145829918 0.1050570968886 0.064853229974051 0.100685632309863
0.154072612382567 0.173671564765334 0.214353885803065 0.144640316708721 0.00631052175356162 0.186300763370292 0.120650335216459
0.00663953831361281 0.156746348524782 0.173471728163535 0.0555015708536695 0.188855421552706 0.216210688209956 0.202574704381738
0.174976660450742 0.058714372550219 0.0159856169982919 0.130199692811031 0.299617105157092 0.300511418645305 0.0199951333873189
0.0839004608758752 0.0403784792910539 0.265233943430755 0.171599523718385 0.262865558831497 0.00566709476324111 0.170354939089192
0.0685381649735273 0.150058817107367 0.0814236909770997 0.205093653542756 0.243744889826853 0.127798030047312 0.123342753525085
0.201051149522028 0.0398244186565336 0.0698088700073528 0.199098641488371 0.159638869802898 0.181012237607996 0.149565812914821
0.153601881462501 0.14356340885784 0.216619085820914 0.0801551390977843 0.152930599234882 0.171266295070124 0.0818635904559537
0.20084618889091 0.0768049334255579 0.172723855670698 0.236540351055767 0.0959402681889643 0.0925171672042533 0.12462723556385
0.251732677009698 0.249309784727121 0.0473632120083248 0.246063111991971 0.0736430082868382 0.110385962988046 0.0215022429880003
0.269688969861483 0.128157785213547 0.206745026878192 0.00439798231720425 0.252424175747207 0.109893124134014 0.0286929358483538
0.209665758007723 0.0470204001505687 0.200806436162447 0.184307917796335 0.0399906297739249 0.106774682793494 0.211434175315508
0.368098716788665 0.169765307737421 0.163245510937874 0.206550048029079 0.03184856897145 0.0297129989781475 0.0307788485573627
0.259524764298422 0.0437982308929749 0.235215244023966 0.279449455638935 0.0188929403823325 0.0471895715797967 0.115929793183573
0.0770762568586757 0.0798354765984606 0.183777213072674 0.228928483161014 0.22875936480521 0.0341022413860721 0.167520964117895
0.0464360659627524 0.138831486135428 0.0803116698552204 0.336884887424616 0.272418848365141 0.0206189178157767 0.104498124441066
0.0987344862840446 0.213322836317046 0.0926307667226456 0.183544635306297 0.18770503452702 0.0508615644156968 0.173200676427249
0.193798325310924 0.175106371589395 0.131499626580821 0.188427537232294 0.108017337461847 0.162405569855558 0.0407452319691618
0.267170848352582 0.0644957658311328 0.198823179714521 0.0308264960417306 0.201036807608799 0.22205733047025 0.015589571980984
0.088499660634162 0.0896316809351605 0.166062203839055 0.0881615372628351 0.171164350598262 0.21206671106835 0.184413855662176
0.0358740195494592 0.157028142924377 0.238626167002314 0.212234730002989 0.178714910499271 0.1741781063422 0.00334392367938976
0.223060411169139 0.109462641642971 0.0794464669384721 0.136323778682743 0.0948707369548073 0.1887787021036 0.168057262508267
0.015458561470573 0.268992945269864 0.242224842776992 0.0169217498709675 0.25062968566501 0.0582172482021316 0.147554966744462
0.165620023921448 0.222412225023292 0.0668025260397002 0.177404149234956 0.202798688145326 0.0736432453581292 0.0913191422771484
0.00872522032211283 0.0558408110045773 0.267328754462761 0.0465207722376866 0.323428918120013 0.246957865567073 0.0511976582857764
0.0715069596605248 0.0384714065906932 0.219021480870047 0.0548828569774043 0.19608930092593 0.107437423967297 0.312590571008104
0.242484651091559 0.0023232675483799 0.11761762373966 0.170231460952301 0.219820753286382 0.106909964330754 0.140612279050964
0.0227635814485622 0.162465943314132 0.0248849028844022 0.268086935776432 0.232225831059696 0.0510345333194996 0.238538272197276
0.120505263089166 0.064995372342222 0.0935244923466321 0.172178664373082 0.205283638190588 0.191449779780925 0.152062789877386
0.149772392986211 0.210727559544632 0.0205638198105137 0.268723841117821 0.0575910782065445 0.219622132311182 0.0729991760230959
0.132071054467206 0.230394787705598 0.112503877589258 0.18354965230172 0.0330553944355954 0.279088491148916 0.0293367423517083
0.214955334033368 0.187668744874804 0.141488476184659 0.162812286468821 0.0341017164103966 0.0450248299098934 0.213948612118059
0.137452524354442 0.302179653780579 0.164162944067847 0.0513417627048624 0.0786005438888969 0.115390944661308 0.150871626542064
0.272833277611245 0.129686342140044 0.128830195671625 0.0142704707145623 0.0376456271118351 0.114020985604516 0.302713101146173
0.0817187612181589 0.201115558276254 0.116601088857988 0.197007465678515 0.225910587928758 0.0142286782965403 0.163417859743786
0.0592461666143579 0.0230551704833717 0.247710495029899 0.056972599971481 0.21398429614556 0.265334060317201 0.133697211438129
0.0645331759138889 0.169448981491163 0.115912449619961 0.118787432224204 0.101247361967412 0.232115408884349 0.197955189899021
0.11131740697448 0.118825076998584 0.0695585024226796 0.244572183548059 0.112309533277758 0.133468811376303 0.209948485402136
0.0426727477804156 0.185407174843695 0.301155313074078 0.0662254763146229 0.0865185099817336 0.0923120992040706 0.225708678801385
0.169607599988862 0.312025129929557 0.0465539308312547 0.113667199565172 0.267300737969165 0.0482238339242337 0.0426215677917555
0.125959914810753 0.0149950707124791 0.216508614783127 0.248937922389186 0.0457262151524376 0.192262363532243 0.155609898619775
0.0864462255907755 0.199986189180388 0.135597858856242 0.0758340035076689 0.121288367036361 0.150453663129974 0.230393692698591
0.198804447623714 0.204879505307696 0.0241150619233985 0.169724030269238 0.230445647288731 0.119224319219845 0.0528069883673767
0.183600785298091 0.131313450285304 0.202289893410819 0.0708831594675393 0.0137062318342125 0.187996156935175 0.210210322768859
0.127999363140007 0.0289761713729221 0.17419481676934 0.0620203961856381 0.264311114927874 0.197083688513451 0.145414449090767
0.0892931031281716 0.00643485740994182 0.181431002252272 0.29484736786844 0.0422623789457711 0.297738836891927 0.087992453503477
0.0372575464925051 0.23357333451342 0.162703517785188 0.212630749618362 0.195552136174864 0.0769848794560486 0.0812978359596116
0.271728614467351 0.0227622180152571 0.065094518496247 0.14171692666744 0.118436007681745 0.165172778776576 0.215088935895384
0.103899195352468 0.24030605863907 0.113824023153211 0.0051191028657294 0.14729517163427 0.192716362935742 0.196840085419508
0.0116944709849644 0.273760892949933 0.0307805705890839 0.213990226454132 0.198462650814186 0.00505225116732672 0.266258937040373
0.232405276742833 0.217074924745626 0.0406743612361115 0.0996402799083303 0.0698881753309496 0.196281969372748 0.144035012663401
0.212088356138194 0.203215251369335 0.0355865141817458 0.189331488667972 0.225740944630669 0.116233038922883 0.0178044060892005
0.116666428177358 0.111488077704437 0.165988254446638 0.0848650706961224 0.184088569206068 0.0027205664304843 0.334183033338893
0.0583296245767897 0.274070763868817 0.286296818610139 0.0914492358902994 0.0639654045231239 0.130020039011059 0.0958681135197723
0.12664867349809 0.207175725521919 0.1399924340426 0.105640103578637 0.0870836779995425 0.269187986269089 0.064271399090123
0.199569960904217 0.0826926866049002 0.217551777134321 0.261891844693522 0.119216420365462 0.0427036528333121 0.0763736574642652
0.0845597518498294 0.0568076577348515 0.0857595884897071 0.183539544439471 0.131178831879566 0.287482119111457 0.170672506495118
0.222932614625267 0.0120011273081418 0.02853403523128 0.027075401911986 0.0531156489163535 0.420282984585509 0.236058187421463
0.0202511048952062 0.0198611307177853 0.15390324151203 0.291959678782955 0.254557658150182 0.158025320956126 0.101441864985715
0.205401753958521 0.158499184940698 0.1817664438149 0.0963466505193446 0.166876089947041 0.117362004404002 0.0737478724154932
0.159603399251239 0.230744619363961 0.105527778779026 0.0180571142883072 0.146665047289817 0.207692825323249 0.1317092157044
0.30272756503223 0.0733164103452593 0.153125963701588 0.070805037285242 0.215638006228083 0.0769574130514708 0.107429604356127
0.0714691594718861 0.162031072021194 0.2272906626736 0.0896480302110609 0.231873145926464 0.204453579188134 0.0132343505076608
0.118073167948975 0.198944019371245 0.206224245461136 0.004867585838307 0.105247267549192 0.28002915628447 0.0866145575466753
0.177098509637462 0.239778821789855 0.0707736887339123 0.240582103686911 0.00207978053404553 0.0470205575588078 0.222666538059007
0.0408297931042246 0.0185541123886797 0.152475069948559 0.229323847530536 0.141743245762048 0.224456231390942 0.192617699875011
0.00427361623394522 0.00164100271602979 0.246339104854197 0.0973019491999052 0.244238520781049 0.09923507454362 0.306970731671253
0.137305060371454 0.189460070992681 0.195141903459258 0.204290082173379 0.151834074289765 0.00142832349321062 0.120540485220254
0.125669189392242 0.0234285721146874 0.10622398138689 0.141619973258467 0.1575720491157 0.255714159931647 0.189772074800367
0.207757939535236 0.0182451049503405 0.0792852002331253 0.145119674695872 0.186753161248427 0.100214722816456 0.262624196520544
0.0775199058815018 0.129815155238561 0.0185026874902359 0.397162722159365 0.013052934304577 0.144486433577973 0.219460161347786
0.0436027441534763 0.235320911611858 0.28243591854449 0.0317621079751802 0.0142614102697913 0.0603436871494067 0.332273220295797
0.194086638102552 0.140519251592619 0.0756246701234476 0.0942520483846623 0.053325004100823 0.180665106638089 0.261527281057807
0.125664918363348 0.0864288486651667 0.237774666011142 0.163608323525052 0.0705935577116159 0.00350228823861398 0.312427397485061
0.251044213902855 0.0475028856401595 0.168668512865605 0.0559272508426893 0.0878374380894983 0.198116940110084 0.190902758549109
0.118327833744703 0.177298722526885 0.0721161519964716 0.0978340736381079 0.262087696127524 0.131070066505781 0.141265455460529
0.258268220693195 0.018470908568523 0.128190475135507 0.0415178595983774 0.247540506037106 0.177924416996713 0.128087612970578
0.157941254068822 0.144364531242606 0.0384138816610532 0.110222620971292 0.160029772179329 0.195186138854673 0.193841801022225
0.07221554610673 0.229316081226625 0.259127648630079 0.130698331256877 0.114860795159344 0.117182103272939 0.0765994943474067
0.272558282170157 0.0934353231455061 0.0947032755491615 0.19873147369866 0.257052018823365 0.0421705225451796 0.0413491040679708
0.136818795249267 0.0546864383976448 0.227642618768496 0.0905734970203335 0.081845807349398 0.154866404293561 0.2535664389213
0.248633415963467 0.240748925539108 0.0158685487776148 0.171376187110683 0.00173174697723709 0.227502534952686 0.0941386406792041
0.300013475985246 0.216704993738544 0.0977985346116244 0.0504091104194698 0.0501942049964985 0.0523022463450543 0.232577433903563
0.0133964025657724 0.311666279667802 0.0812533502324475 0.15674475990581 0.0571417092317499 0.235222298896535 0.144575199499883
0.056417378141879 0.158430084387175 0.097649171010141 0.254008974836617 0.191122370756017 0.110828742106574 0.131543278761596
0.231487086605296 0.104926156269254 0.135769653836272 0.0249394727892787 0.0710457352650615 0.186549334113944 0.245282561120893
0.151662834364523 0.0583785128125449 0.0204194700830944 0.288646223082284 0.0135393232770449 0.220861999602551 0.246491636777957
0.114998751856969 0.0185366791459049 0.0693220455593122 0.321744813538838 0.111533140059896 0.159075189003347 0.204789380835733
0.141902361715321 0.044682922862452 0.204834164072903 0.33345319672245 0.0867499804357338 0.156288197060293 0.032089177130847
0.134122984692007 0.170215007345849 0.114514642826693 0.206380675400055 0.118201144845832 0.149831465848631 0.106734079040934
0.268553166484668 0.0477210934270175 0.0594868330814157 0.0312210864007417 0.30924599536811 0.162517664508645 0.121254160729402
0.031825803432699 0.191259468450757 0.217889107771192 0.205232690877982 0.129063953234167 0.163191278557561 0.061537697675641
0.0480976009767035 0.131849681630278 0.0583464802846868 0.0793361988375538 0.209096088893687 0.255159916562829 0.218114032814262
0.21976975641559 0.218480783710389 0.201566835430208 0.0711304355899469 0.0758687007951842 0.181959807429792 0.03122368062889
0.213865216078634 0.159571317412239 0.0496071701930061 0.0148862482928985 0.131645845323694 0.203849017847005 0.226575184852523
0.271751224076048 0.0486134269052337 0.223848139852152 0.0343786040165458 0.272009818554659 0.110136267335172 0.0392625192601897
0.0650164580174708 0.0760277527677142 0.0300965825121285 0.324416461600863 0.0193249233480223 0.335194128439893 0.149923693313909
0.310219900847804 0.111436291881255 0.0369471667968573 0.135045099923717 0.104991629290979 0.0574723558680089 0.243887555391378
0.243005981505852 0.238945357436791 0.172273466670353 0.00431395825431963 0.187562076704934 0.0799695949386039 0.0739295644891457
0.0903397639190122 0.186804124996442 0.0613240676183812 0.151764154433226 0.117698877037586 0.191957765448204 0.200111246547148
0.184513015747073 0.0552436895646955 0.129102043523396 0.205202914624839 0.176832072032256 0.141312904629622 0.107793359878117
0.0981984168586231 0.0473316793798684 0.0441232443777751 0.267816526064265 0.23954030598611 0.0518436581831609 0.251146169150197
0.00186958188607209 0.181911488946136 0.11627698745607 0.105935786604359 0.253590412007609 0.208283652825959 0.132132090273796
0.21132487514875 0.0706080038545599 0.223802273990371 0.0913985355215415 0.0211052059798421 0.128529462863709 0.253231642641227
0.121052686848847 0.00955656718208935 0.171643741250409 0.222651731114857 0.117858731245896 0.191912821785585 0.165323720572317
0.172686390979947 0.0559312610418267 0.0253036082150261 0.259308549027678 0.210237452080946 0.195644781237786 0.0808879574167901
0.182182859961444 0.221087857499774 0.0941312684724809 0.223093323509543 0.038209272883507 0.0785483428852742 0.162747074787977
0.111462737103418 0.102880183961036 0.198752019422526 0.0932959686215586 0.0528468768528749 0.190569542873337 0.250192671165249
0.217210114847098 0.171205679558076 0.20544373900591 0.154943851381283 0.0251339596476306 0.130808140616541 0.0952545149434624
0.119613614335158 0.190652579779096 0.110936253558864 0.144040245741423 0.162935313462045 0.039445178990547 0.232376814132866
0.157674584500095 0.12321038534156 0.125590689745339 0.120182933150275 0.266435526454548 0.198790481558046 0.00811539925013586
0.14130398057658 0.158789921166232 0.131352795132297 0.182422153639583 0.144014459573101 0.0782511340742787 0.163865555837928
0.221581711405176 0.0398851919117629 0.260047042359183 0.0377836660213562 0.144843526754946 0.142294834794619 0.153564026752957
0.0368030514401037 0.145165103521711 0.195905573910545 0.110274352195741 0.282733847866854 0.0966828738935786 0.132435197171467
0.171738138332707 0.137578815433201 0.154242972122563 0.173860663972457 0.119813640000502 0.033669932307377 0.209095837831193
0.217662589457287 0.273217909014608 0.0715202771731655 0.11501744787761 0.198702130844017 0.097519598332906 0.0263600473004055
0.184869353458445 0.0362677123973224 0.18951500206005 0.103026731911946 0.132464066127563 0.0936475623184971 0.260209571726177
0.0523919150050724 0.0812416575565456 0.0406666354142357 0.137715614232598 0.287314002054597 0.153998271364579 0.246671904372373
0.0759940115893467 0.144960439553999 0.014985865083328 0.0376406117881891 0.28923254601108 0.185423364015166 0.251763161958891
0.224599246981424 0.132817723644621 0.202701954342372 0.0615708269906397 0.065365154657116 0.11198376643264 0.200961326951186
