0.18420520493431 0.1472581242032 0.0603824690971632 0.150356007827636 0.0407293502594445 0.129331683377337 0.20590094554284 0.0818362147580694
0.255227024532982 0.182966703592266 0.110873529432076 0.0243149009233018 0.0852370354261201 0.0949618779510211 0.165937779921072 0.0804811482211608
0.169485445186248 0.0958875180255487 0.175357967218158 0.0382204606795138 0.12460790506866 0.162719202420062 0.163608400799659 0.070113100602151
0.0202061542840784 0.12038040600135 0.208064749040778 0.194410302517408 0.176724145390296 0.0707330953727926 0.0290636076341202 0.180417539759178
0.171003639911849 0.129715248280968 0.117989859622534 0.18436235651777 0.01989721909793 0.0166252652482797 0.180671460822375 0.179734950498294
0.191805079309924 0.0753231744963072 0.204917937790058 0.0391281372294579 0.0919586103428667 0.16576201730589 0.181032907148046 0.0500721363774499
0.0493084620036605 0.254672642822267 0.0826031821962647 0.154154776490304 0.00091744980247836 0.121348444707568 0.0150303944287577 0.321964647548699
0.135647171370867 0.0711557976441078 0.225930442754865 0.136594633871663 0.114070795908152 0.090646873019764 0.12674888985944 0.099205395571142
0.182826489239599 0.153893583019183 0.168832570522526 0.184160576983503 0.00702946230143947 0.0747118306572651 0.0107565296491083 0.217788957627376
0.0992815422381008 0.0893051265605602 0.12545549064344 0.11362427997347 0.217389629767759 0.119068139069192 0.0621788819151538 0.173696909832324
0.181170197948949 0.128494885858422 0.0140132261094013 0.173576119717827 0.11292681567121 0.106587854108672 0.17189191260252 0.111338987982998
0.19520089589803 0.18937132075431 0.0643107707990601 0.200774067906964 0.116492267741235 0.0147822992813649 0.171804438043349 0.0472639395756863
0.237909089749438 0.158355636665819 0.151696783089139 0.0447686595216235 0.0301421703567099 0.0875012288078944 0.134099947620006 0.15552648418937
0.159191282787449 0.202293635683693 0.258925571647693 0.0528305061481809 0.00134827948066662 0.171647079628102 0.142287170561823 0.0114764740623924
0.105672140109648 0.0950346079156489 0.0641708628947205 0.188902324223599 0.208483257703001 0.0346290423210922 0.17173946377437 0.131368301057921
0.178469393615448 0.181180190063675 0.0720434848078371 0.167860374040869 0.13810011597914 0.036726281596436 0.162370584602119 0.0632495752944768
0.146845744555831 0.163017304315296 0.0337358609364433 0.0513650104447593 0.21242147719307 0.235460425880915 0.0415919255627192 0.115562251110966
0.214754880629848 0.0909439167496776 0.195213464799421 0.161015645833327 0.119042893255148 0.0123733880479535 0.194707737575097 0.0119480731095279
0.215412751581583 0.190984821684238 0.0797389388777696 0.228819560136468 0.126785466513221 0.00346505055252852 0.0244472421679932 0.1303461684862
0.00420799179634643 0.134438986223181 0.126056261716515 0.165788439853126 0.164869809416054 0.138679036330771 0.116461096287994 0.149498378376013
0.160870342107334 0.185106962027602 0.16778215948521 0.137115138029938 0.00227244897653498 0.000993362089869758 0.176645341032998 0.169214246250513
0.232084478953059 0.0311071280488801 0.29356746180925 0.0728072526221173 0.054086096195036 0.185190318323171 0.0377489123705359 0.0934083516779511
0.179914765472729 0.0666586017872066 0.0441528350487238 0.169948184557429 0.0580901302027047 0.161193287794662 0.1313246991222 0.188717496014345
0.125007915373487 0.0580707796797136 0.214744960762648 0.131733579493787 0.050274298805965 0.191874470824339 0.0503367861839311 0.177957208876129
0.23430937202989 0.0447655522639761 0.0156825169442118 0.174815002305292 0.0125880381557183 0.150755686466257 0.264798332125857 0.102285499708798
0.211204667561573 0.148518722807796 0.0313517776223784 0.215925834182885 0.100005236745648 0.19174252288785 0.0512755318428466 0.0499757063490225
0.281582942047364 0.00602856112228189 0.107018902375016 0.179085777189419 0.0171649629458259 0.111113374218813 0.120184974496185 0.177820505605094
0.105745295078073 0.173550842719514 0.134083332903273 0.0986886518825195 0.136803819782785 0.0956133283939084 0.133953090002419 0.121561639237507
0.0712000652031145 0.212560882807974 0.0144492862089611 0.221379907366629 0.210434540536553 0.0977492239260066 0.145240837856312 0.0269852560944505
0.149124416834197 0.0873479554866546 0.0850843933545149 0.144782287345279 0.174913865087719 0.115370492308727 0.214577370815578 0.0287992187673308
0.188356703415691 0.196890793993615 0.187202463244603 0.103993901011843 0.0364953993469877 0.0834059371709811 0.0305410580038446 0.173113743812435
0.0212463290528356 0.0533805959067623 0.202942362233104 0.205798936241948 0.0720948766295909 0.178077226715163 0.255433941510584 0.0110257317100125
0.0578948989994737 0.133555549689673 0.211820136481468 0.160796958408165 0.159678466752826 0.0522214024992766 0.0233849173948701 0.200647669774247
0.00895540098467711 0.0756214195372574 0.066495646787101 0.106872854353576 0.17857610459335 0.215176310967663 0.167728552795527 0.180573709980849
0.0911183341920455 0.0203752088540321 0.175001213891084 0.183542028591153 0.169432995102113 0.110528883834443 0.0629810453571616 0.187020290177968
0.177570418157852 0.189443207249808 0.023344847358643 0.128132014609664 0.123998006378596 0.171707221486589 0.126795073290691 0.0590092114681576
0.205232388986197 0.0899791882804655 0.182730247246152 0.0681576544687978 0.1465463408663 0.031543514351701 0.115900790174473 0.159909875625914
0.0280351758968506 0.078535828230244 0.230300622191016 0.143745254742954 0.0458953735615171 0.230604771209642 0.184355314487445 0.0585276596803306
0.24735439604017 0.189099486204674 0.0505208196268058 0.117439377026709 0.150747983719733 0.183730333194894 0.00200725295598861 0.0591003512310257
0.0404396999603103 0.0627004712731922 0.157504893013919 0.218696558311249 0.0016595203901124 0.115835790574968 0.163302561421517 0.239860505054732
0.146182199017345 0.182972352665035 0.216975990157966 0.0673601686474207 0.00759347604420798 0.0918114694948017 0.179402011267511 0.107702332705713
0.135747394455007 0.120733649164801 0.0324085607191203 0.18506202356062 0.194004334612424 0.130896715468522 0.0757867296457487 0.125360592373758
0.196639109957218 0.0519025298876505 0.0542171005811218 0.197610588372031 0.149174064944245 0.180803016302205 0.0535735714219217 0.116080018533607
0.255863633036675 0.0552432969720789 0.112423437446777 0.0721593559513001 0.149902786161845 0.0851682332003911 0.00923963002859334 0.25999962720234
0.0183397755673719 0.0893001652593329 0.204972087616324 0.119898160255007 0.325884897478813 0.0306620409480064 0.00263514632423814 0.208307726550907
0.0143016652786242 0.202796132087668 0.189178170753015 0.0429960482278638 0.0421751892879436 0.261860389536426 0.216398090724128 0.0302943141043316
0.138195793598631 0.245947524974847 0.025967004767147 0.0856137145109141 0.137340801394953 0.120664727055371 0.225526438586196 0.0207439951119409
0.044181377952563 0.375919404780772 0.122828382596681 0.0143759243577492 0.00729832072943153 0.210893753262848 0.215986667760819 0.00851616855913622
0.129495320796576 0.165416711104478 0.148661969823485 0.0732751646432467 0.0825078939716551 0.175264944249809 0.0164093405514454 0.208968654859306
0.166977173657826 0.179063910472324 0.173805078061271 0.0732710195417012 0.0345142145093545 0.144092841231966 0.0382885859492707 0.189987176576287
0.0767498299585262 0.236170469650539 0.0243681009816988 0.185516820475527 0.208019210243473 0.0269669214178143 0.17059201143603 0.0716166358363916
0.167931927975004 0.181592092380439 0.108259578817617 0.060321527588765 0.175802965949997 0.0435402924538431 0.102275066171986 0.160276548662349
0.141681135254161 0.232226336839503 0.0174709316037959 0.0655817711000796 0.0158897057679289 0.138644448804961 0.0287190245952034 0.359786646034368
0.155677999727409 0.0481004269307999 0.156117631386226 0.142617672345649 0.135162102819751 0.144667428131824 0.0825952453442597 0.135061493314081
0.265008042403169 0.0887104149783188 0.144755239991899 0.149008815456419 0.000565035341896707 0.214320418976991 0.123876947748516 0.0137550851027894
0.0941517547388688 0.120701200539871 0.117360717431063 0.11243816658311 0.15252639198125 0.194407692961391 0.197961188891804 0.0104528868726423
0.182088500917472 0.125191278265976 0.145320027296074 0.0305258200500811 0.11797843857455 0.184957414502311 0.0899928072886874 0.123945713104848
0.285223459850639 0.205227140209728 0.0837928980347748 0.0189219440089142 0.0197599119277256 0.16981510916201 0.0744505606118618 0.142808976194347
0.0542807359459309 0.080127037651212 0.280108584696532 0.19207029103798 0.0991570602025244 0.27527368617423 0.00125938729127531 0.0177232170003157
0.183558672455872 0.0284039574487963 0.0788785156426496 0.0534642688895955 0.209305703200485 0.182118039830601 0.0985393181039925 0.165731524428008
0.0361742195578987 0.0255288183767239 0.186737554408443 0.0469982767701536 0.155598484840097 0.154679705054175 0.224997469324071 0.169285471668438
0.183243684652755 0.0355243313208308 0.0673598854739237 0.161894567802046 0.108022372698195 0.124646956715299 0.134438613486027 0.184869587850923
0.195866853218224 0.144266199042295 0.0982839426768866 0.177298606131097 0.0935091876129078 0.101084596317672 0.0618928445693175 0.127797770431599
0.0574965416345114 0.154034712037577 0.228651613108003 0.0410082485447105 0.13320814465437 0.0287531588507396 0.129620714660141 0.227226866509947
0.179627586620772 0.126636064789351 0.108988818683988 0.21220875394736 0.207061935702796 0.0806565834793214 0.0370407976680308 0.0477794591083805
0.113841885111217 0.181486267379473 0.204695808817447 0.00681770017801247 0.0946652733827877 0.1264267358016 0.240246118627688 0.0318202107017757
0.182652004344426 0.114332528741163 0.160708549810182 0.142437342962548 0.0712653075205906 0.142029145863689 0.0977627587304575 0.0888123620269445
0.0697791394379506 0.133113110345219 0.00647770865991857 0.00400215835874236 0.187388081882123 0.244854697830126 0.213499569097824 0.140885534388097
0.0391377422479138 0.116380857639905 0.179678950486047 0.097762650891348 0.143309775166343 0.17705876657444 0.128299651842199 0.118371605151804
0.0134256451437517 0.154161379515624 0.00418047052204194 0.251091823798659 0.0645699674383541 0.0381463780130486 0.302507242089302 0.171917093479219
0.152669450441257 0.1157287201121 0.0622424629036829 0.202673253649516 0.0124833041819922 0.0977970004909215 0.222794456109251 0.133611352111279
0.204171716238359 0.209792773739907 0.186121554455065 0.0271986361454695 0.0295488238596725 0.0823761984232635 0.230371588015363 0.0304187091229008
0.203651525355355 0.184008591893441 0.0560952337327529 0.190092065981799 0.0310197578047092 0.210900166892804 0.0113410223446304 0.112891635994509
0.162543972637112 0.0801874821202774 0.179858431480307 0.156711819158633 0.0336038472165621 0.176559907349717 0.180712670028019 0.0298218700093728
0.154381594176711 0.172638390439913 0.156780983875171 0.132535267808025 0.173873376189965 0.0638546847827768 0.0493937550787921 0.0965419476486462
0.173427084477709 0.18339415455721 0.0902790418625636 0.0694580729344335 0.137566859147515 0.169444765279216 0.065032085590492 0.111397936150861
0.343964232328668 0.0567171095846251 0.107059110915943 0.154630011327712 0.0523983682048009 0.06972798500739 0.0573351146739247 0.158168067956936
0.0663104431490072 0.0288458621242627 0.12822426923464 0.229456188497978 0.147715022488516 0.222131257102313 0.105882637880406 0.071434319522877
0.14558615743484 0.0913387452113748 0.0583447286688617 0.136620311746387 0.226648565180141 0.10692593380045 0.0136565013448003 0.220879056613146
0.141114821385314 0.000461305943802032 0.144105049350338 0.17232329646298 0.104998057834657 0.294258652789217 0.0308356675961766 0.111903148637516
0.206224874996478 0.244407196457352 0.0289223064604449 0.134635299193264 0.0817301655544035 0.0580499278175896 0.161890092805231 0.084140136715238
0.141131648944711 0.194893257754846 0.131398666437993 0.182833778558218 0.0190744758608502 0.0593450745424244 0.0734781262230817 0.197844971677875
0.07872023642997 0.0956684715882232 0.0023999360295907 0.244369349640341 0.00374920415575155 0.146688173082919 0.204626016246071 0.223778612827133
0.094483309867525 0.0309552220084722 0.181291594782639 0.0326952068515329 0.209649130010076 0.121650299387131 0.170028228171071 0.159247008921554
0.116525372508976 0.0481834862112149 0.0253824247645483 0.0282199016273134 0.124039670212171 0.226295679929526 0.236963039712897 0.194390425033353
0.00913262986263961 0.129203271661312 0.0391592748797632 0.184617799751076 0.260235493437167 0.332885102191247 0.017968050751258 0.0267983774655381
0.153686283323467 0.100239619831788 0.186668952670312 0.247422254446851 0.129453041449082 0.0761257588676642 0.0430528421549937 0.0633512472558419
0.146093860862739 0.0923025496887283 7.90321044399935e-05 0.10399244438662 0.155697024690016 0.0820400335418645 0.223491238345199 0.196303816380393
0.0689515053104525 0.0136283868499028 0.276580637310839 0.0737922939931277 0.091747912460054 0.246136840976076 0.216629737612671 0.0125326854868777
0.19106642286464 0.0425349284513477 0.0439091385702388 0.197175111450053 0.209524266019461 0.063103243730543 0.0323744138670347 0.220312475046682
0.196647125905842 0.0518874882256132 0.0909135633611425 0.133623492861641 0.186164230775801 0.150057162298267 0.00194580436775743 0.188761132203936
0.123216348168939 0.171549956810407 0.120794801790735 0.164440416155356 0.101983244049263 0.0305415844518679 0.153753988288226 0.133719660285206
0.0961709218226222 0.19143376868578 0.0534064911883301 0.184191218390998 0.174351680758535 0.0627541114761615 0.166578448590436 0.0711133590871375
0.0313265525791115 0.128153599956254 0.0795410590794913 0.161096793650746 0.14558660176342 0.169136665497303 0.185987075929349 0.0991716515443253
0.0307191782220117 0.132148271385459 0.0474436073537955 0.101239390717729 0.219106282632856 0.213313029900449 0.110570466175385 0.145459773612315
0.0632706486722082 0.17674586068903 0.14949865625617 0.160240153348029 0.139252843932796 0.171996712654238 0.0408140997540896 0.0981810246934396
0.224848881337167 0.0332328020375366 0.157189147780563 0.0916254345712638 0.0546343792565969 0.205634676175744 0.155852590596149 0.0769820882449802
0.0289276038626445 0.241938403335889 0.242482163378197 0.149913494897191 0.217772565526726 0.0680096480504829 0.0173314526815787 0.0336246682672903
0.168236868282478 0.010713160940967 0.231177920928927 0.0449030991748207 0.230374673613997 0.131993227549352 0.116755648177156 0.065845401332302
0.0447334903206725 0.169933494187677 0.107797991634031 0.0540609241640498 0.143998985865326 0.220134017152134 0.139933079571062 0.119408017105049
0.17528763308177 0.0879234548905013 0.152772097003626 0.13530301903873 0.0721179809046461 0.140818300033326 0.137477403796962 0.0983001112504388
0.0830429876048815 0.261640310275762 0.0801157977999387 0.0416970178315652 0.11617887616936 0.25855906427625 0.118115913475776 0.0406500325664667
0.138502722644162 0.115555319304304 0.15079173793023 0.112894602523537 0.151236130484904 0.00400364054657883 0.223900013785813 0.103115832780472
0.135341618853941 0.134971267385875 0.0417724553354673 0.129766060307342 0.170882308573798 0.123002865886982 0.170534599763564 0.0937288238930301
0.0413352416324188 0.0249019427420262 0.258526705614838 0.117229176282666 0.252539336582778 0.161474844299051 0.0949677496289481 0.0490250032172724
0.189997974473155 0.0538033566836484 0.131282662337861 0.191172020326633 0.197841870969177 0.084024655828588 0.0546210729070027 0.0972563864739349
0.103027902552244 0.235847424612499 0.0430917909574917 0.0726839096091783 0.182418657455895 0.0662286898185041 0.00710663063395553 0.289594994360232
0.0703745100694425 0.130351834240307 0.156228894632673 0.177690284748027 0.152276678729971 0.0827999356595768 0.146459938566015 0.0838179233539875
0.19386347047803 0.045692852273051 0.205957570185274 0.140275869602594 0.103709810403273 0.0129780920016675 0.0655198138980159 0.232002521158095
0.179166689793121 0.0635012388656101 0.160463625749648 0.107976239239816 0.0920732836208272 0.0935631716920781 0.148946357697261 0.154309393341639
0.0194353359165866 0.0147211478338879 0.257611788863162 0.129514043417402 0.00570005050432687 0.221343393015115 0.162397326974391 0.189276913475128
0.0430386853651462 0.0427166791704076 0.240808602846218 0.201091473903118 0.0216203178202678 0.240707288464445 0.0323821702091618 0.177634782221235
0.0322860451775297 0.273341856408014 0.0654632297852986 0.168879338740593 0.236721680064787 0.00833010180632244 0.153630682388827 0.0613470656286275
0.192681458603567 0.0886791078910744 0.0754726725373543 0.05686682242445 0.156551027722684 0.0571735928572212 0.201744323699767 0.170830994263882
0.25547106484626 0.0353962968190108 0.0169554317704317 0.129394582862709 0.23321243013758 0.165176138189722 0.0202286243607213 0.144165431013566
0.00794320053613935 0.291684441036312 0.153361510335199 0.0453343076036277 0.092163667703059 0.236343295731461 0.0193901823183716 0.153779394735831
0.166917593865536 0.257487310670748 0.118760865099132 0.00616089095093453 0.0619757917089957 0.166168435979235 0.0074591947361176 0.215069916989302
0.203279942516346 0.152897207407944 0.0264035176664727 0.199191503423557 0.118380506638334 0.212427414312951 0.0533763669203109 0.0340435411140841
0.182578207669445 0.189750490816509 0.111222738967753 0.125112573881067 0.0864373953958493 0.0828111473394797 0.0763695885845957 0.1457178573453
0.0471687887118235 0.00113698370046034 0.127120811021683 0.24905689569218 0.181269498840784 0.171064137192597 0.21192087390927 0.011262010931201
0.068760646582997 0.0771682047782785 0.050878175621609 0.258837410353766 0.245848868339305 0.103791782739703 0.167665192948674 0.0270497186356676
0.0835235439771374 0.0188095004514026 0.173364234622553 0.300517984368542 0.269969670623459 0.0754026193982774 0.0406239492150457 0.0377884973435838
0.106530139365848 0.17725275958691 0.15618241264199 0.220362613947408 0.0599146437739332 0.193983773893778 0.0369480546210405 0.048825602169093
0.0605353742788731 0.140777325169267 0.152811297581604 0.118670365633531 0.174736847987562 0.120664725689262 0.100918636190055 0.130885427469845
0.00789460526412163 0.224132492104624 0.0164567111251669 0.0270277500013046 0.199467472749994 0.0620844846010558 0.182830541840712 0.280105942313021
0.122830741030906 0.0383438331661711 0.155150059000666 0.16802717591389 0.18400712643508 0.163709757895015 0.0239685986389742 0.143962707919298
0.230532211572077 0.000951951291694149 0.221921908480616 0.189603858066411 0.0996672969342988 0.00819607100528891 0.210465923995701 0.0386607786539123
0.0127277921038543 0.144854661190207 0.0908898404026965 0.000987906754115204 0.0379611302008266 0.245285495195334 0.248762509516625 0.218530664636342
0.0323293915940836 0.0485505393213844 0.255410128056423 0.114188704141125 0.159656024655517 0.148053630786602 0.131717088537536 0.110094492907329
0.142608620216582 0.0135865316472459 0.0835612684403663 0.22179968085123 0.162004519915512 0.049023213859505 0.134843343048342 0.192572822021217
0.174744278370237 0.185993721654131 0.221792844075824 0.0149430018177545 0.138968167656638 0.16653581621133 0.0756110405357003 0.0214111296783851
0.0027586495024272 0.0228607853317033 0.102126951127669 0.229543453793623 0.0789017449131228 0.156969433732297 0.200201088618114 0.206637892981044
0.105711201340163 0.272532116251708 0.141118556247612 0.0353615370280371 0.0822647441291603 0.089136806841873 0.172588012009649 0.101287026151797
0.0419499790081167 0.158157705534792 0.110997426818388 0.212275439827415 0.0974716946795848 0.162553284900495 0.186195799503994 0.0303986697272136
0.14057844590729 0.156715722871405 0.197631701863489 0.0894195698440761 0.0137505487976275 0.179665405862953 0.0747599894807549 0.147478615372404
0.0693634898459782 0.200996112256827 0.0928066556096659 0.202464200734261 0.0887762116212884 0.195873143480903 0.125933370393896 0.023786816057181
0.180897539040942 0.107433752697291 0.0116365529304621 0.0206919581980355 0.210299587106149 0.239730202780989 0.217670017919062 0.0116403893270709
0.169655426919626 0.0858450245359472 0.149072141718572 0.137054268271451 0.188499467206171 0.148233733543291 0.0310831522586088 0.0905567855463326
0.124624586282722 0.213359820104867 0.120653692703291 0.21691482501095 0.0193450916413162 0.135174630254888 0.151537652180501 0.0183897018214641
0.100011742333868 0.111895768197162 0.128353026473564 0.0147284370667775 0.13161393392728 0.205235656149489 0.20701216804503 0.10114926780683
0.186697759683422 0.178916277455706 0.0834147899477937 0.158713095770603 0.160231894229238 0.0656605162236872 0.0247040053370388 0.141661661352511
0.199810733094952 0.149595355287467 0.17912435939129 0.0560985710611894 0.0490915143961323 0.209755661842926 0.0355127333927578 0.121011071533285
0.0654254037662478 0.16056548863565 0.0128722878650513 0.14209615987448 0.227970707608464 0.21141071531836 0.102961555272882 0.0766976816588644
0.183203861335451 0.062806914291887 0.15537336323561 0.1090320033459 0.178947238901029 0.0725685083462744 0.0514943295292801 0.18657378101457
0.0125796501865397 0.262033797352509 0.147560994223516 0.191423855219978 0.0806681942860265 0.0694921220641994 0.196572023864623 0.0396693628026076
0.139488097005144 0.160224142854019 0.0128078819073073 0.0507971181912406 0.166564225643093 0.166455741410974 0.104844362501278 0.198818430486945
0.129042033771836 0.10808621637606 0.0228193805710999 0.152211416274653 0.0823245613265613 0.124027005735737 0.255560176301356 0.125929209642698
0.1365322192903 0.10526268772269 0.223024249832166 0.00174770947478575 0.186553248727651 0.159942088996434 0.117234511919011 0.0697032840369617
0.137742104726578 0.102149399134762 0.231871166944135 0.101014794814251 0.190274353664566 0.195448295057947 0.0115596420540187 0.0299402436037425
0.0116459717167809 0.21532528531767 0.165864998443907 0.100132156223244 0.0916995380357924 0.161978052311716 0.0224445849610357 0.230909412989853
0.00424566940475579 0.103842056040549 0.0642601812054885 0.0996746575328204 0.100058539012129 0.322567742880454 0.284549735762536 0.0208014181612673
0.190075904717065 0.165504175966501 0.147228532412451 0.154329697242672 0.206197920818034 0.0112737245768662 0.0220803669403036 0.103309677326107
0.087091359104264 0.0481730066861156 0.166558417921391 0.135120255981347 0.155328200078176 0.05159312227494 0.229072233034598 0.127063404919168
0.0402043693315639 0.0722084469302701 0.154061789505062 0.0571074879027032 0.0766131492466651 0.160851431384837 0.19432836823336 0.244624957465538
0.1371488131751 0.186802265816941 0.202910354098456 0.114574895355471 0.00840305840195206 0.147704140407883 0.0783995193473867 0.12405695339681
0.185052023769125 0.134401493493398 0.142846705109095 0.083768230963428 0.0953863299484295 0.138248059551096 0.12255643996613 0.0977407171992992
0.0526040701420285 0.073024685447364 0.163849763053185 0.0341508557883507 0.201978224057764 0.196546430371767 0.0547944812734764 0.223051489866063
0.123239219393978 0.0567924437813375 0.0715986869143059 0.125234280571508 0.199024552076047 0.207445462937117 0.0314831420450095 0.185182212280697
0.187190396016918 0.123297048164335 0.156120629662361 0.187822839442337 0.022234491349534 0.109825095646804 0.160475459000655 0.0530340407170564
0.00276049726218445 0.0832130605884233 0.175419952752377 0.169987055788712 0.155546056069061 0.108618563718904 0.179806159134961 0.124648654685378
0.0101010719755484 0.130602658686956 0.0424709293239698 0.370112050651157 0.0970055232334169 0.0617714883869614 0.00677186087706565 0.281164416864925
0.0722666233245551 0.213012951941763 0.231118744568539 0.182153422113541 0.0339394121500105 0.0818067315706175 0.0351542686273924 0.150547845703581
0.0788931241518076 0.00162297443741704 0.203391801760709 0.171385473991173 0.111298253644528 0.112487091657123 0.232994803279115 0.0879264770781264
0.22049719852596 0.0055668806252546 0.20777884785605 0.110485152399749 0.000983519785336129 0.0843290914582618 0.25968015474071 0.110679154608679
0.104075279671665 0.120366265446742 0.00791715052559673 0.10238250417872 0.183521066309132 0.12223086480827 0.160636385079285 0.198870483980589
0.240839923487001 0.0213873843630619 0.238120066369785 0.179358325146262 0.109015099303749 0.00157874346513469 0.00504286039548688 0.204657597469519
0.147988314562132 0.152529996948672 0.131060813936062 0.141444286164994 0.153870803245205 0.116777599252376 0.0877723411878354 0.068555844702724
0.32986502497978 0.258181016235509 0.122582866294169 0.121184628135684 0.000833507541406084 0.0682874972698422 0.032774358547121 0.0662911009964893
0.137390997140396 0.144868527154085 0.104801036143022 0.179368283178644 0.0863941261806304 0.140345784043984 0.12770805807159 0.0791231880876483
0.0512806977489596 0.0371445370613213 0.308374364193908 0.244121395585816 0.108136329325561 0.0133141694186695 0.23455940996404 0.00306909670172391
0.265417393224064 0.106415944240284 0.127798855411846 0.0452434802155726 0.0531139407929017 0.134496924260701 0.225211617123605 0.0423018447310263
0.151163867284785 0.200290152460574 0.00639954082765988 0.145199499658736 0.216879418111359 0.00278025407425402 0.202328555992385 0.0749587115902481
0.143641050232906 0.200402445249784 0.00812937869552715 0.0260851459659891 0.207157416216653 0.192406760014607 0.0226282009862408 0.199549602638293
0.17733661184856 0.114361668320965 0.00889183341665571 0.103858879625097 0.0882885097450276 0.186845671957416 0.195454180650782 0.124962644435497
0.0368909369699988 0.171182740686621 0.175379629102794 0.153003896593458 0.0329749714884494 0.0925562503748113 0.194640112040157 0.143371462743711
0.249875439599501 0.154922867540664 0.189552121895573 0.0228606309871157 0.00337111798836308 0.154548353265086 0.175482309998034 0.0493871587256637
0.179155119688397 0.106022742950172 0.183575789296916 0.0156016379480238 0.153562643382717 0.142997502431769 0.153341230956892 0.0657433333451131
0.110008239472634 0.129216893664929 0.00506209557633086 0.188525289477209 0.11734027452152 0.0822698047335118 0.276333652491454 0.0912437500624107
0.20579578980097 0.062309385255514 0.252821954687472 0.00910000948385838 0.187395529158003 0.118819314280339 0.0675850825385967 0.0961729347952464
0.150190160935662 0.105213264018051 0.138104452489958 0.0762594259011877 0.0996351018672219 0.223101837609213 0.0823048640482171 0.12519089313049
0.104009611015394 0.0822971549620432 0.145511056808074 0.197021595079406 0.168430763119095 0.10565676596389 0.193721978068801 0.00335107498329758
0.00884999544452792 0.244299726856433 0.24150931189839 0.10847038403801 0.123516952188474 0.0973151690332636 0.150478900194754 0.0255595603461467
0.177768055374076 0.166519674434203 0.0966495367503604 0.07981901424291 0.180038422842313 0.112844168003518 0.135337792331926 0.0510233360206944
0.0851760134335237 0.217759660333844 0.0180379148184926 0.047108938847603 0.292150977751758 0.261277537599572 0.0116945805216229 0.0667943766935842
0.0125495025615846 0.138986820433164 0.182407599827003 0.11935171886001 0.153776938427569 0.106257008995798 0.112784541253046 0.173885869641826
0.239563459953577 0.0629943078202942 0.0339020711731028 0.148324326582286 0.181827167635379 0.0721590324124347 0.188592356348366 0.0726372780745596
0.0240495863336413 0.00322977966618931 0.180862904816199 0.0777970906747551 0.138712638451219 0.242680675588001 0.239648225167306 0.093019099302689
0.142091499688994 0.190308100435981 0.122147334149094 0.0402875008694921 0.114982318381093 0.0831689302839081 0.183399317880665 0.123614998310772
0.0214566586218033 0.0654334151921998 0.199436613783862 0.189465371663684 0.0693314450331292 0.152030168929647 0.127251254076147 0.175595072699528
0.221268762798048 0.225763060249263 0.0478355812180669 0.0906090251292938 0.137910160107251 0.119503570735881 0.0730664558927718 0.0840433838694246
0.0841740046934384 0.203058262363048 0.0241517849171011 0.224038401839834 0.0210617521171857 0.212277176083223 0.0347578223157953 0.196480795670375
0.0731438375860648 0.136884569068395 0.260263117031335 0.2323219826267 0.0195909732164282 0.198483555748499 0.0360963304663112 0.0432156342562673
0.0603951702137989 0.174192754217608 0.178241941107618 0.00563199594569659 0.207908320217772 0.163857406608659 0.108142649817604 0.101629761871243
0.187960860438315 0.195204905149197 0.0369043551626733 0.00930888435102161 0.191264562053473 0.134623211954087 0.106246977958082 0.138486242933151
0.209844457124825 0.0628395404983841 0.127083620414843 0.144430515557496 0.0285754565593456 0.182839644544195 0.0929660971940571 0.151420668106854
0.140006372792167 0.177829445832798 0.179459619440469 0.0825963932717324 0.12354395686077 0.0433312863666714 0.141052491573323 0.112180433862068
0.174271063178582 0.0544246566932568 0.0824023448033002 0.232006243831471 0.0173425447004162 0.157482940931132 0.129456898212647 0.152613307649195
0.165989330155381 0.00184919050723627 0.132563242061992 0.133022322179371 0.0858207943408135 0.0964962917204154 0.198550215472507 0.185708613562285
0.0432675472147297 0.258335890534568 0.0586516848387329 0.259848069783198 0.176536629443758 0.0682697993567643 0.0246295339032301 0.110460844925019
0.216384338172432 0.0667305746621654 0.179136366893789 0.124271522266665 0.179735483882209 0.144313961327469 0.0685714983992508 0.0208562543960188
0.104592999251972 0.148878873743134 0.176933021550882 0.163711590922813 0.155519670567542 0.0366084191148234 0.0947613646866139 0.11899406016222
0.145288312142167 0.250367782328551 0.0399928769173305 0.000103204185267407 0.0730483700153298 0.122644540834399 0.275493608809745 0.0930613047672095
0.152554929399567 0.09051696394002 0.131777740009896 0.13171731239448 0.149161667505845 0.165124946994428 0.116856357302732 0.0622900824530318
0.0570595493593352 0.121918252307382 0.0410689025960543 0.219210535999419 0.0527044408670502 0.0927357622823538 0.112325159012083 0.302977397576322
0.0984322632780437 0.081891585508344 0.153334551607572 0.071960490646544 0.201258769644595 0.141318044892717 0.189567539743894 0.0622367546782912
0.0946164280990968 0.226946626713395 0.0633382677228031 0.111592243696285 0.161563623631141 0.156489862983474 0.0245752055263322 0.160877741627474
0.091361140005812 0.205643273363087 0.0186998580079926 0.089649845083198 0.109320705963984 0.148476007241924 0.153594083176358 0.183255087157645
0.00772918719260836 0.297686332516069 0.0569356596299467 0.0662476193104821 0.188318744686866 0.0786283186386528 0.00237176204023998 0.302082375985136
0.22807527039933 0.113011928682434 0.0501374228744156 0.237783294603827 0.229484410216376 0.0937025858341104 0.0458432426923042 0.00196184469720258
0.101364816578808 0.139834927207963 0.119945568596814 0.0164365130556396 0.0680068487092927 0.189588428247724 0.197049148127543 0.167773749476215
0.190781684091982 0.110584308030707 0.0559360467177138 0.101505715156486 0.171123032827498 0.0320387743842464 0.218423569739397 0.119606869051969
0.225733218400043 0.130452862433559 0.113636215391997 0.0625585404446326 0.136097982757242 0.0841492283948026 0.211701893578673 0.0356700585990516
0.0831136530400707 0.18218007472476 0.233817999198048 0.285480428831707 0.0189821865570168 0.0253596780481938 0.00206488816055396 0.169001091439649
0.126166297174894 0.145245351569887 0.120184559264475 0.14573228234769 0.0329290831160039 0.25857447739907 0.16291909366881 0.00824885545916984
0.0587325075784688 0.268729100632139 0.0576445588138997 0.00449743684329588 0.0803099412467539 0.0404802653495682 0.243134502505571 0.246471687030304
0.056607238819455 0.155352713055753 0.0350886244056081 0.157141363468847 0.117096262657783 0.0274784881450999 0.240987476856771 0.210247832590683
0.152026378113323 0.188559980180658 0.0864106621277745 0.150402127578821 0.175461349666805 0.0844561392463671 0.00504926718177546 0.157634095904477
0.114981271489392 0.117113253071682 0.26515271548537 0.15419099959831 0.12223440476747 0.133827642631473 0.0813909943207759 0.0111087186355273
0.0644509412735043 0.175662828845458 0.0468382733753563 0.226473119568515 0.127157878338068 0.251551065872383 0.0995128513541099 0.00835304137260517
0.0173767443972112 0.105891665211224 0.225149149099189 0.276543613292271 0.118787471985587 0.0236160781283568 0.123036240025469 0.109599037860693
0.240927017811436 0.173936935021415 0.223516235349738 0.0315101235071067 0.0535822576231906 0.130046002416309 0.0083018959310476 0.138179532339758
0.27841788030343 0.0806044324797194 0.195709459185843 0.0749705665935636 0.249620174209532 0.0173515629357783 0.101215890170844 0.00211003412129006
0.0159254703840395 0.0573592335204 0.0118605669013424 0.207106005153094 0.248733408050317 0.183583626748931 0.171184864210894 0.104246825030982
0.0427221097645664 0.104557877798677 0.150494438363664 0.0813065218707167 0.00532290618197675 0.100300656605544 0.304530740415783 0.210764748999072
0.253681446694139 0.0932388105224352 0.0873694359036209 0.0181186982126968 0.211374145923234 0.125122247428542 0.00926847913787854 0.201826736177453
0.00184839992332421 0.0865986860010152 0.0855692921685813 0.164879091299564 0.0818380169553211 0.102349791454632 0.220041304197166 0.256875418000396
0.0767972657438657 0.257017151209324 0.249350376671633 0.0401596089347801 0.0116415211263833 0.172382000577395 0.0172738917898814 0.175378183946738
0.0418840857961843 0.0439742578153152 0.0670145591694375 0.333728665113229 0.165709293146594 0.0549313964486048 0.104534474326013 0.188223268184623
0.22781378471697 0.0195901939979043 0.0269075425843369 0.239142970510373 0.127272087096283 0.0250616412963034 0.189598550411731 0.144613229386099
0.106353721991288 0.0182349119863592 0.150796851074126 0.290426212580172 0.241404736640817 0.0405186405597878 0.0492993143958726 0.102965610771577
0.203865268924803 0.0356162365966746 0.159573445050593 0.225072209595915 0.18071455769271 0.0987500315938651 0.0193470744006209 0.0770611761448175
0.104120286398158 0.157052437746588 0.0807009265209268 0.17567523983634 0.102403839337328 0.127310017679664 0.113021737772982 0.139715514708013
0.128586361244309 0.0838763076549977 0.206273253490323 0.116720597949539 0.0720351870197503 0.141140640092334 0.231898502577546 0.019469149971201
0.132450311564787 0.057965891163245 0.0505521744413979 0.1547181423674 0.150499749665144 0.10261690701968 0.17952501299556 0.171671810782786
0.0487149243003627 0.0389713022022081 0.220175634866471 0.242238233972937 0.0765619546150774 0.148537006354465 0.0320102874023171 0.192790656286161
0.0406066503246263 0.0728814403065475 0.0521321882416511 0.016347759491933 0.232012450786884 0.223069545372613 0.146613073513913 0.216336891961832
0.0812231218466403 0.0617252297482057 0.155758258750048 0.181678970432318 0.209599571767493 0.0530062274826308 0.0859179287196926 0.171090691252971
0.0506689778211238 0.261168200644766 0.156841136573494 0.0663106958918642 0.030103259307427 0.17618492740898 0.0596353191704434 0.199087483181902
0.119301869060525 0.12949775825428 0.17015874388533 0.0948359220961088 0.121452326395855 0.0929622746122692 0.147124705076751 0.124666400618882
0.0408610763618559 0.151809297089772 0.0990888764241859 0.140167373603289 0.184691259693814 0.13221308852516 0.132206861411922 0.118962166890001
0.0317218224593828 0.124304459608614 0.192258316450802 0.0325205345151235 0.229148722856939 0.21083870797736 0.0202853654649893 0.15892207066679
0.129028616892045 0.0464501350394735 0.209569514140593 0.0378762596346562 0.233478149647034 0.00781497598358919 0.13515080755665 0.200631541105959
0.169001001977849 0.129571177078492 0.0793348834435779 0.171789116405769 0.126303484241398 0.00818712237145918 0.189365206336837 0.126448008144617
0.181507666107607 0.105363414584699 0.155164407490445 0.199130283867313 0.212474395529781 0.0613572521163082 0.00138467509106858 0.0836179052127784
0.0120731295089908 0.136405721610206 0.0812586775483694 0.169939659847301 0.234891513349964 0.183762674375713 0.0377935280228219 0.143875095736634
0.0892468725609217 0.172385895040402 0.150185720147248 0.104578410808839 0.16135276310285 0.137223407297926 0.0699931545021407 0.115033776539674
0.112704060953529 0.0254218901407709 0.129459616014272 0.182361673888703 0.0433344007966242 0.170686431770395 0.187638909454243 0.148393016981464
0.173589432702367 0.111500728410082 0.127850813360794 0.13300398593836 0.0497303144952618 0.184955337121992 0.122130283998498 0.097239103972645
0.079802371301489 0.0139020905236245 0.0767659742296115 0.240097692383233 0.199647433417529 0.129555623652786 0.165488635143636 0.0947401793480915
0.151409540372464 0.151033130095322 0.061292988829888 0.0211613201988258 0.247186821754684 0.116324797229895 0.213347860821702 0.0382435406972187
0.0246650568099023 0.28471930580624 0.0156465759343581 0.145963242306715 0.171251432294084 0.0994821970939966 0.12555931535829 0.132712874396413
0.160886814016475 0.0444918521889826 0.105723420005409 0.133490153271532 0.186529908281095 0.045637044850201 0.134708101578802 0.188532705807503
0.185269178130442 0.175221658942629 0.038124182579568 0.054366292017671 0.0398811143762619 0.141583213311801 0.0874608630099292 0.278093497631698
0.0928282337603881 0.245364539265931 0.0718856778718631 0.191468199421432 0.0940846941749277 0.113096090503523 0.0791983484191519 0.112074216582783
0.196195226345884 0.0715348069750024 0.128027450785245 0.090838783856371 0.0231960253698547 0.176212617816864 0.143385571584844 0.170609517265935
0.22461508706202 0.178296789115907 0.141447424902482 0.173342860749221 0.0344109010050542 0.0265045627395022 0.159315053837352 0.0620673205884625
0.0500700256550207 0.0730169626496108 0.0240166742190208 0.243497153379701 0.00305036649876605 0.273141585744564 0.0509256486295385 0.282281583223778
0.00240152184032528 0.0507809017889407 0.228256912970622 0.191716582113324 0.295548435527068 0.0563166769000817 0.148146311117319 0.0268326577423193
0.200475508809328 0.038589219909284 0.183126417316961 0.200061898306272 0.0591351293441803 0.0394581920570428 0.204084547341256 0.0750690869156755
0.207598535046571 0.203350571736564 0.0408391859162963 0.0904920624613557 0.222658877263103 0.15671019512631 0.0188028721960423 0.0595477002537571
0.0234957654719029 0.130312297263476 0.211513917059323 0.0251593691992121 0.23729260292693 0.118558629605611 0.069242741282881 0.184424677190665
0.144234306027263 0.00276457258046872 0.0779216010980242 0.168233433509237 0.101367706932121 0.15424934137632 0.168649633536951 0.182579404939615
0.0986878908858962 0.122659289571011 0.237736010209681 0.16518166421918 0.0182674453265067 0.0274510734487602 0.197457399273202 0.132559227065764
0.157298460351825 0.148635196239843 0.18841098659075 0.108569479489867 0.0481985662220905 0.122864235516573 0.147378654063137 0.0786444215259156
0.0567866329543861 0.219659781182235 0.128144648890579 0.126568388900964 0.193471152297761 0.0924573134141634 0.152554702662244 0.0303573796976676
0.158814797341201 0.0559200265670702 0.148740569052193 0.0700166203429932 0.101582388718487 0.193119649131727 0.0308084986630557 0.240997450183274
0.166229357441571 0.0397284330348488 0.260596735295804 0.0658049357615674 0.163638753704876 0.0875079354334586 0.037067551214518 0.179426298113356
0.038779146979511 0.13704452769439 0.202380729016099 0.0278019952875642 0.246304650168112 0.0280712305467888 0.265655453235551 0.0539622670719847
0.260547759369303 0.125384283120095 0.17246011117072 0.00594891600804819 0.0957668826257803 0.0090843487851766 0.234517242527632 0.0962904563932454
0.1660861624958 0.0679195654568891 0.206760781990802 0.0773836622891799 0.163620884873602 0.0288840859508723 0.0799765010978221 0.209368355845032
0.138908583861775 0.136524714811198 0.12542594138874 0.101588743374939 0.052844397872303 0.184331098988305 0.120213887278256 0.140162632424484
0.0933807293802476 0.0506179157432452 0.0384664318101993 0.106854170173809 0.122537437281035 0.186555096105023 0.20031203906613 0.201276180440312
