0.266066346448297 0.139547402734778 0.0223198133899837 0.0448452968862052 0.0727625337479162 0.0642854636491956 0.390173143143624
0.0842343708927422 0.169587587963093 0.156884500353797 0.0909484884038607 0.157345632238729 0.255025723526708 0.0859736966210693
0.166517890955406 0.0797453843622712 0.148747734166445 0.210793199518901 0.00861608514425176 0.175492279932922 0.210087425919803
0.115172096522973 0.164042841130445 0.0589731531219129 0.199371998783618 0.113963104130294 0.223659789470949 0.124817016839808
0.0771917949550002 0.0554775843084672 0.214684466329134 0.151488937007558 0.134847184885811 0.196085464841332 0.170224567672698
0.187796731270609 0.0164909244394222 0.14252879614691 0.051305117161095 0.218009732086582 0.202575776121261 0.18129292277412
0.10961511057646 0.0920869152889074 0.144433258875753 0.160468604575336 0.124898224865506 0.233424472937055 0.135073412880982
0.217080158758907 0.274491167192369 0.190763357266311 0.114259452098573 0.0351040626982628 0.16685956077094 0.00144224121463664
0.297032374041928 0.120171528834782 0.168208077746155 0.235129848643311 0.0144170268728486 0.161192741853459 0.00384840200751735
0.259602126015389 0.262510880323264 0.272006807913371 0.029944693826276 0.0255226207477869 0.098186915902616 0.0522259552712966
0.202569602511206 0.242627332727313 0.25278233252167 0.0348678696207532 0.124218505011194 0.102557345968819 0.0403770116390458
0.143571630882208 0.0181955644005549 0.0131346198800604 0.285649815101234 0.24998422929249 0.0597323460231747 0.229731794420279
0.170292188486368 0.279347563318478 0.00755261845838346 0.0892957243744272 0.100902472636213 0.148984542482657 0.203624890243473
0.0785848265255586 0.12560829599881 0.271468308681259 0.161213029487087 0.0587758333127504 0.289289391232303 0.015060314762232
0.146933180643771 0.324576822016181 0.0866795971335346 0.0972695804577965 0.140034565760594 0.116154805095476 0.0883514488926467
0.0175904061571361 0.159471380515154 0.0711465959769091 0.240962836263778 0.122398271054127 0.36237994672746 0.0260505633054357
0.2050747877551 0.14827054602954 0.113761675174656 0.198651041409545 0.111016286954076 0.0804613568516111 0.142764305825471
0.181891746970233 0.0760033024075131 0.158128273546064 0.0701648499857239 0.17830525428717 0.171049129457143 0.164457443346153
0.187148608281976 0.150192563188467 0.0339641345447478 0.0831006093921363 0.159378554686497 0.278693393932022 0.107522135974154
0.159212931173975 0.203864912348685 0.108089652151291 0.0903365364188966 0.192917482116154 0.19688136384262 0.048697121948378
0.251418476214558 0.0628264136240306 0.223571991099013 0.00706949300469145 0.0322538249337156 0.24126358817893 0.181596212945062
0.140309922211529 0.0153548769589749 0.243694088583616 0.00692330579607707 0.159666027248446 0.173003017186 0.261048762015357
0.27560547938555 0.170631939259002 0.00760239763067105 0.0421662604761077 0.0281239823891834 0.271149556476008 0.204720384383478
0.167554924692486 0.205080427894506 0.200045328490587 0.00964900995789238 0.214074273049249 0.102149334914017 0.101446701001263
0.177911343458282 0.186181181267821 0.124823542138418 0.105672122537574 0.197927249023962 0.152633308021932 0.0548512535520111
0.272636806373517 0.013647635106711 0.305227963265968 0.123808591477371 0.0579200116338382 0.205056519814994 0.0217024723275999
0.18989032497262 0.159346957009183 0.226379889101989 0.0451446733046794 0.0648496115841316 0.0844843431888027 0.229904200838594
0.260646693530571 0.141673735888738 0.177939170584328 0.0562625390805263 0.215683176406414 0.0546977580908894 0.093096926418534
0.137016784797121 0.188661575176236 0.189321846251369 0.0122004997209104 0.0158433484304507 0.235057358942409 0.221898586681504
0.101996123674956 0.20182608435896 0.0045067117832391 0.20444103365505 0.145948628480572 0.130189698341146 0.211091719706077
0.00952847427511339 0.147159351559582 0.270235558192906 0.00673095979986562 0.278976904196904 0.256221402800482 0.031147349175146
0.0209539221404681 0.298709351462683 0.0907864641249199 0.0107215616682001 0.233684935922886 0.144095181561994 0.201048583118849
0.126344756303781 0.19458955850165 0.172207673717431 0.0362241980166355 0.15648941414603 0.125720596722415 0.188423802592056
0.0828627968401382 0.188573681481722 0.260244940476942 0.0273697505260359 0.0344805464107104 0.310016201051756 0.0964520832126949
0.0636799275495364 0.0692097506524636 0.231601933024567 0.0384305061012407 0.31928953858102 0.154356299824006 0.123432044267167
0.182796108910515 0.0233456513588391 0.222557471421741 0.0319412862937514 0.313491497389907 0.215548152013992 0.0103198326112545
0.200416843153183 0.140439532951062 0.0315222735130274 0.143298507176135 0.0464858889982459 0.260251631088138 0.177585323120208
0.205324291922317 0.0437744530648511 0.167781366596332 0.201962584952304 0.0297603267113567 0.129111329155169 0.22228564759767
0.197941713504619 0.109452495118526 0.0942704910985528 0.172115600032801 0.133544822186469 0.0328078754361588 0.259867002622873
0.249761067180896 0.155585008611006 0.0879571457702614 0.160834875193793 0.214020819538866 0.0324310277073358 0.0994100559978415
0.21535105669045 0.0919229900261516 0.0363158489601633 0.0606572799377821 0.169957458975073 0.218232076697427 0.207563288712952
0.118164148745657 0.0107348494359544 0.031639431103313 0.346779705730202 0.0659888995667742 0.25325857982357 0.173434385594529
0.156682446770323 0.155625312137026 0.00974052258201632 0.168331863354901 0.0999050126943375 0.186602091929016 0.22311275053238
0.186858632959905 0.173900072634625 0.269406858899948 0.0948594888277976 0.126728523999449 0.0493627817365413 0.0988836409417331
0.210642043070722 0.0135067213143515 0.0784584506964435 0.168666522283297 0.249252694460505 0.174249508005375 0.105224060169306
0.217486358885762 0.167007874496803 0.0127568241761323 0.144099808547788 0.0805561923550634 0.165573361150688 0.212519580387763
0.0854731900800662 0.0310830463457278 0.0229583364148632 0.281790007293773 0.140377561551032 0.255238071161758 0.18307978715278
0.127242192324027 0.180650972278055 0.107163583428417 0.0188018249674158 0.237626193745988 0.173487169030359 0.15502806422574
0.114366032147496 0.18735351032963 0.0750264087658291 0.219301720393942 0.0435825961073848 0.184616992614543 0.175752739641175
0.215485864161764 0.227447641121766 0.145866464801475 0.0135306349355518 0.135330200202813 0.178282912483696 0.0840562822929339
0.13359391356674 0.227016579949294 0.0652055024907729 0.0884635650569374 0.0800556605363146 0.175241982251073 0.230422796148868
0.162263945407823 0.163454174267777 0.0205502233327192 0.135440278968404 0.201037555581497 0.305850306135223 0.0114035163065586
0.103280462385814 0.125660524623649 0.0136717230287514 0.216959913780675 0.217104774564227 0.195133474528418 0.128189127088466
0.0743690784500258 0.141513747898793 0.180078104692536 0.149488365414455 0.130878788251778 0.13652130574959 0.187150609542821
0.236238372534432 0.0377417559448975 0.13619110538955 0.266365996594108 0.249469085798739 0.07104270031168 0.00295098342659329
0.0917158984194734 0.051365345852692 0.267139771475307 0.112172174671736 0.303589791570867 0.154704677719521 0.0193123402904043
0.113700642746135 0.0248267798976935 0.238384492117709 0.159861187959725 0.105368747299949 0.10565533160169 0.252202818377099
0.13359092763698 0.252877266822864 0.201357806967932 0.105344351417638 0.215721230329454 0.00468556146241497 0.0864228553627168
0.216645277217902 0.00754419586349066 0.171291187066783 0.0464794589197043 0.166210548314036 0.170667969103856 0.221161363514228
0.16902439910411 0.0566265603145224 0.219693149355042 0.189003967062206 0.00180294434192606 0.152978617895306 0.210870361926887
0.193619039925838 0.132666692086145 0.230968585146582 0.232422093604666 0.014217030276177 0.0361777509359789 0.159928808024613
0.195272933010293 0.0323956573832775 0.243866518574709 0.161230362367616 0.010220236302974 0.224335086839863 0.132679205521268
0.0511064803844412 0.0241849415982865 0.145550114417346 0.0985309632809139 0.347367961638202 0.157371260213045 0.175888278467765
0.0325840190743797 0.205289355180801 0.159819632199666 0.0498805078953856 0.196747152448595 0.153148783008051 0.202530550193122
0.106341532656842 0.101394806370713 0.231584750740247 0.0541053075038998 0.0565526877180611 0.387261198681299 0.0627597163289394
0.171602723638403 0.06325606979988 0.262806502547057 0.0293425732693558 0.169335566471646 0.149325177329888 0.15433138694377
0.436715221886428 0.0424812564167602 0.0767950545592655 0.0939963784603311 0.236288415176255 0.0827187182506414 0.031004955250319
0.0652998863342565 0.0494571174431018 0.0163939398200601 0.280900659036373 0.318449593197243 0.267583914063288 0.00191489010567797
0.229664146739757 0.0703420399770014 0.289113271456524 0.123923623137085 0.0734425245474575 0.143344221636772 0.0701701725054027
0.132207164795033 0.0793420011095746 0.059958858029327 0.0793186429660833 0.142769224616144 0.256537346887154 0.249866761596685
0.111640153665984 0.148794631209002 0.275349572707059 0.056455539380374 0.236167093725336 0.0190243503554893 0.152568658956757
0.200645296405975 0.208382241029841 0.0147291931529937 0.146005795522709 0.162734608469419 0.192842958438819 0.074659906980243
0.0875556501827763 0.0843559810919011 0.2416424623684 0.149959336342865 0.0639588654138059 0.247102509632156 0.125425194968096
0.113761269661045 0.00581071281228788 0.099359105391569 0.0632405068264613 0.253112009795329 0.188210005234366 0.276506390278942
0.101728177952094 0.0249989390852537 0.386231033054921 0.249802287184413 0.00822515170664659 0.194440822452926 0.0345735885637453
0.164613646218213 0.190200719665883 0.105440103637378 0.182908549126701 0.0497570158033868 0.278652859323033 0.0284271062254057
0.0293744651924714 0.290564058768707 0.0553630116073634 0.333553958452385 0.209539987140521 0.0037728452641926 0.0778316735743591
0.238641674776918 0.0110308053334306 0.192667765129509 0.191745887729932 0.0762862619397486 0.101574601734865 0.188053003355597
0.0846732980009015 0.184874206974741 0.0130455875319185 0.202764999795724 0.161389092836315 0.177827902294482 0.175424912565918
0.0355211480853104 0.219046663465838 0.172282148440239 0.0842749762801043 0.17698606353172 0.0994571981588037 0.212431802037984
0.210286586270794 0.127408068017507 0.0125534246779485 0.0533154190454716 0.192033462221709 0.23918783534829 0.165215204418279
0.140174420869159 0.0341979325132526 0.168156128779281 0.194034725025512 0.139339110634308 0.202707823740996 0.121389858437491
0.222455806174003 0.221580275545113 0.143695691703805 0.169620584745852 0.0719505116602688 0.0854844547245445 0.0852126754464128
0.240957540756543 0.30048776413742 0.232241055661035 0.116158364287705 0.0478798671519886 0.0585737710271589 0.00370163697814992
0.0961524101768599 0.324949948559492 0.419327258454273 0.0689257760229725 0.0277077843496832 0.00497971497992037 0.0579571074567987
0.169393098363426 0.0195801503542147 0.0415685595468636 0.239677110174903 0.238668076833908 0.192515259772561 0.0985977449541243
0.139224456239028 0.164776661576661 0.104559359437516 0.248741754428622 0.176409705850331 0.0202948158635548 0.145993246604287
0.0516373297610404 0.114507086605312 0.21645801774877 0.0809216051365225 0.287592354140672 0.107199538551123 0.14168406805656
0.058863040456965 0.108846781204651 0.353881876405195 0.148345155026494 0.158074910147792 0.0648165277244121 0.107171709034491
0.0663620359475458 0.0877699228822095 0.186180982199805 0.175323629460097 0.151972141561018 0.137183195549477 0.195208092399847
0.0338071962866157 0.00267250278446063 0.194878375994537 0.146269131575021 0.18882451538805 0.229315490279589 0.204232787691726
0.0553967259609806 0.0611499408232156 0.252032093371204 0.10838181731952 0.0951990780292954 0.233577529123955 0.19426281537183
0.02899209805464 0.0465507778391481 0.219068201971581 0.243257886517449 0.0516755000791007 0.0511442239782361 0.359311311559844
0.156109291844586 0.00357263454479537 0.185688305737447 0.0957992203666067 0.245050128300574 0.0621104674529406 0.25166995175305
0.171058430447324 0.237069207141191 0.164972056503906 0.068579031742088 0.195116056124757 0.00334855916385378 0.15985665887688
0.0436334023545815 0.213396023274433 0.17288880976655 0.129928467454754 0.261920954238535 0.174533492644967 0.00369885026618009
0.0244004132011343 0.1918165485766 0.0737594398310163 0.197580063504969 0.213122565575885 0.260700882131165 0.0386200871792307
0.0933574980903078 0.000567140217721971 0.330271348373033 0.0459170329359345 0.160781150320966 0.257966731021198 0.111139099040838
0.300766510088004 0.0701306265386343 0.0280716600993656 0.0191174599645749 0.0990870706313723 0.298288655261293 0.184538017416755
0.158205847730231 0.216612674550723 0.0945073119502904 0.137713655024227 0.125452506243622 0.0553355816145756 0.212172422886331
0.0391877054584749 0.0113383675439232 0.380826011756418 0.32602928294874 0.0981717773905965 0.0454874811634094 0.098959373738438
0.180340220187804 0.142373198373312 0.224496727213711 0.0102758910332548 0.284159911859235 0.0652245396306126 0.0931295117020701
0.142891693385678 0.1136540153757 0.181164588256854 0.098882016395222 0.198654674059373 0.140038391427595 0.124714621099578
0.0789528830229518 0.0965629611607796 0.154465462833518 0.0574393842592378 0.331616423731057 0.0774576126790511 0.203505272313405
0.0370420249723409 0.12904365492075 0.292423611925688 0.243297624994217 0.064638720398617 0.170988742640389 0.0625656201479979
0.0233450255650482 0.214978352322013 0.134146830840083 0.206877444487194 0.190602366393435 0.0924522240363434 0.137597756355883
0.301029434020841 0.019509218154195 0.209222034863316 0.213201285792324 0.0349958180235157 0.214266862656385 0.00777534648942225
0.0274074303914053 0.323433327631443 0.174616817177202 0.166795122322468 0.162800038448238 0.0916710392693774 0.053276224759866
0.174863570147605 0.140076628778674 0.107079439415358 0.118527291914409 0.0696450764696844 0.214443641572676 0.175364351701593
0.211817452375543 0.199215529567731 0.0561301666893679 0.0635785419377308 0.0549708491061901 0.234810564142666 0.179476896180771
0.0177553575678285 0.139540629095877 0.0871118733245122 0.323085107888315 0.227132910019801 0.0101093506268912 0.195264771476776
0.0484653166730002 0.0255910012742309 0.283850194906024 0.414932694381783 0.00661241500994862 0.0621575334731287 0.158390844281885
0.218263816514493 0.210722006873645 0.216655087562733 0.0839064825141113 0.0663027776607693 0.202803541755802 0.00134628711844564
0.13200541954778 0.145390234893598 0.189495291704757 0.164697527470358 0.0524042346021077 0.136110775224757 0.179896516556642
0.218661690871904 0.107077604448299 0.212479395396028 0.195595469248799 0.0650095248968729 0.0564606244188887 0.144715690719209
0.170736437640815 0.18009496837207 0.110809923358604 0.219181151175233 0.14411364960595 0.0407179052612211 0.134345964586108
0.403451976861306 0.169230247635372 0.0445051960138627 0.0478724894772904 0.120951195277735 0.0605848657796715 0.153404028954763
0.252575609837725 0.10376919833019 0.0255912194700441 0.193118049674279 0.199119397128077 0.0410145671052164 0.184811958454468
0.0880496300348897 0.152341592528046 0.0379049752713356 0.204578058697603 0.222259588098707 0.109040661895581 0.185825493473838
0.113028301358261 0.118584626249869 0.166670640566725 0.244974111350154 0.0426570482010859 0.169027011035289 0.145058261238615
0.276209168818728 0.11867759414813 0.189215129918949 0.258863371690365 0.124859653633771 0.0230458698859879 0.00912921190406934
0.0692867698534074 0.125003011100816 0.071899666176935 0.167619214517457 0.206282481612083 0.189452288180259 0.170456568559042
0.105186558784927 0.266173331125763 0.0367174044133317 0.172967647876879 0.000832115734671464 0.327279281476829 0.0908436605875973
0.211461683288897 0.113902070251073 0.0175191755043291 0.0971397609908014 0.229576481730396 0.138384717984367 0.192016110250137
0.0506969569177172 0.131039552527878 0.178581522695712 0.159418438247471 0.0865698123233869 0.213372169421986 0.18032154786585
0.184654280106617 0.0352662266819909 0.0764793816478137 0.0992736760115993 0.278914947098027 0.235117238170389 0.0902942502835631
0.210736683329817 0.156747824876965 0.194831695173535 0.174446889336356 0.0205852640562684 0.0587656482807294 0.18388599494633
0.0198065559314738 0.230067828537118 0.243757322678261 0.00471401804344924 0.20132797372257 0.196644970489767 0.103681330597361
0.157042977572069 0.0279865391179994 0.256595646955931 0.100101688686754 0.134561286877722 0.0913719282839544 0.232339932505572
0.135487218887931 0.175307494594824 0.130045666386514 0.131564437432087 0.124273451161438 0.134040923576341 0.169280807960864
0.229505964815987 0.171928808414017 0.0909604487610918 0.162557495609365 0.0759538863104541 0.212927838335721 0.0561655577533639
0.197182974390122 0.0616150639722464 0.0976163324408229 0.207242917128865 0.00267836850129298 0.198522366997144 0.235141976569507
0.0108914057774095 0.266723200104883 0.107672784551808 0.22210363313666 0.0901506806281816 0.170447065494829 0.132011230306229
0.109746367173453 0.181145672871982 0.12891429408329 0.0937174029492822 0.158124603889065 0.144506561344034 0.183845097688894
0.204211678661821 0.132850603294846 0.179963924409596 0.120796215062846 0.168899616841712 0.0973999665885425 0.0958779951406375
0.0264888949888418 0.0424743856444117 0.0626937034464674 0.248711689760742 0.218387796227209 0.201004184821547 0.20023934511078
0.131941358188994 0.0299558398333773 0.165765288537585 0.254927201615862 0.0325518600640697 0.234685920343935 0.150172531416177
0.207913504379912 0.0553174166873022 0.0676674554488503 0.247845263815495 0.227380526054411 0.0518053361017605 0.142070497512269
0.226478619703326 0.283828274355128 0.125685271954969 0.0564805325712379 0.0733046102708254 0.0537261837405507 0.180496507403963
0.256535944322595 0.0207179233262828 0.151472269030072 0.13889521721125 0.138026025102712 0.0858828920406501 0.208469728966438
0.18490502564566 0.138021979003313 0.110824673738854 0.238111898102621 0.204578110577686 0.113768863875909 0.00978944905595696
0.148344127040778 0.0443325263422463 0.185367577985583 0.105900643958391 0.167764207065422 0.16198457031576 0.18630634729182
0.105571691339673 0.13845530247972 0.17738967343703 0.226614425895962 0.17872350002702 0.0810941355911771 0.0921512712294171
0.263534571388006 0.136647526576726 0.24207292866512 0.0412607146068627 0.0713405656596413 0.0790269650288268 0.166116728074817
0.16313129327919 0.112215919021321 0.111269105878052 0.294312548197875 0.288733860316768 0.0300650258323859 0.000272247474407978
0.148051746827042 0.239361815414394 0.0920043983882215 0.0483314237236262 0.261927264882682 0.0290441393945264 0.181279211369508
0.13398983917418 0.200347325765114 0.269195770749579 0.239427596314281 0.100559524546012 0.0286284828815721 0.0278514605692629
0.0104065987223097 0.294130942518972 0.108391163825851 0.241421334732221 0.187855950352911 0.139560135375838 0.018233874471897
0.351340056285575 0.155423275121274 0.135329450386017 0.249459823957467 0.00373105344446653 0.0639248306496356 0.0407915101555652
0.0492981191610082 0.22853951873786 0.214807121086692 0.156144817170757 0.150596137009887 0.0348670077824524 0.165747279051343
0.183980233575701 0.135066507933336 0.15357367125107 0.174592120300809 0.167991971826553 0.15313610539815 0.0316593897143807
0.220411516086147 0.184035470655086 0.212041643247207 0.123475959572857 0.00769534122711607 0.0356883449947111 0.216651724216877
0.0993017764244573 0.112308387928606 0.00562792519343066 0.194778335449705 0.0126528471216884 0.275092833500136 0.300237894381977
0.266605367853095 0.205681658733298 0.210047727865753 0.0733274696215592 0.0155041445058082 0.0873825075467886 0.141451123873698
0.20153269904201 0.215279065193417 0.128295283112263 0.210649626846572 0.203255989266395 0.0121881459407131 0.0287991905986303
0.055365875289003 0.203963260714545 0.116434332147778 0.271082900949069 0.103144165862807 0.240853196381279 0.00915626865551944
0.0844031396870836 0.194799128700062 0.153842204603985 0.22484193654414 0.118975821482229 0.026049301517734 0.197088467464767
0.179813828345076 0.109759225370422 0.139201343845463 0.176463068318822 0.112686548008132 0.159073912603038 0.123002073509047
0.0578624022844685 0.00990312953766438 0.251448694405152 0.255673725827355 0.250845451359737 0.166501186433981 0.00776541015164226
0.00881176942841345 0.284358410509585 0.180578344464703 0.0681566281873835 0.128011886571422 0.325411930852426 0.00467102998606799
0.000140741071785043 0.382510540979679 0.207877200030519 0.357912346130204 0.00479162088643492 0.00111321554603636 0.0456543353553418
0.0794843285245506 0.0352486943382601 0.0525615867672406 0.181476440222326 0.146592868559761 0.260779080167196 0.243857001420666
0.267925391377839 0.166640022303236 0.1140769471276 0.0455179584615717 0.168633243079932 0.00616052613364782 0.231045911516173
0.235122627849618 0.0225422891170751 0.0993323869214178 0.226148225415896 0.0505771786097997 0.112893028714345 0.253384263371848
0.241096522207485 0.0683824639799484 0.196169182654719 0.238582207014561 0.0316941929669814 0.0711899394932466 0.152885491683058
0.167509424250132 0.169922961536981 0.160695610208846 0.0122305864115233 0.235822801455922 0.0319114638710209 0.221907152265575
0.0739604413053938 0.204487355094729 0.103451236222897 0.178018644153037 0.147892714347469 0.140487988415891 0.151701620460584
0.145763381394705 0.245858510113197 0.0528925144388333 0.119687320046821 0.0660352954980812 0.192652280971263 0.1771106975371
0.307137536517649 0.275941114420708 0.044744869250545 0.18491717144247 0.0997059064128203 0.0387395146176267 0.0488138873381813
0.179223639614649 0.0920875372044668 0.279886437733798 0.0578204574036715 0.1090110797732 0.0850131073103687 0.196957740959846
0.194162094621174 0.149116391311998 0.145158547102007 0.230590774422065 0.0158193650489879 0.189445370833866 0.0757074566599012
0.168833488434797 0.102514357087027 0.161201388456866 0.170175016414651 0.129685832195198 0.0708853939384926 0.196704523472969
0.253310970982213 0.0794488395224029 0.261318370937124 0.145693995269684 0.0415373771788508 0.137222595299895 0.0814678508098306
0.21072631338571 0.222669934357116 0.0481230117610883 0.167177294774181 0.251107856970696 0.0309194967086584 0.0692760920425494
0.0192111174113862 0.105065288146974 0.231599137929561 0.214444135983413 0.13714083123539 0.216153331598673 0.0763861576946017
0.228370084278748 0.123596115061229 0.179925676826146 0.136312907885523 0.0867813917476621 0.224699709248728 0.0203141149519647
0.082554347978233 0.152288368547683 0.121919378937947 0.263476728046495 0.0919804651405485 0.0905476487740256 0.197233062575067
0.0549975882532264 0.026245197599831 0.287366901331522 0.184969191944572 0.210247763668995 0.0912042513955364 0.144969105806317
0.0704807153256173 0.246289506565057 0.0535382099367429 0.245315821517308 0.0352409653285953 0.283112330563596 0.0660224507630831
0.182012901204064 0.156934019984711 0.0930133009912921 0.067811643372987 0.171770697922751 0.136397376006913 0.192060060517282
0.0511637323687146 0.128497082539236 0.208243185416762 0.171988056709968 0.210505346932925 0.141515428286953 0.0880871677454412
0.162918209410399 0.0469399951552892 0.0300459884474182 0.246565406436597 0.191285462625841 0.199447910886361 0.122797027038096
0.0527216084015002 0.23750152524132 0.258552481382839 0.0389802803176603 0.0815462877795869 0.182889313505763 0.147808503371332
0.168278623152476 0.281675027114175 0.0699853970403089 0.0539661650939869 0.0707749845381575 0.246046667254882 0.109273135806014
0.132191266255656 0.0907108275059468 0.182268094738021 0.161052714333972 0.154833153986301 0.182080593592578 0.0968633495875257
0.163061612884195 0.204215453597464 0.252225896949091 0.0322931248109503 0.254114750451209 0.0589556793014315 0.0351334820056597
0.16590513639665 0.14077921178675 0.221585934184679 0.0447908743117539 0.216190794937965 0.127149871905429 0.0835981764767719
0.0469410828548267 0.255259650237009 0.209189495128536 0.241882581843669 0.0663066897425 0.0140895190087418 0.166330981184718
0.110919994710749 0.218014096406208 0.163373547310689 0.188971577823318 0.0689932794067823 0.196839794960996 0.0528877093812584
0.240421061534145 0.0549966368396829 0.0722397239399059 0.167858523354795 0.0515823373542483 0.22271263194632 0.190189085030903
0.218104633764843 0.214410963946298 0.0162827793201093 0.0192751061513638 0.17802287526372 0.0750846987252202 0.278818942828446
0.156163389139616 0.239267494413807 0.111040258040357 0.076046150895731 0.175661317368694 0.201953970393508 0.0398674197482861
0.0843310886465636 0.134666242216442 0.262928052042211 0.226703221750344 0.184642578441444 0.0705233468137023 0.0362054700892929
0.00111171380373425 0.21464789140629 0.145097799592533 0.179336641877769 0.107929070212191 0.322916198117069 0.0289606849904134
0.237340539731763 0.0572706193482356 0.10424397828531 0.0278681102935885 0.127759847379304 0.191810124208097 0.253706780753703
0.0996836045478293 0.225519037384923 0.0934111638498036 0.0932047920151755 0.250963735469857 0.203448348714752 0.0337693180176597
0.225039673569859 0.173663780611372 0.00880556519301971 0.112906998885307 0.0690012083414431 0.212189677276326 0.198393096122674
0.195891849722206 0.29953701261953 0.157600156391794 0.0361183305034165 0.0440605257398134 0.0663402626775117 0.200451862345729
0.276524796669329 0.030826711604057 0.110001789408034 0.133502493158644 0.271316120653616 0.143502970692224 0.0343251178140957
0.207768193954763 0.158841626139493 0.125028315688025 0.0820548161951486 0.0633149016710639 0.00808355366531927 0.354908592686188
0.00246249689675004 0.220874462624171 0.130354970310419 0.167737818361363 0.141561715989914 0.221913479038296 0.115095056779088
0.151029456843139 0.133690384497646 0.0770915261214233 0.158553992031008 0.178332107636994 0.108657958325715 0.192644574544074
0.18383550131881 0.106807457447306 0.0426817709278201 0.156679375206972 0.230379909495408 0.111438073786374 0.168177911817309
0.161971870692733 0.073226280853246 0.0274470463075466 0.184713911693594 0.43014138475955 0.0305476280752546 0.0919518776180749
0.0340868668993476 0.201502878091059 0.101968625344777 0.260110371693403 0.145616153681486 0.143000606544559 0.113714497745369
0.171737326661653 0.0461754646901443 0.196539106572202 0.117236289461889 0.136449945580324 0.170118144044742 0.161743722989046
0.270369508482671 0.278665695612219 0.000691501229957902 0.0429743700305439 0.24499993252563 0.0254277050107882 0.136871287108191
0.0113251626389711 0.138538144464599 0.204306556979563 0.201349594977791 0.219431954241742 0.135966646111183 0.08908194058615
0.4115108157587 0.154509311946019 0.185647129396461 0.0992040252053644 0.104632346792509 0.0315237382446985 0.0129726326562478
0.230013334523335 0.210505466122772 0.152590722215632 0.110968794897162 0.252879949300696 0.00211329892513194 0.0409284340152698
0.0460767228185112 0.290124194119207 0.118148918578001 0.151724886341253 0.0540490212255857 0.249669879612219 0.0902063773052247
0.105684722449975 0.147723444966057 0.197190191180213 0.0990056726245231 0.0385722914004428 0.211165383064852 0.200658294313937
0.19062848604266 0.214059860907642 0.15352720764263 0.190910328712541 0.0737377550976765 0.0973689997603317 0.0797673618365185
0.133542366156691 0.0330824354254428 0.0972033986376702 0.248761247239276 0.136459528675406 0.297590623904228 0.0533603999612853
0.179061025396845 0.0633959627708601 0.0141656779736184 0.217569854923895 0.170745674585458 0.148311837009806 0.206749967339518
0.137723657209238 0.392890243438625 0.0117703432749305 0.00940871251056526 0.230864271243508 0.1413336794318 0.0760090928913328
0.200046775565333 0.11483732843436 0.0974922753922946 0.233162509019651 0.095748668595729 0.234793411880716 0.0239190311119166
0.181264789222845 0.159549437358208 0.134301205785827 0.0136397850179712 0.132117100266643 0.339244191195187 0.0398834911533186
0.138756224499515 0.0974980747997743 0.144416479168328 0.172541393762594 0.0939887105291027 0.210853707004631 0.141945410236055
0.238488300205962 0.0337826875548284 0.290483068643216 0.0590195706559444 0.0866435124680801 0.146095114801594 0.145487745670375
0.201626349555794 0.192837520563062 0.202126661059864 0.0412110640817523 0.098335907249273 0.0484441292714287 0.215418368218826
0.0529440472525382 0.192591812036364 0.118929242814961 0.165321231937072 0.140453223636918 0.146117932179828 0.183642510142318
0.368704052366345 0.240224598652533 0.0605461864804701 0.000925261318265138 0.0734299246906184 0.141936551625301 0.114233424866468
0.0919944116666345 0.0460513364108932 0.0808301628982195 0.181795298966963 0.152001147679244 0.16406126025353 0.283266382124516
0.112486112908636 0.0942975179239294 0.181032669224995 0.17876362041176 0.266687776230845 0.0772871680644084 0.0894451352354264
0.00746901512571665 0.232959642331087 0.0794957965361731 0.28481250584631 0.0354541229729746 0.176953797221143 0.182855119966596
0.33806638328053 0.308274216753271 0.0735842033386761 0.0268035477580552 0.0141170734121775 0.229844611664302 0.00930996379298831
0.0628452662783257 0.168275752689275 0.240840194311672 0.239581837404238 0.059134400045759 0.00222771623643163 0.227094833034299
0.00931361379706297 0.0601449687725477 0.282439863054043 0.209919954385201 0.000831820923861157 0.227468404216805 0.20988137485048
0.112797168051095 0.26153574788675 0.161708077421447 0.249227151981145 0.116025936460208 0.0412699829014138 0.0574359352979408
0.324817078206179 0.237838684612299 0.162454396441927 3.87941849699597e-05 0.0905483433104534 0.134899798113952 0.0494029051302199
0.314242478259463 0.0471466082491973 0.11810039505273 0.0512032488672961 0.0821116840731194 0.020668501530109 0.366527083968086
0.018500739056996 0.2294590829332 0.142078737824497 0.263588788210542 0.0975972651112987 0.112093493864077 0.136681892999389
0.201619257555395 0.164125459206421 0.205432904502288 0.12017609533891 0.0887001388444008 0.155380031645691 0.0645661129068931
0.154320255055395 0.111093483847998 0.0825902563542901 0.231671966227081 0.305188722192758 0.0655691002667371 0.0495662160557418
0.0889152217187424 0.178010019795062 0.182488108046068 0.21834778301554 0.0650633420736743 0.0790971571747535 0.188078368176159
0.0708823587713686 0.19638469121374 0.135800460997587 0.236401175359027 0.208636014735907 0.0781496595868773 0.0737456393354933
0.265419683307992 0.051953688743623 0.173887426826994 0.233501707074331 0.0720455809289668 0.0635828587209726 0.139609054397121
0.243181418459567 0.107794582057985 0.218246852138078 0.206922464131651 0.0108614678835748 0.194549433306364 0.0184437820227803
0.104123973757027 0.178915919006153 0.0211805893895471 0.0601615233753598 0.201687873098862 0.308684911594063 0.125245209778988
0.0391747296420786 0.257685628290456 0.10038681944175 0.142112201581922 0.331394583872725 0.112160608356495 0.0170854288145736
0.0301426093068932 0.0195189790435803 0.268482631003822 0.00141332158274135 0.295381118149806 0.182885455127586 0.202175885785571
0.00323730981166114 0.215335814180384 0.22577970691005 0.232604782276251 0.224094751152204 0.000700949231935379 0.0982466864375142
0.0217049953899585 0.056849154680002 0.232197196534717 0.130455548732043 0.176619516038905 0.229292165053585 0.15288142357079
0.200319715374036 0.0495884125872784 0.207559768439403 0.0838041924783667 0.0987544408277131 0.168656399862006 0.191317070431197
0.251304199247729 0.0458322607701956 0.173392134068692 0.0882259172773898 0.291981242449257 0.0371176424768864 0.112146603709851
0.11630370902334 0.279337848661831 0.11930066916028 0.0240232573288833 0.171512224558721 0.0194203732108355 0.270101918056109
0.136414119547313 0.00792040373830792 0.21612996349936 0.175542062093268 0.14330467071749 0.180840697779869 0.139848082624393
0.144857637803682 0.280017684172586 0.012730463378294 0.016710021082345 0.01341764641117 0.283317658869043 0.24894888828288
0.0698541799974473 0.206971813925545 0.18746282463304 0.0358458801988354 0.0661597011522445 0.210932782390514 0.222772817702374
0.0196288822852326 0.0955640151455786 0.262397069638884 0.255301237349775 0.184251016667198 0.177355340633182 0.00550243828014962
0.217533024521133 0.00315980875045752 0.179387924132858 0.21052148493025 0.149388174260808 0.195398701646607 0.0446108817578865
0.145671536790576 0.149378678485055 0.23356524982962 0.187740203104331 0.086799643167848 0.192677754851871 0.00416693377069883
0.157642142590874 0.117895867566073 0.126052156136289 0.163682082912734 0.204614480407404 0.187220041596351 0.0428932287902751
0.176544979206528 0.0839387456310571 0.075800221907598 0.244851321120375 0.19650284138169 0.199743633517964 0.022618257234787
0.063729961241028 0.162607003365212 0.19014514902336 0.218954546433373 0.205402361506392 0.135687881335228 0.0234730970954074
0.236274187997595 0.00398487927734462 0.130831087055861 0.214874740041627 0.0413736284648855 0.0926107635891368 0.28005071357355
0.0307908831737295 0.0842939604953415 0.211406475412049 0.0774498160216833 0.0988485822072334 0.248737388039115 0.248472894650848
0.155596843131455 0.055193128984068 0.138219863473011 0.245089168478932 0.0894861884671432 0.273925463575872 0.0424893438895189
0.267561460853681 0.0257823325395218 0.0313476275395901 0.143069227102929 0.175130869033206 0.123282303124645 0.233826179806427
0.14599696232881 0.428970908333795 0.00135027492437683 0.072068221787626 0.0323615399585475 0.152064933019997 0.167187159646847
0.257622940020067 0.00230535642159205 0.190905035123044 0.237081607419603 0.0497197424206116 0.243040828354543 0.0193244902405391
0.186607153691024 0.242851547045278 0.0256132871703337 0.17614253445749 0.141124988229778 0.119947514585224 0.107712974820872
0.185277632710009 0.130360613427455 0.190400265485811 0.0873394752179951 0.100555983142122 0.156755196346747 0.149310833669861
0.0556261839678778 0.29406373714585 0.0480388264676562 0.266069664189206 0.0229722610783024 0.219708352768537 0.0935209743825708
0.0571418210336362 0.086552802383052 0.17026994453727 0.0232732812969213 0.313271955381002 0.111166530028907 0.238323665339211
0.200329002161907 0.187435288516502 0.153020573778356 0.106570710412661 0.000433557994441039 0.2560376987036 0.0961731684325323
0.0725220147749887 0.173384206708233 0.236563584711132 0.0816745102905345 0.0518488856422828 0.322225004909763 0.0617817929630656
0.0889575589526839 0.152168166876312 0.170963365284187 0.120445072935159 0.177562073120915 0.0964138733341462 0.193489889496597
0.141271403257564 0.138526881776383 0.231657400172247 0.179769079576144 0.0576511923149171 0.086925146198034 0.164198896704711
0.12906128116578 0.0585299901668307 0.0427949829617974 0.175119063188041 0.173540057855292 0.215271316301783 0.205683308360476
0.191003238063781 0.136737852108164 0.168374329222016 0.249543871177475 0.0825602772698349 0.00611166033953529 0.165668771819194
0.230360907261304 0.040720514371882 0.216799936830995 0.00183920387427329 0.211144580342265 0.0727162480885459 0.226418609230734
0.225018381303265 0.108502785555938 0.211625865576937 0.0811180919772157 0.00595830693345152 0.248328720482661 0.119447848170531
0.143333086072573 0.192920553272259 0.295416460613867 0.142347538470431 0.107880477840444 0.00707798167264416 0.111023902057782
0.0451835053766815 0.0811343401561699 0.190897539641081 0.162337618598833 0.181204752305168 0.196251595009508 0.142990648912558
0.0394979109306684 0.247345408485383 0.237882284673388 0.0440275446003926 0.159367331640411 0.120170200089675 0.151709319580081
0.150813180570149 0.136110908192292 0.0732038867504047 0.126763390652313 0.126914390045749 0.189892448175919 0.196301795613174
0.092497255149601 0.188823637164471 0.281653064796664 0.0144997442800121 0.221531004094731 0.0959108225818534 0.105084471932667
0.194286978305808 0.080522685582465 0.145592674423956 0.157281870908671 0.110185768809237 0.163996562180815 0.148133459789047
0.0421817941916195 0.0724950740106431 0.141537048315976 0.431953176384572 0.020367238722662 0.0907363674231493 0.200729300951378
0.0100938665935429 0.280078468548599 0.261810220898905 0.115876622768272 0.16860215015389 0.063234174071375 0.100304496965415
0.138570634425583 0.123512529303047 0.202611329196405 0.0979128311070078 0.160764884597067 0.134048999360327 0.142578792010564
0.0452113907378757 0.0575185507260867 0.221264446430798 0.118620936849347 0.205558338552983 0.187250803352231 0.164575533350678
0.175771636654004 0.0777665727587851 0.162003582081793 0.210217929980751 0.132490878418948 0.163312399829928 0.0784370002757907
0.00261426610870855 0.00722101867153775 0.103017707511716 0.0550328596427339 0.346649093786751 0.125847756029088 0.359617298249465
0.182795649238182 0.177566669133522 0.280927606831545 0.152358909256701 0.0501286766011745 0.0558058864654379 0.100416602473437
0.106812440748982 0.199722679672686 0.0635455507929638 0.0354600400627098 0.0918670496186511 0.283527886885658 0.219064352218349
0.142531625616138 0.121288517614768 0.161329640782607 0.130999514194979 0.229778683437673 0.15202293723377 0.0620490811200639
0.10824976542922 0.0790294060136927 0.139182530936329 0.0575358595916971 0.1588408048284 0.196965554015908 0.260196079184753
0.0440325130896102 0.243188500840539 0.0867977503738062 0.155970892167309 0.103360948457095 0.205964654488731 0.160684740582909
0.352010101328172 0.177436632226769 0.0421636174702401 0.0320470803990771 0.0289788012801711 0.183816264738549 0.183547502557022
0.137126683724434 0.202798776733446 0.209111207348449 0.241647603969032 0.0426446217064275 0.134605286067845 0.0320658204503667
0.0113844742768416 0.275034255951896 0.110475586016618 0.136548571874465 0.125060702948266 0.0718638644808766 0.269632544451037
0.178816397096441 0.157460319608169 0.197573091376773 0.184597870506324 0.228513522799131 0.00189423948355482 0.0511445591296078
0.0154210291688233 0.238912931047135 0.0470012669461633 0.354024078154134 0.124639682307334 0.155697334574178 0.0643036778022312
0.333181184219669 0.0161020243527995 0.00784234833610988 0.10908853322645 0.193298045616654 0.265654804377043 0.0748330598712748
0.19303195853227 0.225160166229811 0.035413718108002 0.204732311782822 0.130155601876976 0.0844910854972461 0.127015157972873
0.130995184559663 0.151259558468299 0.00489531147286287 0.208605743134551 0.12521451793111 0.171751410223363 0.207278274210151
0.184520671943443 0.283686259926922 0.00673792702857772 0.0964492854068568 0.0483483836682873 0.155745801439209 0.224511670586705
0.0160457720806451 0.21437054589153 0.110948383313949 0.220218703622091 0.210971956669478 0.0665609739347903 0.160883664487516
0.148331190057611 0.149970631341508 0.115393285605268 0.143344307808934 0.130928291252581 0.129958073922103 0.182074220011995
0.109849846387729 0.211438252670704 0.138043843268539 0.0802760946719185 0.0230460710423619 0.253648595670368 0.18369729628838
0.0921003633114055 0.36265233789819 0.055655479699691 0.0257457438288743 0.0288106778099813 0.329965835274354 0.105069562177504
0.273948581424026 0.0742834388287561 0.293787343301486 0.0158616416761074 0.0542948542408591 0.0852046548015493 0.202619485727216
0.152606227956467 0.220576676047046 0.19375313578691 0.159840287372415 0.0727275466874384 0.00316447849387249 0.197331647655851
0.0544580553964285 0.194182817965467 0.118024631931416 0.259429512197001 0.112784072853294 0.10265815104211 0.158462758614284
0.00871434952730984 0.0352562054084531 0.186483764611708 0.289762057518596 0.215219427573665 0.0644916321494852 0.200072563210783
0.109886935583137 0.0416481960258591 0.0818491276723712 0.227959296436156 0.207279053192333 0.208065719149398 0.123311671940746
0.159263150272671 0.181560083583643 0.169545401398206 0.0990253141017219 0.0909455969058244 0.0073780506551153 0.292282403082819
0.180271096401796 0.143658905287974 0.18128300263156 0.18010625217443 0.231977884012926 0.0746426375007496 0.00806022199056359
0.0167402717259577 0.155215220323726 0.0360406681433021 0.218565294931687 0.286746716467411 0.0062433844833689 0.280448443924548
