0.157001436408029 0.0360352742497056 0.201904658257174 0.154782047771369 0.0304038265430706 0.141587225171978 0.0470681478581983 0.0617963575762909 0.169421026164185
0.0206237250528556 0.195985208120901 0.0355666401235193 0.00206891574983231 0.192813460201762 0.209378407517844 0.113869085261015 0.0215595704670296 0.208134987505241
0.0837229038339711 0.162401052966411 0.18965972432827 0.0914146194359406 0.0745436456432251 0.160655854790546 0.0450899684225978 0.14035083139653 0.0521613991825078
0.0776672823168501 0.000175900778684583 0.192395268909216 0.192677192571918 0.0820167058724056 0.171540940844744 0.0824208939511789 0.107603895459896 0.093501919295107
0.027213978610127 0.0608347580707396 0.185321344402334 0.173282348000039 0.129827089650262 0.0522437325031892 0.133270669301463 0.0547338426590984 0.183272236802748
0.138872338966254 0.016883319296417 0.119032045109219 0.176164198333442 0.151073252301265 0.0986728848908919 0.0665185924156678 0.145850073292888 0.086933295393955
0.133285546798961 0.0835323327613613 0.092733312748261 0.00948760813463887 0.14881656099189 0.139264449701981 0.116183220357922 0.167889709652463 0.108807258852522
0.160831886404614 0.00069403295401565 0.0982197147566805 0.124425757915821 0.0969251246948561 0.16597969776483 0.109442205178483 0.112221424748654 0.131260155582046
0.0292952352563157 0.18374714956145 0.00681203607049697 0.214003694348723 0.0362091625193204 0.00985555411634543 0.23874052534724 0.258144730191128 0.023191912588981
0.204191119382821 0.143770486764935 0.0311561269847107 0.162170015305826 0.120251614827564 0.127804812972676 0.102955271836019 0.0364677868590602 0.0712327650663885
0.0275229391957415 0.0983494616544216 0.110687474684436 0.107726773737529 0.125548918939069 0.223792938892874 0.00867479004606172 0.0651663464952582 0.232530356354609
0.0890805644285569 0.0480839449692626 0.249729088717017 0.0139292516504628 0.08336179008356 0.304632073306048 0.0381483066427914 0.0988305588479033 0.0742044213543979
0.120610038234937 0.133192937292722 0.165369127007707 0.147389152939537 0.0431609810226827 0.116205105404214 0.00225913600688119 0.160306469642637 0.111507052448682
0.0739670777737697 0.0826392312328463 0.0647963901900792 0.040989657888765 0.115305042384283 0.0960854132286873 0.253853207342484 0.119053917720312 0.153310062238773
0.15887629078832 0.133639614731493 0.0306821742527647 0.147570810351612 0.261983184094168 0.00334647866695462 0.151930256435383 0.0528563467780603 0.0591148439012445
0.140664316012187 0.166922500258691 0.0146169625898424 0.0289288834359617 0.178971292654822 0.0795769167162008 0.04086091315847 0.17701334760246 0.172444867571364
0.195910734708537 0.207326986622974 0.0191779523558786 0.154986671345281 0.0347669425532652 0.111872344105557 0.129835140455117 0.0398098507113332 0.106313377142056
0.192338484968574 0.102514869046932 0.177123373732259 0.0226591257385959 0.0451154686496338 0.0454986178873816 0.139343482778318 0.0811157812871676 0.194290795911138
0.106308488640243 0.0966742414492356 0.0982305789246486 0.121882739140938 0.172693323561036 0.171436728592127 0.153533398039022 0.0104265720262544 0.0688139296264948
0.0388059740108607 0.127873553896217 0.21595568639478 0.1752470518745 0.0472024371663349 0.13036003016762 0.117664492722533 0.138679642780159 0.00821113098699516
0.176595521892667 0.094954887853609 0.177888050777828 0.198033378073233 0.151974001326201 0.00361597997735552 0.0211569138203613 0.174970473125654 0.000810793153091137
0.0183127835117555 0.117926123494172 0.146880226622761 0.112416251349274 0.182919972436295 0.0501374357041505 0.0222481472608257 0.181707666582602 0.167451393038164
0.209830118515849 0.0582772778052476 0.0435960254694578 0.173624717067593 0.0247501112989303 0.136769563616094 0.16356431416613 0.14058287951959 0.0490049925411084
0.0212575574229054 0.264167406801421 0.177569505627367 0.11850138349607 0.0449871902948739 0.102747752343723 0.240849646683269 0.016656268821709 0.0132632885086616
0.00319918814793589 0.02491905514242 0.0894419579618084 0.150445802190072 0.186155904896323 0.188454859442184 0.097540474387476 0.195906773577662 0.0639359842541185
0.100887706285258 0.154483063403675 0.159575014847921 0.0991051873907835 0.15053906731026 0.12388720876662 0.09934947908128 0.098730002266836 0.0134432706473658
0.209746427091554 0.0645667551816244 0.0342319270641771 0.131462951780144 0.0722693928000756 0.0206954082634865 0.178756615229631 0.0929618850905754 0.195308637498732
0.124321700893184 0.141286905623172 0.0592394659274547 0.00224198664125499 0.20642154562688 0.0846882661344972 0.231767827337203 0.129525531517994 0.0205067702983598
0.175717220867357 0.0545767283550966 0.177115832981208 0.041524661638459 0.153846457002069 0.0773079492160722 0.138184202494649 0.093559398350549 0.0881675490945399
0.150201052155639 0.0597683045220824 0.036219866835338 0.153794663344039 0.157793940701235 0.140286657159368 0.063597381456557 0.137238869854585 0.101099263971156
0.0686268570986786 0.0191346183664385 0.0212868167933829 0.251437270576163 0.0984554990007174 0.121970365591345 0.209453687099961 0.0513250773178435 0.15830980815547
0.0416986376014623 0.0492128783995729 0.0337782250903149 0.211041288338478 0.194931940700441 0.129400833738 0.0761339472290878 0.127473644087814 0.136328604814829
0.115873799772334 0.00420994083159409 0.128854146273983 0.0858039448381841 0.107368818269807 0.0993528581417173 0.211821373956602 0.125728017425775 0.120987100490004
0.196428114295966 0.0516528875747953 0.114870088542323 0.0254549349251506 0.065109800587198 0.115096656164407 0.170757108773274 0.11338851315924 0.147241895977647
0.0281111189738574 0.200080901373518 0.0752637125348949 0.221885988516277 0.209859802605338 0.00074126898119613 0.0201717821768795 0.184584448634202 0.0593009762038363
0.141133069411894 0.12160817788769 0.0948805042114542 0.125379197579524 0.133744588121957 0.170612615298641 0.124668461582629 0.02114519847179 0.0668281874344204
0.0466512130603898 0.117618377226058 0.00443749032914222 0.177998268051005 0.187860964276056 0.174275206142578 0.137382459604678 0.0920199377835761 0.0617560835265176
0.129990395844365 0.13955408947587 0.138953045659598 0.148628112916198 0.0539613326514971 0.0895292189685548 0.114569090423113 0.11763153555166 0.0671831785091426
0.0837308725217628 0.123706753776621 0.0420460683375261 0.0832092152763366 0.0912390093164375 0.19804053177311 0.116118661185597 0.181045056953887 0.0808638308587229
0.0195171491388147 0.0670986209732945 0.140406263177304 0.179706086455188 0.0776357075557107 0.151778254001424 0.119654796896072 0.204058338706916 0.040144783095277
0.150382484797515 0.147273920462332 0.0111256915073555 0.152845684462381 0.102588350798528 0.0620819686630104 0.105058059128762 0.132514175239037 0.13612966494108
0.0614666860827425 0.17263584895062 0.139872676831514 0.123109789051633 0.0982166034606556 0.0308063516539376 0.182851569736164 0.0257589401153946 0.165281534117339
0.167888089565525 0.159136527624726 0.0415236811490672 0.167869127980701 0.00960277779253813 0.030621340334629 0.0539772000698066 0.158234220269578 0.21114703521343
0.0238883403609875 0.0878069486439689 0.161105538771061 0.0458509230107482 0.186212383944513 0.133841754754176 0.229484468322385 0.0291630361953211 0.10264660599684
0.140520469675445 0.0246677416553623 0.175706831717842 0.13645264702835 0.16619894892866 0.1000802315889 0.136190643276238 0.0412944539639112 0.0788880321652909
0.127468989628588 0.0711019102511123 0.169023709910247 0.0319662975350249 0.0848125381339091 0.157079481629943 0.165433584668619 0.0914294422460749 0.101684045996481
0.0427353277515107 0.00855317849142825 0.23738253037968 0.0792044825125174 0.0631519240337032 0.0032097849556473 0.241198481814784 0.221525457280292 0.103038832780437
0.156988148566879 0.0791666860729957 0.0366122512277824 0.188929963600721 0.153464082319628 0.0255797945997746 0.0164205164595545 0.222795208336357 0.120043348816309
0.0612363822964463 0.0912096689829074 0.0343920651144393 0.0509540350570286 0.14681043472243 0.116506503080268 0.14640657885921 0.141074642484363 0.211409689402907
0.0259529713138382 0.155969724798147 0.235938837149354 0.085350248492478 0.132638170983834 0.0873560479676955 0.235435960940374 0.0057561960117435 0.0356018423425359
0.0924445019869571 0.11748523272178 0.0701134532754173 0.0989931997732027 0.174732052393043 0.120941389152932 0.196370743175202 0.0576048843204523 0.0713145432010136
0.00342240897615816 0.166483218283593 0.181161597409136 0.231885428272481 0.0130660160875606 0.17747645664378 0.00915186396374003 0.169751918269765 0.0476010920937857
0.157553505076336 0.000268525754947801 0.180339389139807 0.195057605079489 0.0904704418163923 0.00485103210285194 0.0867795462897281 0.154765741086243 0.129914213654204
0.150391527335032 0.00640939665630934 0.0704025194160703 0.0852371521940578 0.138009623500488 0.184209040184971 0.0650927371971399 0.133822830159352 0.166425173356581
0.129262749938285 0.136666604643429 0.136136415818429 0.0984648413387121 0.0787045929675007 0.0935767819007369 0.0765829946259381 0.0952633432426594 0.15534167552431
0.192348835498423 0.197729902612848 0.00937337249875919 0.112009924756193 0.192257722431141 0.125952108441413 0.00575798205535371 0.147105145202748 0.0174650065031208
0.187269074545632 0.115644223372564 0.0516042144128318 0.152130631432079 0.128049645868897 0.105224833952169 0.1213582483181 0.00686290939511385 0.131856218702613
0.117944693214164 0.102562725148856 0.153558697457049 0.0261194641589691 0.15640204355057 0.0343757822392688 0.199443003652188 0.129087378486201 0.080506212092734
0.21484513203174 0.0906697891693775 0.147704953922459 0.159071334556411 0.213363835256626 0.0153610835361353 0.0457753332050351 0.00875068805105261 0.104457850271164
0.00672067458183762 0.196784386712681 0.203284738349798 0.0304163629047073 0.182609359670649 0.0617991140605491 0.00499852329803621 0.109590961325653 0.203795879096089
0.192603593916349 0.187754283119862 0.169555524194818 0.120427378669019 0.0941351028737601 0.0113792909373794 0.0208486898703272 0.0781193199473148 0.12517681647117
0.194297368567679 0.134307085572836 0.00879640408496178 0.0775113794962234 0.159366557092926 0.221243954781272 0.197413293120391 0.0033373237037966 0.00372663357991482
0.0610811032555818 0.106361744621605 0.123718097903348 0.194742620778464 0.226595194801951 0.1074299858078 0.00377264007052298 0.14352800726806 0.0327706054926667
0.118639677957221 0.0146176393236078 0.0403332980235247 0.133891731537219 0.183512264890737 0.035818690668451 0.0524778338844632 0.240432959676963 0.180275904037814
0.0621347317932128 0.0200191372283622 0.182657315705274 0.136581257498237 0.00266486121522894 0.124563751892634 0.158537019834615 0.146901748365258 0.165940176467178
0.037767279212857 0.147507282461187 0.149715777027456 0.14310153914541 0.0863329586822938 0.0909522878110663 0.0737343051087567 0.154493766832678 0.116394803718295
0.00487938094233225 0.00257751612493009 0.0765242504895646 0.206265912977406 0.217883014144945 0.126785371062318 0.165708116950921 0.0920025866799 0.107373850627682
0.0950266894928082 0.00403694905475317 0.150103545701707 0.0319241150431269 0.19439700796737 0.146621635714412 0.0694278593317399 0.181422881793024 0.127039315901058
0.152040479920357 0.155514949862046 0.0849139969038287 0.107072690697323 0.113089953497592 0.02118322327008 0.162171811716504 0.148186145726255 0.0558267484060137
0.077282717793408 0.0125629536972377 0.0831127777124189 0.17334690137955 0.18624114728306 0.113378231953654 0.104538982232448 0.187291559470669 0.0622447284775534
0.0430199698117033 0.0462616242356586 0.0867032674655213 0.205171270801487 0.0994265672149581 0.164042499636215 0.201925101651302 0.0447830000582176 0.108666699124937
0.127973961441299 0.111189685601853 0.0893326904454533 0.132773717609475 0.129309030052538 0.151801370933922 0.0222413173976923 0.133253270956879 0.102124955560889
0.0468190758790024 0.214523194536311 0.0145809742307096 0.0544174712741519 0.0535730225601495 0.133583736069384 0.194017510997376 0.239413005013772 0.0490720094391436
0.0327142627236028 0.0644444373681342 0.0742669516469079 0.0179234450742202 0.259682714656587 0.221738347142611 0.092227132772265 0.173825896529765 0.0631768120859077
0.105484629533357 0.155936599569262 0.0585775533785774 0.0531756536351486 0.0833876183391354 0.111427299704758 0.115477437773386 0.203498522460357 0.113034685606019
0.0086189099560039 0.118026887464233 0.168915770098982 0.143287534848152 0.128639288690467 0.13387817030425 0.0103852925793884 0.129863538398915 0.158384607659608
0.164268131108749 0.143330399192784 0.16238434711921 0.0199016176837559 0.0291105883426223 0.0711551451274596 0.0763253723080788 0.134952990338807 0.198571408778534
0.0923200615820871 0.302259017568966 0.0697060308478102 0.181432454200663 0.157665494102505 0.0649580198098491 0.0327299322711022 0.0845561113029933 0.0143728783140245
0.0749817058126631 0.0504433008411464 0.0642407448527015 0.165817102612587 0.119509707727393 0.14315000970485 0.169912995040145 0.0642764618243222 0.147667971584191
0.143126732744979 0.106270339008618 0.0547115288403271 0.161019001737854 0.0530712973866876 0.165017974855302 0.0376044902737727 0.131625044490386 0.147553590662074
0.103319057558799 0.0976146811274847 0.20979001995363 0.100345010319743 0.179027788547195 0.00865734933677843 0.0996110140505528 0.091999962601656 0.109635116504161
0.160893491772462 0.102852719386008 0.0743078867077043 0.06655335142478 0.138347159355347 0.0929098815622972 0.126535077583974 0.116026832694994 0.121573599512434
0.252312666918697 0.0156561549777486 0.089709240350016 0.0968154626777093 0.110148069996402 0.069687164129395 0.205339592015782 0.00307009691566228 0.157261552018587
0.0272249149803898 0.0242540172463996 0.0340279486605743 0.26261638420706 0.18708324125918 0.149306312118163 0.123644760221663 0.165681917099881 0.0261605042066889
0.168837044822886 0.0765916301102769 0.0821707553972468 0.0526457896301558 0.148518403135123 0.163070010006483 0.124313131195134 0.108085118458864 0.0757681172438307
0.206691419042136 0.0382435036016274 0.104200564010612 0.0688181792044082 0.103440700197408 0.199402671882859 0.178517467773719 0.0476455959913675 0.0530398982958621
0.128054610352971 0.173403912589044 0.0286672071073112 0.0286721677418189 0.0296661683043664 0.000235695384375046 0.227560563820193 0.0330487427245742 0.350690931975347
0.174558180659964 0.105968442755305 0.182693820956384 0.0347114162416281 0.150179979730987 0.0302562195598623 0.144539846964424 0.0393019734451428 0.137790119686304
0.156238869039408 0.00950903720309739 0.21185681655523 0.066416449926819 0.0983847114954212 0.0234146242415576 0.079816737336213 0.106901595062929 0.247461159139325
0.08529952657835 0.0604629544605904 0.131417491235728 0.0698769876151555 0.155739783369796 0.107984117471512 0.213101749799382 0.0443114159681131 0.131805973501373
0.0272402382795933 0.110748143871838 0.0947687054774982 0.240603287703209 0.209108796543179 0.0714155343642814 0.0525425766895088 0.00531632384020505 0.188256393230688
0.00661745691391629 0.0974215395261377 0.0332729029631167 0.307360928362869 0.252168642270371 0.156137654643362 0.0508608441870608 0.015341330569603 0.0808187005635638
0.0594045257964987 0.122049511459481 0.107207813686906 0.116772015596804 0.163134077504931 0.0399804961404759 0.171512554618839 0.0941904596084445 0.125748545587621
0.14403739720313 0.00155395032190566 0.0818292611312143 0.182178496481137 0.031248055716438 0.111069482554661 0.169414165632983 0.119863195938616 0.158805995019915
0.175237358080542 0.227762646403922 0.118633076435931 0.0643113131824286 0.0149265618795313 0.136441949522861 0.0351923454291089 0.0427778458072449 0.18471690325843
0.135109283263917 0.105780340239833 0.0607563652303249 0.136961613191961 0.171740403183105 0.00398737641299329 0.128212294869174 0.0686446748071036 0.188807648801588
0.142061267679857 0.189041403101703 0.0422308822853203 0.0817489289590471 0.0485630102640207 0.0880244707559894 0.0272035533559951 0.158687551296376 0.222438932301691
0.123694623530698 0.0970180075628832 0.0961690155162002 0.00477805038107774 0.205944660843619 0.0123616875095782 0.208699193728217 0.137870305364645 0.113464455563082
0.114558692087755 0.101539403486808 0.128495924590078 0.1602522094674 0.12139158249627 0.165953309214341 0.074058766437875 0.0837332127467213 0.0500168994727503
0.117645427439369 0.00429726167510692 0.0812706727237164 0.0370744004998651 0.0793862314437133 0.219444386746008 0.0514024995638374 0.249291051203584 0.160188068704799
0.0763523542329462 0.208089779317622 0.0440425597543115 0.208773383766881 0.0529772685336095 0.0684165325410625 0.240879154610195 0.0696669102977409 0.0308020569456318
0.0328927475813885 0.0676141410709549 0.129742265719384 0.156762927352997 0.189923381874736 0.161704302484235 0.138233156619297 0.0121594038566688 0.110967673440339
0.0830906567255071 0.212368179956174 0.08640271069806 0.216951089559048 0.0655265998227516 0.149788462670605 0.12468190470622 0.0362197889806836 0.0249706068809504
0.0251637681669961 0.0210035620737757 0.226783771341329 0.199770833544056 0.0557637490353838 0.111138886270941 0.00442181771892483 0.185272734957155 0.170680876891439
0.131780133304651 0.181809506897681 0.153718295848881 0.0314743292927383 0.154617331177349 0.129251628697099 0.137468678216136 0.054724074912315 0.0251560216531499
0.111086877733839 0.103113065522124 0.1498008456366 0.00786743407734492 0.00340060241533014 0.17973102567876 0.10947822422786 0.256361875212606 0.0791600494955361
0.103459704207743 0.0525350896558762 0.126179799255582 0.134070649643705 0.160437738082696 0.128807015923623 0.178617695008868 0.0339528926172848 0.0819394156046213
0.0707337835868032 0.0506084161403845 0.255960967079943 0.00466544187778095 0.217147290738249 0.314581035830838 0.0387986284359534 0.027962201611071 0.0195422346989774
0.115391951852825 0.12970145248432 0.186022112977234 0.122724269229168 0.053688582773696 0.223587405615331 0.0870678874255325 0.0782469118755186 0.0035694257663746
0.142272816074791 0.00672829214712739 0.094052652208505 0.0963499860366529 0.173240102846157 0.0962227332066435 0.0907718885062793 0.131706099922387 0.168655429051457
0.0480487191616292 0.160894436441251 0.137703223246648 0.170942587430284 0.118927337090816 0.00755778717402623 0.0969671491162672 0.100012404154418 0.15894635618466
0.225612538806131 0.0606469534669983 0.0779879967432819 0.10246429262168 0.175490660398335 0.10630515641604 0.00920141967419594 0.143153698435345 0.099137283437993
0.0202229444299883 0.200981099688379 0.121217343530317 0.181926144367105 0.121862650389568 0.202408790428959 0.0112755224549459 0.126882971510994 0.0132225331997444
0.124955994647864 0.00342661611561712 0.197128553325506 0.0225890129817841 0.164205451802015 0.0482105740679103 0.178092385744403 0.0990369023488264 0.162354508966074
0.107856706131183 0.101959022372995 0.10608182219751 0.157564335051772 0.118667139856806 0.0788653962798415 0.161524364080893 0.0540513877287372 0.113429826300263
0.0305245962633335 0.00457085358496298 0.00466131635669311 0.328765844603142 0.000944491640453402 0.0541687740955107 0.111492896653004 0.21047960120793 0.25439162559497
0.0777655855367632 0.133320823513017 0.0363338390381918 0.145873829713909 0.106594067128975 0.188934063657481 0.00991564586181592 0.160662173391719 0.140599972158128
0.174637118394941 0.184957311621413 0.201979637570042 0.0827336775884334 0.0513747855291198 0.123774842505496 0.0425811293847231 0.0840198697686388 0.0539416276371923
0.0861875255162493 0.190950973123772 0.141773075358816 0.139170752303405 0.103108669051581 0.200761881203371 0.0125776397594717 0.113520424715134 0.0119490589682003
0.218423210508405 0.0709074849312387 0.0306281642787153 0.0986111944878026 0.157620792522809 0.0684324204623868 0.112407251399464 0.0644142530274869 0.178555228381692
0.0588128347071471 0.146928802571891 0.115069712723951 0.122514990801291 0.160264169491028 0.029630514300219 0.170198603591679 0.103359012585081 0.0932213592277126
0.202759392195303 0.148412826518383 0.047273065253373 0.0312890119179868 0.0772646116098675 0.110276479879614 0.105645190540944 0.07774405783197 0.19933536425256
0.209930723814801 0.212885396037259 0.0667502351500555 0.134413715021016 0.125689322269991 0.00767564344530379 0.143240595344776 0.0312707257277728 0.0681436431890239
0.15560625424704 0.172753383254104 0.114455954523724 0.20971346481143 0.117472415270997 0.00185100154912947 0.116830781498375 0.0828513266671707 0.02846541817803
0.0621834216057445 0.152185475149914 0.104178935487342 0.0913628454161577 0.034347786791252 0.184925847394182 0.149919552044831 0.0306871330072444 0.190209003103332
0.161628005907858 0.170502754321452 0.156329419980426 0.100955664896119 0.154483289468775 0.0733278806243956 0.0370949656213706 0.089827380280407 0.0558506388991973
0.265713643236136 0.0800840421234531 0.0781846225135907 0.0196174496525993 0.300328349215461 0.1307936921944 0.0709340072264415 0.0243617243238869 0.0299824695140308
0.153854096349166 0.0884382204890274 0.0727551953769108 0.1311285078563 0.100767016439205 0.0296284676741518 0.0949577521407729 0.148095383876264 0.180375359798202
0.000594358514017458 0.175804480859377 0.210675087050379 0.0875979040118306 0.125160975019434 0.00775556638846107 0.078470005352356 0.103165593266286 0.210776029537859
0.176650460180292 0.134376881917428 0.185886765418371 0.0370273231332487 0.108400461377103 0.159471065589833 0.00171475789672361 0.176031791179819 0.020440493307182
0.175439590226689 0.131659549227578 0.144845414274065 0.119436697187293 0.0320855250086539 0.00626665705145504 0.126853643713499 0.159011811581349 0.104401111729418
0.0907481943126875 0.22223326262291 0.155078068311593 0.155462253402654 0.17171312352677 0.0983280038399608 0.0297262003762541 0.00201963940252431 0.0746912542046472
0.0990369662141002 0.214226729887988 0.026661994968653 0.177438499663844 0.209349400247766 0.0381233366790248 0.0454928315884746 0.0244308073312531 0.165239433418897
0.112400184211264 0.169797235516129 0.171098439201138 0.0448208016679782 0.091112535368549 0.0495348114331806 0.0100997809696678 0.136426160942206 0.214710050689887
0.200412904367345 0.186323585917282 0.0497342141014353 0.0419068243253828 0.0200746263056843 0.100914193211217 0.135663708597662 0.148472001815159 0.116497941358833
0.0865201614948698 0.131642547340944 0.0125544786775744 0.208249011350434 0.160256743781373 0.114484415051615 0.102479222057588 0.179382130537419 0.00443128970818319
0.184052624835002 0.0286883456895426 0.100989910362336 0.219351437058515 0.136381112489196 0.0134167446776453 0.0270918926239984 0.148454474597761 0.141573457666004
0.286513187211573 0.0462742418870167 0.0141932403582471 0.0504450174316531 0.111916973762515 0.195706128488565 0.0191461552761861 0.139505323549844 0.136299732034399
0.183617813229394 0.102139713371499 0.165566804031658 0.132908663613193 0.178071430872412 0.0726449840327431 0.0273672735658997 0.0610387541942385 0.0766445630889641
0.0964549519583797 0.0385325120040067 0.168299837517392 0.207030729557785 0.0891272418909491 0.0795096294593207 0.098009021054305 0.196785739465287 0.0262503370925752
0.150936001289829 0.188897315111585 0.0154054066044346 0.187905009151232 0.126378646498225 0.0957765131491033 0.0798092560418579 0.0710659443580793 0.083825907795654
0.212267442419041 0.18096108648871 0.144078766528592 0.118272701414379 0.118981795988387 0.100263323437579 0.0399428903440174 0.07329723148763 0.0119347618916638
0.162217399062973 0.034710445853486 0.190657220748899 0.0596324309975683 0.0448758333146933 0.153221592905833 0.078184921293855 0.249688355147027 0.026811800675666
0.145856111266746 0.00321420776824169 0.12839687841982 0.0701526460605872 0.141464731511572 0.106284396235539 0.0802476861795006 0.164563087673253 0.159820254884742
0.193215178844567 0.101595709551882 0.0266685358495466 0.0659569623480547 0.176926257566155 0.112532205847863 0.136633525861356 0.0312785040378472 0.155193120092728
0.0397280477448143 0.128701044526415 0.0960794205805466 0.171511094341018 0.186760444360014 0.0440628846797154 0.199584673556897 0.00224587661019477 0.131326513600384
0.113512397569214 0.0720209860434568 0.0996689851718861 0.204664983166219 0.199649026950874 0.020645175095591 0.0307342101474955 0.153130288638257 0.105973947217006
0.0116370783581473 0.179172707449257 0.209350432503297 0.126189919640919 0.0774902398172457 0.222063187950847 0.0215885436618654 0.143937782135548 0.00857010848287372
0.11037027629889 0.188434243986282 0.108406502522177 0.196396086921989 0.0235899253528219 0.0297531359187781 0.131741126783054 0.107915459422613 0.103393242793394
0.155059346227472 0.0974964973861876 0.091330811291968 0.0572291888510323 0.0524104492078618 0.197750942168682 0.0796616482081933 0.0513448215359435 0.217716295122658
0.0206835421947596 0.068014710636566 0.00414631506552931 0.18521704885184 0.187464106874538 0.089922980277245 0.181490446921683 0.145342428183293 0.117718420994546
0.208460917058593 0.0851021339128476 0.0107269462258517 0.0128138811303139 0.243556054723939 0.142345824549022 0.011032189545299 0.227015144704244 0.0589469081498901
0.117388832902164 0.0402444396706421 0.0587165156191572 0.174199832270805 0.0495096343954914 0.265675842134395 0.0384967996833281 0.162502516060391 0.0932655872636265
0.130912189439918 0.174629028918601 0.00222128124073439 0.222469916738635 0.116823475619525 0.0749439178666932 0.111658831725976 0.12339313608785 0.0429482223620666
0.207212689176595 0.161256044633094 0.0347325970160591 0.0754984173451534 0.167544457605946 0.0434662700187541 0.081085486106119 0.177518546917575 0.0516854911807048
0.09070346446714 0.0840125507417342 0.104778971918273 0.17636289217051 0.0347634331302403 0.120984251575982 0.185746716125987 0.09923746682532 0.103410253044813
0.0627399540325611 0.066908019786978 0.160592516197543 0.10257743589913 0.161519480949863 0.136122494408758 0.101735855857004 0.0883208453040925 0.119483397564071
0.154948259620612 0.00166064682621143 0.161374850180717 0.174457426702457 0.137844439692652 0.0752340377549658 0.155095650238976 0.0727637221511018 0.0666209668323073
0.0582930227474961 0.136013550723803 0.146429666144354 0.0982202778803004 0.128854407711099 0.128034804585801 0.146552001842868 0.0272863968836709 0.130315871480608
0.277794005206865 0.00605731335704042 0.114256222403308 0.0193999053653273 0.206266302252766 0.210594520172786 0.00337952048622047 0.159573472630179 0.00267873812550816
0.340195684442974 0.174717427523182 0.025136429662945 0.214577411501939 0.00463587935381578 0.0725773616661869 0.0385337924666214 0.124272156563765 0.00535385681857155
0.0651841431030166 0.107803646150906 0.0489768576114122 0.179083860156989 0.15293793221983 0.0438220275352931 0.0463015653465203 0.196500653897873 0.15938931397816
0.0698158510933107 0.159257449219829 0.196105999653853 0.15586505761514 0.185823950482713 0.138045155530167 0.0663212245643259 0.0212237398318902 0.00754157200877124
0.153830712940688 0.0370955985932531 0.0186499290318961 0.246032021011017 0.101805244646806 0.0520659292046078 0.208022574883219 0.146444266694925 0.0360537229935878
0.185965671914749 0.0799140747319854 0.072518343464601 0.296184596673414 0.00456632358157783 0.0922005554387776 0.107711040267677 0.0369763168514924 0.123963077075725
0.153989989889932 0.141097047626514 0.101145454685446 0.0192462595605025 0.169595260584576 0.167053852161324 0.109836433476309 0.0914840147628969 0.0465516872525
0.106539930989749 0.161068672465748 0.0683100593467376 0.155873864849686 0.1200821392686 0.100926716712671 0.0517157136445566 0.154824937964089 0.0806579647581628
0.16770022058379 0.229178604533132 0.0785551681839653 0.0122016080145695 0.0432484384321539 0.168715703711207 0.0234466853413414 0.15696171805172 0.11999185314812
0.121493691792565 0.0895779549402426 0.122888408948127 0.190436184250756 0.168253542919716 0.20795763322094 0.0143625461409975 0.0398317297735854 0.0451983080130699
0.150845824564315 0.130406569817538 0.0719532413995288 0.216278782144152 0.0929792242054992 0.00892163256847046 0.0819873973940987 0.0261419901441919 0.220485337762206
0.057450684278328 0.0241814130482939 0.069902930492068 0.061146451617237 0.0925318108826068 0.22033935492266 0.164228353583436 0.105857280766947 0.204361720408423
0.0578228347098662 0.167700211607174 0.205253961277591 0.132747866855078 0.0456230589614179 0.161447656554067 0.100583067031954 0.0449972364064966 0.0838241065963556
0.0196785078208373 0.109494079623839 0.172469622844645 0.123791964984788 0.0424174402877976 0.0429652084243573 0.144157860216884 0.17600745814802 0.169017857648832
0.04434835338954 0.18320760766677 0.0455575774420431 0.14407475455692 0.134477679075371 0.121176120723128 0.138176709690471 0.065905002327274 0.123076195128483
0.0716622368037763 0.0238233928620015 0.12912709234546 0.109710107216908 0.106424902825918 0.196674916660028 0.0371467224979017 0.167031538423768 0.158399090364238
0.020882723188928 0.186840820685417 0.0146460781290781 0.0401128751026459 0.0798728338632137 0.23926350531722 0.13617267227675 0.263360646598699 0.0188478448380482
0.0468111148696696 0.183678898214201 0.252489029503232 0.0169407453815058 0.146550091852003 0.069235313645631 0.0146103220633669 0.176337185543909 0.0933472989264824
0.171635310762587 0.159806938384624 0.0418543082000716 0.0406890211033694 0.118735823110293 0.171709258032375 0.00110905321606734 0.177569676899002 0.116890610291611
0.0862205003073103 0.195719214073174 0.0121634591605282 0.0968017407105515 0.186071828694457 0.0692092866268878 0.144187215452731 0.170891606226575 0.0387351487477861
0.0860590069523878 0.167084184469794 0.0561397792405215 0.0521830733082729 0.127685896921605 0.0618293340751943 0.121963029859376 0.146361656960629 0.18069403821222
0.0920550282065355 0.184164755515111 0.0103769799234247 0.0100839546212175 0.230451544006772 0.0819780627033707 0.0248299288603237 0.189032122624731 0.177027623538514
0.0100099037068656 0.144585521344475 0.211299830359111 0.244849846597841 0.0281336007341445 0.04111345263422 0.0072441647230484 0.104191334966205 0.208572344934089
0.134929794015037 0.141020275113541 0.150373353320808 0.0788915794006652 0.159071701879592 0.00692742049275319 0.18306649912376 0.0608220425925437 0.0848973340612995
0.181628057829712 0.211883407251225 0.00246128013724683 0.117299786232457 0.171903406084015 0.0542372833429745 0.138018402656041 0.0454555354671018 0.0771128409992274
0.129999587753802 0.179013337021875 0.101935248109636 0.0317780108640304 0.133025604333998 0.152481142715199 0.0941169732683107 0.12878565727309 0.0488644386600594
0.103925186107987 0.092931615440434 0.00730499634705835 0.0953878574583653 0.156964591879319 0.127805507777436 0.169195358413471 0.15805635340834 0.0884285331675899
0.08307434994287 0.18366570214512 0.262623547320836 0.0152037116259971 0.0240505419205898 0.0190260900218797 0.0450571521751427 0.198739952922452 0.168558951925112
0.239038089240472 0.179570825749712 0.220354667000149 0.0941621847082072 0.00400135862986374 0.0997302114594897 0.00792095123910922 0.101336277534964 0.0538854344380326
0.145173478357936 0.231260378312768 0.0994751538580117 0.177474830515545 0.0694586356970235 0.126790639989959 0.0614074948045321 0.0136713343067664 0.075288054157458
0.00442133214119542 0.00838818816533499 0.199433491902941 0.177460827220132 0.193376993451002 0.121776663681427 0.128756126946492 0.106715358489821 0.0596710180016539
0.0505784196377239 0.074476089790287 0.130376259732221 0.199093792660154 0.121901070911351 0.11639799259292 0.0844359771551196 0.144087172503752 0.0786532250164726
0.107654061231478 0.0991636968643302 0.180777857680528 0.113107745098086 0.0535902691848889 0.204067329287628 0.0464597899159879 0.0460486740749582 0.149130576662115
0.0982898135857189 0.0659001159874197 0.112752733722282 0.0113669376713021 0.178399508197226 0.132151919909182 0.195182042333775 0.19724958954794 0.00870733904515503
0.14332899764803 0.0245927943196196 0.162862009396788 0.0742274919234276 0.172578387258415 0.156123453575046 0.0680454518226165 0.103662804119718 0.0945786099363392
0.191583340778811 0.0994829002159184 0.140071638151857 0.162127809202188 0.0412490429222579 0.0159284848774298 0.0532361271933046 0.201137407382143 0.0951832492760906
0.0872992512299061 0.0886999675686933 0.137064404336822 0.163192187972443 0.154823183390583 0.119780470667936 0.0836071082031535 0.158386895066617 0.00714653156384567
0.00445289492877022 0.236687268220961 0.0427977554672082 0.187155870988962 0.136449686788888 0.0181017166152737 0.142200178617691 0.137071454999118 0.0950831733731287
0.12076478427926 0.154240461167526 0.133235645686283 0.151460280515632 0.0262945147184705 0.0133579964611283 0.157439524489075 0.122211397715771 0.120995394966854
0.127789109445621 0.177759614799546 0.127592429530395 0.0656951208666066 0.194273448459354 0.0720771541324369 0.0307578221647432 0.20297358014902 0.00108172045227674
0.151149315092895 0.220369224733282 0.0147758844676189 0.144965710924446 0.0539836085057961 0.197770424831052 0.0016476533195261 0.128214535437484 0.0871236426879002
0.0846960902610766 0.0984991057646091 0.0311922001833406 0.107592206769426 0.177484514308393 0.0865935248452351 0.242365593572803 0.0577024370898135 0.113874327205303
0.148675527623667 0.178226509797025 0.143230988965851 0.00532491130983354 0.169338167955465 0.102461506742048 0.121451626851029 0.0622691349033925 0.0690216258516893
0.176984213159153 0.181059144838425 0.106937882758204 0.135665062533306 0.101276845244422 0.0407928149647695 0.011476356917201 0.108839787056886 0.136967892527633
0.168688689570087 0.0934642072842024 0.00918381763794015 0.109265392889168 0.164020006177989 0.0636748995008475 0.169690517623618 0.13394062708406 0.0880718422320884
0.0463645854269037 0.0741247347208034 0.16031695373638 0.117583299968906 0.0366793685176336 0.208993606970013 0.199931885548028 0.0532460825494343 0.102759482561898
0.053727602765119 0.125007560209973 0.0833131412355998 0.115784717722002 0.111520459177837 0.127513981081132 0.139048957332271 0.107370811770355 0.136712768705711
0.0275059549401642 0.0947222779055351 0.15337382989589 0.155997216945655 0.0481867097184927 0.10939913486874 0.136398260817108 0.152177803718777 0.122238811189638
0.050505288727149 0.157979404468397 0.24943718471291 0.0859126565082662 0.00553324469321531 0.0298922039782474 0.283164754325687 0.125506736224997 0.0120685263611314
0.151420302817467 0.162806959934291 0.142537995313036 0.00738480159163108 0.159604511989648 0.0265072434498401 0.0418747057728783 0.11980126559699 0.188062213534219
0.0455873686355956 0.163865655249944 0.0842608989237968 0.131211557377013 0.185388295742987 0.186914553700147 0.162382466454727 0.028323552039252 0.0120656518765384
0.0716492735717181 0.123782463979169 0.00526193646432563 0.157332260994548 0.125551834894398 0.168611898439815 0.0459550116262921 0.137452863428635 0.164402456601099
0.0341818599498446 0.120468690072056 0.159105778588602 0.209939227333064 0.0894870385361651 0.113518888945967 0.031513174730564 0.0336736413271211 0.208111700516618
0.0230567019352375 0.164613847655939 0.158202275124036 0.0910122426857043 0.0342950986837329 0.155789347134954 0.205446499437123 0.0795500493765698 0.0880339379667042
0.13881932511256 0.0818333737747878 0.016899356358681 0.110930199330104 0.0138260589885585 0.0576761737899731 0.148026982135685 0.221571849065769 0.210416681443881
0.22598798133688 0.0245080772204801 0.149056884567138 0.0557945623698344 0.160758648931688 0.216767244829425 0.022217103160074 0.121322587814903 0.0235869097695775
0.198807215280157 0.0195075635480829 0.20719916451915 0.196523686421745 0.00689624556150589 0.137235473552528 0.0199251020447177 0.133874821467457 0.0800307276046557
0.0776242304530399 0.0852657052907174 0.00370564299336968 0.0795608006820258 0.195770220638643 0.193886441764345 0.178087527924009 0.168834555743204 0.0172648745106459
0.0560151096585805 0.169850799068296 0.0703732978653822 0.00161747502439107 0.183068828953759 0.190106213631577 0.106926686845507 0.107363083716682 0.114678505235826
0.0249685903727859 0.224632023808011 0.202872774708964 0.00734342293364253 0.152586726661599 0.178563687959123 0.00612780663807878 0.0951808001700848 0.107724166747711
0.2571895238559 0.00785708148164332 0.0457404159231277 0.089649013516025 0.190941986109085 0.00759314745582807 0.242144362354798 0.0283560693215747 0.130528399982018
0.0144915377552045 0.169779370556233 0.0703567028940914 0.252061489645115 0.0964796285330161 0.176620339419282 0.021080131760595 0.147435359874942 0.0516954395615213
0.184731827979035 0.0248111123362696 0.0729398363787499 0.096594788963676 0.0681360240782479 0.0811620099667937 0.224685762541017 0.0685126043677203 0.17842603338849
0.142735116783183 0.142163993700551 0.0992761303376241 0.158688790343074 0.00612304491560413 0.137118139451743 0.133742057492928 0.120413607008957 0.0597391199663354
0.164273903838203 0.0229517911672973 0.0429715168280656 0.09768689927123 0.134760044240771 0.149349440444399 0.187110230330042 0.0338748754708116 0.167021298409181
0.150190887521684 0.0395357190286912 0.17316238629685 0.125516137560778 0.10049384370768 0.104975092238858 0.117252491268488 0.144210386794813 0.0446630555821596
0.219784703560919 0.19199442766926 0.108990787413975 0.100973620837218 0.0176966155694249 0.146482948073374 0.13429628036778 0.0508179063862682 0.0289627101217803
0.176728186196779 0.262296930560928 0.0282981757486 0.0281000620001908 0.0229419845979343 0.138064037738511 0.0982126729188238 0.0186671394976821 0.226690810740551
0.147115369574436 0.102939126101977 0.207413782957859 0.0426220407248157 0.14219444526939 0.0243445381053181 0.0671631092946909 0.195140856778456 0.071066731193057
0.0890644060672698 0.0210765603249552 0.203607291755492 0.218475037551587 0.0521114432916441 0.171774298551749 0.0619853896036635 0.0783968559335503 0.103508716920088
0.107085924143514 0.135071944664543 0.0606436335381217 0.0141673193418802 0.193653641601589 0.113244112003525 0.0262039761569104 0.298422838324559 0.0515066102253578
0.11854890487003 0.142079362303909 0.113610708080272 0.129184577609428 0.0844904935816246 0.128463035273447 0.09996834193805 0.0807458842744964 0.102908692068743
0.116566671917496 0.0895067748616717 0.121292796177804 0.0822355521561014 0.15766804787084 0.110544720135403 0.0205998911626078 0.154020945785185 0.147564599932892
0.145070059013575 0.0936145140527614 0.142824757109633 0.0406876574326746 0.176376101669218 0.0432019986664898 0.15850695178319 0.0656770876319158 0.134040872640542
0.208836021756159 0.124687620217626 0.068864783516778 0.271263712444128 0.134326523887586 0.0407382661856064 0.00225682114579455 0.0340606002405276 0.114965650605795
0.0985580284586162 0.198691460103309 0.0256022340875688 0.129119935939055 0.112066969949019 0.0648798313746671 0.083637536845923 0.138211073368511 0.14923292987333
0.242360470976944 0.0466083342222963 0.049721037747344 0.00962405705137828 0.210247819751523 0.10765164161808 0.209580413186232 0.0886340511023139 0.0355721743438882
0.00306546405037131 0.185082648413355 0.0663354178372725 0.0928804730884103 0.0440379678798624 0.245734105588511 0.00354800188757116 0.163811894054305 0.195504027200341
0.0730073359526931 0.105106432033558 0.182613661685674 0.188975404161515 0.180148729432087 0.0870053283922684 0.0478499691059354 0.0579993464438999 0.0772937927923688
0.0814370844513238 0.116453787063171 0.226043948086679 0.0524321516077387 0.0342086902015365 0.271630559380221 0.193105665201128 0.0245673543573116 0.0001207596508899
0.157789749417961 0.112988591604288 0.112227475495882 0.146515468834245 0.0170192232925302 0.159516345580158 0.0242416160470857 0.164449505150355 0.105252024577496
0.0685080413866793 0.122041790048716 0.101934097955751 0.0242708634335408 0.0429170755102584 0.141722826667868 0.13437346990532 0.300461351551133 0.0637704835407328
