0.113613422050966 0.410117674765928 0.310782490790462 0.165486412392645
0.337589065749436 0.314751213167724 0.105518409565023 0.242141311517816
0.0864240833833948 0.324676625886724 0.28935059568733 0.299548695042552
0.441409359902324 0.225602781097003 0.177292488950622 0.155695370050051
0.180226674025108 0.35157685242139 0.308618308385023 0.159578165168479
0.0530877670322761 0.75160991153066 0.0593147609162758 0.135987560520788
0.224740510930602 0.43233014121183 0.0552882364617695 0.287641111395799
0.236540554914431 0.335490538793319 0.37518950710062 0.0527793991916295
0.448192055352502 0.0392001529874115 0.252558364130234 0.260049427529852
0.250014641618471 0.367214234524629 0.0516878619344669 0.331083261922433
0.435631258921268 0.128328086769895 0.152920051980857 0.28312060232798
0.250132151795107 0.281014818346704 0.153243941520118 0.315609088338071
0.0517368691011106 0.443321739375134 0.412812267805865 0.0921291237178908
0.21452865560714 0.557327567695997 0.0787693267557007 0.149374449941162
0.379456202226336 0.255311285974916 0.181441371718194 0.183791140080554
0.0331140196964668 0.228087515074708 0.268427757968731 0.470370707260094
0.247131275520097 0.161009066961 0.424353382549124 0.167506274969779
0.112041103181569 0.371199177534351 0.134896401046246 0.381863318237834
0.279326468080114 0.249754795814636 0.329532906959807 0.141385829145444
0.210797359140059 0.260587023089801 0.378843551285365 0.149772066484775
0.262117047593229 0.36148023261519 0.363782027948219 0.0126206918433617
0.215587476965027 0.0711639955676795 0.301445979003644 0.411802548463649
0.40140134661768 0.276834579926137 0.234542282088241 0.0872217913679418
0.0733112911179515 0.193823495574611 0.616195774611482 0.116669438695955
0.109504510811953 0.418986529794224 0.433725120518406 0.0377838388754172
0.176493431403147 0.299028510309133 0.28399157924854 0.24048647903918
0.293330918857142 0.468895415937473 0.102958924305874 0.134814740899511
0.314906403728157 0.0558534565577342 0.284942056810309 0.3442980829038
0.0314790325087049 0.323898288849991 0.31470918405045 0.329913494590855
0.326661828250522 0.112781775256627 0.149772315206215 0.410784081286636
0.471517216975276 0.059514535680386 0.468508701718516 0.000459545625821227
0.157106374753085 0.262214231426315 0.279654629174558 0.301024764646042
0.438768953335769 0.245865369053737 0.108680674088642 0.206685003521852
0.189684130690549 0.137310995486884 0.279526009506021 0.393478864316546
0.282247970991866 0.275801652464297 0.136624021658859 0.305326354884979
0.259084452873302 0.137331619943474 0.328674984191537 0.274908942991686
0.214846249948305 0.350193626559288 0.159624007985946 0.275336115506461
0.251755133654658 0.482939114257185 0.0191351541311776 0.246170597956979
0.287610111671935 0.00400452988426806 0.519076270393402 0.189309088050395
0.0912726229014713 0.398139421645997 0.210243784688721 0.300344170763811
0.0100037887857146 0.386173380089045 0.579328347574747 0.0244944835504939
0.164823112256972 0.308137423524155 0.304267689987372 0.222771774231501
0.146629387579978 0.117501765132817 0.35922946227525 0.376639385011955
0.00577111957086467 0.408326900471393 0.214367624053571 0.371534355904171
0.54425428400208 0.0577400219991014 0.364965460025669 0.0330402339731492
0.0408489932444175 0.373788767913616 0.267685814565733 0.317676424276234
0.199958213182625 0.220666732780159 0.320330504330742 0.259044549706474
0.057431833148683 0.243654170919239 0.258954655791668 0.43995934014041
0.286723587700965 0.298194234659679 0.256516508338112 0.158565669301244
0.125863949909867 0.337842957045138 0.187610259125053 0.348682833919942
0.305443696322286 0.158474703228353 0.27303090854024 0.263050691909121
0.205198543797526 0.28798304962598 0.149885672969718 0.356932733606776
0.127080273878368 0.544708374989381 0.140721658033838 0.187489693098413
0.22137186743958 0.230614036483593 0.283739612582483 0.264274483494344
0.302435362540322 0.238793292517832 0.335144928349447 0.123626416592399
0.204399689224181 0.168518044050891 0.345332558828041 0.281749707896888
0.155405591512383 0.42066397853085 0.0318378680659252 0.392092561890841
0.180527924174457 0.326392876720216 0.214650652229394 0.278428546875933
0.226206755584225 0.0447413763667265 0.388622862125486 0.340429005923563
0.219986866328173 0.339462223204147 0.114781766977761 0.325769143489919
0.190439755589435 0.438910498645217 0.170450352043475 0.200199393721873
0.268635058582525 0.0703751532929834 0.403251809243375 0.257737978881117
0.408393619840407 0.228311584444101 0.125239925798406 0.238054869917086
0.36012792568041 0.173069067918388 0.251022403063832 0.21578060333737
0.0743513388599056 0.351322156653974 0.22803654016659 0.34628996431953
0.204001834519799 0.180068887346222 0.360339615301446 0.255589662832533
0.309741535521333 0.202787371096705 0.40886448274176 0.0786066106402026
0.522698107236089 0.232688537977122 0.200956671118939 0.0436566836678506
0.170621744358236 0.275105963260866 0.147373825892157 0.406898466488741
0.213891994248574 0.29790713538996 0.35182652323959 0.136374347121876
0.388836885170091 0.216132176624137 0.0817650926365355 0.313265845569237
0.347819284851681 0.178695031660368 0.114782562581172 0.358703120906779
0.53105427004791 0.0445966798588294 0.351445559661879 0.0729034904313809
0.390438909989593 0.488465370709026 0.0142601644652172 0.106835554836164
0.467617733512922 0.0818054437520592 0.0607333359514363 0.389843486783582
0.0701865502546871 0.248605559564679 0.498020086764976 0.183187803415658
0.46094199639775 0.166052869815425 0.321772194524856 0.0512329392619682
0.260158819176956 0.222646154749666 0.260271704702072 0.256923321371306
0.196776076392903 0.514839473123064 0.0649226021955621 0.22346184828847
0.421530105873453 0.125939089754586 0.271167551052312 0.181363253319649
0.151848485102128 0.212985309596664 0.196730799383869 0.438435405917338
0.256165136015592 0.108424885941626 0.282568639001768 0.352841339041014
0.346660881911084 0.533299253708834 0.0756746934768096 0.0443651709032718
0.272266098204357 0.349198939432591 0.190256397336551 0.188278565026501
0.384659447328003 0.148099027309374 0.0143204824292825 0.452921042933341
0.0539711347044848 0.381346362405319 0.326768854639284 0.237913648250913
0.348852676688799 0.337822901667572 0.168970777505338 0.144353644138291
0.243187846261076 0.265190487118535 0.202811605179538 0.28881006144085
0.477424122142353 0.15285620286609 0.108495918319281 0.261223756672277
0.111213877727229 0.334865813413786 0.345826182398529 0.208094126460456
0.188378978580285 0.43618304095017 0.281117071755385 0.0943209087141602
0.369236875239787 0.227536104821683 0.244581468019506 0.158645551919023
0.00797914337093184 0.230625215579478 0.325399375330513 0.435996265719077
0.126639818974619 0.353776909839627 0.307408754189102 0.212174516996652
0.462708400524988 0.0318135023712532 0.379641258698609 0.12583683840515
0.387884372162872 0.182974365978283 0.255805914904345 0.1733353469545
0.552356779813112 0.390498809509088 0.0230358327726408 0.0341085779051596
0.37725405385742 0.124769794822464 0.178426723344735 0.31954942797538
0.0699801812508133 0.386528382023891 0.199464878469476 0.34402655825582
0.334170459731262 0.162301307501779 0.182040507148038 0.32148772561892
0.166358365563864 0.319144425370164 0.368218188765849 0.146279020300124
0.152023968116677 0.271280727082411 0.15496795776945 0.421727347031462
0.362180757187749 0.151645960198724 0.349093580493274 0.137079702120253
0.171563514135318 0.311454077817455 0.236933208342717 0.280049199704511
0.340471850387745 0.0911769754872157 0.400772417632715 0.167578756492324
0.310300083844063 0.234711183924486 0.154276890773996 0.300711841457455
0.322541741295588 0.259873331641773 0.0745152116837813 0.343069715378857
0.370148681683237 0.074610273255658 0.225377195895261 0.329863849165844
0.15813350885009 0.539324902840767 0.272305907747313 0.03023568056183
0.189328130062692 0.288437904959204 0.326414083399857 0.195819881578247
0.436876365883509 0.0596623833872209 0.202315295919932 0.301145954809338
0.0975051256973711 0.376984183620148 0.0602438518719657 0.465266838810515
0.173690280256717 0.27174425528792 0.53790289023792 0.0166625742174435
0.37328601629089 0.045778102299584 0.329573511491181 0.251362369918345
0.0205664697842132 0.043356182819691 0.401447906726465 0.534629440669631
0.334527807905994 0.179422587770217 0.207281018365445 0.278768585958344
0.309182886767043 0.089046590405224 0.317961496730802 0.283809026096931
0.285848612624134 0.253778471339931 0.350509097288167 0.109863818747767
0.259721082017447 0.240453669659249 0.115165989990633 0.38465925833267
0.514692720213004 0.317089897643518 0.0358057519274545 0.132411630216023
0.545701438012772 0.144613417329293 0.278731008190898 0.0309541364670368
0.147118993540885 0.212149480119955 0.487458000494929 0.153273525844231
0.165607639628415 0.1673980734399 0.328557647306007 0.338436639625679
0.0800828563143672 0.305940439076086 0.409878762465958 0.204097942143589
0.537107508472828 0.232609128119919 0.224151484858483 0.00613187854876993
0.298950112050684 0.177624348051295 0.160097414014679 0.363328125883342
0.206497218968038 0.107577653480774 0.543189865241338 0.14273526230985
0.153121921748787 0.152629631881208 0.358782161508408 0.335466284861597
0.47211869807177 0.1241905735289 0.308007621153877 0.0956831072454525
0.117371879734409 0.665267602355775 0.178002135235179 0.0393583826746367
0.314774379708291 0.183623872192501 0.45379219527562 0.0478095528235881
0.266274947847009 0.232737520761464 0.0814216166041861 0.419565914787341
0.359687258129635 0.31940787066855 0.238740557512723 0.0821643136890924
0.275090610153773 0.241878677662402 0.210251683973583 0.272779028210241
0.0484632821992256 0.266113066696258 0.290126189674938 0.395297461429578
0.0327841050956578 0.201246721145488 0.426759167823314 0.33921000593554
0.285585031051621 0.268987426864079 0.155039284997017 0.290388257087283
0.269021932603551 0.316890040578452 0.213662138249492 0.200425888568504
0.228992420142397 0.396496940503808 0.206630811628667 0.167879827725127
0.163829232118362 0.322591890975777 0.32621887648286 0.187360000423001
0.438449865595721 0.11243073311325 0.242117600815476 0.207001800475553
0.284857408493862 0.144909033178432 0.27729214108994 0.292941417237765
0.177273406718296 0.449219732891494 0.169830925220674 0.203675935169536
0.112999751866648 0.307638055383146 0.356739929980132 0.222622262770073
0.478791116377631 0.196840278405038 0.0421760022195996 0.282192602997732
0.474372045616593 0.0260526006844788 0.117112475004343 0.382462878694585
0.194094971214582 0.170324038850829 0.515697465681096 0.119883524253493
0.37258028146363 0.0900634158065548 0.341222329533412 0.196133973196403
0.120958653870817 0.509728695911295 0.0301069102841667 0.339205739933722
0.0327222180544414 0.227828933460651 0.373069020241551 0.366379828243356
0.358698029247344 0.213931153488961 0.156681839490263 0.270688977773433
0.141378988711153 0.530832063185718 0.075386389815955 0.252402558287174
0.014841318670948 0.428289861135073 0.104750328010739 0.45211849218324
0.149829147372953 0.278758894277984 0.3436531297797 0.227758828569362
0.220751356118548 0.32761466109356 0.285197931111517 0.166436051676376
0.0954117362104307 0.460888956627905 0.152818799144476 0.290880508017189
0.717735314363094 0.132400826942966 0.0117043380163398 0.138159520677601
0.0861162948986185 0.282638273059074 0.372232293648692 0.259013138393615
0.352747035306269 0.388328106846764 0.24914912434692 0.00977573350004832
0.287455647006496 0.434529866461873 0.0429690459362792 0.235045440595353
0.0422216100972788 0.0697037339369144 0.400396445968201 0.487678209997605
0.33130735175275 0.186318546601328 0.292412104924754 0.189961996721168
0.23192542950785 0.305248450338455 0.380963467953816 0.0818626521998797
0.393370126622368 0.282601446974605 0.136730597097577 0.187297829305451
0.0381826303581845 0.348733039650333 0.308316948866548 0.304767381124934
0.369329455093721 0.0924035514780317 0.458469873618585 0.079797119809662
0.304289570879508 0.316132223087398 0.052206951246215 0.327371254786879
0.376266753118766 0.00361505317063744 0.238326565542468 0.381791628168129
0.137234799446347 0.307898781358047 0.209850635099634 0.345015784095972
0.0341927480013914 0.312411193115716 0.214636400379953 0.438759658502939
0.137083099607755 0.201809291417761 0.332061175728669 0.329046433245814
0.0505775581909005 0.418290573747348 0.303615314189496 0.227516553872256
0.352768259580431 0.435107354071005 0.101540924007305 0.110583462341259
0.441808933691707 0.0611093166596473 0.150597415552317 0.34648433409633
0.32251049545787 0.399728771038927 0.0551843922637086 0.222576341239495
0.277810722913703 0.271549546489734 0.0514511411424913 0.399188589454072
0.443898485403509 0.399641229377653 0.0919652835865237 0.0644950016323146
0.283698955015463 0.202813512856123 0.132065524932742 0.381422007195673
0.137781288177945 0.253705270844872 0.282915949899207 0.325597491077976
0.319819250414284 0.269857509482312 0.245008946546742 0.165314293556662
0.38800963811036 0.292727420977065 0.265425779001689 0.0538371619108864
0.190837285413885 0.293915411530109 0.209155086124557 0.306092216931449
0.176667748752535 0.150205443362355 0.547630951370479 0.125495856514632
0.125650470392407 0.274690009674491 0.384311100950932 0.21534841898217
0.0946382918681388 0.213137853739045 0.32073447785723 0.371489376535586
0.393011976179424 0.359772586053578 0.0712007648282024 0.176014672938797
0.295284878655232 0.348217083035399 0.32447838066962 0.0320196576397488
0.380076436654764 0.17516966194014 0.269208420480112 0.175545480924984
0.285277784581418 0.260200766960365 0.16350237802634 0.291019070431877
0.217415793726545 0.27794095238056 0.212287707056596 0.292355546836298
0.289669319654488 0.0879277127465566 0.149771726105065 0.47263124149389
0.307253848473115 0.181071939560243 0.23511157504249 0.276562636924152
0.030361747206785 0.293593691338231 0.196453253276792 0.479591308178192
0.368277660031019 0.111000457017842 0.432439654362965 0.0882822285881741
0.463257855103972 0.134449407435011 0.17126662859542 0.231026108865598
0.253407004320033 0.111594505151006 0.53307824134099 0.101920249187971
0.126214514913024 0.0703207588980598 0.306663114145699 0.496801612043217
0.516522498958814 0.16531019175454 0.144788845494507 0.173378463792138
0.229510138095725 0.279410383082216 0.223790363683627 0.267289115138431
0.234426028624736 0.199204266201105 0.0822654235554585 0.484104281618701
0.440927899036879 0.163756048808682 0.316101865143547 0.0792141870108921
0.357859489863596 0.0668176374707979 0.207975497070612 0.367347375594995
0.249234895089009 0.241567080816189 0.28919133789822 0.220006686196582
0.381861538875261 0.0943347036136426 0.0500043067846844 0.473799450726412
0.0500954122771135 0.400700686149859 0.18896273992667 0.360241161646357
0.307790202362807 0.28678893997597 0.345346568969542 0.0600742886916798
0.481801866788329 0.110414346434158 0.363674780238137 0.0441090065393765
0.291326623722761 0.485520725699182 0.0699083813508147 0.153244269227242
0.200531001820035 0.183264334465312 0.0808749265383103 0.535329737176342
0.252036837267932 0.377776503283579 0.0290950222818123 0.341091637166677
0.140345185889376 0.0608503190106287 0.403172283147952 0.395632211952043
0.285381583629086 0.22256159209415 0.235190393618758 0.256866430658006
0.486896062498141 0.298655406874877 0.0753993876019211 0.139049143025061
0.549587044420651 0.0270857013194574 0.0256001547933318 0.39772709946656
0.304473502941721 0.120003178011908 0.273356589557671 0.3021667294887
0.347597117944024 0.241266900882501 0.292980213500705 0.11815576767277
0.493101758034169 0.120928581237541 0.229435723612266 0.156533937116024
0.275699450563301 0.343639675080617 0.0277035876789606 0.352957286677121
0.331266199773254 0.118959872062656 0.351515767517809 0.198258160646282
0.299027659802396 0.158924766475977 0.260191655524622 0.281855918197006
0.0848167424905841 0.257457466564294 0.259512490592822 0.3982133003523
0.323723368396596 0.217208322033169 0.31306034046882 0.146007969101415
0.17658991821235 0.378662515245831 0.230971907579966 0.213775658961854
0.2266588222425 0.321573833283345 0.0781989929163677 0.373568351557788
0.160155313646903 0.311606592109677 0.332624517213452 0.195613577029968
0.263096830343055 0.302176994480812 0.172850890939161 0.261875284236973
0.373382674323297 0.266146986613696 0.0323099125706437 0.328160426492363
0.133747170253334 0.323184852875339 0.488914787627087 0.0541531892442398
0.287351740224 0.156674026457426 0.249668903237906 0.306305330080668
0.627474340462867 0.132351499431679 0.113961289502431 0.126212870603023
0.190358416157766 0.184574846602379 0.388677701767409 0.236389035472447
0.337373091761082 0.240028911606941 0.330742348984314 0.0918556476476625
0.737901566705871 0.178013401921907 0.0300809083311549 0.0540041230410678
0.177471810032239 0.465387200861242 0.0260652033805211 0.331075785725998
0.320576818795707 0.0710282100637892 0.365277809098046 0.243117162042458
0.139693494806993 0.529821945724162 0.165806056780721 0.164678502688124
0.34385318451643 0.142552558188666 0.425943312071898 0.0876509452230056
0.42002881596941 0.0060977657271238 0.348867098540159 0.225006319763306
0.0573376884797466 0.287899313248233 0.3730447545195 0.28171824375252
0.547089220291914 0.0922647537251286 0.147193017326004 0.213453008656954
0.409899492944834 0.228538088282807 0.0922691350983326 0.269293283674027
0.438836462285941 0.191567883741668 0.310664005897498 0.0589316480748931
0.271979172065159 0.34540639558065 0.234030154959904 0.148584277394288
0.144906493389115 0.188522225541325 0.318941580598339 0.347629700471221
0.35276758687714 0.0580274697896494 0.221966670938557 0.367238272394654
0.10060093735594 0.438976741708115 0.176312015171301 0.284110305764645
0.246066139531307 0.154801709568969 0.398636087202024 0.2004960636977
0.152529254508411 0.267912633208232 0.383527669256851 0.196030443026506
0.297984470039583 0.218550257472687 0.094997181122248 0.388468091365482
0.0550359348403633 0.242230492192534 0.350495684529239 0.352237888437864
0.546821171588512 0.360548353603393 0.0702323541426445 0.0223981206654507
0.385606962845949 0.0793750028612948 0.180462616323499 0.354555417969257
0.277303310361017 0.220140160266488 0.185204427762379 0.317352101610115
0.334110379828517 0.14371350378427 0.38740352522724 0.134772591159973
0.296454358654969 0.338470452897844 0.0307443970199493 0.334330791427238
0.263431935950502 0.457872578641006 0.277165146261304 0.00153033914718852
0.319665782456574 0.312690290184717 0.212149211019058 0.155494716339651
0.277930457386564 0.293340969988907 0.254044956710551 0.174683615913979
0.268784593447458 0.104223030054103 0.208246065958802 0.418746310539637
0.478755902779635 0.358572176087785 0.0089478503347031 0.153724070797877
0.315001369880969 0.0875858853962052 0.283012900862949 0.314399843859877
0.200450261788183 0.350224708807491 0.202826633201545 0.246498396202781
0.347297792955094 0.409442519757502 0.0861991014179194 0.157060585869485
0.200109034965258 0.0460023329279478 0.363761337234698 0.390127294872096
0.448994492289887 0.216636352043449 0.202383470340734 0.13198568532593
0.537228383736911 0.258737315217838 0.111368785837379 0.0926655152078727
0.07172722839114 0.262251617714081 0.624101124904498 0.0419200289902813
0.17091351413828 0.551816670311526 0.137680428067012 0.139589387483181
0.0635527060435278 0.155213878805493 0.368735771914947 0.412497643236032
0.0233339076979703 0.343801267786007 0.522719850651371 0.110144973864651
0.252843367478414 0.0663769384902048 0.329721593435482 0.351058100595899
0.465881951531588 0.00477084302413314 0.164908552972714 0.364438652471565
0.336428745034883 0.0996136337763422 0.192661041322492 0.371296579866283
0.196033864587382 0.1523316328127 0.389560872198752 0.262073630401166
0.279038263758069 0.236935309888345 0.404824515420928 0.0792019109326576
0.213753743283794 0.420012140463676 0.193169118471235 0.173064997781294
0.3900478427074 0.225835638943608 0.0900456113322048 0.294070907016787
0.06223129174794 0.362319659748456 0.4070607297916 0.168388318712004
0.250762530896614 0.447956218137292 0.0653737613845876 0.235907489581507
0.280382336943068 0.229336474627193 0.119702685024155 0.370578503405583
0.0596725351231106 0.532519416545968 0.282243860215303 0.125564188115618
0.531715807097236 0.289402271624754 0.147499767741778 0.0313821535362323
0.584673864373162 0.30745956894246 0.0819571013500796 0.0259094653342987
0.369051522602827 0.277578202087179 0.298466297785524 0.0549039775244701
0.326767541994305 0.109643005549074 0.322188949070703 0.241400503385918
0.189624510331227 0.25513628431979 0.274555280851433 0.28068392449755
0.145562018923032 0.383203480945347 0.139636820334878 0.331597679796743
0.183843961364275 0.441966842209399 0.267999547482698 0.106189648943628
0.252632332249844 0.350422771290807 0.17496223800543 0.22198265845392
0.328254934224549 0.329519406303157 0.138710076625706 0.203515582846587
0.354116700777665 0.0258683250688506 0.302951246691398 0.317063727462086
0.249158867338486 0.0670647470059965 0.270554882048812 0.413221503606706
0.121108692437142 0.394595885567273 0.159530501883126 0.32476492011246
0.0748979865068289 0.257388673780047 0.311588865494147 0.356124474218977
0.162854719824613 0.329273566629359 0.235064213276248 0.27280750026978
0.291056113673665 0.163180109312956 0.23389046792335 0.311873309090029
0.0305007161134393 0.230316929161837 0.354004972690805 0.385177382033919
0.225205259361572 0.343314687439551 0.276203132212037 0.15527692098684
0.00907426326185086 0.399183576450254 0.37597335357507 0.215768806712825
0.262412624602397 0.165741958644379 0.210024298737523 0.361821118015702
0.361984066822206 0.183733433907422 0.100175370682627 0.354107128587746
0.199101377377077 0.294378862765158 0.283197041547124 0.223322718310641
0.0774605795897624 0.27515191022512 0.315947597758276 0.331439912426841
0.419898343168876 0.0390355602389911 0.0082716188972677 0.532794477694865
0.408490491316029 0.152194644494968 0.206858364257301 0.232456499931701
0.538186848087949 0.271558403442016 0.0002676503150605 0.189987098154974
0.0240387562889483 0.337012131371115 0.345628158367297 0.29332095397264
0.438288275989784 0.0476297822439309 0.024417716915866 0.489664224850419
0.264509533099974 0.248628812480324 0.231545855776305 0.255315798643396
0.447108213279208 0.0167711847998681 0.383343261571849 0.152777340349074
0.281730775517333 0.292156584632222 0.163656834515801 0.262455805334644
0.173742843885748 0.529894628319395 0.00562003408533925 0.290742493709517
0.0358800114506088 0.40733000202307 0.218903190051342 0.337886796474979
0.447473730246214 0.0704968393338021 0.118614502150841 0.363414928269143
0.265446772084016 0.274712609884486 0.410045734312254 0.0497948837192447
0.263497466159287 0.0682232884532532 0.152797089535717 0.515482155851743
0.243718118230497 0.235792543636599 0.271274992104337 0.249214346028566
0.440907565129431 0.130305712487773 0.255071209800505 0.173715512582291
0.2680416141146 0.303560111677359 0.368216944278912 0.0601813299291286
0.326785865939085 0.276084098402727 0.16685882684296 0.230271208815228
0.220495564731814 0.107579296061274 0.562482110477149 0.109443028729763
0.275108304097604 0.160303362018608 0.228745589741032 0.335842744142756
0.117623923387114 0.554325294518964 0.138263390330133 0.18978739176379
0.176999709348244 0.315275318297783 0.434768717677911 0.0729562546760626
0.222372440871331 0.21848539396392 0.268534373289987 0.290607791874762
0.109642307190867 0.210703113063088 0.356229885204916 0.323424694541129
0.187432306991031 0.300598071482914 0.25782066812499 0.254148953401064
0.0167089584265251 0.445971209324394 0.231127019801112 0.306192812447969
0.275091756346944 0.374006126707832 0.332524872011053 0.0183772449341712
0.189742219129851 0.417697960006675 0.320299276376638 0.072260544486836
0.316050275948157 0.292073573257014 0.155427047739107 0.236449103055722
0.238035009193174 0.178848289425643 0.215293643046757 0.367823058334425
0.380521043635213 0.380604379701179 0.103155095316194 0.135719481347414
0.284411917380616 0.244896972631758 0.287909246549864 0.182781863437762
0.338418539291937 0.34425161458006 0.259516705232073 0.0578131408959305
0.292732755699167 0.194035055388065 0.331356498143863 0.181875690768905
0.130415303907214 0.332658885365475 0.19772499226411 0.339200818463201
0.307473491656289 0.222133367434707 0.134005981789797 0.336387159119207
0.205400721289502 0.3734362700478 0.321926381268363 0.0992366273943356
0.0485653253709796 0.759192669058513 0.0847204125593892 0.107521593011119
0.558340755974707 0.210481242841388 0.00670805522536141 0.224469945958543
0.0518458814833517 0.244672737843164 0.399650907995748 0.303830472677736
0.225206429881405 0.177283280913941 0.360850133240761 0.236660155963893
0.303470294516737 0.0942001851862668 0.292111252962416 0.310218267334581
0.140638472483793 0.329304489943709 0.320245783143326 0.209811254429172
0.406006020130873 0.145564665536696 0.251795370929415 0.196633943403016
0.253479022041164 0.168299114299722 0.457845224400318 0.120376639258796
0.383886907181623 0.351669865418555 0.236070044797534 0.028373182602287
0.384273246924257 0.167764878347036 0.224207722234594 0.223754152494113
0.376466790603391 0.171234812579559 0.0874895079884112 0.364808888828639
0.525437435071894 0.0768415527818601 0.112077976093575 0.285643036052671
0.445602448395475 0.203127123087717 0.120803611078289 0.230466817438519
0.27472392557146 0.197220974774469 0.28893054950455 0.23912455014952
0.174573626500537 0.177886778306348 0.272924441658437 0.374615153534677
0.516853766052035 0.0579599320049576 0.0593488728730659 0.365837429069941
0.226806335488302 0.292047477187075 0.166646870887606 0.314499316437018
0.321563520428534 0.254261298855498 0.280230266608146 0.143944914107822
0.407206120494875 0.411090276362502 0.142726256099838 0.0389773470427849
0.220385628704096 0.334465536654072 0.285284172542657 0.159864662099175
0.128735365406195 0.0155496619053252 0.14459806086843 0.71111691182005
0.369464001459697 0.0629240566237284 0.343625238485267 0.223986703431307
0.281865286870667 0.0037117612353005 0.204952042792161 0.509470909101871
0.272228212820167 0.127603211957319 0.335492295888812 0.264676279333703
0.229915811251078 0.111439927129585 0.35917654509412 0.299467716525217
0.107589132647789 0.147888760816072 0.498929215743348 0.245592890792792
0.155432110689849 0.0884078345415049 0.389926141751122 0.366233913017524
0.38125584219278 0.473653060744367 0.00991503456419551 0.135176062498658
0.129622405379981 0.303311392270598 0.00140528106421038 0.56566092128521
0.588731773727862 0.0492399985996299 0.142037275245427 0.219990952427082
0.311676732967158 0.248523186400384 0.23989091350563 0.199909167126828
0.331017874526682 0.242235866924635 0.254565855238015 0.172180403310668
0.115622193619214 0.139737317747216 0.627574779764176 0.117065708869394
0.0266027876365167 0.563086310194077 0.333755578609903 0.0765553235595034
0.285928823596382 0.0210377139053928 0.32917823976936 0.363855222728865
0.0420932716022812 0.414799143644864 0.387914547836146 0.155193036916709
0.170167452832053 0.143568626561645 0.351827362209989 0.334436558396314
0.161850523872711 0.177031276719804 0.169555663767679 0.491562535639806
0.491465498191793 0.300374474178803 0.127011244363354 0.0811487832660494
0.292836480134426 0.333294217229619 0.263658420435646 0.110210882200308
0.24042252272102 0.450580234909294 0.249587112302055 0.0594101300676308
0.283359399042491 0.112210126697048 0.244452019902037 0.359978454358424
0.0389915026268102 0.350420798606841 0.405686196930323 0.204901501836026
0.311373396466828 0.312771535087193 0.254740522035406 0.121114546410572
0.275296399884465 0.25946825464302 0.22865971069676 0.236575634775754
0.216140682433109 0.26232758145414 0.419913307056346 0.101618429056405
0.216680903531446 0.536350548314962 0.0957994707810772 0.151169077372515
0.283968733400827 0.184149283293365 0.307288223315403 0.224593759990405
0.308763030325521 0.203696296075311 0.277315092578975 0.210225581020193
0.334622114692523 0.138672483244008 0.398094181169735 0.128611220893733
0.0971467164059285 0.34591503898782 0.179008803587678 0.377929441018573
0.317805908328982 0.256026648754084 0.372914154439151 0.0532532884777826
0.22076604508404 0.171191980362025 0.267513949353453 0.340528025200483
0.504370239057272 0.0115639076803301 0.232280760151898 0.2517850931105
0.3704770317504 0.405758727546621 0.0663269830104887 0.15743725769249
0.190429725675791 0.426353595434458 0.370955129804851 0.0122615490848997
0.262058716761719 0.216397906307116 0.226511670320735 0.295031706610431
0.272080442939401 0.272605673452342 0.408643546655275 0.0466703369529815
0.107893942264898 0.406976831417282 0.462604326210015 0.0225249001078057
0.408607250606004 0.0894301664908472 0.0415200952947987 0.46044248760835
0.23963949434163 0.456326784181425 0.238641931784768 0.0653917896921767
0.449211224599762 0.0625520720859672 0.281603370051998 0.206633333262273
0.266132228481576 0.139594323698576 0.324006190796589 0.270267257023259
0.36367810572164 0.238192634338873 0.099594385281263 0.298534874658225
0.320485793776157 0.420667272664628 0.117373139445122 0.141473794114092
0.0656297333627463 0.510234515583758 0.0994613881500806 0.324674362903415
0.0791551612224514 0.584256393486681 0.089758675895432 0.246829769395435
0.356719521879979 0.00582394571417795 0.36915174845198 0.268304783953863
0.256479975040258 0.290461558257284 0.123711813631043 0.329346653071414
0.333779307362252 0.239741482276468 0.303228046452999 0.123251163908282
0.375846725615479 0.225751654842823 0.280130496350898 0.118271123190801
0.249826530818425 0.0891502123953783 0.592474745580899 0.0685485112052982
0.580863867889656 0.123100098134039 0.1055269176803 0.190509116296006
0.287205511580979 0.335472424048763 0.274064740384774 0.103257323985485
0.254364410715322 0.333376645055049 0.390597801133536 0.0216611430960924
0.186801411752572 0.107095338936874 0.358917580390767 0.347185668919787
0.201136261947555 0.0898499748036412 0.280454473017501 0.428559290231303
0.345213048481985 0.300956128055157 0.232213927834006 0.121616895628853
0.0988250654598015 0.318782001041553 0.329986710519675 0.25240622297897
0.334870119112806 0.185725138396281 0.437788300737966 0.0416164417529479
0.0276967229057953 0.141559883691958 0.238841916680819 0.591901476721427
0.727289522392158 0.116474697930809 0.142847213147807 0.0133885665292265
0.0875237561418991 0.347955259905555 0.409458298423448 0.155062685529098
0.286030803229256 0.346250148785031 0.311540435497493 0.0561786124882197
0.381353118756105 0.00433565897164823 0.442346108854874 0.171965113417372
0.387507872078487 0.308328504052436 0.0913322917668873 0.212831332102189
0.434129398476934 0.439911024566043 0.0478971126375759 0.0780624643194473
0.290293778457349 0.290707279850722 0.0548978239114246 0.364101117780505
0.214707829108153 0.422323810139212 0.0315402847554301 0.331428075997206
0.321069742969131 0.171506396303839 0.179266240450017 0.328157620277013
0.171144296796427 0.422586413242752 0.274647462278991 0.13162182768183
0.352899078501611 0.0900949309555932 0.212778639889415 0.344227350653381
0.0724127519344148 0.420006080806347 0.0731556149655857 0.434425552293653
0.348123457597234 0.114039265028232 0.332568513907777 0.205268763466757
0.153749204377229 0.154312424471164 0.299248081807908 0.392690289343699
0.354656997236636 0.150923101655658 0.174734622721876 0.319685278385831
0.374049732947946 0.181842928337321 0.381524250696916 0.0625830880178183
0.144989530430765 0.0340568427787592 0.394941608565659 0.426012018224817
0.17076626846777 0.236708595934389 0.179199449689456 0.413325685908386
0.129442949880189 0.559451560654072 0.0263429884730333 0.284762500992705
0.546175398082171 0.131277061458807 0.126417617962669 0.196129922496354
0.298084657125966 0.290056467059138 0.117687351242916 0.294171524571981
0.104756683381733 0.248563435443613 0.345405634755165 0.30127424641949
0.284838303500679 0.19048301123781 0.0679302998385921 0.456748385422919
0.312327332443269 0.247674693818319 0.129908009043218 0.310089964695194
0.378402402651368 0.211580763569474 0.053941605286767 0.356075228492391
0.137659463059505 0.203751900757614 0.319761882770133 0.338826753412749
0.273046442876537 0.227460844092936 0.300167675143003 0.199325037887525
0.304970344826072 0.306491077019644 0.0749821133915045 0.31355646476278
0.413052268310166 0.132686671040354 0.0148349367745238 0.439426123874956
0.427004102824884 0.392591149221164 0.0048714028964769 0.175533345057476
0.0150010521531573 0.725166845107067 0.10922893696516 0.150603165774616
0.373650345794749 0.142748531370213 0.464441170522767 0.0191599523122713
0.125289574324774 0.297709530322697 0.463776809059018 0.11322408629351
0.264672794885096 0.262980609427971 0.0719019074027637 0.40044468828417
0.324647778146926 0.30925471072208 0.176059342515987 0.190038168615007
0.15000503258711 0.619470822977636 0.0204677237321581 0.210056420703096
0.161494387094456 0.34207695805394 0.401229403824928 0.0951992510266759
0.24715886409668 0.28511746144507 0.2354471632509 0.232276511207351
0.318066836979424 0.345655842717359 0.283726245411517 0.0525510748916989
0.286766373552598 0.174653365246803 0.216105206269817 0.322475054930782
0.250565678966498 0.118449451942568 0.317192940844663 0.313791928246272
0.478957585044257 0.225419066143183 0.0992027832735029 0.196420565539057
0.190839063040243 0.393270653295011 0.068653718871074 0.347236564793671
0.156237655214588 0.124447572764695 0.321518410963981 0.397796361056736
0.293857974632702 0.182179243406321 0.054812647839148 0.46915013412183
0.150144938017147 0.262484773012783 0.313090463423622 0.274279825546447
0.371792265897423 0.377605318251347 0.0924150895503294 0.1581873263009
0.107213005986338 0.430724108648031 0.0124576082149555 0.449605277150675
0.166546127606473 0.0745055007310181 0.430442187226443 0.328506184436066
0.247056051223976 0.273737166595055 0.233546235872141 0.245660546308828
0.381027398754383 0.240929772008743 0.279210283008037 0.0988325462288374
0.161449338067564 0.465435018809437 0.371954372228923 0.00116127089407529
0.197810840885749 0.0666624007518993 0.453452681520726 0.282074076841626
0.215839976910529 0.259182435349947 0.21222141911915 0.312756168620373
0.289825231912991 0.266752194193455 0.105126327681862 0.338296246211692
0.0606174561318198 0.177473536187703 0.578536375110328 0.183372632570149
0.0499295587381444 0.300481861189801 0.334570527782419 0.315018052289635
0.159653654815301 0.272585452969163 0.251322493050357 0.316438399165178
0.203956370374777 0.265799488950208 0.365802448397119 0.164441692277896
0.19199434163505 0.261618576466706 0.199465568947981 0.346921512950262
0.616603902168124 0.0399709390504508 0.0694586361023765 0.273966522679048
0.31940985354299 0.226165639194809 0.176613953864134 0.277810553398066
0.454223435647918 0.314246225882743 0.207851178132604 0.0236791603367355
0.2444825088373 0.147866896616094 0.133209667618693 0.474440926927913
0.316739550439521 0.306610152828561 0.358140807046277 0.0185094896856416
0.260409891505505 0.319622027400747 0.195796149986631 0.224171931107117
0.222801786032785 0.47772687851114 0.106436095841521 0.193035239614554
0.142008329150197 0.0119157005461535 0.493013909436931 0.353062060866719
0.305965053355815 0.276420219929987 0.239148537726408 0.17846618898779
0.164668485717294 0.15499059636306 0.443423940042054 0.236916977877593
0.341438902213133 0.0463589398839195 0.209874703755246 0.402327454147702
0.310572068086401 0.31909759790869 0.106920879926814 0.263409454078096
0.225119817752932 0.296878288227556 0.232984281852133 0.245017612167379
0.0989554781703445 0.191502732058971 0.499296911140982 0.210244878629702
0.123854479160712 0.174469042394621 0.48978173248267 0.211894745961997
0.339340086317623 0.275723227908486 0.0845056833942395 0.300431002379651
0.343421908408878 0.333526883806734 0.0100316922218586 0.313019515562529
0.35626121627822 0.375806561005311 0.177689672909429 0.0902425498070396
0.3919499041801 0.144387812536837 0.408548732909804 0.0551135503732595
0.478916140543544 0.0591637963541417 0.0639595299559384 0.397960533146376
0.18404354434703 0.443527308938755 0.188309501734945 0.184119644979269
0.331592391426063 0.358329440622688 0.0739960281050903 0.236082139846159
0.242950441298729 0.0613042545830701 0.250140796233416 0.445604507884785
0.419302827859049 0.170937683375197 0.185826405426887 0.223933083338867
0.00638398626445295 0.114713188155577 0.584526592337358 0.294376233242613
0.0679189252113715 0.380201715003408 0.529087727312862 0.0227916324723592
0.0614574403380749 0.231381018137691 0.114901990002746 0.592259551521488
0.270085068092927 0.275775394587961 0.31809057105889 0.136048966260221
0.413112766059597 0.181183898918223 0.262293355871294 0.143409979150886
0.167318939265431 0.271780384448171 0.288763922207945 0.272136754078453
0.0311849048940497 0.374727880689222 0.387103841277754 0.206983373138974
0.317797867146845 0.445155256211659 0.0344082233448889 0.202638653296608
0.0494025884198752 0.506610108142401 0.222466823968458 0.221520479469266
0.227608236207482 0.158866932507015 0.372970784052669 0.240554047232833
0.267173121125609 0.232681418478092 0.189856768819581 0.310288691576718
0.459932932100048 0.263933352162685 0.274641595765812 0.00149211997145379
0.015012851241353 0.319705678554651 0.352621604285266 0.31265986591873
0.184466502075041 0.19336002524403 0.354771686004523 0.267401786676405
0.158709460751792 0.650155533547521 0.116345809666701 0.0747891960339866
0.446018965147186 0.199068075215123 0.331274223984759 0.0236387356529319
0.529099525267788 0.250541687305999 0.176301782822083 0.044057004604129
0.290118400703349 0.181258674955376 0.331830161311838 0.196792763029436
0.359699443164024 0.191031427223751 0.380365413101294 0.0689037165109315
0.269475531639212 0.305168160212638 0.309744049571367 0.115612258576783
0.0772757335774426 0.155991356608134 0.233978112536534 0.532754797277889
0.368845031925277 0.0548583180268658 0.356760593859911 0.219536056187946
0.106916868913321 0.370770105298298 0.490695383974663 0.0316176418137173
0.377854322454324 0.218383715900227 0.276703522137316 0.127058439508133
0.360044302480835 0.0389752996142941 0.550113629108834 0.0508667687960376
0.0654255269151528 0.172891977627371 0.493084520327432 0.268597975130045
0.125372203690882 0.28881082853652 0.149079494630012 0.436737473142587
0.216866785183181 0.226651941001592 0.239546178809636 0.31693509500559
0.0719589003441422 0.502304500125202 0.179257827122645 0.24647877240801
0.0617235774367986 0.407390593807862 0.417179853045713 0.113705975709626
0.312440972263897 0.219500325547273 0.397825614772629 0.0702330874162005
0.0789812315373066 0.246060583592785 0.472535524508104 0.202422660361804
0.244722871664029 0.00133648189411121 0.10496977668815 0.64897086975371
0.364524856873822 0.0109633055891032 0.369451611336462 0.255060226200613
0.136253542285311 0.402287657453927 0.0325956083306476 0.428863191930114
0.148515592836467 0.231229537167934 0.195231313001724 0.425023556993875
0.491722031574528 0.0492451768627866 0.265914183923569 0.193118607639116
0.212116478713377 0.293150572830507 0.152873104967708 0.341859843488408
0.28558192733464 0.283738395199421 0.203490549815492 0.227189127650446
0.0413595823783567 0.343910760105464 0.319813859306027 0.294915798210152
0.321504698308589 0.106518619942021 0.316590854702755 0.255385827046635
0.344480674581965 0.145270413692317 0.411707117504002 0.098541794221716
0.199352051929778 0.117817690408691 0.410302418352908 0.272527839308623
0.213986504325278 0.232921309617978 0.269829017952401 0.283263168104344
0.120033401174259 0.274419393670109 0.328142492427044 0.277404712728588
0.325746888086404 0.263442548849489 0.0704473090536967 0.34036325401041
0.388388153955097 0.171810936450034 0.303242875166071 0.136558034428798
0.198479652327884 0.115184217303945 0.371712286263501 0.31462384410467
0.474863122964057 0.0501126233259454 0.0493777738060743 0.425646479903924
0.480715966226621 0.0173403303509136 0.287630004855676 0.21431369856679
