0.00394778808102018 0.0142336776386264 0.083232477998718 0.183776497304082 0.113326336663144 0.158482789831535 0.132154632170754 0.147126797720278 0.163719002591842
0.05448452011578 0.134345694633324 0.0365768831381885 0.139217909511463 0.141548658955946 0.147981399010178 0.151838532308505 0.0802021345347086 0.113804267791906
0.116786372542912 0.21775484277107 0.103132393787993 0.0141545580259591 0.103398026008223 0.156390136233448 0.0837287559178092 0.0026033300871826 0.202051584625404
0.0985392652662569 0.110777491225225 0.0276194034273715 0.16436360554292 0.0842808426944976 0.138849842259472 0.147257398931776 0.0520955155951311 0.17621663505735
0.0314859220709131 0.127091804898674 0.0752638517602811 0.209946466451791 0.200518445915625 0.012241043780309 0.0709834393857565 0.181939109773611 0.0905299159630395
0.0698642988585377 0.0301286773280024 0.12838315377803 0.229638799002568 0.0897471079320104 0.0293121030071358 0.189469012575206 0.183295420235498 0.0501614272830111
0.13150092895045 0.187988413261567 0.03533440913434 0.0100587756966402 0.192581590613184 0.0567423103325231 0.0522226035898656 0.168848744639343 0.164722223782087
0.10103303955424 0.0162650239297076 0.21815736772257 0.0973506569462288 0.0209262385943442 0.206640819858348 0.059586272023615 0.137555105317336 0.14248547605361
0.083282178742316 0.00302738374028471 0.0264912974512311 0.0643527220040205 0.293956537623705 0.156530746988616 0.0861435400966644 0.267859385445487 0.0183562079076752
0.0445487101683222 0.151291708691439 0.0628039603635552 0.0318615234591492 0.0170024239209567 0.185507520188149 0.107324496259262 0.24957607003791 0.150083586911257
0.0899264028693662 0.109102903899937 0.139501059337614 0.112856346467132 0.0582780469915176 0.127649726396062 0.112464772403347 0.137748881357849 0.112471860277175
0.0238804104555527 0.0351788088333999 0.168078008384629 0.105237497463431 0.0574318793069355 0.054603492726858 0.154917985824338 0.323047206236342 0.0776247107685135
0.264384157400956 0.0466456125201282 0.0573267512433839 0.166129582638456 0.07429700167835 0.118840363290763 0.103547238077109 0.043924204006972 0.124905089143882
0.12769259075064 0.108032885946138 0.150314954858241 0.150335912083667 0.196260026672723 0.11350532808107 0.0175032854020805 0.0172634565731288 0.119091559632312
0.138016915901953 0.0085563223647722 0.0461926489600586 0.115034213620392 0.0992246457546467 0.188423269210131 0.147027760927795 0.0959737412415974 0.161550482018654
0.120806127521496 0.178462371785513 0.0433568157445032 0.150402422171473 0.181434775580281 0.00857647156876516 0.0116846246665564 0.119278872141878 0.185997518819534
0.112025112949385 0.126992486306072 0.0584617718023394 0.10851702225762 0.139658113689164 0.0274491189779749 0.123352293943599 0.147563303613407 0.155980776460438
0.102854182313539 0.037716993400767 0.196137000632416 0.119319221122014 0.0740230372488862 0.0982898447561147 0.0746397445172147 0.202408202308592 0.0946117737004559
0.0572765800251077 0.193665519313139 0.0634012788655544 0.0821453086834921 0.0191355846328869 0.165007384534134 0.211080829447658 0.107852520270905 0.100434994227123
0.120721468671219 0.206914360199607 0.00890366325675167 0.0948710940501115 0.0992709621875516 0.222873804005147 0.166577200892521 0.0596693863670678 0.0201980603700243
0.186264137963368 0.0280345576675609 0.0767332771249571 0.154016960407272 0.061704394799304 0.192916800572268 0.0258806139613809 0.127273243258545 0.147176014245344
0.0525969140893327 0.144358393666821 0.146377381127139 0.169583111651646 0.138287966147134 0.0141031275947925 0.132090855644651 0.0700296911869586 0.132572558891525
0.00775838132331067 0.161782429695017 0.0211226177209549 0.156180283038348 0.150488290299879 0.040465063074128 0.11549962001746 0.167637923354005 0.179065391476897
0.121946301283289 0.167365227036683 0.0996140789934746 0.123232839080562 0.102136088706476 0.00376415405826726 0.224700625659619 0.0253968364503937 0.131843848731234
0.0345438789110753 0.111516790701892 0.121863589402256 0.00377668684460938 0.151498426526173 0.220679558576229 0.102200893994597 0.125205280339707 0.128714894703461
0.127029549814157 0.13730968616409 0.177451317542456 0.14658933788307 0.0301816223588449 0.136172983695543 0.108619007050817 0.0953015367819951 0.0413449587090272
0.0781940755461568 0.00753349638131108 0.105603173815133 0.0238927020990608 0.175178731428037 0.17749988855126 0.133582531124702 0.14937306529901 0.149142335755329
0.0546217634255566 0.0491213041922635 0.0505937099797795 0.0178697580256193 0.0450422634314454 0.0189883988601156 0.0955499754773778 0.287753055892649 0.380459770715194
0.18619261322148 0.0773911614328937 0.10546371031443 0.16813892980545 0.0552774337178243 0.176253987573243 0.0248616997401008 0.0272799653598572 0.179140498834721
0.0360974157190361 0.143814885782051 0.167292659813708 0.153154988640246 0.148409545985941 0.00655567423664082 0.11601867109188 0.0833533451899598 0.145302813540538
0.111896669438991 0.0208911473597459 0.0974441946584395 0.10652795079525 0.0397486752999207 0.134309547581378 0.264667852263901 0.218792296632055 0.00572166597031796
0.152381150133274 0.141146632392294 0.126272346376116 0.0707173485566231 0.0731036769379351 0.056284379340854 0.163059496904166 0.0666900905456523 0.150344878813086
0.210726627470591 0.112220683827714 0.0073348878443178 0.0570035695490434 0.090506713569383 0.0181939672317271 0.170378229153832 0.123321517004055 0.210313804349337
0.149797111166929 0.000675348059366516 0.143197636736988 0.126109222819512 0.156790532304567 0.055604158676187 0.14268429246665 0.0997478918072263 0.125393805962574
0.0217313113475713 0.153186607985802 0.104964237518875 0.279444631516233 0.126895446930703 0.0412817399613357 0.104026446090486 0.154965099677546 0.0135044789714479
0.0650196800670154 0.161212549156701 0.146971765524308 0.0905636731618848 0.0913208246905323 0.106801209319182 0.0602522268309525 0.274510824686963 0.00334724656246121
0.131934628799737 0.0431990639332374 0.109378925026385 0.164414677163973 0.0734274588470809 0.15147983844723 0.078547263391948 0.12093181755112 0.126686326839288
0.0279220696080366 0.0545377199973216 0.0957948885889652 0.128782580849084 0.195999036475052 0.00102037162755597 0.152515061433845 0.193926798109065 0.149501473311075
0.124334711321426 0.0157260701417813 0.191003289117146 0.180318568579685 0.15427923362385 0.0207749438244725 0.0216680264006631 0.0636752707017987 0.228219886289178
0.169674268323922 0.00965443850724328 0.169526811044653 0.0971478814960266 0.182971696400782 0.00933910843067872 0.154946812544704 0.00216593274649604 0.204573050505494
0.11326158139902 0.0218284285773206 0.148540344362353 0.0619224951790473 0.143772134252103 0.136711401195961 0.101541897052135 0.150798759270936 0.121622958711124
0.234248980032244 0.146774201915943 0.0122172088981851 0.176245446746067 0.00860499919786424 0.036636267906092 0.00261308432389497 0.142057649152535 0.240602161827175
0.0908159613384427 0.112051846771272 0.257253944923667 0.0923300456067247 0.0432529915674287 0.00452455286057107 0.109771999720598 0.0070186258011942 0.282980031410102
0.102913162546909 0.0903016418290593 0.0883182428517195 0.149494791187746 0.104830984886845 0.093730147394967 0.0153513740857364 0.241637006445064 0.113422648771954
0.0606196506138652 0.15240648017529 0.125820356783157 0.13566401721958 0.110002766558489 0.111292405331083 0.119057044353726 0.0448004683667292 0.140336810598082
0.155686061874037 0.203761263516243 0.0443306350818588 0.129919154614757 0.201603607229858 0.130705793780953 0.0199193320408194 0.099808497953916 0.0142656539075582
0.184129688942414 0.285334244825894 0.171947459161591 0.0153975127129574 0.0249590949062736 0.0115488072280454 0.107420780799044 0.1837391233374 0.0155232880863794
0.0247497084798692 0.127871472206989 0.139193677937523 0.138735177781879 0.115800929729778 0.152726574864542 0.127938824758759 0.0145038473825169 0.158479786858143
0.0153682188673983 0.133881960498539 0.206227126533996 0.054157421145888 0.14970046748525 0.185877368268405 0.11929003480122 0.123509325944474 0.0119880764548299
0.106030751061582 0.160969559933945 0.208824234310019 0.123612565290125 0.173305913797282 0.0851682793033097 0.0588435898131316 0.0578964672709539 0.0253486392196526
0.161108130939572 0.0715168058034938 0.014194264587378 0.212383497657031 0.0937421909635665 0.203325684024705 0.0567169476961941 0.0466563499321139 0.140356128395946
0.0569657213081427 0.0915538252631134 0.14146638306291 0.179127467195948 0.118356495354065 0.141470246225692 0.0238268860980528 0.0876416484542889 0.159591327037786
0.18535464928143 0.0662785942238721 0.00431315567585154 0.14195959041873 0.194484786164887 0.00639217333762636 0.133885667847645 0.0196247837256346 0.247706599324323
0.0181993715850273 0.148102714396828 0.0428676259856013 0.155768331284767 0.138396277280693 0.187151044482979 0.13122656225453 0.036325625115362 0.141962447614212
0.0109071919457867 0.0161700508760669 0.116649469350036 0.342083573105327 0.0597176535514305 0.0416848092764034 0.0148157333281944 0.0921197568437317 0.305851761723024
0.0925013325726968 0.0809734008670973 0.0250054722090482 0.104471917060624 0.205715708962591 0.183476228934321 0.0261161468314805 0.0214287383340768 0.260311054228064
0.126791131246644 0.152742408379699 0.112119677498091 0.0777741595161981 0.16102083366188 0.0376580720825307 0.117490463660254 0.160988385477322 0.0534148684773808
0.0358454015459567 0.0988911633240814 0.192234318732858 0.0611160115754921 0.107795995300389 0.0715021689952171 0.0477808212179956 0.18298487776674 0.20184924154127
0.0134790290708509 0.152693509059132 0.0618474999970862 0.0183601580162497 0.0199913180830453 0.227361938556417 0.0955594346787983 0.224592151138292 0.186114961400129
0.174575050649473 0.0433994020169744 0.0254402934449252 0.142026909706149 0.23137458853014 0.239787087991079 0.00275886176814304 0.124938008728788 0.0156997971643286
0.167265297018236 0.10444178022683 0.141541219984892 0.0151306704889505 0.0496093109094209 0.081225839299979 0.0780678201589667 0.193580340604365 0.16913772130836
0.13450468643032 0.158879511872677 0.156291377563086 0.069337158194063 0.0714960220038125 0.0479524920981854 0.116039444820823 0.0915100921864603 0.153989214830572
0.16602808835537 0.00476363947540444 0.103068161820875 0.103683521530548 0.162983895152018 0.17916436543072 0.0865517578566203 0.120476257105863 0.0732803132725817
0.238450131541317 0.175555127199727 0.0360054830954981 0.219742799799114 0.0816365146726572 0.0162661661714014 0.164656611960776 0.0433228235614013 0.024364341998108
0.198689070294932 0.0906618483456482 0.164105110944963 0.0100468939412845 0.184274367686847 0.0824060570742727 0.0435320757100621 0.183691135043118 0.0425934409588719
0.225335858907746 0.0418045416597125 0.0810627170956904 0.217620125484814 0.167043253687471 0.0503580457406989 0.172865252220472 0.024436753953095 0.0194734512502995
0.161574551890168 0.0383202073637884 0.159700077113456 0.0771650780541168 0.145475714055866 0.0865846730621464 0.107544654513138 0.13994075880547 0.0836942851418515
0.0900715439537347 0.0996911397597551 0.211286029704989 0.0886367425012222 0.180529361239648 0.107597822170184 0.0292408925549789 0.0412674356699824 0.151679032445506
0.0673013725158024 0.0544880376626381 0.136478645456817 0.0873426127649372 0.0607316103238306 0.164986528244267 0.110781366504547 0.156540916824971 0.161348909702189
0.0334316553775119 0.0368943451102998 0.112347277923171 0.195069775697319 0.0211961335764857 0.203579309802698 0.147327740823084 0.180464237199492 0.069689524489939
0.0870774572489479 0.0685383413928706 0.107511873256764 0.127756460613304 0.177693291638736 0.152498478971453 0.12678604642245 0.0466303538138835 0.105507696641592
0.0226810060881139 0.0674400004325682 0.0243989608907085 0.083009945231451 0.158045208926704 0.115611025332887 0.0765273595058805 0.248093630680328 0.204192862911359
0.139320536554062 0.0854246791240656 0.0944339994100441 0.176351797172908 0.0610709193121203 0.00413552897660703 0.191500607179413 0.19980185430872 0.0479600779620594
0.0500170604868414 0.0645885856687691 0.2104788847617 0.163401575231638 0.0305198001318821 0.154111994925321 0.194627580996257 2.54370299836324e-05 0.132229080767608
0.10517525449814 0.0485871136294084 0.257528174804879 0.128436578565098 0.0524366573773343 0.0461272185245946 0.0520944186994212 0.263128463103482 0.0464861207976443
0.0983255534327155 0.0967790021413355 0.260785861558876 0.0996394863709582 0.058846069094811 0.0938801043405333 0.167776430503326 0.0602137017735318 0.0637537907839129
0.074523474343113 0.20785015081169 0.149187415994045 0.102103605825499 0.0299824605515729 0.0572526700181525 0.147621754428013 0.127201043898225 0.10427742412969
0.183622289356236 0.117147153262384 0.170238318020298 0.100504968957082 0.123162608261341 0.0254641162186749 0.0815753351777024 0.102179489383873 0.0961057213624093
0.0828970618757108 0.162759661291088 0.0716052986109206 0.169596004851683 0.0673592926232248 0.0545755548465757 0.197135747446029 0.0125189792549601 0.181552399199808
0.166543673916536 0.03148505478327 0.0159489690746369 0.00955854828938433 0.196295000761122 0.182319837654939 0.0837045517457349 0.139393744569476 0.174750619204901
0.191862555451952 0.0795344107525932 0.22659023369396 0.12029663982538 0.0633579687198936 0.049148944698309 0.102954486336573 0.0468956791312548 0.119359081390084
0.0595827040681345 0.108362940844014 0.0359249822446165 0.128537999642089 0.145105932586096 0.104286507452473 0.138447815550913 0.12506771305078 0.154683404560883
0.18663304832036 0.0248910089501608 0.19197419293285 0.195606592108384 0.0667392207253399 0.0485253532998455 0.0551851302046648 0.0383452001610604 0.192100253297335
0.115080460215462 0.122531861536022 0.0876867904476482 0.0735523890477732 0.131298552385628 0.152419913302899 0.0965593074646972 0.11748920725843 0.103381518341441
0.0761715780790528 0.0881070109064182 0.0875036324618242 0.00339470397545897 0.0071631762785038 0.172541032895584 0.214194397958019 0.249397696042591 0.101526771402548
0.13662958301169 0.0719275379703488 0.0352091832256525 0.0929580640310023 0.113457241304299 0.0947654551628625 0.178280556525074 0.0925370885601233 0.184235290208948
0.146078354077472 0.158871694139738 0.145378906180716 0.033579090883289 0.0694361532199494 0.0249726197186157 0.0932636356428947 0.205596672845983 0.122822873291343
0.144349257128311 0.0655337079247127 0.0362874130507082 0.0245417437815355 0.113853765402329 0.0296287152239102 0.187298155175432 0.341280545917277 0.0572266963957839
0.127007292053929 0.141072568430185 0.0866262259580705 0.0848247423814913 0.206313432504894 0.0953492068027822 0.010393604630575 0.138612958762002 0.109799968476071
0.00802854527095508 0.0268938110222723 0.188647361278313 0.0799443057433846 0.155043035935914 0.244669024478924 0.129083156411672 0.099349137790174 0.0683416220683912
0.0632228746589983 0.0721306471225593 0.134252995343423 0.191683858383412 0.140317265338103 0.0290444906585046 0.0772508108921351 0.187233815702425 0.10486324190044
0.177464122086065 0.0132119763420502 0.0761280444438697 0.182396360313758 0.112547464059354 0.140868214231034 0.110207450862495 0.105487933175199 0.0816884344861753
0.149666065428807 0.0602079812168378 0.10053288934242 0.141671234244998 0.023995501526562 0.171620043807789 0.0934462500613322 0.171064486989829 0.0877955473814248
0.077463952881972 0.1628686995469 0.147488910940223 0.0910404298719704 0.123760305030889 0.123502693697753 0.0926923750475079 0.12499700612489 0.0561856268578939
0.3313161401961 0.00686301174198753 0.0464291681055453 0.0181741627031719 0.0604868537026295 0.158640758205761 0.195188163422686 0.0714952738042071 0.111406468117912
0.132633166434801 0.15933741646366 0.168952006291456 0.0104337953323097 0.170267566823366 0.0947194655418661 0.00662652431519646 0.109269551294405 0.147760507502941
0.115170694057315 0.13448110165115 0.134166055073496 0.161969221556206 0.071318536324803 0.00843813795137635 0.0968816258222871 0.148050162334069 0.129524465229298
0.0358311088759942 0.0828337367032944 0.100203838297395 0.165690325021664 0.251202110872582 0.115598532990343 0.0467234569014752 0.191487993946222 0.0104288963910294
0.053873578833634 0.168995238011248 0.16352650376012 0.0589912866337511 0.00759398650417582 0.157413915814269 0.102288356654211 0.119562199451935 0.167754934336656
0.0994459598863373 0.233301407236535 0.024077511479037 0.049940579653943 0.109197818373103 0.158250058424555 0.105030441420886 0.0802889043052551 0.140467319220349
0.0537102971840858 0.0271246008166748 0.157182079589997 0.00929596444381654 0.265540500265621 0.0206944230398918 0.243099512775214 0.142222286475359 0.0811303354093401
0.18682235008753 0.0456817711415226 0.154992790253536 0.0945227641536228 0.0917014674073835 0.196095031662469 0.0210812729787537 0.1749519114794 0.0341506408357823
0.159136941793079 0.0316874113891061 0.117518049352435 0.211419815444445 0.0810939212703208 0.144971121916401 0.0477115939295781 0.000198047131409506 0.206263097773225
0.0288838242863838 0.0915758936592619 0.16588939429684 0.119666716716172 0.128722445539193 0.169275341598554 0.0941175458922852 0.0206439452022762 0.181224892809034
0.226272832015419 0.000960716788559426 0.0118620480741409 0.0971338030618555 0.219666813908305 0.0868299145203356 0.0359773002355703 0.0853868919026151 0.2359096794932
0.0884725421558968 0.113361538602089 0.258798137902693 0.0150849009834764 0.116371081123327 0.230057274786805 0.0517198436479437 0.102703654006936 0.0234310267908333
0.124959526108221 0.0951474382802662 0.0193807854695099 0.0363614636317556 0.189825283696961 0.0460062849746639 0.118791144813442 0.193751416991826 0.175776656033354
0.176906573262749 0.0603196597010205 0.171139180126505 0.139866132025446 0.163402667585275 0.0603999011941741 0.0608832255813486 0.105380809580833 0.0617018509426492
0.127334267444328 0.0944158498780063 0.0899477076361746 0.240825578190623 0.0960353828041867 0.0671182675822214 0.189163801822532 0.028996897130317 0.0661622475116102
0.187249800588062 0.0173572209638825 0.0356034369960207 0.159783334641432 0.207632283060685 0.0111703435307812 0.0774539206310666 0.272887739214798 0.0308619203732719
0.0665681823571392 0.130734930134017 0.111693973128323 0.146163821362299 0.121056670000466 0.0341948868115518 0.134192313556282 0.133760035303438 0.121635187346484
0.0775219859419455 0.169474373233122 0.0118343439731857 0.0557472079644379 0.022769914362436 0.208544753976874 0.172186939667144 0.185163331063477 0.0967571498173779
0.19283802061046 0.112113055051155 0.186154301212524 0.165925353363294 0.249050130655704 0.000352875269252323 0.0807740254421633 0.0125249565588008 0.000267281836645768
0.184581242065425 0.0498810012439342 0.200188005255871 0.0754432958651447 0.0264037632505721 0.0902906857113924 0.135550986388418 0.185590803155363 0.0520702170638798
0.19426997899688 0.0276369189271768 0.013964721000557 0.0299696153597195 0.0560824640599539 0.202141175153937 0.0778333443988096 0.204923154274098 0.193178627828869
0.14940763592289 0.189522196532621 0.0120782548843795 0.0106789150758174 0.168931809859591 0.163304308226323 0.01516845552339 0.247948143345441 0.042960280629547
0.0572891546817474 0.105157875524236 0.11668338755109 0.104635723767889 0.150404944821555 0.139094562687312 0.110190933051616 0.129464929701105 0.0870784882134504
0.0438548027668732 0.00492082675497166 0.0696753003421946 0.172399804715829 0.153498790472602 0.112694755289756 0.179196222610918 0.0958839811128338 0.167875515934021
0.240273984485783 0.00644900267638908 0.0599631530954184 0.133782729819842 0.0145088235736648 0.193743291870896 0.240764309268143 0.0919543965839702 0.0185603086258942
0.0949275981643433 0.178718298679113 0.117139277077841 0.0666523144262422 0.0444800423099226 0.131309531132704 0.141505042454613 0.0819601502375976 0.143307745517623
0.0285890690115836 0.210764033335168 0.174002910777185 0.10268442222467 0.10362295900346 0.0943974572585387 0.128285799035998 0.0149574554964351 0.142695893856962
0.112976020172991 0.136621323223312 0.103854892511678 0.0941973139684795 0.209978471526906 0.102362076340493 0.16194915553394 0.00147825184723828 0.0765824948749627
0.105601766134767 0.17173333055804 0.222665190384408 0.0156147680975789 0.175610810881821 0.0683816081774454 0.20836379966154 0.0140590729331741 0.017969653171225
0.0174049948076131 0.0110015989497456 0.0658802300016128 0.232921631739668 0.0591640395568755 0.195666663077724 0.160791955204072 0.057161020568741 0.200007866093947
0.0538194390558657 0.173309072668834 0.114270362151122 0.115438207205029 0.189702977293139 0.0369552364760055 0.189830311572562 0.111146520126372 0.0155278734510707
0.0704150355356075 0.191535205347821 0.166472648182712 0.058564175498775 0.040160984940907 0.193674791436635 0.0895091734385698 0.0437737533416139 0.145894232277359
0.0932303064631971 0.0553664778876288 0.188059469726404 0.192552551493879 0.169992537554649 0.0983521190804574 0.02396175903616 0.157873245053708 0.0206115337039167
0.154884350355726 0.227472816624047 0.19110305962274 0.088905118924293 0.0709962585330855 0.112225885759601 0.0386779944024883 0.00611844041699641 0.109616075361023
0.0962153718276012 0.0443903963919043 0.105805075588429 0.0875676819040976 0.174871005255465 0.0475812798396065 0.0530886454943382 0.197859588082945 0.192620955615614
0.00865248737470933 0.185400285898759 0.12025389621402 0.18319498551663 0.0611099624945331 0.174100335509531 0.217493750396283 0.0408209265166866 0.00897337007884873
0.146998310354602 0.11014865661548 0.0938020987738364 0.038772964568021 0.0949365137725362 0.0844977244173934 0.163873577138902 0.139579221261013 0.127390933098217
0.13568246775033 0.128520835380594 0.102455925178595 0.149985534164667 0.0605843771302062 0.124335258899442 0.104078558597357 0.0194388371253324 0.174918205773476
0.0229199731386584 0.0780351004516194 0.185023405242348 0.092133523744803 0.124369224910323 0.192181089202653 0.152231403696811 0.0242001214610747 0.128906158151709
0.159225861949018 0.0838107698456443 0.130579888227775 0.0770150963994764 0.179088450501363 0.190070558965562 0.0111233148743314 0.0837013562121148 0.0853847030247142
0.152726417250544 0.0295999075863764 0.145670661758965 0.0393303273768048 0.152432293701768 0.0271337425092288 0.16856027789774 0.120005073703034 0.164541298215539
0.0467672907755393 0.167597401116594 0.206681478259769 0.191687394218904 0.107414227786764 0.00401539911298684 0.0757694167035098 0.115552763642064 0.0845146283838688
0.238080091268027 0.00547315014251606 0.129198706451186 0.0270620466077058 0.204602761738212 0.0593357146383366 0.126444089854092 0.0704708790273334 0.139332560272591
0.21682474883505 0.015731681631717 0.131279388358788 0.0880657196451643 0.0499624327633676 0.084324508202063 0.0947362022061853 0.082715663334436 0.236359655023228
0.0347047939738907 0.148031332498164 0.0473656626262138 0.160012182658275 0.141815576875448 0.149691222101042 0.149924517328926 0.000601294118683871 0.167853417819357
0.0499431273734578 0.0527840252930404 0.132289684918605 0.168485839707415 0.0499172848661628 0.189406428724162 0.124701406641708 0.0489733547632351 0.183498847712214
0.0118443304753963 0.175417462961363 0.0103098795934853 0.10747966923626 0.0775040483673596 0.185271742063387 0.141057642878321 0.122874596525225 0.168240627899201
0.162303815185442 0.127758515717379 0.0601644124001895 0.0400438004551021 0.218926697449886 0.205190515696859 0.00411371251675395 0.100217746571057 0.0812807840073317
0.204758623727486 0.0995014064984715 0.151703662619628 0.0941366963259548 0.0757990072299211 0.0728876936864087 0.006679864080871 0.137867107320895 0.156665938510363
0.0929540882249289 0.101316329023023 0.140787360010666 0.0400424059004865 0.143430248713036 0.121678051906402 0.157989747351955 0.033580148532427 0.168221620337073
0.184053633232436 0.0160033272350443 0.216901893813222 0.0980504985128224 0.0470208174230219 0.147687659875075 0.217580386772871 0.0468194131139872 0.0258823700215207
0.0572074530476598 0.153991609653401 0.201490444674695 0.0227967653362115 0.149645430489221 0.171130640635094 0.0558561723461358 0.067478963038433 0.120402520779149
0.0938770310565848 0.0438604674351664 0.0399658924832067 0.0895255138895993 0.0392804343224515 0.16665074572044 0.15519774011946 0.126864550325958 0.244777624647134
0.0580406081733763 0.0949696022512416 0.0819541032314816 0.0162717282367246 0.153875937431223 0.226138616555317 0.0342846630947337 0.140809677328789 0.193655063697113
0.00181056162869977 0.0637020031371183 0.13537288379066 0.0943805162983716 0.13395412690436 0.205402855772543 0.109552628450945 0.168633304511325 0.087191119505978
0.0937585077893156 0.201335767482278 0.0451888399716013 0.176648626263549 0.0354904330143588 0.160184536162972 0.0101395216797551 0.249116555260327 0.0281372123758433
0.155542264722782 0.0338377133088343 0.0431203666235649 0.198871226939733 0.056637046742429 0.0934655619114221 0.112080360970751 0.188124332721319 0.118321126059164
0.0356217340083515 0.138075151296133 0.217879040962279 0.0610413626068267 0.0879546138310388 0.0538883724738441 0.307066652895159 0.0164635643694534 0.0820095075569153
0.26217870348045 0.00236593993983563 0.0318075651874704 0.156104993905548 0.0386962979054878 0.255491093365507 0.164622993280634 0.0816141084559841 0.00711830447908329
0.211452615402473 0.00838424983354167 0.14226657568918 0.2021233207407 0.0933673218121921 0.0367459502520784 0.225632610611665 0.0762174659693316 0.00380988968883815
0.134008585342774 0.154367151273492 0.0981431645327094 0.134684959531822 0.000321724014552651 0.129059760473551 0.116398710329275 0.162254526055921 0.0707614184459023
0.0416604251123156 0.146611819622722 0.129875064094082 0.159030894226748 0.124468743042516 0.156574630357592 0.111912861114571 0.0326048197164076 0.0972607427130457
0.0798253688625534 0.227627108494442 0.157308178810292 0.00780126458471428 0.110363876877459 0.0389994042328331 0.0911478160495854 0.129458407548767 0.157468574539354
0.0751129785246021 0.0178578329137282 0.0985393171473936 0.158991049096836 0.163283440415389 0.0462251053139253 0.165173954260832 0.176934109062696 0.0978822132645981
0.254021079421007 0.0137327697512601 0.0193865153716507 0.262047918750708 0.0508352062701744 0.028874083815944 0.0691837197007971 0.27217375772991 0.0297449491885478
0.191108456363314 0.101388670694133 0.21670610376153 0.0382350094822524 0.0836978274442373 0.085257699580129 0.104135055586035 0.148637766517246 0.0308334105711235
0.135105220367906 0.044723197517522 0.0357172100241882 0.154968213359161 0.0919405592070772 0.165816164431572 0.158820470102924 0.169092904386061 0.0438160606035883
0.0325500820824905 0.192500906367721 0.0129653242130214 0.154752274976513 0.211926315576724 0.00844050027295519 0.316320619793025 0.0645743604997257 0.00596961621782489
0.0191576812783873 0.133671028276526 0.0375905149998524 0.135536264913856 0.220382638015805 0.239877068136457 0.0350313826385638 0.175127012671425 0.00362640906912794
0.158495496114245 0.0464709553315045 0.175846013020509 0.00228296924622778 0.169727591547655 0.182292540301364 0.0780440188735085 0.1854425578953 0.00139785766968705
0.0668777100237288 0.137302725648547 0.185140732396537 0.111743246901342 0.174894721359355 0.00199079222742341 0.214051057581154 0.0848896148833407 0.0231093989785711
0.133331024793001 0.0412386302442641 0.16853383378923 0.108158493186716 0.0750177775646569 0.056006115042113 0.169830780141603 0.160740823173107 0.0871425220653091
0.0787264411560033 0.185022958312999 0.147327763912963 0.201447783897189 0.00125531211891484 0.087908784312952 0.0840588752327319 0.0694771784621371 0.14477490259411
0.152812628529462 0.168705325358422 0.0901981508078527 0.0928958864758547 0.126316627630251 0.184050620406039 0.10373844477879 0.0291609815482159 0.052121334465113
0.119486714107122 0.032138222672016 0.166845658614312 0.0204195852689946 0.141967548151425 0.10428505212762 0.149967937060938 0.121154657607993 0.143734624389577
0.00496697141168649 0.274480816193292 0.0964388928108989 0.225282755981635 0.0502406366887672 0.0777310689645588 0.0787235478402348 0.0210658611758011 0.171069448933125
0.177326858866296 0.259117043782753 0.0197161556872755 0.064087854873861 0.154915671106725 0.0681329375920326 0.0395013168321994 0.155809831817152 0.0613923294417051
0.171169005867976 0.0154727860957785 0.120436112404907 0.091863385105237 0.318624880404872 0.0450360456371899 0.0965709803083751 0.0623473764437555 0.0784794277319081
0.0682054136567365 0.0305403770267756 0.215245058214969 0.174027319496926 0.085411540090479 0.17499572463746 0.0902058541374526 0.0313122338328139 0.130056478906387
0.207052234047939 0.117293772201281 0.189133027406589 0.0534115533370573 0.157685913246314 0.086030482430463 0.0482355225920569 0.0230838764942957 0.118073618244004
0.0875472036537323 0.000591414386445123 0.163305022843095 0.0559274592991832 0.0550677151361501 0.079683059209099 0.31761831059103 0.15767605705496 0.0825837578263059
0.203406976431261 0.142580686793853 0.0586644648026037 0.133933460047652 0.0306719338582622 0.122834557502129 0.160544589844108 0.0672185226536895 0.0801448080664407
0.169812222133636 0.00823344197623256 0.0310490055361117 0.171706902681823 0.185852243786828 0.0594285750034576 0.114543198764886 0.0949994750583455 0.164374935058678
0.177418455376467 0.0755827206619674 0.149110749888597 0.012731494195773 0.170053837475042 0.0727305853887509 0.0641035962159403 0.121043817863025 0.157224742934438
0.00245330236284365 0.334766378543969 0.1098463863367 0.0721712237733821 0.0145946925680792 0.10125423490566 0.250712014537176 0.0306411396570263 0.0835606273151645
0.12288059125578 0.0816970846857727 0.024686847330119 0.0850950328247276 0.175131312591698 0.0235924277088103 0.112824791923258 0.179826123301714 0.19426578837812
0.158655253727599 0.189878139505854 0.101135158966653 0.0549983722111097 0.103837523746533 0.075630636853049 0.111733145553325 0.100060156341068 0.104071613094809
0.204233381154143 0.124512146091601 0.125388534103815 0.118781216508355 0.00936711390425549 0.154615739719361 0.1653587621249 0.0884007062169971 0.00934240017657174
0.0711691652347776 0.0251729322425853 0.141299372421153 0.188323869217024 0.142233147805604 0.00229549778933714 0.168659209553658 0.0649425290927937 0.195904276643068
0.176408612153434 0.0928773539802312 0.145970254362948 0.197601362853973 0.0105174357167621 0.0756979053001374 0.0854274364592784 0.158150953964921 0.0573486852083142
0.13696913928291 0.137308959850979 0.137841324335617 0.149613620374434 0.159606131389501 0.00546255309503777 0.11467695395003 0.104991758540846 0.0535295591806441
0.0915927770508584 0.138698069820153 0.00471067170295547 0.0432240577017082 0.138493043309118 0.0361842291287013 0.209257579987861 0.131401588515396 0.20643798278325
0.232345281917723 0.0136480924495501 0.0338811587443783 0.195742012150058 0.108145953020836 0.211326241981004 0.00770459813444018 0.0255841172436068 0.171622544358404
0.120704738513185 0.0715428287071855 0.200436461167373 0.185446587371058 0.111888286317439 0.0239163796562747 0.142923566119209 0.135315600755988 0.00782555139228691
0.142761450406966 0.0204916354099065 0.0608733533647489 0.0050786394232802 0.183368809890902 0.136869076680913 0.172430578138509 0.138827960763851 0.139298495920923
0.185637396227405 0.0075919745629994 0.153841275084784 0.14196452333352 0.0452549217112886 0.154569135234648 0.0190160456141045 0.18686506529712 0.10525966293413
0.153031762596635 0.0320765612045638 0.102218923047241 0.0789756841543107 0.0668739304176874 0.060112711186768 0.103390541881872 0.165286414912102 0.23803347059882
0.156150129136502 0.139412295204971 0.0335153796830264 0.0968869344108437 0.0817136817486657 0.138970584696033 0.0940862849622837 0.0906586310338192 0.168606079123856
0.156624205739251 0.117562938190846 0.0632418110805397 0.00265155958271273 0.097528340741931 0.0196637612904538 0.231096686400475 0.161631045117903 0.149999651855888
0.0592271088515527 0.0436991531983637 0.145214620691162 0.130184463838774 0.141478211963986 0.12601930875496 0.115549450831481 0.117317359357375 0.121310322512346
0.13168282934983 0.188159510862438 0.15689591759566 0.138863611721798 0.0927273039817297 0.00726235127029989 0.0823537823254254 0.189983626796336 0.0120710660964818
0.193298880832241 0.122428066920574 0.134794651978559 0.0699992410254734 0.179348036326784 0.0371994510859622 0.110788086446659 0.0814147759953684 0.0707288093883787
0.102471975406161 0.0821930370453519 0.112899566465811 0.0125969001263659 0.144258716474117 0.106999718055718 0.134557016920406 0.15028004423879 0.153743025267279
0.00246606251300098 0.194816345014143 0.14449500567096 0.130472427628109 0.148194501592922 0.0129991863188398 0.00771851279388459 0.194576460618848 0.164261497849293
0.0966875988025885 0.0729809881137664 0.0992655822804069 0.0907261605617323 0.147190253205566 0.167471633738629 0.165628564154654 0.0061314199666774 0.15391779917598
0.128985790695098 0.13563321724544 0.149838348784593 0.074497192675509 0.109789253460599 0.0258727884616017 0.149949354820715 0.0813426545212804 0.144091399335164
0.0024332232835724 0.00490184005051602 0.176771806737792 0.00681607186443458 0.113936952853808 0.207020997141387 0.16210724864051 0.211224852660699 0.11478700676728
0.0180633806599053 0.153095207533349 0.186780481619822 0.105295640751407 0.169184465700358 0.0491012772324226 0.198314844617893 0.0711368137148709 0.0490278881699716
0.0509174366823352 0.155676320090992 0.108847436125618 0.226173047701262 0.176425288088672 0.0498004304104197 0.0352852449131109 0.0541927004871386 0.142682095500453
0.192084522539237 0.030654946908601 0.0785079474033674 0.000191180944356985 0.120173788440499 0.261498749454844 0.115100899895453 0.0437578829217024 0.15803008149194
0.113719448380987 0.0844510434118961 0.0147922929150715 0.140669685486747 0.073002283515671 0.199764438033274 0.147651849554086 0.0447312707432058 0.181217687959061
0.21282799304291 0.0620257416359192 0.0791372660166621 0.044760882184697 0.0211092374409085 0.0494711585284639 0.205991290570021 0.178568176553655 0.146108254026764
0.0783100898501873 0.138341219975625 0.0129645225399001 0.0111783586523914 0.141209440633148 0.0929987770276014 0.173397121878335 0.18525744836876 0.166343021074051
0.0441002355084237 0.0918015094697232 0.128819129640686 0.138175812523814 0.141630310265332 0.070478935521433 0.16173709791155 0.0942376816855409 0.129019287473498
0.142411664376902 0.0534788187455976 0.153314224524057 0.0488103092720766 0.186866248457889 0.0296080602240608 0.096049322597125 0.131564334297618 0.157897017504673
0.0706839562048921 0.133281243522405 0.176425755829644 0.13566392335109 0.0569465034370387 0.15984091702404 0.105656379226277 0.103315428765624 0.0581858926389883
0.0725780983437442 0.0828590576410992 0.0504615181752356 0.159153561765036 0.170624463304381 0.164690023153248 0.10238110084676 0.0594084470126378 0.137843729757859
0.06159925901252 0.151295373397786 0.1879606021478 0.0508277937862767 0.221494854832757 0.0929993053351169 0.0267445008314126 0.159722569291288 0.0473557413650435
0.0739952758431882 0.158793438328028 0.12111671162748 0.152243594701657 0.251068289710793 0.0383633515721028 0.0593928897654994 0.015362185861866 0.129664262589386
0.0172492791747104 0.224083207054029 0.0828180823967636 0.0628646505049062 0.221661559675646 0.0940902003458768 0.234527328903191 0.00870933594222929 0.0539963560026479
0.190443650370387 0.0270575153250298 0.22889573110413 0.0652097821503238 0.0685480378678342 0.0374670087967559 0.087956188034869 0.252541738437567 0.0418803479131038
0.25081293057777 0.103927900399748 0.249258765492203 0.0105737193475902 0.0340493740294216 0.139149725545872 0.0165109675316732 0.108663098399358 0.0870535186763648
0.192610001651562 0.0292270296141577 0.192594781008029 0.0221627299771261 0.127812697189296 0.117741417358269 0.0176107903198049 0.195896896386795 0.10434365649496
0.102951259401219 0.0732420488659834 0.100746556920704 0.100610194122132 0.245451350016898 0.00603281706829701 0.0271286732953249 0.18945428551087 0.154382814798572
0.0629473057106067 0.232108519817805 0.147694946522853 0.0328870879521214 0.138379636104202 0.103717805011482 0.0291228346314893 0.185296431192132 0.0678454330573085
0.067460132771856 0.115919994606995 0.162067768359115 0.0355897825252172 0.146507875817747 0.152044859839696 0.0763776785839757 0.143651468847959 0.10038043864744
0.0493866727926767 0.119307702313363 0.166187678620146 0.183135648926289 0.044955441091084 0.0427416549918501 0.032154190751967 0.166073904001789 0.196057106510835
0.127299549854102 0.135773497425035 0.0332844766187895 0.180662986041182 0.0258478814555819 0.0927162256940407 0.139851173678605 0.112785349899247 0.151778859333418
0.00723219398725951 0.0705293808002723 0.148680224245495 0.160646184245275 0.119620446560342 0.00939965678943957 0.155057158940558 0.150160838559131 0.178673915872226
0.149422535213003 0.183936957096654 0.0328429115031311 0.0680590192236313 0.138552551599925 0.184739674226446 0.168199401757705 0.0613583176012063 0.0128886317782988
0.127978471455356 0.127514377793506 0.0542279150157941 0.112820547738987 0.105486904515286 0.288237275969571 0.00905228438262462 0.163864515248537 0.0108177078803378
0.112809222968982 0.100044482880669 0.212345837888816 0.171275764054576 0.112904307810892 0.0155046476172358 0.167024349764931 0.0294637900602302 0.0786275969536683
0.157027821680818 0.211142992515359 0.0552333478387582 0.0261041484772823 0.140825769998194 0.0455318981087643 0.124584020939053 0.181609960555616 0.057940039886155
0.0844692230349162 0.221946930423289 0.100569014312492 0.163985084879986 0.0366814365437025 0.146008001395729 0.021862969784393 0.0767169423676267 0.147760397257867
0.0550936942530721 0.106006193632477 0.16913036074928 0.164799296764046 0.185494727071645 0.200028054982018 0.0240817082259638 0.088066324019161 0.00729964030233767
0.129668447629594 0.149394187124169 0.126858102626267 0.0861736562711844 0.200094933416221 0.0412966407410956 0.141696097360262 0.0947379565733843 0.0300799782578239
0.114874755883569 0.0698676222300202 0.00929893187857168 0.177248918461983 0.00349645872202198 0.188485384924425 0.214580088690526 0.173741622875686 0.0484062163331969
0.195758046232523 0.0269753516612109 0.15601645928059 0.145483816473239 0.0215285850727654 0.152596912881645 0.165049599225964 0.060835033692431 0.0757561954796326
0.178139818131017 0.161549559687548 0.0809346655474492 0.0402517003945375 0.0781427331544419 0.0967380085254275 0.010174819291164 0.176644060299924 0.177424634968491
0.0795722357244011 0.0769699898353008 0.0959543525682876 0.107864257379712 0.0983370445588437 0.0695947178171324 0.0682071284066179 0.261135902901608 0.142364370808097
0.1574846142312 0.158092757370675 0.0735288420717183 0.0108955576205957 0.13683347501239 0.0747398328171582 0.0242591746255789 0.180967487699373 0.183198258551311
0.139169654299132 0.0834547912169571 0.161234213293419 0.159333504346046 0.0474423310131328 0.00194260239496684 0.239164475765761 0.0426110879001933 0.125647339770391
0.0507557697519918 0.0715999466186059 0.0975140059132843 0.180232399852309 0.173306149961503 0.0652747899985109 0.0929484302062664 0.161797854637605 0.106570653059924
0.141664205510314 0.0732786644689042 0.0534631920583975 0.100443638402448 0.111334706414785 0.0537555549992153 0.178158460027006 0.201415450525292 0.0864861275936386
0.0174582168455523 0.0680308689514254 0.228141833642141 0.0352927561573816 0.235338796504479 0.233799218391594 0.0693412851787626 0.0865295797537711 0.0260674445748919
0.0368113761628089 0.245372826722486 0.00963509244977501 0.145335171389971 0.209073076758944 0.090717194325604 0.125853996707938 0.0358174960361259 0.101383769446347
0.075829726576 0.11407073508315 0.147289830329783 0.150044529158664 0.148038159375476 0.12153365901953 0.00460991400849534 0.0710724603580149 0.167510986090887
