0.0128517795937095 0.16347625479597 0.559869029275848 0.263802936334472
0.0428784200919903 0.514160669951177 0.326080009557719 0.116880900399115
0.174050624770547 0.523442071854867 0.241074511625001 0.0614327917495841
0.457617129392419 0.388522677630089 0.114429767667437 0.039430425310056
0.199572962584739 0.318355916858696 0.230047309961309 0.252023810595256
0.119386637026133 0.253328925811557 0.268855890493821 0.35842854666849
0.208051194517573 0.233071665021506 0.132525374381448 0.426351766079473
0.23681880418829 0.337324765941795 0.102054938829772 0.323801491040144
0.143366720555795 0.496106991747191 0.033421355076043 0.327104932620971
0.298690575535873 0.232696078210144 0.311924041111899 0.156689305142084
0.287129072906991 0.319054462022878 0.0820310238971004 0.31178544117303
0.383355869938141 0.27548060534925 0.177073994440187 0.164089530272422
0.525049883295389 0.087471793626483 0.348081542424312 0.0393967806538158
0.24039357216229 0.0640159554534446 0.0702112432013526 0.625379229182913
0.216871354986945 0.136980137015772 0.320747455970002 0.325401052027281
0.215935945280932 0.437524957351645 0.291744551774739 0.0547945455926838
0.266326052093404 0.187595559174234 0.222050164061455 0.324028224670907
0.00133336482132299 0.276118994310507 0.316343779003816 0.406203861864354
0.331443510964772 0.400002346086313 0.124436856741602 0.144117286207313
0.291105033423779 0.298764871805948 0.20216904306645 0.207961051703823
0.192121859379668 0.288499408566443 0.205351716475425 0.314027015578463
0.0529968363659205 0.235486805138102 0.301624290158011 0.409892068337967
0.315014280427941 0.0674852675740186 0.298005574507038 0.319494877491002
0.517717036483444 0.140203787102674 0.277438872831186 0.0646403035826964
0.599492311281112 0.137479251704723 0.18338059474378 0.0796478422703851
0.189519183656004 0.0368272149401736 0.499232031330115 0.274421570073707
0.319548087367438 0.371832494782637 0.157586189334638 0.151033228515287
0.294236255391782 0.181325025011364 0.261795303695008 0.262643415901846
0.358284996987198 0.0589856663667676 0.520909163559272 0.0618201730867617
0.215767065204525 0.299294166837765 0.291550924655975 0.193387843301735
0.43016114831933 0.27640778798012 0.207096591655758 0.0863344720447919
0.197434492876986 0.361274300883005 0.000575818321523307 0.440715387918486
0.0389243376670471 0.380985937386582 0.547610345464429 0.0324793794819417
0.454839245309046 0.103516671460872 0.151409878642104 0.290234204587978
0.356551901949156 0.0277261801768639 0.353990091010424 0.261731826863556
0.242414552288043 0.0180918015008844 0.41635704438609 0.323136601824983
0.31281195844711 0.11055458338953 0.409009448876227 0.167624009287134
0.176439755087015 0.39104330165948 0.318812964428208 0.113703978825298
0.0285888240026889 0.0919784618499308 0.606073019734293 0.273359694413088
0.402817445260713 0.125458711998788 0.109417135233006 0.362306707507493
0.0100675943927436 0.150815049407867 0.510199568916094 0.328917787283295
0.303954649709219 0.197105558803853 0.268625318385454 0.230314473101474
0.377824585055705 0.301635384983975 0.0769833061495876 0.243556723810732
0.48441707995928 0.0990612485294863 0.107599671083327 0.308922000427906
0.174526323683221 0.458811322505044 0.302015080998177 0.0646472728135575
0.408529595665405 0.272386736428753 0.249084075599192 0.0699995923066499
0.247756029949167 0.00653334463193751 0.362183677301615 0.383526948117281
0.0188580313092251 0.318432969543309 0.187897340356394 0.474811658791072
0.384770634097236 0.0571585205034675 0.194977592045313 0.363093253353984
0.105600274947895 0.225832588022899 0.344160698753896 0.32440643827531
0.34141277559724 0.107722741569927 0.300629433574967 0.250235049257866
0.15168228797076 0.286025749498028 0.184219235954815 0.378072726576397
0.0350475332915421 0.241293808111981 0.0656975956459969 0.65796106295048
0.593016819797634 0.2403038511074 0.0737852885571561 0.0928940405378092
0.156867780577266 0.131473710908088 0.289516099591647 0.422142408922999
0.0952801941797959 0.467188001761378 0.424387718930181 0.0131440851286446
0.180643463448847 0.290265414183625 0.303885339151805 0.225205783215723
0.297306285906058 0.21549228738897 0.0636801646466618 0.42352126205831
0.18651645872239 0.382261153842229 0.306386228107493 0.124836159327888
0.383581709276256 0.190052672728418 0.085682768525078 0.340682849470248
0.00766795633429584 0.154887827101697 0.404118558591616 0.43332565797239
0.244581068318255 0.0339296698136119 0.322667679569089 0.398821582299045
0.186450254066949 0.295693972710193 0.212559920261948 0.30529585296091
0.316256502946456 0.456530653832765 0.183652536412449 0.0435603068083294
0.246534922834863 0.373653473336107 0.178172759617738 0.201638844211293
0.344488215102446 0.0880029202573043 0.41442816231305 0.1530807023272
0.176787140085763 0.335241940236413 0.0447584656514968 0.443212454026328
0.102608088226449 0.14922772623547 0.412336976040528 0.335827209497553
0.202948425332781 0.411826694515327 0.162748242936738 0.222476637215154
0.430866343991331 0.248164024817682 0.211099991695533 0.109869639495455
0.453874210540348 0.189412087447568 0.0468171446059591 0.309896557406125
0.308523929786576 0.261439352305646 0.251034894777877 0.179001823129901
0.344965753495762 0.0346147917748194 0.183803163818936 0.436616290910482
0.217884744485031 0.441142926822075 0.121079531350663 0.219892797342231
0.277048443043515 0.249338725611175 0.101542997861429 0.372069833483881
0.318292578748686 0.296061685862367 0.362809445586066 0.0228362898028807
0.00928621435388703 0.142982937195259 0.630952304614977 0.216778543835877
0.440642058866249 0.169179208752906 0.215450109701541 0.174728622679305
0.344114477562401 0.145901709200016 0.284794873930671 0.225188939306913
0.434844288065189 0.191077194029889 0.347712471898783 0.0263660460061385
0.0310982081874577 0.104281435411461 0.520362153370442 0.344258203030639
0.064591697213807 0.426689893249768 0.316002012799454 0.192716396736971
0.0662785026077815 0.25228902452831 0.474728427423184 0.206704045440724
0.385429998526468 0.0239605766014057 0.387129591637947 0.203479833234179
0.348654587510292 0.261308597192222 0.247692766623692 0.142344048673794
0.142210778696698 0.222987518362755 0.250918885764965 0.383882817175583
0.292581839459437 0.0329752338906144 0.388498906720446 0.285944019929503
0.183437052833481 0.0130594844497137 0.332865237767944 0.470638224948861
0.200707575069747 0.325504383839859 0.272733056515212 0.201054984575182
0.25756295750567 0.18369537222931 0.312780646666548 0.245961023598471
0.277632828111097 0.366129647249362 0.204651652115403 0.151585872524138
0.175078073357247 0.320943195523614 0.333574573861842 0.170404157257297
0.111919723882995 0.16904695361941 0.322881316056777 0.396152006440818
0.296994428900771 0.299020447964906 0.0764585721685449 0.327526550965778
0.193038127732226 0.2269165680131 0.294935188957132 0.285110115297543
0.48844286053554 0.185379292129737 0.157405541421197 0.168772305913526
0.0509026406343603 0.555101760214232 0.380941040030764 0.0130545591206436
0.132182515033694 0.316561632107468 0.422886920819789 0.128368932039049
0.329360178009638 0.0826626431938436 0.277922816128698 0.31005436266782
0.330630262063744 0.319367118618956 0.304756993020442 0.0452456262968582
0.127955236632246 0.526885301367077 0.243327127469144 0.101832334531534
0.238976088183854 0.333536837197316 0.0505570546970869 0.376930019921743
0.185888276950632 0.414969338644105 0.0925413289445275 0.306601055460735
0.271221087759735 0.234376679648668 0.455632404502019 0.0387698280895787
0.294552025734886 0.283270993106065 0.183929186520602 0.238247794638447
0.0343418908889923 0.143553596290189 0.100574247800407 0.721530265020412
0.0994573662876808 0.386581450058261 0.416515672512172 0.0974455111418864
0.422647962657256 0.477219787780428 0.0764449685449576 0.0236872810173584
0.207606079555039 0.352403622082275 0.275581235969651 0.164409062393035
0.420046029081884 0.126337259713759 0.368253443074338 0.085363268130019
0.407787912857506 0.323114904076232 0.232096285157781 0.0370008979084814
0.016990933107629 0.164520914444663 0.31710143415635 0.501386718291358
0.283724556825729 0.124908595168664 0.359320647844824 0.232046200160783
0.136575153951474 0.309317497457101 0.247198027490444 0.306909321100982
0.406064385419963 0.405853226504868 0.0508632247642836 0.137219163310885
0.218773652256176 0.193763919966653 0.305820452545128 0.281641975232043
0.229427064041653 0.288053451740139 0.289132789718013 0.193386694500195
0.368633682821316 0.298569459832465 0.174665277313981 0.158131580032237
0.186236017579957 0.220750592952761 0.367993530971634 0.225019858495648
0.296016431603964 0.197438661164711 0.205280295674627 0.301264611556699
0.26067475044028 0.429679624653188 0.290775011125159 0.0188706137813732
0.375809603985793 0.435690982377432 0.13717288239795 0.051326531238824
0.420731134114555 0.276126780550522 0.183736354503231 0.119405730831692
0.59793992727565 0.336429223830558 0.0276650942702682 0.0379657546235237
0.190016159986791 0.0327686487050574 0.199876299183443 0.577338892124709
0.151564526371205 0.388155790282382 0.0951928220541558 0.365086861292257
0.195221533900188 0.307745037374212 0.180167147282856 0.316866281442743
0.17654770942436 0.0594222540267745 0.229362639277594 0.534667397271271
0.225655105202365 0.25924464580582 0.135180807017635 0.37991944197418
0.252620376900926 0.263189468545871 0.274515993098484 0.209674161454719
0.385651988891545 0.108141421841345 0.360409240012591 0.145797349254519
0.477258133852072 0.343768389991106 0.0288462468785638 0.150127229278258
0.219214586800558 0.253631040200064 0.174794888111503 0.352359484887875
0.585510482500859 0.0734255847002077 0.29090882732849 0.0501551054704439
0.164616773712482 0.300580321562266 0.275009351125599 0.259793553599654
0.0827044527894878 0.310304881162466 0.318258339761412 0.288732326286635
0.347595128444954 0.0525722077063739 0.0351299679429389 0.564702695905734
0.269037079870123 0.229437298783699 0.342774743814672 0.158750877531506
0.357155893515123 0.345202851848231 0.083905228994365 0.213736025642281
0.0910424774506173 0.360742951459936 0.324274268711941 0.223940302377506
0.457340690843071 0.289572572388334 0.227538155837127 0.0255485809314681
0.307566641353072 0.39524460908592 0.0505753405828687 0.246613408978139
0.222827334215887 0.346533613422014 0.374560195571401 0.0560788567906987
0.278255903208427 0.118556611696656 0.23948273512839 0.363704749966526
0.01646920651445 0.208637666695081 0.0580537023913045 0.716839424399164
0.0362972913244974 0.452414964464851 0.327664429656508 0.183623314554144
0.265411221225273 0.368781165832094 0.190716394959129 0.175091217983504
0.345798448645136 0.0329099326931779 0.608808011334095 0.012483607327591
0.353023858324635 0.293317127871346 0.00987050357728198 0.343788510226737
0.270487087547418 0.162387526159224 0.189445575186104 0.377679811107254
0.276669745402417 0.284725487343276 0.134701759989783 0.303903007264524
0.266054914835504 0.310330357509034 0.150033706086693 0.273581021568769
0.122607870016065 0.374271775067502 0.157071451748927 0.346048903167507
0.376572378799379 0.385195277852503 0.0787453167964521 0.159487026551666
0.160927814918072 0.255369567062352 0.319696802628274 0.264005815391301
0.0839522350994338 0.0945243969621968 0.0319258061259173 0.789597561812452
0.169655070221232 0.342685972091976 0.206557739027323 0.281101218659468
0.347265820230604 0.0427413686546242 0.242632919686408 0.367359891428364
0.150800774521825 0.272569008176864 0.322933201024018 0.253697016277293
0.151739006463039 0.330299107076411 0.435456955702969 0.0825049307575811
0.217426350790191 0.388666105187672 0.0872637427739801 0.306643801248157
0.293963835569203 0.131887977210796 0.0138815114311875 0.560266675788814
0.0780136910077859 0.289100445876928 0.354653818055163 0.278232045060124
0.339384446311323 0.300701310524369 0.2136672728852 0.146246970279108
0.355030387279635 0.0636864604282297 0.24488202585809 0.336401126434045
0.174176791899634 0.0373922047958212 0.29184837062095 0.496582632683595
0.598248261517744 0.0965423066480031 0.274076070589968 0.0311333612442846
0.00324115505354786 0.625324117202111 0.356885482262477 0.0145492454818639
0.350205995469099 0.156200496673356 0.243046572915898 0.250546934941647
0.0428832570613122 0.559561004973327 0.33060624781192 0.066949490153441
0.0994315644366847 0.352205361294486 0.347880159828195 0.200482914440634
0.478235236543208 0.261772896186891 0.0908317576286824 0.169160109641218
0.337482302998247 0.373112856046635 0.116239383603352 0.173165457351767
0.251869688246954 0.37280464499316 0.101689851613474 0.273635815146411
0.298382885302229 0.134833977285444 0.194174201831019 0.372608935581308
0.0737907438492721 0.347641973551977 0.103001683787309 0.475565598811442
0.252640231453894 0.443984516005343 0.0118119596596666 0.291563292881096
0.308179966959218 0.183222293261571 0.298178425008246 0.210419314770965
0.667503802182036 0.144095418212543 0.0769544444863221 0.111446335119098
0.248150862207497 0.206110985996349 0.318648951661794 0.22708920013436
0.126904940500406 0.655713343104136 0.162895717227385 0.0544859991680722
0.311880265388132 0.201084578428947 0.130520449511066 0.356514706671855
0.260072731338231 0.377257942266458 0.139227554868295 0.223441771527016
0.0495390613346816 0.285605785490705 0.225941431839006 0.438913721335607
0.227362746844921 0.264563709449667 0.102339433660347 0.405734110045066
0.356561418707194 0.0355264419776259 0.180058777262451 0.427853362052729
0.15182158753097 0.294950629504217 0.301344519803896 0.251883263160916
0.423663189832839 0.00609552774827049 0.217832169465014 0.352409112953876
0.234352680135924 0.559831556304627 0.168361222816027 0.0374545407434222
0.0268372690768021 0.331056812158175 0.224593870425936 0.417512048339086
0.277531547203675 0.226559146410636 0.262635306730767 0.233273999654922
0.0245452032948939 0.524187014322128 0.237603095750973 0.213664686632005
0.33688369951835 0.415412496620002 0.155311050654591 0.0923927532070566
0.274308571372162 0.179440251844002 0.247249642688514 0.299001534095321
0.297134588463601 0.27492532980273 0.114141084863028 0.313798996870641
0.281653380883977 0.0428492757441213 0.282528018494364 0.392969324877538
0.196068462757517 0.433368582464596 0.0280824231481926 0.342480531629694
0.336840716799213 0.0266693961676097 0.609223880411766 0.0272660066214108
0.327137147719216 0.122374132473682 0.029574653109896 0.520914066697206
0.692348437974236 0.0386734110334157 0.049675725645357 0.219302425346991
