0.0275190911502647 0.105434189509401 0.140546284244199 0.188037333200636 0.158846763754151 0.0424656099684504 0.0658741279740544 0.167004299117499 0.104272301081345
0.144639674973715 0.162859196823786 0.143439149545948 0.162459387104576 0.131253339232549 0.0246099594314948 0.150207544987255 0.0431882424148482 0.0373435054858283
0.0439130880299921 0.245326988569393 0.139177192890586 0.246831225170119 0.0966625325999354 0.024026364580386 0.0932203269200891 0.0497509035437868 0.0610913776957131
0.154585153982881 0.0589558161892037 0.161199380309247 0.155941029327021 0.179642112267794 0.169115292640986 0.0197048741940138 0.0724532146436687 0.028403126445185
0.192583219982609 0.126187565914637 0.0817321497278893 0.204942238135358 0.0603132168223886 0.124122859986267 0.0273845021600768 0.138670647138284 0.0440636001324889
0.124695988853494 0.131088372210091 0.040673043707436 0.0786341648269269 0.146022948906859 0.157515721772969 0.159538654458601 0.0595821687929323 0.102248936470691
0.0818340215884591 0.085391084622945 0.178616353456814 0.0142423183644793 0.0810088766190739 0.0629929813403701 0.0383803051945323 0.255750497409932 0.201783561403394
0.0418072637342652 0.133208982870356 0.100647724728068 0.147747229099766 0.123405562722068 0.008810518423061 0.191848801273224 0.155411331476522 0.0971125856726706
0.111539358250142 0.182746581928614 0.0950655004824862 0.0949818573790901 0.16142008329768 0.0551049339599937 0.155731086174062 0.0873508384029941 0.0560597601249379
0.180052677256198 0.119884877871075 0.0789101196961466 0.036237266567527 0.0580331320374107 0.131712628470588 0.180785130551128 0.080793618174376 0.133590549375551
0.127155655840626 0.0418236870305554 0.0407185836903612 0.172371771411006 0.0052526167215687 0.137778344629234 0.162965852914271 0.253507342696883 0.0584261450654938
0.0680553332579085 0.142887739688925 0.085371148642837 0.0789848306182932 0.168762702821927 0.106418568513562 0.0882421182096327 0.246666076460706 0.0146114817862073
0.0515525789452924 0.221421130224159 0.0711511053024021 0.14197618457566 0.0927975725574849 0.197484989693724 0.0033522751093574 0.149805323434988 0.0704588401569324
0.139154038326872 0.138600873054689 0.0485984500346362 0.0757362399675793 0.094919710722556 0.0119188307058418 0.193668668858328 0.162177680584412 0.135225507745086
0.0786118550720036 0.0251483606667736 0.0437046861119888 0.0846324808147678 0.235969077953395 0.0285404180482857 0.250464541768494 0.19361078235114 0.0593177972131509
0.0282466219203221 0.173675858482064 0.0923092819236341 0.0317414939985006 0.19875151470582 0.176366178763444 0.0920288991733218 0.0991347868896538 0.10774536414324
0.111692735310109 0.185813398947324 0.112102112347649 0.105620900491338 0.139186724340935 0.0168476642609126 0.0874978044174933 0.0574625833101539 0.183776076574085
0.00936022809024102 0.222176238230812 0.0250573317584226 0.0727608126166702 0.0817073655362718 0.0376014397335491 0.198961463910162 0.166691974562563 0.185683145561309
0.114256953208508 0.0704035577977674 0.128771990209249 0.132097753359805 0.140973645418696 0.108382298766733 0.0321466076458941 0.141722101255386 0.131245092337962
0.140928438366693 0.0134664690625966 0.158014471582228 0.0623192290722037 0.171543530602465 0.0527013778199412 0.176286924021706 0.173725449047631 0.0510141104245371
0.0380909289771256 0.109184876764237 0.243407513955866 0.229928436294521 0.167478253521042 0.0146498009128398 0.0211805112471323 0.0252140948092664 0.150865583517971
0.200641591852886 0.183068422348226 0.098446184788887 0.0910979761767759 0.0615262132457983 0.0406743913873607 0.179435101729709 0.0497779453592308 0.0953321731111256
0.02222643285636 0.198945064110945 0.112920915731395 0.242949481817314 0.140809557446051 0.0358888189173329 0.0971398007411634 0.00986306638355714 0.139256861995881
0.0982012968800725 0.00839210497254103 0.147995228474036 0.129696950826548 0.0338549338128378 0.183318056645586 0.112759377981054 0.131427655094851 0.154354395312474
0.156859508025206 0.13200228989626 0.072626022378025 0.166803028481533 0.137873732026294 0.106530263226697 0.0606218798110997 0.154903169942251 0.011780106212635
0.209252972389037 0.127825143872215 0.153093855177955 0.190909726223617 0.0214532643747159 0.0300522323287157 0.195045463082285 0.0472914932624322 0.0250758492890276
0.0367136533633472 0.127210558259824 0.115240928947471 0.0955006230493798 0.0364301411522505 0.07796710254299 0.289289456457241 0.0157401033266898 0.205907432900807
0.0137133145339709 0.14529741097365 0.10705355255281 0.0934799060720059 0.107056751818884 0.150525679290833 0.122716519976243 0.148032110837263 0.11212475394434
0.18566463302237 0.209276038311359 0.110441834591917 0.0588785420735445 0.00644804859090542 0.0206185758783117 0.00837553241018052 0.218442276334331 0.181854518787081
0.117328543100553 0.047641724191686 0.195327657306204 0.112482645080615 0.0792676861762128 0.0328642106355819 0.172908614946376 0.0785604632943294 0.163618455268443
0.164149521370919 0.161209563629681 0.062549377531421 0.0981967596245433 0.116456999732366 0.0264389881372376 0.091501324121334 0.146368959122456 0.133128506730042
0.186559127215877 0.02538183311684 0.188187198858397 0.10605204273643 0.0512706899258998 0.111341610860111 0.0104148282598776 0.194278287913634 0.126514381112934
0.0902368465432489 0.100911611474933 0.164524223942404 0.234464032483394 0.0775274219517466 0.114655668407671 0.0296596124463901 0.07266635452392 0.115354228226292
0.0277041239768473 0.0746995016277249 0.196098594777385 0.202853384048466 0.00362493442406437 0.165149460446732 0.0680854530343426 0.188138518098602 0.0736460295658357
0.0549734081137425 0.0254268407102386 0.0673777316543548 0.193754983030976 0.0427537099764462 0.0186501498368236 0.120455220864176 0.356542558788701 0.120065397024541
0.110985535222973 0.0204321274569625 0.151536478823839 0.245258997667399 0.167940720044864 0.188770473688436 0.0155153530966993 0.0157281514847288 0.0838321625140979
0.00100400656063818 0.192782088081422 0.081801635003384 0.200563501838665 0.0250621115970347 0.15273154609261 0.136310121217026 0.076972906056453 0.132772083552768
0.0746593839241537 0.174208715483196 0.0800748426831339 0.0890536897329781 0.171634389095633 0.0377322609611462 0.0386860547846252 0.16784399141926 0.166106671915874
0.103761886132481 0.0652708660615088 0.085448567457681 0.145978960962572 0.140650135203012 0.0669548873131166 0.220588747829661 0.0449128786317399 0.126433070408228
0.174858992642212 0.139351472530491 0.0251544760163233 0.0807816814002153 0.147652585813349 0.102601666517521 0.190298632222588 0.0115979562514611 0.12770253660584
0.133557918317955 0.166310699610772 0.000409043734302514 0.214522508518688 0.254628361577787 0.0694064041996766 0.0120569209690246 0.000978471372557543 0.148129671699238
0.257048663404451 0.00978863807431885 0.0318080447365342 0.225071263399229 0.0499126779102143 0.00891813905450555 0.171894009256054 0.224668492092033 0.0208900720726601
0.0318243438930328 0.171103750830552 0.116239520033619 0.0762983406955132 0.0734765823174667 0.17082252306638 0.155137182381715 0.164730501142248 0.0403672556394742
0.102307125045913 0.130379714302944 0.144803223308491 0.137410168439714 0.0566218229939708 0.0536614575548194 0.10344138884603 0.116760464618951 0.154614634889167
0.153909472886143 0.097074569134018 0.0636227923903862 0.0454865117726337 0.232178177802454 0.277300808621821 0.0515895754757188 0.0580408316464562 0.0207972602703689
0.0431084522240228 0.29798366929465 0.0129705925076477 0.0266398540408986 0.273515156432049 0.153399465118919 0.0873873680376845 0.0482603922485182 0.0567350500956096
0.0683963418291519 0.0736978795725258 0.257703401444726 0.219647935303121 0.0484404168262103 0.19998214837944 0.00825168001179831 0.102476716249394 0.0214034803836326
0.119114686322195 0.0791770432311752 0.107875845710246 0.296587726860118 0.00663811138071801 0.0182418676790728 0.0339666066705955 0.0536054069277793 0.2847927052181
0.135832020614386 0.0650795562690796 0.134549171701865 0.154580858624212 0.106651557196928 0.15669013213688 0.0505585978109355 0.0849843140694908 0.111073791576223
0.132597294306698 0.0612432542197977 0.185455990437229 0.0520895055583542 0.0820099006199989 0.153980119880303 0.0800126928398979 0.11866330835659 0.133947933781132
0.184993539706049 0.0236587157940512 0.103728898163887 0.109950719924773 0.0647718295147509 0.0269435404988014 0.24158916886956 0.0827683119066125 0.161595275621515
0.168444892486539 0.139795370834908 0.0635966057522034 0.0626548414569484 0.0536186402689154 0.108164544844385 0.12244292226275 0.10723468727674 0.174047494816611
0.0829378265861324 0.298125123794977 0.0476262034410054 0.0311500388965905 0.00596569941897836 0.167790256123999 0.199883706467901 0.0398728141053343 0.126648331165083
0.0335963671650697 0.0658414035143997 0.00288088709082774 0.223007165077649 0.102367783788431 0.139633502148601 0.0834834461074048 0.149182513309424 0.200006931798194
0.123866589045697 0.104856029312115 0.0860643088001299 0.0984659502336645 0.0543655308928476 0.141431561747886 0.148854854713727 0.102047792066197 0.140047383187736
0.133483190230963 0.128097343123616 0.147115480665535 0.171195876030512 0.0456908475409481 0.0503758351043433 0.0922824151903264 0.0324149429742922 0.199344069139464
0.100702350722087 0.145875328700397 0.176380262621276 0.0589703494168756 0.0247059763088099 0.128453225712143 0.130250311569606 0.0412105331590001 0.193451661789806
0.0271527684146775 0.131420020298394 0.161249484012117 0.188731463093114 0.0745051869730201 0.0624565811427631 0.00930807809556089 0.191643320186138 0.153533097784215
0.190402271913546 0.106369684108023 0.101554168020237 0.000216712690900711 0.0624734320657336 0.209077780541322 0.0929133493521704 0.0547334138115697 0.182259187496498
0.180976689114146 0.151112092142459 0.0218049944571233 0.00488244412732086 0.135196780308188 0.0867176487125217 0.188826074412772 0.162009431696846 0.0684738450286242
0.185573207163135 0.00202853054335267 0.0293368034383949 0.137907495784714 0.18116987204219 0.154591784806813 0.180196654769345 0.0123745154265345 0.11682113602552
0.0858820729319437 0.139070994945073 0.136830650795355 0.0184727137751608 0.137279300083684 0.0212249961789129 0.143279457199324 0.147722678387266 0.170237135703282
0.129071484759003 0.198023244581057 0.0485177052917942 0.0871118574865324 0.0871650730824675 0.0717149951727244 0.0881875731634615 0.0616791075737093 0.22852895888925
0.0676230802622421 0.138990973516923 0.0426353435918528 0.137246265166172 0.129776082320115 0.146206105316019 0.141876962322823 0.0803856198094182 0.115259567694435
0.0911033386408542 0.0858590189432953 0.02628463346156 0.0311882264130419 0.176348374542975 0.242596569733145 0.188901053768222 0.0681134501244479 0.0896053343724589
0.164562681232017 0.164075656511439 0.0994858366163762 0.0566833693873915 0.0978850733337326 0.0519448058152938 0.069673336309608 0.114517276095498 0.181171964698643
0.130356809756994 0.0611360132398039 0.0132361494402183 0.0657688658770192 0.183351859800417 0.0493301226028494 0.130027174036411 0.237752121974616 0.129040883271671
0.156445090795484 0.035073218677821 0.0528699752447447 0.158499956448 0.0685313549635482 0.0832619786935029 0.24335884554057 0.0467393768524649 0.155220202783864
0.201310389693849 0.190238062348641 0.0247839792744124 0.0107382934618028 0.0587895793226128 0.173221379088415 0.0896405322869152 0.0184899052391861 0.232787879284166
0.260444994552019 5.23311436317416e-05 0.0244163737323842 0.0995323101116186 0.149150534827163 0.179152902213951 0.0970576898962066 0.179205359240545 0.0109875042824816
0.18326383246838 0.116374111435121 0.108934708476306 0.173105745356042 0.00083455620515295 0.16182972455909 0.0722115651176392 0.16993496939152 0.0135107869907496
0.167244727120564 0.172663592689759 0.112300684851021 0.0423575860846119 0.0842313381954454 0.136074361312718 0.186898387516719 0.0754995888741516 0.0227297333550102
0.0997178082626846 0.112147704170596 0.0300646695383897 0.201743089642949 0.0757729939125801 0.124987250680554 0.137615477715396 0.197958710449734 0.0199922956271172
0.0545664438059233 0.0908153215025003 0.188573610805555 0.193642109461847 0.198801803400708 0.0525051390417615 0.139282665379219 0.0312544292446107 0.0505584773578746
0.151456819881206 0.195905502191836 0.153934580046505 0.0418500529786553 0.0197609339354042 0.122291442134588 0.0371704520789287 0.222441091637356 0.0551891251155211
0.0223256571046728 0.170577222593612 0.132477466745301 0.15454417037223 0.000478504736837148 0.169918924474602 0.114017225869213 0.166333300697832 0.0693275274057005
0.139141851119236 0.172955713070463 0.0398920742354303 0.0201567253668041 0.16950786358141 0.182342439354364 0.0681013956648124 0.126260462654283 0.0816414749531976
0.0560206933847735 0.195869223031064 0.08631590012237 0.152066984513386 0.0305577867882972 0.177582039535546 0.0221270075645386 0.16654792919477 0.112912435865256
0.0526749954566997 0.0926814781863489 0.193211529670299 0.231495430735095 0.0310937544166293 0.12505208319554 0.0882214501459236 0.125977047416686 0.059592230776779
0.182135680700725 0.155803105091077 0.116932539825529 0.045097001026316 0.0849746319905831 0.0587880899812785 0.152931507480002 0.140053698178352 0.0632837457261369
0.201952629257278 0.061562073069913 6.53615971379405e-05 0.226106909037417 0.0375973757866045 0.0910115320439277 0.147851284775888 0.0433016554114195 0.190551179020414
0.120053797798395 0.0430353665605421 0.000958942418261169 0.00125840430637873 0.0332610507585653 0.277387877598663 0.0990042199112256 0.27547098780772 0.149569352840249
0.027006302211375 0.167792507184261 0.108590458488831 0.0416630204104514 0.0736008154649718 0.18009802229402 0.20376397668839 0.0997059090823472 0.0977789881753531
0.124499109504344 0.0627411541429171 0.161065154316728 0.0443461292240645 0.149640026388902 0.0599438510351829 0.167014278357425 0.173967415945309 0.0567828810851282
0.00645850157826523 0.205487033496018 0.05650439592591 0.144605375495096 0.0208698637970755 0.0955724567360823 0.114622874155434 0.16663813585451 0.189241362961609
0.0465521038090813 0.0282642335660706 0.254860979048282 0.167680474080377 0.257240986154922 0.0864070787409806 0.000752935469229053 0.0255853201187035 0.132655889012355
0.217365701120786 0.0228350697006701 0.077905642926801 0.0384251636803061 0.189160640849123 0.1470188837382 0.0319391970364331 0.14854370898603 0.12680599196165
0.159914526268376 0.158534671084467 0.00998066125066485 0.156411168112332 0.00101413327916192 0.00390365011569785 0.114786051092508 0.0660285587830723 0.32942658001372
0.104276928200778 0.185001574515815 0.00693653848581586 0.165121188764614 0.196634593487607 0.0258940586297263 0.0946590175835599 0.0350904236359983 0.186385676696085
0.213466272942701 0.062507793325174 0.130685055458054 0.0204384547359615 0.243531508627508 0.127278389379799 0.0536337747613076 0.0743180416486349 0.0741407091208591
0.235797091614526 0.12939617909468 0.235056269394812 0.0420141863365328 0.00717739265584959 0.128436962895806 0.08909091290025 0.0338933537028184 0.0991376514047259
0.00403282691727142 0.182755845481053 0.0685076057013468 0.0683732616986231 0.155129817985465 0.00720733645601592 0.260108375942678 0.0558730715771309 0.198011858240416
0.00401853771379633 0.169409793992534 0.142807539570647 0.0811468928551565 0.0759804132366084 0.161888516921536 0.153438130531099 0.0552223871119635 0.156087788066659
0.00487514618613657 0.0891122267028642 0.23294100062067 0.128823968913395 0.0946305678624083 0.165997208752639 0.00534360774379423 0.161349773102817 0.116926500115275
0.0554231946873816 0.034610611035336 0.0303865383229158 0.0949615771455683 0.147711082390242 0.140858627352179 0.162892655845301 0.0603019929393008 0.272853720281775
0.133481154782417 0.142245912551432 0.0380290476879484 0.0463674965947239 0.0448453070697412 0.0935028580649682 0.164830679253254 0.213230298974834 0.123467245020681
0.0647074716752109 0.131362152519737 0.165829720477826 0.169866453237995 0.12840875362786 0.0288974339723707 0.148181409853658 0.0354152910760316 0.127331313559312
0.0789348063442567 0.141709238525498 0.191341127963272 0.133466756288037 0.0645977383856796 0.124324394312293 0.00478627742901494 0.109806110897903 0.151033549854048
0.114861295478441 0.0769473798892175 0.155881757294748 0.169030776144743 0.0692900588888426 0.156564902211837 0.100495666713706 0.0448973325592129 0.112030830819253
0.159363298024836 0.143815569992621 0.170490754517033 0.13833365072743 0.129563668193824 0.135671926968981 0.0361194272603184 0.00139288083654712 0.0852488234784097
0.252274106677863 0.0240533658418712 0.0342780859289382 0.00297172598617262 0.111685232694967 0.279812265796993 0.0332890965864802 0.147339642314935 0.11429647817178
0.0738229439083166 0.0213839299646021 0.158474957918247 0.143998171328991 0.139880963696731 0.0160455029634815 0.157507172753212 0.133429317114337 0.155457040352083
0.0252144590907075 0.00673452027204542 0.0561876696826981 0.129587075394369 0.184934160624586 0.128993155217595 0.16428680242323 0.187571242937247 0.116490914357522
0.12793186463491 0.0399215953936004 0.148439208755714 0.0305916341823273 0.141832289995378 0.164973555562025 0.224187506987876 0.0287507246422145 0.0933716198459542
0.00151472994387351 0.116606483091933 0.0144768230642997 0.202306817809412 0.116791328623947 0.240176537538054 0.25353476782076 0.0307410912789157 0.0238514208288043
0.0325824821714715 0.0880405175369934 0.249606680985203 0.0846314087885901 0.213370819494016 0.0485549794879717 0.091817247636503 0.016363103233199 0.175032760666053
0.149820362453009 0.0749658354230921 0.0906097882915884 0.141123391933294 0.177553935448175 0.0454301483663417 0.0869859955894576 0.106157983321076 0.127352559173966
0.149141091227974 0.172348746915787 0.0304719101968995 0.265345054012757 0.0490973687306013 0.0367731200190529 0.198407910815442 0.0337713354037858 0.0646434626777005
0.148941145777888 0.0191476879512938 0.0094652685227535 0.189033143955994 0.117380299079242 0.102066411240791 0.0445212172219147 0.161605543224338 0.207839283025784
0.0790902869345291 0.051366312232533 0.0304839785033976 0.201873401598791 0.0802349198767912 0.116041881132445 0.0174903824516475 0.215058644339528 0.208360192930338
0.111281615542155 0.0383395942968061 0.21355240966655 0.00901446208151629 0.0549396268685786 0.165095295796526 0.0979479445595372 0.101475981071689 0.208353070116642
0.139463275730671 0.134287566601402 0.134129475809985 0.00505874346523419 0.0894482945573142 0.227556966737949 0.0022275086418417 0.0734788569640778 0.194349311491525
0.130181503285317 0.178917269698819 0.187796542350489 0.183072036413383 0.00502946793326921 0.0783015185140312 0.0661511669296439 0.0472626539969314 0.123287840878117
0.0114183323343814 0.0511028962220603 0.212547138505551 0.0135728167843604 0.0389397128080527 0.044242298293358 0.283575534476573 0.191550318384738 0.153050952190925
0.0886001241792122 0.160941912542255 0.181047409073868 0.0232638110877272 0.0730649162779706 0.136186026158633 0.081911550652297 0.201252439771736 0.0537318102563022
0.123209999050065 0.0132759882846079 0.170740067934321 0.0353959605887002 0.16464152649437 0.143995440401155 0.0644938356130953 0.146221782511725 0.138025399121962
0.0984065762434538 0.152445231289026 0.0214777984073591 0.0900572204785684 0.17117814760739 0.145385339547457 0.101793702191559 0.0567254973892606 0.162530486845927
0.110431615811581 0.119172774275665 0.106149536434077 0.132388569531555 0.0999108224528003 0.120351170370251 0.10391574812416 0.120456111287185 0.0872236517127264
0.031797279825404 0.220303092127319 0.0594205552499029 0.116774380779065 0.113936196450113 0.195050755916519 0.0651152918577304 0.088961474666576 0.108640973127371
0.0882792824980669 0.0383034284736506 0.0375878594139015 0.000748424907591068 0.230384825846493 0.220872073742707 0.0226937318562807 0.0740302886655423 0.287100084595767
0.212788967964795 0.0479086714939849 0.0192606260167516 0.14966720107852 0.210877079320698 0.131842917220551 0.148389964280357 0.0784441110007991 0.000820461623543292
0.0889111953785105 0.0291348242300153 0.154852896883316 0.162098049396888 0.0217611964844045 0.132611574010518 0.189395756080284 0.123560783423243 0.0976737241128212
0.0773961975687728 0.0840377879359522 0.175435151551482 0.140675674041114 0.201380343677873 0.0968354032225946 0.0295234051836327 0.0655003898744361 0.129215646944143
0.0787648865743683 0.144830956000706 0.13462473444506 0.158450242057038 0.0782200953301129 0.116999490364211 0.112183197432844 0.127357825227659 0.0485685725680007
0.0369279628196842 0.0827921024486891 0.160808150337784 0.137895901845048 0.157943139355164 0.0806316922548879 0.172645530326709 0.0483327583488324 0.122022762263202
0.146733737430156 0.0718008414703573 0.125361168625755 0.143809558297942 0.177293290428318 0.0258268609820366 0.0814263970580011 0.210950242788133 0.0167979029193002
0.12404606590535 0.112682363415637 0.170740403784795 0.134153697638492 0.0962413930495902 0.0647828656426946 0.167557589951334 0.0973225366152319 0.0324730839968758
0.188859805651613 0.0785137842787147 0.137141846572556 0.179502717201166 0.17711745304532 0.00318618423169492 0.167490784857373 0.00771575052815915 0.0604716736334037
0.212696268451855 0.123814278298854 0.140486327570412 0.161190845273032 0.0298830400584113 0.0215143801356833 0.147132107835948 0.111826477293978 0.0514562750818272
0.0990384291941645 0.00374060678935854 0.201894520477972 0.106005524360764 0.125744739149597 0.107293301680581 0.199846154980489 0.094975335655667 0.0614613877114065
0.144793442747623 0.117229942155042 0.128590090486937 0.10519555532268 0.138264282337027 0.0541393066813858 0.0982336264787901 0.0717974051094805 0.141756348681036
0.0316077962149744 0.119298166521161 0.132042653966855 0.18129173007652 0.0287656774014524 0.195623026330368 0.150889541992275 0.148461602316504 0.0120198051798901
0.0472682457642844 0.0573951627671135 0.120588701824457 0.131024834747944 0.138332081869614 0.13234954194577 0.0838443190796413 0.106385219364226 0.182811892636949
0.0272307239579992 0.00481348322931964 0.178908151463777 0.126023828150516 0.0809281274320522 0.29367270014927 0.114238055977536 0.0256341207690359 0.148550808870493
0.213827639844153 0.196758070949083 0.222376445029925 0.083093674687877 0.198971525589572 0.019579433763262 0.0241861056746975 0.029099818222347 0.012107286239084
0.0121265274721177 0.0748485555737316 0.0121969116874759 0.062000256895068 0.264228940404163 0.0112273087896449 0.149933687525059 0.184522647844683 0.228915163808058
0.137468920079414 0.0953844067932077 0.0753982672612167 0.073624580242508 0.116365709913034 0.0698977181638832 0.196707689752856 0.209797189130375 0.0253555186635067
0.00527273183698247 0.223027355420242 0.121723099114531 0.199021348552882 0.0345990407031899 0.0219244319948364 0.0217912572248171 0.129976175992362 0.242664559160157
0.202362886010879 0.156671337942949 0.0707906848720819 0.161456646641768 0.0116945948900181 0.0177883101748405 0.0433745248699283 0.161257162935715 0.174603851661821
0.187048439150409 0.014070721032291 0.0681628999250197 0.185848768326415 0.134283262051789 0.0478116231512745 0.157926817805759 0.161662756345735 0.0431847122113075
0.164853389162887 0.143688171823472 0.129117962897116 0.0795566261170987 0.131967972491463 0.0165079994973395 0.111857924630837 0.176664150076771 0.0457858033030169
0.167081502683664 0.0973061239638314 0.0600765463862932 0.18213753310435 0.0411200620737829 0.235950819805121 0.103531846748789 0.0198311327653975 0.092964432468771
0.115270867751602 0.216591692275473 0.0531157822118612 0.0134979662342157 0.112670804397097 0.0444695782515726 0.0965451897779791 0.114574983073979 0.23326313602622
0.123972560496142 0.138485535318699 0.0721756294106091 0.0904468456883863 0.115591097667106 0.0845013689569206 0.0909933281376576 0.135414836176767 0.148418798147713
0.124241443387848 0.192377379236772 0.0182222381594728 0.150873602474521 0.0992955468902958 0.0489802749006786 0.0923266270642331 0.113318980142818 0.160363907743361
0.0205880562851064 0.21198429158945 0.218412393022637 0.0509597903635999 0.221205737474305 0.0252125024176652 0.0350200089198357 0.112770273211813 0.103846946715588
0.117485742749103 0.139025181943517 0.113638113821093 0.0517160388667952 0.0948578103328544 0.117716491736378 0.181468018344232 0.021301378787633 0.162791223418396
0.0505672354340662 0.191999340548395 0.132482867731927 0.136058825146238 0.183120591231552 0.0143213828486701 0.0234360886304393 0.143378344302821 0.12463532412589
0.0899637625275177 0.104552978113623 0.108985565158164 0.14408573587628 0.160750117618063 0.123860965720277 0.120647700006474 0.126877341030303 0.0202758339492977
0.121606945857447 0.15264244330229 0.153523524749338 0.139878388537734 0.12401274471264 0.076633690364518 0.0480481290035642 0.0811756563020962 0.102478477170373
0.14911362777144 0.181842594400812 0.0787668374560567 0.168255034297961 0.00956167814772339 0.0185411734941825 0.16105889045308 0.0567888478217657 0.176071316156979
0.00788421405789196 0.0556675475593682 0.0977246681399831 0.121467479514942 0.0431996043978982 0.0267594737491035 0.218265651454482 0.220063590533019 0.208967770593312
0.0836432832336352 0.166015720999415 0.115603470212571 0.233601516970922 0.141385188523735 0.0408320202484019 0.12481141974616 0.0726229967728331 0.0214843832923271
0.0935213859256049 0.0565141396183834 0.115030472284734 0.0563979996123711 0.0869016551885249 0.153890981763027 0.161892391799922 0.14478070615844 0.131070267648992
0.0462061278220681 0.0186870926555582 0.0493538137045146 0.0637301966756926 0.132616854065916 0.0746902102237216 0.0617360202380826 0.273597853796859 0.279381830817587
0.415223494371232 0.136683009654533 0.0648082346598403 0.0313477545915276 0.0616980865946372 0.034349745826701 0.00688197689465831 0.234918830379823 0.0140888670270478
0.149647305018652 0.0227922679575062 0.139128364330334 0.0400017400188594 0.0914505311953518 0.0673455021512963 0.0975782301057194 0.194210318259024 0.197845740963256
0.245528208577692 0.113435996567124 0.0701790145246388 0.138528396762344 0.159359500348974 0.00233619269686409 0.201545157911307 0.0535200942529627 0.0155674383580928
0.148781667064321 0.0468675423208754 0.0964130418990659 0.0783868932262188 0.18957147194247 0.0495852342724084 0.107593927050831 0.120307527926626 0.162492694297184
0.266086843204353 0.150688162092358 0.117522815566539 0.0143536207908331 0.0819486234563678 0.0331990772582464 0.0964787122108099 0.00261681413525249 0.23710533128524
0.12290291005545 0.136805630017091 0.20152732449339 0.0151387459938309 0.202348365984051 0.023264647088158 0.0615757079346253 0.203183183587115 0.0332534848462894
0.071449876396882 0.149600953465227 0.0708776886886075 0.0348503753090944 0.083694729013279 0.144243096334585 0.0964083876787015 0.168576488552204 0.18029840456142
0.0867437380124635 0.0317197177783918 0.0984066842657442 0.00662075921064364 0.132656038475388 0.166671887640836 0.164230120426632 0.0984881617106698 0.214462892479231
0.0816659062526757 0.0579224150111855 0.0327886418276262 0.0125122455500963 0.167857763550617 0.0229283403852848 0.178472463854165 0.0482472338596025 0.397604989708747
0.0210405234299393 0.168286946559803 0.201400845038739 0.205312736144172 0.203663471920093 0.0879093675830751 0.000659317929932356 0.0718581600728825 0.0398686313213634
0.0932868145194083 0.105161101284397 0.0941108365155224 0.201459723304731 0.120418243573018 0.0246437618312138 0.186079420646453 0.168870123546438 0.00596997477881856
0.113775371665241 0.122409125823308 0.148021500496968 0.110882654145378 0.0665449475199836 0.0800260145872999 0.113499881298758 0.137154535262109 0.107685969200954
0.0658708732107284 0.121039471200839 0.0568359809847686 0.139605134778358 0.182017262015915 0.0588193733985884 0.147335662648215 0.156535843183121 0.0719403985794664
0.0108065336975678 0.0768692965195072 0.148002227924964 0.163334878818118 0.10112201675237 0.147899039613436 0.0995601810845031 0.058131042899247 0.194274782690287
0.125362198369048 0.174720108386679 0.157591101884099 0.0273631338255104 0.178915863124577 0.0973842125072316 0.00961902248711721 0.0876758355746047 0.141368523841133
0.127513366595652 0.0995633716163058 0.153539289957902 0.0404155791321777 0.0550693548778822 0.136922812533785 0.00392227441310853 0.179952013136523 0.203101937736664
0.0928134734865211 0.173220665910004 0.11234183240524 0.0790188922416446 0.139000972628132 0.0421227177822518 0.115380393389827 0.176640741686314 0.0694603104700659
0.00478878135035218 0.0999535187566909 0.0361936776878237 0.0274738075391849 0.249302219615711 0.254552634038348 0.175103661871523 0.0331660340901031 0.119465665050263
0.106995318186438 0.105472740357119 0.0129300959096261 0.034782891414549 0.0944454083508884 0.16214582412139 0.123304214278999 0.178411816355446 0.181511691025546
0.125698535377306 0.0330223906569435 0.212413308364218 0.03883581469879 0.028605795726591 0.0494292496826428 0.20952209252254 0.256521759506535 0.0459510534644335
0.0699426048502938 0.0399478605348673 0.2624964655188 0.0126257873259007 0.0668569979911494 0.123379266436943 0.208384918780885 0.0222709522249609 0.194095146336201
0.131005463982638 0.103945402815376 0.105012577774638 0.117114084172438 0.0957108786853889 0.123313608775751 0.1407589818878 0.0955481457727401 0.0875908561332301
0.24978290310951 0.0879441892493959 0.107288906601652 0.0365287647775593 0.0378947101192262 0.149728905196304 0.14524153715643 0.058845384421627 0.126744699368295
0.0163487084984461 0.173643997661423 0.0335479880523014 0.149371305148219 0.146567607486383 0.040521965159079 0.0971701965146727 0.189186250401346 0.15364198107813
0.153687801881028 0.186206751406541 0.047421171549142 0.0673080278234409 0.0822773690787196 0.0407473378487964 0.135209229108989 0.14880857693242 0.138333734370924
0.00732193454577396 0.105157445843085 0.136910992767673 0.0554043532443691 0.18961992303671 0.0919077942066687 0.0877841607757519 0.231267373135413 0.0946260224445559
0.22848658910179 0.0122702616734749 0.0734266576012838 0.171557169308546 0.118636782242706 0.163627048234138 0.0820110045638365 0.0156536389741244 0.134330848300099
0.0980115847919539 0.135273222723273 0.126617088538744 0.0734430856720559 0.130348418061454 0.0322034499887347 0.112716141225741 0.155930705835982 0.135456303162062
0.257877749228453 0.101067591987614 0.0707970044103464 0.0307079255583057 0.154444857255183 0.118593670699102 0.0396969158938682 0.0990023148825211 0.127811970084607
0.0601224175331394 0.078470438810912 0.0103795470258097 0.138477877534748 0.124396775013693 0.168522062134825 0.111661294588981 0.208835166512302 0.0991344208455903
0.144244336545273 0.120255047418452 0.193156968133651 0.131736915779495 0.111973793416607 0.0313837810454741 0.0731402194886022 0.176487237973078 0.0176217001993683
0.0315997444241449 0.237638239445106 0.0978594107545541 0.18744177091364 0.228226304531621 0.0417181232248493 0.0233396294960137 0.00635945238306614 0.145817324827005
0.015080288965291 0.0969013464001324 0.179726897879968 0.0788256106162758 0.106686398828611 0.0532885775263944 0.146354200628578 0.150455380780732 0.172681298374017
0.114496186313876 0.0492389594404124 0.100733823173418 0.0446984997850352 0.200558216624948 0.0424057684607735 0.111615439155281 0.208698733093953 0.127554373952304
0.0684508221506628 0.0339123158306901 0.0505979970240297 0.169050439706783 0.0429892940280262 0.237141664454771 0.138476690961839 0.165846758438036 0.0935340174051624
0.118794821840078 0.125395951433328 0.107885915790503 0.114373756159038 0.131748430915515 0.125939134308111 0.139234005226265 0.122934327161827 0.013693657165336
0.205486031489319 0.148244515409679 0.127852008829511 0.0749405072842343 0.129980573129552 0.187850108710354 0.018914913858763 0.0854080598649671 0.0213232814236213
0.112323769756793 0.169886491121558 0.0447855803718925 0.0291699301243107 0.0297428750931322 0.235789494492709 0.046157849793366 0.115656183290625 0.216487825955614
0.114374239828295 0.0267290869592575 0.0132062646680924 0.162837622156384 0.144404718591193 0.124371538181223 0.167728286078493 0.134215871047342 0.11213237248972
0.018167251074896 0.0248385312438152 0.237073325291248 0.0547099666551323 0.256468074043397 0.0599014472581629 0.117966636687357 0.207802736453472 0.023072031292519
0.0823082369561289 0.259199085322992 0.147048419259452 0.0308701109759281 0.0145781176875646 0.154074629618864 0.23414457634642 0.0712621511990641 0.00651467263358654
0.0154597149390135 0.177090174048512 0.0192238066601049 0.195712909196521 0.0712209739079918 0.148105718884531 0.0457089159018379 0.259936391683448 0.0675413947780394
0.0841469527359922 0.00782848135937831 0.262918652172656 0.110979505029252 0.0536930745539001 0.149207613548862 0.00395770979767446 0.195007643471446 0.132260367330838
0.0916554711467462 0.115093321740616 0.0639781310313371 0.159794665817859 0.0938576934147897 0.146757756910344 0.0583116485055589 0.157680713672697 0.112870597760052
0.130076797648829 0.0843502500266948 0.120424317405998 0.101229400846187 0.194664190462164 0.129152638831452 0.0804403458597325 0.0245971281964453 0.135064930722496
0.0544298402078825 0.192364627950415 0.204673207587147 0.222557351750288 0.0334231384180616 0.0894092812249441 0.0681145522692786 0.0822107695096944 0.0528172310822885
0.121465464616679 0.0526477522688975 0.143101349156833 0.0462045371385092 0.164696166393828 0.137583331244038 0.102320511180424 0.0792812827947707 0.152699605206021
0.0256558636514065 0.169813966947257 0.199494452939267 0.177360562713195 0.147580545326795 0.0623924942359551 0.000112404076027537 0.0351695395374553 0.182420170572642
0.141114543859259 0.0790602895192518 0.167502520131532 0.114278777386413 0.148569890421059 0.107677943460444 0.172150198406597 0.00851245804036085 0.0611333787750839
0.0891814615661068 0.107335035947506 0.107998180398235 0.153348980078236 0.105575789161929 0.170799894939133 0.0846592695459492 0.124158903607779 0.0569424847551271
0.106349228323674 0.0678089210583963 0.113807751704416 0.140413677061761 0.136783361717994 0.0889274750782935 0.130925136060874 0.10630617661113 0.108678272383461
0.129935700186987 0.174360128366187 0.202417473243982 0.0170954173593685 0.103967829164013 0.0433324405429512 0.0905708791992942 0.12271100517393 0.115609126763288
0.0192670331582746 0.162595661510156 0.0887194777673035 0.128642348661174 0.121542173486512 0.158024177990997 0.0565651852293418 0.191635102899145 0.0730088392970955
0.121848100713615 0.149954654315842 0.109994198082621 0.151469194228007 0.0622968103450943 0.133974973748595 0.157974370685046 0.0553699929933558 0.0571177048878223
0.195024212982181 0.0104339863213513 0.153867377696591 0.17959652796381 0.0291105008288177 0.035673127404069 0.208917842914764 0.117956532921076 0.0694198909673394
0.0299330053528175 0.0748645555969229 0.189344863583535 0.0777208531360794 0.17991197660042 0.0201916332444403 0.154700270427785 0.192109886684625 0.0812229553733752
0.0268461004608617 0.0750486710808415 0.114547019793042 0.15972927548054 0.126338255225969 0.102605871861198 0.105963596440834 0.0755437860242138 0.213377423632501
0.00625263414953658 0.16345525824053 0.123867478922806 0.217817982452177 0.143649168157008 0.115338786878077 0.135259978286088 0.0303826971780267 0.0639760157357519
0.14547154218231 0.0685094579896285 0.107152881234276 0.119646144754597 0.158362799460849 0.0493182137862825 0.132624733042274 0.131899291514399 0.0870149360353845
0.0627962264808141 0.103696211646291 0.0198865702389765 0.219376164200368 0.100949533960772 0.240360031022424 0.145221536968871 0.0589697239825704 0.0487440014989122
0.0887489397736573 0.143247376984265 0.141507427044616 0.133173003529704 0.0895892333968079 0.156162037929664 0.110558090266203 0.00215073543066783 0.134863155644415
0.00324310960986012 0.0756432484999532 0.0551401237436347 0.215593049133768 0.0982500778504611 0.143499572443781 0.0156379005471889 0.206473395922156 0.186519522249197
0.113917365098269 0.170132034420406 0.131884435181425 0.0807690028033603 0.0541275617383748 0.16167796927639 0.165580509480937 0.0517432927630429 0.0701678292377947
0.278462095379384 0.138135212794975 0.0432497125898429 0.203973842143846 0.0187016152742354 0.0213638214843883 0.0129173592100453 0.0241016756614384 0.259094665461844
0.114923222653516 0.119582493369568 0.0708354073653745 0.0362966473781533 0.0718277114354943 0.0962431630636481 0.00491782482183473 0.187968913132149 0.297404616780262
0.0811000099602938 0.147737984683245 0.0926380933744386 0.242406536169711 0.0172422744318487 0.0336355456044708 0.116248638540547 0.00933326336960288 0.259657653865843
0.168853588906982 0.0776507859024727 0.115740685123611 0.117591083460374 0.0576917860641592 0.0220925226141087 0.225439803660762 0.00105379204244954 0.213885952225081
0.0986574475564385 0.0989577780507328 0.138485840792237 0.150378098169881 0.0274816813691048 0.139471037805885 0.134059701926389 0.0774289753830135 0.135079438946319
0.060620249212742 0.163439732081951 0.0446994019507753 0.153952850316058 0.112828207225754 0.161481612537071 0.134268818125474 0.162830642592853 0.00587848595732017
0.0245723800679544 0.149702830639649 0.0712516251305112 0.101782222850158 0.171389997072565 0.129621390633634 0.208744773111443 0.106182776722515 0.0367520037715706
0.0647673514886529 0.228722185481377 0.0523392946987598 0.0179676435691836 0.0406956070382939 0.206055533244045 0.109360500099412 0.181971833450288 0.0981200509299883
0.111887389468798 0.185030759920227 0.0459272912302231 0.0429857860785929 0.0480087000688863 0.0745132294796987 0.147779034244873 0.15645714452131 0.187410664987391
0.125511430492138 0.148592929583928 0.102481996878281 0.150821028295704 0.132672649389149 0.0208252447333105 0.0158651290093138 0.180373714825979 0.122855876792197
0.114806824774255 0.121289659409723 0.159445860263759 0.141768113168135 0.06424243713005 0.115395579905145 0.139706006587829 0.120208011955564 0.0231375068055402
0.0691376759237042 0.195993688721542 0.0824783190487848 0.252338956926858 0.191435223421739 0.0357432658719738 0.059719738708015 0.0687629728288305 0.0443901585485528
0.000851737452173334 0.0862759887983667 0.230408725739058 0.0151330334241209 0.2031533265884 0.111769909011372 0.0187893941640283 0.160100517310771 0.17351736751171
0.128962471657648 0.0592599088891948 0.155095414567409 0.0898903588714794 0.115649100492177 0.11425176742984 0.124273355305464 0.0716772953335436 0.140940327453245
0.202365692981966 0.134736100631241 0.115626236748852 0.0855206272584413 0.0492735752697979 0.126050403188785 0.168805066032832 0.0601076215516258 0.0575146763364581
0.144400233928553 0.166865750148055 0.13374333206756 0.119889385134292 0.0907798656304148 0.0726177112184621 0.0581497073925902 0.121393059158419 0.0921609553216542
0.138022143527423 0.059938840200976 0.0523428067635296 0.043300309849606 0.223488819978008 0.085234197109373 0.127321572355979 0.0512792272492769 0.219072082965829
0.125558245245166 0.138287791892305 0.150485646753479 0.139860319754366 0.153740960083016 0.0730441006597141 0.151262950343653 0.0264284308461296 0.0413315544221705
0.0753048931606452 0.16014111560492 0.0322827270313412 0.165469321018225 0.156535406789637 0.134016725210146 0.0505058715985384 0.00671696140992327 0.219026978176624
0.0746730648459729 0.0690272645386915 0.0602360410644421 0.0627606355219496 0.0764361283099888 0.415398860626959 0.0781284841315345 0.105579697416946 0.0577598235435148
0.14303814927876 0.135962434453114 0.0626673156079724 0.0204531368594674 0.11992679660387 0.112739718496446 0.0862787159683127 0.171843914634471 0.147089818097586
0.0494325278986662 0.0975896909679938 0.0804308500409086 0.214582418122629 0.189569502288744 0.0662158507924876 0.0768469144898428 0.0775958654219385 0.147736379976789
0.105171199629197 0.179164500181399 0.094086875930375 0.122100193123683 0.144161701823083 0.0810783216543485 0.21697667876756 0.0524040804275358 0.00485644846281915
