0.0126987244664949 0.20419072045273 0.0723567158856366 0.0484518528664686 0.0579218567405524 0.244087313736809 0.00264224222164678 0.0990635032471281 0.258587070382533
0.0631561370173562 0.240628403471464 0.0247236212275555 0.0939658654590315 0.0917581721990169 0.0310388244288806 0.218064503503188 0.231236707267688 0.0054277654258197
0.23577961789687 0.118218953790594 0.00428321373588288 0.0411767465831563 0.0596433368276553 0.143620392082454 0.0673902284776622 0.100724190884975 0.22916331972075
0.272210544675178 0.199355810258807 0.0678698436075556 0.232596329549159 0.0792471993475567 0.00979010779884576 0.0251200087263466 0.0802909620004667 0.0335191940360846
0.188070295565697 0.0604676463444079 0.274229268877769 0.0957499490803508 0.0537661191687197 0.128664618727586 0.0213033347766333 0.169159735114544 0.0085890323442927
0.159591218046608 0.111599889963761 0.218752896710041 0.205061419064626 0.0106424205444131 0.176512315692269 0.0777122506051185 0.0311007737367391 0.0090268156364237
0.128939439889149 0.0646820760925806 0.108172224620191 0.199701313508615 0.192408651456459 0.0238967685740717 0.200592102260812 0.0202284495865951 0.0613789740115268
0.0501258535397609 0.0920135535592743 0.181687973682115 0.0135707194359201 0.0140262321410707 0.111560393428695 0.179671139191664 0.161310720760061 0.19603341426144
0.116974868824138 0.163153970569786 0.18751481260388 0.0785597532655444 0.114253977609725 0.0397543820556706 0.113486194731277 0.172140728291152 0.0141613120488274
0.0935052460286051 0.261205480332556 0.0288978897262729 0.036546309201701 0.0639519303067051 0.249414254916368 0.133479612433364 0.104096239673959 0.0289030373804694
0.0949991493934552 0.00190242847580597 0.0885211962733154 0.153027646596186 0.111614163975731 0.134100434473118 0.133241421897494 0.122391727494552 0.160201831420342
0.158710316556041 0.205371131836111 0.0677488804200997 0.123023578530056 0.0753505595219053 0.0764743259858496 0.107403916115828 0.170117120374493 0.0158001706596171
0.116947127989976 0.106955937874724 0.161960688928192 0.205626551780398 0.154165586584413 0.14599185893658 0.0291948202866579 0.0195454728461414 0.0596119547729174
0.106612728220435 0.22824923378829 0.075764695291872 0.0648582239040912 0.119703483566217 0.244556033606446 0.0449666016601928 0.0834602128969825 0.0318287870654739
0.155376088427511 0.101064635756259 0.153731374615474 0.146646314354869 0.0103631067243217 0.0796579894906975 0.159474473651127 0.102640291058195 0.091045725921547
0.097744204964969 0.0399299048496661 0.101399614854068 0.08055379878012 0.242507421205621 0.0500497923012003 0.0818210236524402 0.249175602016833 0.0568186373750826
0.0276307604271812 0.0120763605701581 0.0830985028974747 0.165288398650946 0.154582864694033 0.155391084537255 0.12292028353213 0.125046432505459 0.153965312185364
0.136171708908232 0.156480610324885 0.135824046029335 0.0207261202940492 0.0231724110575297 0.215248908115947 0.236854097544761 0.06245671704721 0.0130653806780522
0.160975380594701 0.00231674516486177 0.151978395436356 0.100033437350238 0.0859796346463117 0.0927806071240847 0.128501272242577 0.103303829114513 0.174130698326356
0.176193197205516 0.187804930116504 0.153971569379396 0.0445949714657874 0.0757952569444709 0.185470656138295 0.0530481070987152 0.111343751055449 0.0117775605958674
0.113306153945442 0.130708744139342 0.0264400098462622 0.0804860155484535 0.130747523253963 0.321411891496519 0.0899946363715508 0.042108226337062 0.064796799061406
0.129228796528573 0.0497817920352194 0.139298251737786 0.178024641398434 0.174415845567846 0.0568026267717454 0.0122637520932887 0.170595873655399 0.0895884202117078
0.159141840645799 0.152868464442385 0.0388123898028609 0.0351847184410262 0.153822773605596 0.14503645830678 0.133157341453808 0.165152374618912 0.0168236386828346
0.235830670398841 0.0146786019345009 0.00258685490689178 0.0348811980758331 0.0556873440327116 0.111009363605192 0.210094898059012 0.0925426245205458 0.242688444466472
0.0439058143481691 0.100496259815823 0.05224423875853 0.0122171677502506 0.0341231385587999 0.167642863845993 0.185723749389414 0.193965198092055 0.209681569440966
0.180259766210997 0.13674187728628 0.183740092338941 0.0885035928863606 0.0359069832429719 0.000421530483583166 0.0910636140585718 0.124712348884411 0.158650194607884
0.0498517503634158 0.104420538113769 0.144063807905797 0.133836294224566 0.113719797149587 0.121984409401048 0.131020856066493 0.0421968997744948 0.15890564700083
0.0272200805958211 0.2171650799714 0.161675632092874 0.021066454882262 0.228671306401178 0.0685613691803787 0.0847562338827486 0.164318023065655 0.0265658199276829
0.108502213162878 0.113581805484084 0.136360680868779 0.11796508584263 0.0355409578042401 0.117648097901726 0.144359948259956 0.119817524497031 0.106223686178676
0.183254223846645 0.123127588524201 0.0792487757397493 0.0839319986939848 0.145940346730023 0.1314131315912 0.0103928955351037 0.0745463728990043 0.168144666440089
0.0727671442630935 0.0550439180488405 0.210911950983813 0.161354372449602 0.0974622441421463 0.0553215736368698 0.159406770440862 0.00550881517406377 0.18222321086071
0.163017028553107 0.0772460957833439 0.144167454183264 0.0320998718840255 0.0430707783143471 0.179382742752092 0.185662005142783 0.011951196011638 0.163402827375399
0.162582060782989 0.194307662210979 0.0906682656841511 0.0373434076547514 0.16891445025551 0.18510871580429 0.0944139527384003 0.0657839237344646 0.000877561134464741
0.116340999607239 0.255143117740546 0.0222924905491397 0.187514750372191 0.0300460718058503 0.103406654913645 0.0223082029075715 0.194790993887745 0.0681567182160728
0.154022084788777 0.115813274292636 0.149838662053911 0.171479063511886 0.159950061356084 0.119466680409886 0.0180022862688776 0.100426818191551 0.0110010691263902
0.154138678411459 0.0515189574444867 0.143295514179581 0.21235507798412 0.0949140947874368 0.0945751965100289 0.104830366683699 0.0599477768105031 0.0844243371886859
0.247447492671684 0.124363983419356 0.034837733840461 0.0387364924070378 0.0676122803599595 0.0559913687037703 0.0687901102442907 0.14687595692204 0.215344581431401
0.204521705920656 0.0243027827721368 0.0830434556208633 0.0957578856577629 0.105675589460548 0.0507003258986653 0.0259117206704609 0.211631003163972 0.198455530834934
0.072562771764957 0.1686774831571 0.0743994963340721 0.0720921104675751 0.0798756643208966 0.171996341057347 0.164029745184539 0.131093916797257 0.0652724709162556
0.172383788900642 0.16248960516491 0.215135536274361 0.00912267673883304 0.0577928578027581 0.0179355336453711 0.0377819469492747 0.158420798226496 0.168937256297354
0.171128026368636 0.117571862914322 0.0800824418209729 0.141003916949921 0.0171804781078545 0.085651375739546 0.0738605223955229 0.137535612614037 0.175985763089187
0.0695835413521253 0.146611247442596 0.105130305768091 0.0163908706883383 0.137983236089058 0.177235374503174 0.137510308619322 0.0915693179810376 0.117985797556259
0.169905132464414 0.29370906850437 0.112876443341061 0.0204173218955049 0.0987798985609486 0.0687355767615238 0.0969489343457662 0.124277865973422 0.0143497581529888
0.131497143059372 0.0337827851212609 0.129577003276678 0.0814824584197179 0.179731956986142 0.0962718379948916 0.101955379123752 0.141292759999496 0.104408676018689
0.01867940636317 0.181600301957748 0.102230151441784 0.0704478717484301 0.0655522650883103 0.174429190755635 0.166535383024011 0.08770688227182 0.132818547349092
0.0776594555952754 0.00971903474933127 0.187590670879305 0.0362622486533102 0.0614975336625785 0.173289487522239 0.203816902172306 0.15664458131889 0.093520085446764
0.0647212168408676 0.0608274431853146 0.2253292734367 0.156765912510742 0.14466295595873 0.210579128374159 0.01273964637519 0.0193401894347532 0.105034233883544
0.106423254973765 0.0486445067530778 0.16765767711639 0.124936655033212 0.124792335169819 0.0879408852422616 0.134558660679115 0.105536316810911 0.0995097082214493
0.176729340434071 0.140937939277618 0.242755993278399 0.174918971976899 0.037364866736057 0.0780764814856555 0.0232076888132842 0.0161479930756045 0.109860724922412
0.183283685041449 0.100165085395753 0.102523497950333 0.0249184065009975 0.227835727895425 0.315299229239924 0.0408630606233236 0.00124480792938868 0.00386649942340688
0.192986106266927 0.0906114972768223 0.141843259820924 0.0513001238732968 0.0377596824194283 0.113199207635796 0.154312164559105 0.199533284728342 0.0184546734193593
0.0365769504353469 0.149030980332074 0.108262037755886 0.109493314390799 0.169039700455044 0.0234224165169974 0.137650802594696 0.164853178236088 0.10167061928307
0.02546297282538 0.128453372456849 0.178407079961547 0.163548705385796 0.10675443528595 0.000845828871540369 0.209931643025159 0.127903037695974 0.0586929244918056
0.169245742472688 0.161962665179377 0.0303736832836036 0.116203671263353 0.0960914942699722 0.17120464163995 0.0952367335695502 0.0365240357410123 0.123157332580493
0.141261833882255 0.188012509963234 0.100808595902496 0.128670104867688 0.0335157619596696 0.0219878601884483 0.175118947789861 0.0684209396918723 0.142203445754475
0.127395944510286 0.00856214602814346 0.179138745622537 0.200840497249268 0.100325231471008 0.132735315557631 0.0885644415401557 0.157961586813374 0.00447609120759701
0.166972467502946 0.0773623852431177 0.01635535437492 0.105139655640594 0.0635367145491842 0.150768979587265 0.151536897279587 0.179244643769251 0.0890829020531354
0.126478435487536 0.0752368715107158 0.159929879818216 0.00956711556487388 0.131465564017774 0.110792069884106 0.197950496194295 0.0859858614802465 0.102593706042237
0.0138382109862175 0.0662227102836522 0.0724893254944376 0.0342783841901701 0.17058052455593 0.248912356308527 0.265601241904741 0.0553334078607919 0.0727438384155325
0.160748438304632 0.19126960585662 0.161313261186209 0.0900843093633404 0.0260887017630192 0.106482317551433 0.116781152201945 0.0225916277700101 0.124640586002792
0.169976452034662 0.0294209502101094 0.175827145644582 0.0621538743807939 0.177268640017854 0.0603055311745419 0.183778115215231 0.0852964648838433 0.0559728264383828
0.0393372793695039 0.182055580277224 0.0066267957104532 0.213541099812333 0.204047221507761 0.172016569376935 0.0593379362346302 0.0530448235182629 0.0699926941928969
0.0957845475564975 0.0212964030015263 0.0750966986150002 0.196847000299295 0.210068155737543 0.0170253544297829 0.119274586873553 0.138919387524143 0.125687865962659
0.0223613626839872 0.150730100292422 0.145658671276954 0.188859896339068 0.0476080912027371 0.233209272141986 0.0161508464909202 0.0354714753426955 0.159950284229229
0.160400797655175 0.0150256598371299 0.176628577182078 0.165892732752878 0.0179311070655614 0.108450052017052 0.126916038613027 0.0555492366157668 0.173205798261331
0.153892167955406 0.17524465260338 0.107270887409697 0.156438729597136 0.0622211084308261 0.166073891753958 0.0133835851068475 0.0654263801217569 0.100048597020993
0.135875144442653 0.0267693346322306 0.105452905017957 0.13357281630382 0.138137766990437 0.152471271798513 0.0396454565242574 0.154653875617931 0.113421428672199
0.112833591588278 0.0848522218774457 0.241231827855289 0.162004733761561 0.00552049617757679 0.110167758415132 0.0184702275406894 0.0474056417831442 0.217513501000884
0.100723216449913 0.0870233854422108 0.183038459281723 0.257934089749528 0.0339518060890388 0.00993453716659606 0.0786193697058097 0.172292140525515 0.076482995589666
0.0644542932726832 0.155987720316542 0.0320271169171586 0.15669983851137 0.0712594662244868 0.0460735233640518 0.182967379341152 0.159599007025112 0.130931655027443
0.0830796947280129 0.100535113542208 0.128074905391606 0.0577950104075938 0.217735931472646 0.292650885500166 0.0485006750926112 0.0319848028318934 0.0396429810332635
0.146907458651228 0.0518481201341663 0.100125160060664 0.150533087429696 0.107844937110923 0.11383595856854 0.0780652317550127 0.232666600934515 0.0181734453552542
0.16428631835381 0.143607978560592 0.0448869209301511 0.0936501702072066 0.0263493524802741 0.0150212702336482 0.112910502058468 0.168807810896682 0.230479676279169
0.0999106404458578 0.198844217705019 0.107419219548775 0.198941748646329 0.131289461112523 0.0313280175888285 0.00108772420929834 0.0925381289759705 0.138640841767399
0.132832475009971 0.0294048716981734 0.135404354069679 0.177211750859596 0.154563183419023 0.0213913954621571 0.0877316992658647 0.0661128667099006 0.195347403505635
0.0375239667510368 0.0889194126079778 0.181353693362044 0.0542193923114438 0.144987261606212 0.116824382279483 0.216570432279322 0.129932794689812 0.0296686641126692
0.0854037326101628 0.0971814300802842 0.055223566726076 0.207254091678306 0.16620095031287 0.000190986211879429 0.173819881706461 0.182027019263427 0.0326983414105335
0.0268967051630972 0.0978193495518448 0.221729198672429 0.12293515358294 0.124601951567379 0.131356158838697 0.174873625304488 0.00366543047371641 0.0961224268454089
0.0697274693884496 0.0612245715396709 0.0138849995784887 0.158603700910673 0.138471485029309 0.169715550572655 0.162870354345007 0.128266567914498 0.097235300721248
0.111844655261392 0.11357926148341 0.161211310275078 0.0165561783294227 0.029185649022971 0.186464560293604 0.142628006911068 0.0517318039298212 0.186798574493233
0.138286883483982 0.138992681241786 0.110183347318746 0.0706377975236126 0.137168141726053 0.137105968188871 0.13279637494226 0.0716600822755273 0.0631687232991611
0.0838633465249062 0.13172374270429 0.0588072456379376 0.111674657698792 0.128289447350102 0.0479438571670598 0.16369309332593 0.106419690727326 0.167584918863655
0.283193842248303 0.108386182653978 0.0109497590889818 0.197581243935889 0.0125974058367595 0.041039932333183 0.00906805003613959 0.324733778653254 0.0124498052135113
0.0905896321586964 0.0263479598799975 0.222790004610239 0.203453773981636 0.0832077261779697 0.0674937317537123 0.0138254524609495 0.197233777688812 0.0950579412879869
0.113905401505541 0.221946450216769 0.209617598522793 0.0663077180198782 0.000457515571538352 0.213870117907306 0.0450963981692394 0.0715721578876266 0.0572266421993086
0.149164195412193 0.216349667141966 0.0407953226885954 0.0538281313810031 0.0728210932276383 0.0521767303414457 0.211134708461546 0.128175011702511 0.0755551396431019
0.0375996186085936 0.235499311753077 0.0398380847645782 0.190377458995627 0.0848279426350905 0.157465558072479 0.0604144481791558 0.112315831589907 0.081661745401492
0.0341212102811616 0.13492724778373 0.0615927356811311 0.141816838213943 0.131323489381136 0.0717967514778554 0.171737747603076 0.117248573406337 0.13543540617163
0.115292624446633 0.0622639631486585 0.0646137616756482 0.163320762130874 0.125962445472641 0.202207355353673 0.0700289317253648 0.022902232207427 0.17340792383908
0.16972424086947 0.00316516195106407 0.0904326906284897 0.0477609149526362 0.131997993075727 0.0993019114795994 0.223697717877624 0.109480624979177 0.124438744186213
0.107100334269836 0.0171112293878174 0.183664788495879 0.0967930509221845 0.0984515185887618 0.12079789444482 0.233330465017922 0.101659041227889 0.0410916776448901
0.129784217002404 0.0732014235024298 0.058045584038831 0.0600451841971743 0.211281013224386 0.164411818351825 0.0360987634726092 0.182818693331264 0.0843133028790775
0.0751661797119967 0.159572850724885 0.191727472368414 0.0159400591797085 0.21792157769457 0.0135091572814356 0.000973748369140538 0.212809872310114 0.112379082359736
0.267885084011284 0.119896311693064 0.0234416504801195 0.0595267408068982 0.233146725319073 0.0625828700179246 0.017597379056993 0.0376094779752967 0.178313760639347
0.138944548531737 0.116684518336649 0.0587455933012759 0.142915116408845 0.0598855539771481 0.143914204768907 0.199112406554972 0.041526792250546 0.0982712658699204
0.160918233742152 0.136003897002734 0.129216279144645 0.0164689342597837 0.149269377205284 0.0118773146949765 0.0223635610198209 0.138389494737647 0.235492908192956
0.113736025217105 0.118398041956536 0.0987364175256082 0.0266903977548693 0.0799138859032888 0.176362180298814 0.109479553611393 0.126768155345749 0.149915342386638
0.0650450518305553 0.189451420834766 0.130270326248594 0.127156462604943 0.0727608756493531 0.0922121764979743 0.0395730427563213 0.0822823080734288 0.201248335504065
0.0258976014212944 0.186780464144103 0.0454412746713881 0.209544125882435 0.0544063741167747 0.0691560674187758 0.0542610069695924 0.131462108769425 0.223050976606212
0.133263369596662 0.041891533813448 0.0495650596120228 0.207650196366236 0.16319827849546 0.120688913657023 0.0979864478427546 0.144585503336872 0.0411706972795208
0.1170661088364 0.0280731662763019 0.0634046691793883 0.0791119605568894 0.0912025322197844 0.187095793774513 0.106335426763987 0.15241887261144 0.175291469781297
0.00129596041504347 0.0505755709460679 0.0865561166654878 0.119466102714152 0.133263957615224 0.167416166990224 0.12072263544749 0.0478988666982017 0.272804622508109
0.103963334351977 0.0850848044263126 0.0266343847823955 0.137928561270582 0.0918290154821145 0.174465268820238 0.211214764805318 0.0238105242234621 0.1450693418376
0.0236044129878767 0.104835709035828 0.165697670387317 0.18816904665417 0.0172665381676116 0.0423452964796339 0.229473605251909 0.187456577932682 0.0411511431029718
0.181164178986315 0.0433273076377897 0.0145929885599887 0.153690755896958 0.17281476465818 0.171511970201412 0.0125583008788018 0.182249174048005 0.0680905591325506
0.0804943371049847 0.157534563936103 0.0792015610433947 0.111985618797203 0.118969897392217 0.0378543907010547 0.121075031316862 0.147902771053851 0.14498182865433
0.276698991510337 0.0524531341309175 0.176147278581919 0.0859494260032176 0.0369571584337628 0.146820004760282 0.075060051143018 0.00832633786355844 0.141587617572988
0.0815694801166316 0.00558030850721165 0.211178592633244 0.0445697207724239 0.214625918674324 0.0657286087882418 0.205877955590305 0.124157603259372 0.0467118116582466
0.16823734569282 0.11900624493188 0.15081706150319 0.11766514930546 0.15623503644226 0.106977066178824 0.00842417123646065 0.060666382774961 0.111971541934145
0.133246815235174 0.165359215228735 0.138529453831446 0.152563727997865 0.0647406970156274 0.041292734921506 0.019210846329542 0.127663777377332 0.157392732062773
0.156683651746656 0.0962310099656124 0.124877135068578 0.170935669016462 0.173220054333485 0.00122771865866664 0.0858161173706426 0.0306598244443122 0.160348819395585
0.20348604354946 0.0916001413698177 0.115128176211128 0.0712021778941626 0.096736965712279 0.0779459276848747 0.152659279565271 0.166400284514612 0.0248410034983949
0.171856913096456 0.159523845059732 0.0863322427666953 0.165033123146288 0.0874540959913016 0.0803108673643835 0.0826402388972921 0.0321662450325247 0.134682428645328
0.322352531866281 0.077160080456989 0.21700452710812 0.127780383737996 0.00937454684093075 0.0718348744188251 0.0599984732512463 0.0359829996834793 0.0785115826361323
0.0780424311007759 0.122067803939737 0.124646659401384 0.0168967589994824 0.0600246765291256 0.20715415556179 0.196513298511641 0.164591974198403 0.0300622417576609
0.134302719779514 0.111030687565904 0.15147417334518 0.0302716982109143 0.0241017282377345 0.212854188778313 0.0748196916064598 0.151448881373067 0.109696231102913
0.176778773671502 0.0748328442316264 0.00212759392245338 0.138821478451762 0.12731949870697 0.0817418570571954 0.158580106491761 0.113842658317833 0.125955189148896
0.100414602871591 0.00211767611329291 0.219041034855239 0.160709722444504 0.0228103800435066 0.166019256057779 0.133547026222645 0.175132440255614 0.0202078611358289
0.109429231020241 0.0429588938557718 0.0852330753758463 0.126356877983004 0.109159854484373 0.183301872238953 0.191269787641045 0.025190885915259 0.127099521485506
0.0314117690430062 0.074316120905647 0.244936973562333 0.11774353246882 0.0202381499711652 0.243732778666016 0.041332157261891 0.0702628079037252 0.156025710217396
0.0216011541004461 0.0912694000485359 0.149789980112951 0.0948319282490592 0.165873561785489 0.1577499835237 0.0196139627383402 0.187182479117024 0.112087550324455
0.0577865574241859 0.0863672413160784 0.0682546537331756 0.1763891831672 0.135644192417212 0.168423846270023 0.169000458399725 0.0754582062122146 0.0626756610601863
0.040240336242749 0.152649228173027 0.173511288792116 0.0197647707917403 0.156678195392699 0.0632186670704008 0.135970197697657 0.0663757897233521 0.191591526116259
0.162440880239841 0.248924645117444 0.223878861035236 0.078530304240758 0.112672456984442 0.0340926835767461 0.0216427612204792 0.0950643929761014 0.0227530146089525
0.0991724371011095 0.122705108820698 0.189590256961583 0.203739972790007 0.0741882348222281 0.0152737302632457 0.0993875038992997 0.109031539086408 0.0869112162554215
0.0615075549015118 0.0568264011335798 0.0948774130740024 0.258107417441557 0.0441429024590325 0.063699132029072 0.041130202432598 0.305740065445331 0.0739689110833154
0.0864043264713655 0.0998351719810062 0.067433196645977 0.0474293220255245 0.277356448476808 0.25824482094814 0.0187672286339617 0.0592904880762578 0.0852389967409593
0.0529790149405739 0.0321051144706975 0.0562000701362869 0.0427392794501833 0.169262871001733 0.201128904886778 0.230522410713485 0.150100351922744 0.0649619824775194
0.0550036732923615 0.132308261775966 0.114391842057561 0.169999001636194 0.130514309688322 0.0515977516600102 0.139502378875432 0.00521667315700024 0.201466107857153
0.078700235705523 0.116960997452639 0.0569604620590405 0.148296771933261 0.0119117258230414 0.159119325725261 0.0814948338564415 0.147529404750728 0.199026242694065
0.0286475751938671 0.138412960146476 0.0621489669419628 0.153219788554928 0.155776212056226 0.0459959096808475 0.145180568883759 0.184638405552807 0.0859796129891269
0.00583282521641969 0.11070106081066 0.124505401650644 0.0490753529115798 0.189685631005952 0.20134748153495 0.0920758279705133 0.131158402875264 0.0956180160240179
0.0429184047636099 0.170899401143151 0.2084069303533 0.0814297164250942 0.133036590215484 0.0526361390196504 0.0130078386921522 0.161542796090019 0.136122183297539
0.131003610295118 0.19264692421795 0.103390052609316 0.05660999839441 0.0406859753391355 0.0722854152300501 0.0064508111061942 0.216166299285534 0.180760913522292
0.203829924165069 0.0859059603546183 0.172808253670708 0.131017068944988 0.0581472826557876 0.0807987916618647 0.201549441379754 0.0363991545609886 0.0295441226062227
0.0575079769386982 0.237966866708195 0.0621990969658478 0.0205563171640943 0.0905182553991375 0.0268020588080148 0.0912518869410787 0.239498832405484 0.17369870866945
0.0665129144376684 0.135724470267471 0.123031221922833 0.167702650204044 0.149368170203239 0.0492877727510588 0.121576489251604 0.0301955421929513 0.15660076876913
0.154518691639572 0.0827045325107502 0.0921773754380205 0.0281356180633609 0.0367910864395017 0.0651778710880869 0.14560413853628 0.241695580315186 0.153195105969241
0.17460444327158 0.100021116740059 0.137747886134041 0.146186899046207 0.0470505488714636 0.0270982934347155 0.110775087257348 0.123008422006277 0.133507303238308
0.103383591855039 0.032546791115847 0.090513838074345 0.139333985471856 0.149850212856905 0.11904381874543 0.10097373267843 0.146426892882325 0.117927136319823
0.123817148082713 0.0386015809606194 0.0340984027682317 0.240212488991929 0.0823227870727577 0.0908986885581168 0.0324841140193996 0.136459073799997 0.221105715746236
0.161119982919872 0.118428969368595 0.0723122990932992 0.130834815938058 0.131674158513974 0.0624283168682473 0.0059963879159216 0.151763785647694 0.165441283734338
0.0437541159481823 0.158795000809859 0.220963329955858 0.0389491683126727 0.0767676538372768 0.195398255265481 0.0159312450176479 0.190183280316774 0.0592579505362483
0.159273855153111 0.210038376746419 0.0355039018077579 0.198841510195778 0.081241204629692 0.0116402694128982 0.187296770467438 0.11422428764339 0.00193982394351683
0.108840246575923 0.231616937727326 0.0593614963312886 0.0417777442124503 0.0681702981135741 0.205824614324517 0.165025803309579 0.097665228210023 0.0217176311953186
0.0871125263950126 0.0524584253853606 0.170715705711053 0.0581861795830416 0.0864350189748567 0.165792469030862 0.0037220427358073 0.173623398374165 0.201954233809841
0.219185819023493 0.0304867575259611 0.0261802248952443 0.203367437316079 0.0634600718363568 0.05233203958115 0.134827645204156 0.241282986527248 0.0288770180903125
0.0361825489697017 0.0986792060189846 0.0174260661459519 0.21980323536386 0.0307044462535951 0.212615820666893 0.197661066997999 0.153257985490178 0.033669624092836
0.166140066332532 0.0851755946079115 0.147692157564751 0.0657360876129891 0.0714210953549507 0.0957643709479057 0.094809325748431 0.0822647709483903 0.190996530882139
0.00621840823491208 0.248183606692968 0.0535751008234055 0.162912969930874 0.0742778130514543 0.231092235027359 0.187287824280863 0.0217406995447651 0.0147113424133984
0.00283182735688121 0.141365607232926 0.0872783693116907 0.350665983595358 0.0643430915686529 0.0540784384644614 0.111529209164448 0.121858130326754 0.0660493429788265
0.154606761225456 0.134626623027983 0.277117443555217 0.00499978365490264 0.0819656893625456 0.0885125272359359 0.115981857530764 0.0454147855127416 0.0967745288944531
0.0676656349705923 0.116160965920914 0.123557077466681 0.0190345228035556 0.0640385775636416 0.162945855764572 0.188446719599337 0.104053198446099 0.154097447464608
0.138616351813059 0.168632437959396 0.144477681982356 0.0772816677405613 0.141885243179104 0.166164218185273 0.106723693236405 0.0259873936119603 0.0302313122918847
0.156551164338457 0.111912949876485 0.159305202018141 0.117502436230808 0.0451750259076283 0.0075308259989184 0.0643520004748831 0.140210581396495 0.197459813758185
0.00284023186312155 0.157324092699455 0.272133894605292 0.271947256560647 0.0507861909452934 0.0779567911705657 0.0702293110696637 0.0153993408639626 0.0813828902219993
0.266344572417742 0.109030456669975 0.0662386886777659 0.140540201487248 0.174429688123624 0.054064582683823 0.044010331839575 0.0562658496887572 0.0890756284114892
0.164839183130361 0.0779877077880021 0.022974811438327 0.197639983901115 0.129099680106499 0.0352757104553046 0.00914296587582983 0.154229813257684 0.208810144046878
0.0774188154927768 0.132446085215916 0.0224454394491444 0.220047453195698 0.057742351058552 0.0727827685722936 0.0586550701009888 0.203271902405585 0.155190114509045
0.211004680396347 0.00404013763003619 0.211327049803787 0.100425235190353 0.240633598242347 0.0690889293256705 0.0286197949719442 0.04591047880406 0.0889500956354548
0.0563702452698405 0.131022902916815 0.156681081937149 0.194364753340021 0.0124816869415739 0.0313641699664141 0.133700230423362 0.10187558125244 0.182139347952385
0.0956195782798923 0.167237483166272 0.180797830097799 0.111328653916615 0.0462546035366899 0.167887920554261 0.0437920158162917 0.0305441344393225 0.156537780192856
0.118433295589514 0.0450858469385312 0.193393821151803 0.15625969889866 0.179922541700514 0.0102086181162031 0.0889129960758423 0.0423367873109471 0.165446394217985
0.125856220003496 0.123490145301972 0.0187641723888569 0.170499275209955 0.143156153277049 0.13852265331027 0.167588602194823 0.0431775504383077 0.068945227875271
0.0722261826360259 0.144568250806347 0.0912508775719129 0.0639636525363234 0.0302826590589363 0.20960334426011 0.0833018594892484 0.222523576883419 0.0822795967576776
0.0195394789119258 0.165504354513538 0.199546301132532 0.231583086617782 0.105532710051419 0.148247217313091 0.0210083361725888 0.046997263071643 0.0620412522154813
0.0541847902069351 0.0710393191058768 0.110418638236938 0.0169921335223226 0.0272626032183035 0.255428510439331 0.23796382738916 0.0704774718152914 0.156232706065841
0.203749248937015 0.0885721853565943 0.16468496977193 0.0178853700122218 0.157010298490757 0.143735488996926 0.0425482229339724 0.0390636761239339 0.142750539376648
0.0709739828136263 0.0176004212810004 0.167178339820478 0.0402662147488653 0.191143953613412 0.121842462649153 0.0679468855574046 0.204344353448271 0.118703386067789
0.194052644288248 0.10604725274777 0.1058059868767 0.142713596159529 0.0547132840069223 0.135343972394458 0.113277354724523 0.133576966287565 0.0144689425142843
0.00455424960734569 0.00193280020648682 0.171542615777181 0.297697792446797 0.0244212413247834 0.145012915004526 0.0276811243134568 0.215048536427654 0.112108724891769
0.134334243828401 0.169137259107854 0.0824384495491515 0.00635433828261605 0.0555723808559391 0.0576017396912717 0.177697165011428 0.105140009745928 0.21172441392741
0.129121066069788 0.0181080662919135 0.0875468655293661 0.0506784917082276 0.196820604368024 0.132501153850368 0.0612762673053638 0.163458857297449 0.1604886275795
0.0115830097721974 0.211822072202288 0.0906859715884307 0.13022918974404 0.0421786064593742 0.218096052478523 0.253689530378348 0.0395509610006675 0.0021646063761312
0.00658826345297263 0.162426912451684 0.163558206771539 0.0215796168402388 0.104859788633106 0.183858722918949 0.110697549822986 0.14033805249472 0.106092886613804
0.0485086456334666 0.244206444648211 0.119515027478742 0.0179611310429845 0.138013021901291 0.267553771646229 0.00845093170368881 0.147560288856673 0.00823073708871405
0.186305380146306 0.00655996526693955 0.00140755014583264 0.124109163437704 0.166592924165147 0.0843979243852523 0.120053222313045 0.130405976326551 0.180167893813222
0.0879435454213485 0.209812441344923 0.0921472492828382 0.0288708101644975 0.142662310927969 0.215299064402004 0.186278333301839 0.0241981030010312 0.0127881421535508
0.0238689224354341 0.149723655074063 0.132803798931853 0.170593190666693 0.256469485532313 0.188475810165406 0.0391996965859202 0.00968097884641768 0.0291844617619004
0.156625287968963 0.0533021787104814 0.0663762417503393 0.0671413190717119 0.117488601229457 0.0983380903044582 0.167265583304753 0.122313830455902 0.151148867203934
0.0332511911007727 0.19236846107235 0.0107233409965072 0.119076403813224 0.0958399274462388 0.164488512801848 0.0201296250065684 0.0884789835645724 0.275643554197919
0.0202301297255766 0.0366844115643024 0.165522051785391 0.166891053085789 0.169980909742848 0.0850169700677059 0.0434089622280189 0.15303182316885 0.159233688631518
0.0250601485943276 0.0401733060500151 0.215122844788441 0.187637825069364 0.173424084982503 0.0988852475774131 0.064861710894085 0.16587200380076 0.0289628282430914
0.154238462707081 0.145469547130277 0.052352965053493 0.0421923342336216 0.133339656973684 0.0570742842879648 0.175835154693201 0.112337222921658 0.127160371999019
0.157289146592305 0.070895623253318 0.157276171794392 0.0425511881002826 0.0545537304062656 0.127138067048837 0.141046079478134 0.162086718416588 0.0871632749098767
0.0454240929216964 0.0646138959717148 0.0824146424984558 0.147768463370293 0.115536874951194 0.145106081497705 0.137605073481598 0.117059595648744 0.144471279658599
0.033271736404541 0.0882974981316654 0.20124000913515 0.133676714527123 0.162954986654371 0.037644368553324 0.239649685529752 0.0393901406750032 0.0638748603890704
0.0674233026146324 0.145151819095895 0.127657076287082 0.0437270583016241 0.0905271595880209 0.0985993621155243 0.110935997994729 0.127923030645792 0.1880551933567
0.100097902603099 0.0750771148345746 0.123236414903579 0.159841673302273 0.0462857784624982 0.191125566515906 0.111326396055323 0.0216993196275519 0.171309833695196
0.178903519458004 0.107010903139371 0.144115182659774 0.0731492180734574 0.051699603888581 0.0765080277978324 0.151027908501134 0.0534472178508754 0.16413841863097
0.218787549238983 0.0474694807960791 0.0925077433358062 0.170860260540427 0.196198653836009 0.044660190773841 0.00234118347171569 0.105424250033375 0.121750687973764
0.0426740761421657 0.134912632518772 0.0864498832266313 0.187761875277216 0.152184247263385 0.152782228318495 0.116698210286809 0.111827907197507 0.0147089397690193
0.0191445887249605 0.17979795319095 0.158981948827447 0.206614372174313 0.062170927475471 0.097714067743997 0.163256228917593 0.0555503517323372 0.0567695612129307
0.0591556752393673 0.042506363869821 0.199817116658127 0.0899174171715421 0.136342259929676 0.204109195853531 0.174711527902869 0.0101792478365052 0.0832611955385614
0.137070975253716 0.140135179773292 0.0643438753107696 0.104753162160751 0.0857077740916012 0.150473345951918 0.133188048594113 0.0923372126988012 0.0919904261650381
0.131333756361754 0.107345495035788 0.175206547415078 0.00982411823766609 0.0930472379693607 0.058181868791703 0.164053687499013 0.0931248382677505 0.167882450421887
0.0796761736547733 0.187928775141206 0.104199189713321 0.1581139566599 0.0616488701943661 0.0507161529727261 0.147289307042141 0.106376246290215 0.104051328331352
0.0276948768368307 0.0699566368663849 0.0294841531547157 0.168384848249848 0.10814302278829 0.231796491075463 0.174681456328786 0.0143744312445043 0.175484083455178
0.214186158270067 0.0424033922795057 0.112135427512702 0.0846406663622086 0.133280479430661 0.0327043217453245 0.0580733416801673 0.0958049632471379 0.226771249472226
0.0565190991287203 0.0871563063205745 0.191583733070298 0.105560874236608 0.248488481871573 0.0602169795493303 0.102602207647293 0.1048968585486 0.0429754596270034
0.17350185149812 0.0321886596476358 0.0378415811939134 0.112971333117283 0.159129892950544 0.0971768190942341 0.13045162964369 0.124934087401015 0.131804145453565
0.0803220362229554 0.000210237662340728 0.171808334105379 0.0389681154183038 0.172208472383094 0.148454710188949 0.123290438990812 0.161094989108398 0.103642665919768
0.151830435945896 0.138131699365585 0.111960074389537 0.130123323425087 0.114751040719367 0.128339311539378 0.0531098527468809 0.0492568237205578 0.122497438147711
0.118297815878067 0.0900487263352229 0.0231024098834463 0.138415068458075 0.154859903433696 0.124760800421432 0.1513249010555 0.0571050209014107 0.14208535363315
0.0711976292809727 0.0127898179828135 0.0538749264959295 0.204617422875239 0.0972170830833439 0.130729979266817 0.138728732644234 0.131177010411644 0.159667397959006
0.130149262879112 0.177648292203908 0.0403606064205612 0.197536012780663 0.0218356907634911 0.0184750569282331 0.136125731310355 0.0814796947200393 0.196389651993638
0.064454563600599 0.127611389617619 0.104275329657369 0.133035897335939 0.0223624139145963 0.048781652131094 0.172579550572902 0.192240826312341 0.13465837685754
0.0308821844385768 0.0102188888266934 0.212965288513178 0.0176921203142528 0.184571296675154 0.0150240204161338 0.240229053708123 0.04742601788849 0.240991129219398
0.296371858363456 0.0666882869684242 0.0587507568799718 0.123837638956913 0.0442978793112602 0.00471318824337019 0.148150177573321 0.0973807953763236 0.15980941832696
0.100980846349955 0.159242534322801 0.0318787751649411 0.127694020637533 0.13548389373417 0.150540988981231 0.0894096837787352 0.129083364481249 0.0756858925493847
0.140555772874317 0.124994268850458 0.128735676815655 0.0699570961267511 0.0928891193718836 0.13865884499226 0.129211992870299 0.0841177487868563 0.0908794793115194
0.0722393704907471 0.126856132135562 0.125988367445239 0.132465577284061 0.0916606540674564 0.0478472220720105 0.160855197148846 0.106793137474807 0.135294341881271
0.0689720851920451 0.201490478929539 0.0634970334025775 0.198274867327592 0.0107880662397963 0.201282594690423 0.0368480415326127 0.215046285097696 0.00380054758771839
0.165714466752002 0.0751701987895978 0.144955619335261 0.0115356281086125 0.0140506879729738 0.0994976472664694 0.159493823984553 0.137653246329752 0.191928681460779
0.182573405579752 0.00850372842101624 0.00295674049607783 0.0475163259562428 0.157733366729219 0.112374488157306 0.172445787692534 0.150098288445648 0.165797868522205
0.17074174321054 0.257676140643375 0.00382380253777165 0.0837618429407934 0.0846659926586457 0.0714145663617432 0.0789510550814613 0.012094454436084 0.236870402129585
0.166012399115889 0.132843235239607 0.0107898753236302 0.133309833454297 0.17663864592486 0.0453901779118653 0.0313079988091261 0.128977295512488 0.174730538708237
0.272843380925725 0.0060298535889958 0.138940700695548 0.164816355904215 0.126750419535678 0.0438577502082676 0.0920734994243788 0.140466362203125 0.0142216775140673
0.136786317655045 0.113828863136161 0.0402192825688699 0.0743044846378741 0.104345369001258 0.150836772911634 0.173325983386051 0.135623363074507 0.0707295636285996
0.261158812017514 0.149747840241585 0.15079171733902 0.108302170275378 0.0417923039456954 0.169768671764153 0.0610040799885718 0.030560040475785 0.0268743639522972
0.0471535454018907 0.13465940002038 0.0693641024276931 0.130795696139928 0.106673918985645 0.136209913713407 0.146597141179087 0.129968126555118 0.0985781555768515
0.218232001562138 0.111448670022385 0.0248035231402174 0.110223312773833 0.109923267816758 0.174174665212565 0.0930718500615216 0.0818810899512087 0.0762416194593751
0.20585829762489 0.0137257006236627 0.0930823922755233 0.185540274625903 0.186260519617132 0.168200260375745 0.043173272002117 0.00252725613493336 0.101632026720093
0.194036601786125 0.0502904792772908 0.187767993192445 0.0209496895985871 0.141499562719188 0.00454599520422078 0.0577838930692006 0.214670544703639 0.128455240449303
0.19942040027886 0.0332033465477793 0.0170592051610991 0.0568381547230772 0.287870210062394 0.141200335270838 0.0919147767459613 0.0631302146558047 0.109363356554186
0.0596258172198978 0.0894162418195071 0.0898825784693071 0.0993408312319999 0.0828741661946691 0.137202163201728 0.158484371443472 0.173229584425927 0.109944245993492
0.0593212832013678 0.164079422739869 0.101261863330735 0.142105930347461 0.122415168248733 0.186009701429204 0.0653686795505407 0.0389383341331914 0.120499617018898
0.245860568317998 0.18260471233074 0.0362889673181731 0.0893710508102975 0.151855744156134 0.000876473528149168 0.117994201676165 0.0276071728507786 0.147541109011564
0.0405556147739936 0.117490474209355 0.129432281194615 0.0879957651697539 0.0317968968766857 0.154318643066775 0.105451291487923 0.168199111479767 0.164759921741132
0.0103139737767498 0.193545720848407 0.141223603572539 0.0573587801867177 0.205712400426528 0.0185675876984753 0.200744416762046 0.0324523969678373 0.140081119760699
0.214714203836466 0.106182008736414 0.0753738921871923 0.0258893102021975 0.0850831279117342 0.216088183911417 0.0529335921017763 0.212814206681398 0.0109214744314053
0.15980379522327 0.0321292486316602 0.156978349113256 0.131641215804211 0.0051485477530399 0.0616878703258011 0.167793627764533 0.137136400411659 0.147680944972571
0.158805907246205 0.215735984731607 0.0484399147840985 0.119664865207065 0.0892592838668426 0.100160021013763 0.0675382823682674 0.0611957804191951 0.139199960362957
0.151014288692195 0.0749165342023227 0.103768346406893 0.171288879337448 0.0368446743195201 0.0136446008281603 0.23275127727834 0.0732525949069818 0.142518804028139
0.182654567449227 0.0966686024527349 0.0478612987121366 0.161257891939636 0.0454900374860636 0.122613671916289 0.0132907352931867 0.157342532981488 0.172820661769239
0.169182544894647 0.0503568492296336 0.255055239799097 0.118927675384554 0.125588045154837 0.0466751545916312 0.04090311633684 0.182893300730821 0.0104180738779391
0.0842734233537975 0.0199206229791618 0.144692034859632 0.196138248159146 0.174467194787601 0.0429270666764706 0.156465446228175 0.109040973596783 0.0720749893592331
0.172580474315287 0.0463658107113881 0.000439192146607763 0.180424353555802 0.130279508419577 0.139603241174833 0.13149930409966 0.151035606486451 0.0477725090903954
0.183046180650609 0.0291334995295054 0.202708337865986 0.0563499277627214 0.0470365746669925 0.090599650958014 0.149268532715998 0.167549872102287 0.074307423747886
0.146307422801809 0.101272140143392 0.171246398690599 0.180596225138237 0.00424480725414478 0.0673827226036293 0.0247921322757489 0.166968452010694 0.137189699081747
0.0322955697494104 0.0413868938807049 0.13095960351265 0.0643342561446259 0.237529843563286 0.174259745398231 0.154135236194951 0.0927220108097994 0.0723768407463416
