0.134017285541032 0.176319475269697 0.189859774676932 0.0253295901163894 0.182126916352662 0.0591033095191618 0.00790839583722752 0.0510641361149491 0.0959431710464171 0.0783279455255312
0.161185243068518 0.0603128643893144 0.0142081794756171 0.0154460994389207 0.142554496917451 0.159680418063782 0.116803080744024 0.106476184106891 0.074489302383114 0.148844131412366
0.0976878963011814 0.0491972475679983 0.026531576020142 0.157520327914873 0.166078548448312 0.0936615663210733 0.107017100904272 0.106840034565492 0.119763309335535 0.0757023926211206
0.200050325182655 0.0844696468483919 0.0288398962993704 0.074901777639107 0.00934599376395953 0.0962811110413639 0.142216453647778 0.123257656231345 0.0357522847251365 0.204884854620893
0.159601825007401 0.00943171265489845 0.127347995986513 0.0114325108350597 0.164064759665408 0.141098163952167 0.135333205434967 0.009831650651698 0.0783974937009303 0.163460682110957
0.0981885831197823 0.0229883033083098 0.0227805449971179 0.116018632261027 0.125288659480754 0.139187445715445 0.108693270778412 0.136607958571525 0.134282543459714 0.0959640583079114
0.0846785315686655 0.172341874965392 0.130989629887021 0.0733726380403956 0.184217675451962 0.0115075168865768 0.0729472531156859 0.0791696352010932 0.139280368403352 0.0514948764798555
0.0260967551276929 0.144322960347897 0.14890764459512 0.0835141175817018 0.0778572280555817 0.0992806177453605 0.0396533776336377 0.0774982659366419 0.124451647484517 0.178417385491849
0.143998693674732 0.0975857041213657 0.0558370596982709 0.129803004418819 0.118929855224178 0.0750371840081741 0.0494958540810372 0.0813850852887121 0.0528015632660757 0.195125996218634
0.0531383245286908 0.154598735405059 0.16799365404965 0.139523166453411 0.0213018196046114 0.0176768980083597 0.152952702776961 0.0899041607367512 0.083878109423599 0.119032429012907
0.0826246854869285 0.0639880165591439 0.082677333748291 0.0623018652519665 0.163954013193392 0.117096567768923 0.160425464576378 0.062473018592087 0.0401173100950008 0.164341724727889
0.226457335470598 0.0853460282740686 0.122727532288776 0.00853039866976598 0.125716208090283 0.0409284501400347 0.0254098477034452 0.105333225642422 0.103460911694825 0.156090062025782
0.17960649366786 0.0289065409575749 0.168616273410619 0.0815654763371278 0.0139336606920632 0.078215783328405 0.0111175281795497 0.155115165248212 0.13101680999234 0.151906268186249
0.133555236729379 0.131018464462109 0.0200523917737473 0.101736584839155 0.0897519175098635 0.0186806952633636 0.161007052493377 0.0667499666418461 0.106362584727069 0.171085105560091
0.132050813665088 0.114195828723845 0.110218527303977 0.144566078361829 0.143028591845364 0.0219391505226169 0.113263507680769 0.053310425514522 0.104370260631061 0.063056815750928
0.0983983645070336 0.0600010466573453 0.166772113553979 0.0667213731052283 0.114772224254948 0.00394367459730006 0.186016454815823 0.0176169477325593 0.16755890409825 0.118198896677533
0.0751075517319466 0.125275912264535 0.109242910335748 0.213213651429751 0.0868189971296276 0.154438902670639 0.0987121686796458 0.0379019260928936 0.0132206711532192 0.086067308511994
0.0554598226394225 0.206116084180095 0.0244525641540469 0.00459614533510579 0.220730754044125 0.00846294929645749 0.00303692428510396 0.182080085602272 0.0679451753114614 0.22711949515191
0.0667934656656692 0.069146514175358 0.141976598465093 0.134035661805224 0.0657486148496161 0.052428734413261 0.171900537799464 0.184713722875152 0.0536342201109645 0.0596219298401979
0.0987713580380081 0.0823310717571655 0.0409212610960097 0.173338447168468 0.0713479822138383 0.102165011699116 0.132995410053299 0.162594450204315 0.041768135022819 0.0937668727469597
0.119320982970651 0.115837185188884 0.107117276323351 0.0710328682612925 0.120624973230317 0.117498569331727 0.114175528028085 0.123987171453433 0.0932065476587908 0.0171988975534694
0.000374471567217966 0.084210230897541 0.0100226627197614 0.149103975750197 0.0864671716101736 0.0147640418104188 0.198527309702976 0.113353532776308 0.179534282187645 0.163642320977761
0.00964294495945086 0.139366969601863 0.160861606706641 0.0100024978439281 0.122113395944007 0.0631676449395054 0.15890670480659 0.100123586662066 0.116183543870295 0.119631104665655
0.136366361594561 0.174728042208627 0.0833071936945249 0.0272070407773451 0.132350931968991 0.0783997445597667 0.0278305283492625 0.138595996096838 0.114448405478968 0.0867657552711154
0.117686381906011 0.141230074199036 0.140662035946064 0.123980163039543 0.0607532946369494 0.00171726555295028 0.0338066581054301 0.130312934682084 0.120893174877239 0.128958017054694
0.0920169934992188 0.0399407061217007 0.131798634399878 0.170239158421286 0.0829712480435018 0.112281031787537 0.113091418346097 0.120927198837807 0.0366341387854565 0.100099471757516
0.0590171977035243 0.103746430870019 0.0726491329091943 0.133907018931444 0.0265176236497598 0.0556142672471954 0.164940902293986 0.183687540869305 0.0280437154259709 0.171876170099602
0.165048145599085 0.178548778256032 0.21368123184009 0.0623587470958494 0.201953831469217 0.0187575307996125 0.0810959712423764 0.00943747453596169 0.0688870117139014 0.000231277447873647
0.0484592360083574 0.12409251408254 0.00935832789161671 0.101268975818976 0.150899901967497 0.154674623678347 0.0137493049130974 0.168950719844252 0.0955905456670321 0.132955850128285
0.0360134876691507 0.0213259290298144 0.136106493294969 0.161554849949187 0.0877687544893738 0.148363552732715 0.00509585821616741 0.11704093333992 0.0964470390646918 0.190283102214012
0.112523308602668 0.185508092750944 0.0149749559686918 0.170004334757249 0.075671921303775 0.0761331463406009 0.181727724940113 0.0322552610873142 0.0451119751601687 0.106089279088476
0.0441864178716926 0.13055104669469 0.101278983635295 0.0309929018574168 0.110584372169813 0.174003880147823 0.0455905625321301 0.0166657990198437 0.173173959031301 0.172972077039996
0.139765929452301 0.0657820752785791 0.0936825422440601 0.107381801378491 0.0668964878970287 0.136444084032445 0.0368658125636869 0.0483588887921211 0.115876358275435 0.188946020085852
0.10463878914357 0.0414518045955498 0.0482636733858291 0.101908830815546 0.077415434859576 0.064741489591387 0.136160576839169 0.130492354556898 0.154099020394216 0.140828025818258
0.0107543358266187 0.0326338097538683 0.221605233862656 0.00845734084680861 0.00107479043655817 0.269073561479679 0.193807972783608 0.0293614840489565 0.034402806326406 0.198828664634841
0.0811498766153076 0.140410482433785 0.049125475788555 0.0156999167291306 0.0237850374149698 0.0591446683434476 0.126831351972389 0.298390505679032 0.0768699064178308 0.128592778605554
0.0419910816429159 0.149686146277384 0.161216506603984 0.157112204501077 0.0719369280133036 0.0192063643359477 0.0264404756075799 0.132374565407724 0.149489204932437 0.0905465226776472
0.0992998663691826 0.0669218103751163 0.191690716257045 0.0801884177390922 0.0205364979405071 0.139005616439699 0.0103914423068584 0.145979875536903 0.185460259744674 0.0605254972909224
0.0020214134789872 0.166526868220272 0.163855708290242 0.0012426976576074 0.0283187893074608 0.19495179806674 0.167037775293192 0.011702239706481 0.159279894024685 0.105062815954332
0.0914880791835421 0.0987532122689638 0.171574554104317 0.0420987205685666 0.0633666974556994 0.153697586639801 0.100689141125379 0.065963956660628 0.150560269392596 0.061807782600507
0.15324835100363 0.17274914101675 0.0229471735650778 0.161598554063662 0.110206744582395 0.0126447476741838 0.0770309616218747 0.124698535088571 0.0139702906617355 0.150905500722119
0.12900254331235 0.0521917328099219 0.133331694459237 0.199139799685318 0.0256186253723608 0.102385453996138 0.0618129593704786 0.0393301625184437 0.178376151165745 0.0788108773100068
0.0190513498858215 0.0660660216745589 0.127072242518451 0.108289121057651 0.253269325062325 0.0463323865564792 0.0140884618265398 0.0627905785161142 0.0734228794161047 0.229617633485954
0.0222033848104386 0.227216141993071 0.0274284653599648 0.161197507997251 0.00471413489691499 0.0361778254232724 0.137576933312889 0.0855268025847587 0.0997963151544975 0.198162488466942
0.064264170390705 0.159300898060132 0.0728742982880656 0.165886203653637 0.136654287815798 0.0557818568383413 0.0348872900908745 0.0685524184976395 0.143263662957416 0.098534913407391
0.0514881033819311 0.141990506713587 0.0589741583540065 0.0524453052784426 0.0864400313834065 0.186218175477429 0.155968939163136 0.106338452590173 0.0761152360932354 0.0840210915646528
0.175445475178794 0.0757408524146077 0.0362148752649179 0.0318539836013809 0.193711441590539 0.152037471288361 0.124281601720425 0.0514950580698582 0.0354340392273572 0.123785201643759
0.236879835918903 0.0705746965389476 0.0184139458847333 0.0922216996503238 0.102972515863962 0.0932278877121359 0.17663604638116 0.102842200457491 0.03678257157019 0.0694486000221539
0.0357597974658597 0.23286672125397 0.189703138189724 0.0623234264068929 0.0814759112043388 0.089549451463207 0.082957172279921 0.0940468696803625 0.0732256104452599 0.0580919016104642
0.161810356910464 0.12069817700413 0.0168847969721227 0.174573406852768 0.168349261747125 0.0771996491565461 0.162738203757078 0.0555821909593479 0.0560104102162882 0.00615354642412964
0.0765660021440423 0.0760253138782121 0.00906276507907118 0.0449742992748253 0.155557800460177 0.190147064763522 0.148390779856352 0.0724237853634875 0.139099532581885 0.0877526565984254
0.0863621788148652 0.107517529791762 0.0466561242049641 0.144968000755911 0.0686297990562084 0.115808783182836 0.116947222320219 0.0360689037794854 0.106827400257874 0.170214057835876
0.0996741105793125 0.0627888063255014 0.0418744954498703 0.109568317146206 0.174067220956209 0.160762166661608 0.0647439867405921 0.0674320900320056 0.084648985638102 0.134439820470593
0.124157650219019 0.0470965811349521 0.142988450696035 0.0570592547870529 0.135991916826991 0.0759663217738548 0.0841037874845229 0.0901804179597499 0.114188948210245 0.128266670907578
0.0203805195422261 0.0627304723336732 0.168563834068722 0.0642376924460328 0.0975946286478066 0.048198033269585 0.245891283143195 0.108097423377771 0.136744636755945 0.0475614764150439
0.118754070940396 0.13823836569463 0.0105658792926743 0.166791238693962 0.141079043301561 0.0213229570313922 0.0478364130890447 0.132833704239921 0.0711469311752649 0.151431396541155
0.0105999185373053 0.148289684390894 0.0184302130766188 0.110832665140331 0.173969802939067 0.00938809731397476 0.278361533060075 0.0056893752417379 0.0836726897884114 0.160766020511585
0.0752553629542498 0.0631145434587849 0.156928356579798 0.163147333430131 0.0099345637999065 0.202378214605797 0.0102368769224796 0.154192276646303 0.0678955931365828 0.0969168784659675
0.0593895697670225 0.0808511844647788 0.0793099524875753 0.0681164916895123 0.152520483196627 0.100356499328761 0.00452292819321862 0.108166619924852 0.132624170551667 0.214142100395987
0.108451852449883 0.12727391876263 0.0689631206124575 0.00236835697836999 0.177072723551839 0.0193242994390586 0.123106692214729 0.134221259349785 0.0831370428095258 0.156080733831722
0.147495160209827 0.200964585064095 0.066849819812096 0.00433524044893196 0.131873416318141 0.164797265385681 0.134402029174747 0.0491692187698829 0.0915348182282383 0.00857844658836033
0.0860551321863081 0.125872922498857 0.199147676563191 0.0414209021094841 0.123717623935662 0.112724476608405 0.0799785665634756 0.0263930800246999 0.113545396256515 0.091144223253402
0.0786784484086896 0.149214712185006 0.170134649840639 0.161086072996736 0.0120298246771213 0.169268119645933 0.00652559416507325 0.181469151865701 0.020591866112251 0.0510015601028479
0.108160200249642 0.0891887896395511 0.122713555278597 0.00577949608543928 0.0993035894501751 0.15814911962162 0.114468775428146 0.0122679169769324 0.156354421430343 0.133614135839554
0.069883717004737 0.181659806787666 0.144862299345131 0.12597922828446 0.0396808948301477 0.129377744222879 0.0750408518319961 0.123987871233896 0.0976125068563059 0.0119150796027808
0.116976825772731 0.0250275584434325 0.0840281942912742 0.0410984703717666 0.0458030024212256 0.202059349575191 0.0390412077960314 0.0986491882207214 0.147528707456225 0.199787495651401
0.149433071545017 0.0163105732312316 0.158731847314066 0.0675972230693755 0.0890243086073562 0.0462818523730339 0.119325966808398 0.0738010971705544 0.17069776108959 0.108796298791378
0.154588017616687 0.0122721742653487 0.134808315727176 0.142555494116417 0.163312211295565 0.0354725324997533 0.118424509803673 0.017810319238346 0.0797004433607199 0.141055982076314
0.0449460965357029 0.059523430372566 0.167588281210313 0.0352386784389721 0.129335861578548 0.180715799793002 0.0631590041085485 0.114828136145534 0.0548850572546834 0.14977965456213
0.111712008120288 0.0879949492664393 0.078327928872758 0.121224483740575 0.0233930452539441 0.111006902681493 0.0686335698917669 0.123750291399361 0.126133472087985 0.14782334868539
0.0126848969192086 0.16822982901914 0.162364391110511 0.0541730011687157 0.189143539040952 0.0138802816770286 0.0650973772874952 0.159158763126671 0.134317167691281 0.0409507529589972
0.0990096026422523 0.0313596624633761 0.167056928790913 0.115601660916563 0.0177420970339218 0.172424062360316 0.0427756062281787 0.160784186433499 0.0987881844725839 0.0944580086583959
0.011630242699512 0.0380069208491344 0.219118448868134 0.174089580973917 0.0210322359944968 0.00841151992821506 0.0646440924860047 0.0312875951015779 0.406888985137848 0.0248903779611611
0.00688058476451844 0.155113388221543 0.0610869515789332 0.0376246715700688 0.115462953849552 0.0274754482974975 0.145988660777281 0.186178677056545 0.100585949056196 0.163602714827864
0.0778391339407379 0.00510830929893927 0.031740577932221 0.132911629410376 0.147554804539999 0.21740809836641 0.114278841133917 0.0660576282191023 0.0666051527700926 0.140495824388204
0.113711078346289 0.115258920947346 0.186200953039044 0.051401886827087 0.0972330996912995 0.153708566086438 0.0851130799214814 0.0507913172177869 0.0842821080164339 0.0622989899067945
0.165111783244131 0.0831965825222611 0.0733867635540699 0.089345124705329 0.00663409090667339 0.126843284531253 0.0970475564064886 0.148296156497068 0.168977363863668 0.0411612937690577
0.0984876276278079 0.160137923572257 0.0625905063449209 0.146414695889619 0.0441378378932873 0.0299455304549244 0.172742146966144 0.0510369081490876 0.17601962145897 0.058487201642982
0.0760227338978766 0.0519608282423299 0.143063954430029 0.174418928677083 0.0775210020620313 0.0680066419351655 0.0121046807196602 0.0842398504724504 0.164598960888466 0.148062418674908
0.0596421779625652 0.137953819975411 0.0896358847999015 0.117781824168311 0.129063145106824 0.0903255860230802 0.100659880656787 0.0836631254685466 0.0322462508737063 0.159028304964867
0.17526879994028 0.0286793549645624 0.117112444257856 0.0443305495546796 0.141255401276172 0.0913286383709803 0.121851394155144 0.114308323978158 0.0164707184189704 0.149394375083198
0.141184484257587 0.0818924135730253 0.146387219002845 0.0741228648172753 0.0455644789692961 0.0136199237766253 0.163839101844941 0.0756683847499113 0.138469366219073 0.119251762789421
0.129801572763821 0.13112122407008 0.193829272523008 0.147264203333271 0.00390936424048057 0.00708368659459017 0.0955891722128464 0.158737173071488 0.0822616359586236 0.0504026952317911
0.0682716395843691 0.120810588713847 0.0669854773927469 0.104545550709598 0.0875373836371474 0.112207416688213 0.0689519409993146 0.0594152169779446 0.166979041364865 0.144295743931954
0.0681944392226706 0.175491063482516 0.0618029024133846 0.185761293490906 0.0362005522305422 0.053201246281546 0.158702373565427 0.0890543409937053 0.166202673011268 0.00538911530803412
0.123796576421519 0.037028251059557 0.068316764755632 0.0903499143813395 0.0130597145019431 0.108548878898119 0.171182286672349 0.125285992781129 0.153526837626893 0.108904782901519
0.0875277138709143 0.142488101118967 0.197307208961797 0.123005968360579 0.0448041422434164 0.0327306871239521 0.109010994823873 0.0706050989178367 0.123194319765144 0.0693257648135207
0.0493692740170557 0.115631727056828 0.0871555057585108 0.0304796941390063 0.103484138321297 0.111737132846626 0.0921511238284075 0.146654908159393 0.149592139634203 0.113744356238673
0.0322083409933146 0.0581665782311906 0.195997744684138 0.0238849497739189 0.0278526196722005 0.177834512989123 0.0834602210897566 0.0386980262461999 0.198116601536686 0.163780404783471
0.0233403085972483 0.029620183040347 0.113415066643595 0.0857941412518669 0.155175716254613 0.126412712562157 0.147512572184788 0.0711268280421909 0.144943386678246 0.102659084744949
0.122677559232589 0.00581142974483121 0.0141206203934506 0.18852016783741 0.145137016046344 0.0397980402574469 0.0607550618185937 0.246423879846744 0.13398179740755 0.0427744274150415
0.0132359382478347 0.224024721424035 0.0147393345491958 0.0301935066176509 0.00723512400208701 0.249716543954246 0.0915453435868378 0.235734520318363 0.0359177357093828 0.0976572315903668
0.127455946778805 0.150152275133558 0.107917684454114 0.0390241379435987 0.0197148033559336 0.0954497521872937 0.157481121655624 0.0619164861539098 0.19001244768904 0.0508753446481226
0.0289453620446786 0.087531469165527 0.0119116224614961 0.0931173445782761 0.124059618307937 0.0505290891359367 0.166729035625065 0.156784965482521 0.167653306844911 0.112738186353651
0.151504621119156 0.00174633602866586 0.0803009275584491 0.107236062909171 0.126582989419426 0.0939837977941815 0.0748797976100786 0.145707071214042 0.146673740828883 0.0713846555179467
0.123314401311862 0.165910956515497 0.0930488421333584 0.102860528663215 0.169665832970225 0.0841086634754568 0.00433430854068591 0.171441436061268 0.0200941091821721 0.0652209211462593
0.147282798409541 0.0578495304404528 0.126682907317027 0.0759047576869793 0.0973505046231979 0.0776543113043697 0.107543381974666 0.104044278905778 0.0922878830890507 0.113399646248938
0.0642221891470967 0.0436010898193835 0.113529383006593 0.0634675313200355 0.164980185079863 0.0561924093229195 0.18312102713859 0.184638509152798 0.0265351569098663 0.0997125191028553
0.171767170670651 0.104829368477727 0.0593750075649378 0.101426888303471 0.131659266836494 0.0701688088624565 0.0807944250678886 0.0938696018470919 0.137590576669533 0.0485188856997491
0.115772519998899 0.0723570297657062 0.190641297188079 0.185364738700954 0.0935361603125795 0.0925337321636357 0.14468793859598 0.0063541007666811 0.0965278216004614 0.00222466090702369
0.163957547149641 0.138810309220125 0.0567939866373327 0.160555196462444 0.00413753129783503 0.0700262968940476 0.0893423270328383 0.107782990564188 0.0803714446854764 0.128222370056072
0.0909555427043078 0.192462900369405 0.0869070506623041 0.00866022716084739 0.05354256518647 0.0524070006703593 0.118263406029657 0.182341165144387 0.110815528183648 0.103644613888614
0.105770497798651 0.0384367626920481 0.14828421426652 0.0585427078360095 0.0614588123007765 0.228633985065991 0.148040096163823 0.02734575630975 0.107905950525401 0.0755812170410308
0.112267152576396 0.063543482769425 0.0352634542467511 0.157252288739872 0.132813808098976 0.183879630564828 0.0894866406562968 0.1556315433267 0.0175947315909921 0.0522672674297622
0.0184789407839439 0.0716116106444307 0.179042178537117 0.159025986625429 0.115905008282371 0.0486702249963223 0.194018157783681 0.0638486841820872 0.0485732117586028 0.100825996406015
0.0819960186968824 0.205922739643428 0.0567442876365073 0.040607515269476 0.121570546156715 0.17970639068508 0.0881190299766426 0.0348748462059567 0.0397653534933726 0.150693272235941
0.200237738551978 0.0832714503575503 0.0170612893362801 0.011405359468905 0.197874093063643 0.0310642806706383 0.0240370019560917 0.194542657220328 0.0324688148761755 0.20803731449841
0.174856440159596 0.0460001751619999 0.099659446807345 0.103603775467944 0.0870623726425396 0.157005018304379 0.171813993306408 0.0084673275183989 0.120087773028457 0.0314436776029322
0.0398441517999707 0.0208903137373941 0.016804530923919 0.0734013786126551 0.237676122815064 0.0428042388447749 0.198680134502423 0.2102571335783 0.133621115486348 0.0260208796991502
0.178285777850349 0.168064376615317 0.233109989696813 0.0467554951106466 0.0703285753663449 0.0594730758847296 0.0841628082536318 0.0472791583930672 0.00452626055401111 0.108014482275089
0.0917830742505546 0.12000152992609 0.180882062956886 0.0547746843511946 0.0199261015830592 0.189562362966244 0.142323850840743 0.0114073492966465 0.0399714301935907 0.149367553634991
0.247980595667919 0.00169027265159779 0.0387371859753734 0.0209412838223535 0.059247614059337 0.155352912726917 0.129046811646576 0.129333929340398 0.161800793461674 0.0558686006478545
0.0874055551736334 0.132849584550893 0.124843214549874 0.0196171447564488 0.0805989136299832 0.129314229344767 0.161801688995563 0.0118359847428106 0.122912828322668 0.128820855933359
0.139301892118939 0.144181806126232 0.0333321495319596 0.146651511076468 0.0688852908404529 0.0707638403077434 0.0301991901644647 0.147967833829658 0.0856384998375678 0.133077986166515
0.0381160013575354 0.224879517871283 0.0239428669308675 0.211985968435314 0.0108190566579306 0.00318123607325419 0.219613067317551 0.0398575318596461 0.227379613609561 0.000225139887056977
0.231686150536917 0.183270604059046 0.165105933721404 0.17080118395692 0.119767044676532 0.0233970882588127 0.00854686803493443 0.0192910312998364 0.00864304468615356 0.0694910507694437
0.0169964613594011 0.0840129484358428 0.0128008935013626 0.197794696531529 0.0977721849586255 0.0444348903155746 0.0417135398936586 0.21301640308884 0.0653137123240872 0.226144269591078
0.118572041474336 0.0516453661718035 0.0968479811426361 0.0518868481548506 0.0482188091329606 0.167348766405242 0.0265065958455124 0.0279718931132106 0.200477490039821 0.210524208519627
0.210822128310881 0.149334830012173 0.0297832924880294 0.0204684833997034 0.130401042793629 0.0907079698256108 0.0539692269059644 0.109516656760754 0.193831714937035 0.0111646545662192
0.0457117549262725 0.199845313605374 0.0304001456661542 0.0884017703083171 0.160849250418445 0.118074553969605 0.10138939483378 0.0305426570299861 0.0858273345153889 0.138957824726677
0.0810882880162352 0.0517077464021694 0.0140537692461506 0.0457523240034547 0.30008632868913 0.257170745959786 0.0255931264105919 0.151119295505938 0.0445431591431023 0.0288852166234412
0.245286958244633 0.0602906794072898 0.0160820348281041 0.0634655296144897 0.0774343642201904 0.000935260726732477 0.0450098267805758 0.168395732291165 0.0254452720663792 0.297654341820441
0.109244629226009 0.0521912337007285 0.111332612822408 0.217345752863403 0.0890383340456995 0.12787225508825 0.0606543394937837 0.188599544141503 0.0234739311814789 0.0202473674367359
0.00522991705991426 0.0830877374232721 0.121168590442246 0.228216111645609 0.000471159245790234 0.199084808797167 0.205402267808848 0.0523217774919795 0.0102125726610837 0.0948050574240913
0.128061039154866 0.077609626444772 0.0169367303127375 0.125672363609928 0.123185922512492 0.0676113781076138 0.152618463046007 0.140144480229146 0.0379522498619647 0.130207746720473
0.0543579372835223 0.0892835597309506 0.15821693889458 0.110586130055613 0.104216439622522 0.145882051252077 0.0851602589309666 0.0604654968063911 0.137391953687378 0.0544392337359979
0.105611610570075 0.22372241858566 0.172082798173294 0.0273323972169574 0.0674855228085647 0.0715640166137739 0.0453111124505148 0.041228160534301 0.193944113469176 0.0517178495776836
0.076207041078369 0.145162150014252 0.177156187821189 0.121210780214674 0.0702462378364421 0.0795529450968461 0.163923650550975 0.0373850545825886 0.00693704124137642 0.122218911563288
0.0668007556511695 0.0810039930026183 0.0120814664534767 0.142845915258716 0.150303369166295 0.12232196583696 0.104818167051856 0.133439788211643 0.105451488612465 0.0809330907548009
0.0181240914765748 0.0182817278300481 0.0957659347238 0.154525215161002 0.174753373173974 0.0994448486715884 0.0432569151704033 0.11032104996016 0.10293699295599 0.182589850876458
0.17732906132311 0.13236567253609 0.103100619173899 0.0341997814118236 0.113537017503809 0.147611817268497 0.135408638621076 0.126206546881577 0.0253783297259091 0.00486251555420899
0.22359158631291 0.12829674967391 0.0473315846662903 0.03065036433733 0.0623895221549036 0.0556225588544749 0.150772539514266 0.00618509591338145 0.144424731259029 0.150735267313505
0.15718598925729 0.119462092256772 0.0388353816110847 0.0747313769820674 0.00568504875862596 0.00908974099316827 0.0625099047374997 0.123433105593458 0.222372979980786 0.186694379829249
0.129192579327973 0.120703745995138 0.111916427326002 0.127421099233986 0.11616204353118 0.10520328400809 0.0744550091769689 0.056550429653257 0.0096965765358461 0.14869880521156
0.0489534382725169 0.0977747723704053 0.125664471755332 0.170743507455165 0.114541675280765 0.0117413740810366 0.107897169937939 0.0243883190353496 0.119610617976883 0.178684653834608
0.134929375879746 0.0964518182717335 0.0573588899800986 0.124895260400162 0.02459732070521 0.101069273812872 0.0934369226957761 0.0762233531985673 0.169137853808968 0.121899931246867
0.169800777558896 0.1287638126012 0.078497982751894 0.0767754839476205 0.177003727052537 0.0416059427096856 0.0292221124765475 0.157685912798092 0.00310424908019957 0.137539999023327
0.0891732683831493 0.20926848558444 0.235078310333752 0.183131291559197 0.0463781066065542 0.00950295788236391 0.0681946550746175 0.0847986669877351 0.0586810777934813 0.0157931797947101
0.130193209395334 0.0373879746373716 0.0946628425668863 0.128828335364212 0.0955856074474061 0.0352752192183097 0.113316614960947 0.111456454178724 0.13967107912488 0.113622663105929
0.179038117956619 0.166202959113223 0.085978682379579 0.126321395208167 0.110128280165605 0.0226484690987308 0.150947512247028 0.132141592114618 0.0255788456825886 0.00101414603384209
0.00786520466943907 0.117888527380075 0.0984415421535492 0.124418029799822 0.114774056752583 0.115501035099659 0.108407643490077 0.114938222542435 0.130169569849783 0.0675961682625775
0.137316700897984 0.143865961108268 0.0573711880323784 0.00674156717199324 0.046831521594474 0.103380962872476 0.0956103693206255 0.190200496050001 0.0821379064597296 0.13654332649207
0.04707902120717 0.063301100612874 0.149717155470226 0.178152956733603 0.105107011460085 0.133527637057879 0.0933908410879924 0.0119071108919993 0.183401885562874 0.0344152799152966
0.18235114843823 0.0602276585113196 0.124792303762837 0.0221485483849154 0.051218783149422 0.0791007653860348 0.116679346168258 0.233091917314761 0.0334595920193494 0.0969299368648727
0.125126044978409 0.0773937929559387 0.112168981824683 0.15632330589871 0.0790851300536516 0.0646949204731673 0.0403926151274632 0.174614157455135 0.0420445817640128 0.128156469468829
0.0488405368057176 0.124154295397227 0.0503982254529817 0.0549415734632057 0.0260005997778583 0.112636186661216 0.131486944027914 0.150812962623031 0.122462195554444 0.178266480236405
0.136364545839946 0.010518973892689 0.109522086649279 0.0404962256212017 0.141580079919417 0.161287656354972 0.0954835197599194 0.109282349439012 0.130268763013289 0.0651957995102752
0.20694622450553 0.196474057015937 0.0198516554091409 0.0620594322675246 0.0349970700091208 0.0447119867921678 0.110001224238634 0.00845863138814391 0.0907337658115659 0.225765952562235
0.0802871884060934 0.115562176941765 0.185398724023444 0.125418048323821 0.133542966938499 0.0784882404512804 0.00554172326507991 0.170069550642784 0.0158653394424192 0.0898260415648138
0.0551927846079498 0.0147560536949143 0.0822426608178096 0.104240944180296 0.230444121529597 0.236019637183929 0.10813941680879 0.0605234140973767 0.0401440965189038 0.0682968705604327
0.0871650923485706 0.114075997830369 0.0136052214220836 0.140026797420161 0.116901011214356 0.105376992275298 0.07492945837134 0.0466332442938422 0.169591646392332 0.131694538431648
0.13432731511056 0.140713611179651 0.0661347649806292 0.12762919137596 0.118187512880409 0.115879612925938 0.0850992480666726 0.000428054100912474 0.0648724835082263 0.146728205871041
0.0673398778155469 0.0906247941397304 0.228816662525649 0.00988652455361224 0.0945800579763782 0.154272226912664 0.118036917875329 0.156724010845509 0.0552052442642276 0.0245136830913528
0.0540128087938335 0.0879493196133496 0.0684231166347616 0.0324706054739442 0.202262288701907 0.207800407790655 0.0940509964133531 0.12654174782313 0.118619714438403 0.00786899431666347
0.111397628792702 0.145085377605946 0.0167155793344942 0.123976763480258 0.106074812667021 0.0920305080486541 0.128464075399131 0.0967450925655507 0.0551985330696795 0.124311629036564
0.0419131304983356 0.108637742266982 0.0583674892608178 0.071875322684814 0.0470112890844468 0.101534660530115 0.201460226851878 0.0970755538769391 0.142427556746034 0.129697028199638
0.0575363797369375 0.0626877460539519 0.138907050559083 0.0286797259584948 0.179072015942537 0.0926388456507218 0.0556326325203333 0.141246211583141 0.12168990508613 0.12190948690867
0.019257722326803 0.0272531220860692 0.188701811442757 0.0670476438282367 0.157830153971857 0.164868863743643 0.0443900859008961 0.223863263082774 0.0373492285585511 0.0694381050584135
0.0982268197573532 0.096217456465052 0.0968810212363365 0.0571786600683954 0.153735693240211 0.072045334148518 0.0544567608850051 0.12942173481089 0.145437276736115 0.0963992426521234
0.0630867994807744 0.107649888618395 0.110711454596309 0.100510031380196 0.0106036465817089 0.118390853905724 0.131825344585026 0.0675800807493225 0.170312610778742 0.119329289323801
0.075916343346444 0.132512585997879 0.0851937381319115 0.0205854924994128 0.258765407609553 0.0382228861997058 0.127788897654223 0.107823971340656 0.000208396411220271 0.152982280808994
0.170631087583519 0.0356402533718857 0.162121172420053 0.167052789149218 0.0100752320489199 0.00877270599144919 0.104246593562041 0.146394852475598 0.0637479303342848 0.131317383063032
0.014704826419321 0.232225996741435 0.146630741952654 0.152686025223412 0.121330087434747 0.116722677805067 0.140282427223057 0.0160161321796383 0.0150471841793856 0.0443539008412839
0.0234795159067051 0.126703285542702 0.135597408863648 0.102612704959653 0.123157867516881 0.026229998301979 0.0623607689819509 0.145066812123431 0.132213698547122 0.122577939255928
0.0929991200722011 0.0992670354627862 0.0949571950400144 0.128420862491709 0.103549185675652 0.154901738340804 0.156088917022531 0.107135248858768 0.0479985819744033 0.0146821150611307
0.00123123244230511 0.102299702902672 0.125366727151878 0.0208924029827536 0.0101767841277569 0.169438590275089 0.114808734044904 0.101042820311827 0.19200371038101 0.162739295379804
0.111480884108165 0.0577620998050388 0.0324957248812148 0.0354538536602827 0.0453104019607259 0.171560454044706 0.0800842287208947 0.102552065221393 0.168582024191788 0.194718263405791
0.215834066204377 0.0168724378899612 0.0571596053816515 0.0437843418204473 0.0528672779258381 0.202321686959867 0.11798141380207 0.132445637313974 0.0743914260279892 0.0863421066738253
0.0982059579925074 0.0271578031856956 0.128056225031224 0.0201198532911169 0.197073075849981 0.134890354785426 0.0607911269898751 0.0965697283046695 0.186791321257914 0.0503445533115908
0.099464032285595 0.0889762820099858 0.0690193621264627 0.120843001230244 0.0485222753364881 0.110085038385835 0.12825604176758 0.10507671516226 0.0997587608255658 0.129998490869984
0.00920408840527938 0.0202359267132295 0.0130310646663527 0.239496957966078 0.0486487714468297 0.0689763160005675 0.240017244806549 0.0424630932310556 0.173824092115725 0.144102444648334
0.0518148933665218 0.0120625196526602 0.253069294237694 0.181290067875635 0.107435598537914 0.0581892093027257 0.0557725349801479 0.173863556382367 0.0226635418096931 0.0838387838546418
0.0014234387487492 0.162893653229202 0.115135730146441 0.0919298816975849 0.0501712764499732 0.0920022041836493 0.143755449874353 0.148921463383164 0.00730007016519821 0.186466832121685
0.105307928508617 0.1694944241786 0.000783311073878524 0.0398313608157692 0.161796465911336 0.0926613624329003 0.0792970643287231 0.155168844207485 0.046493050961398 0.149166187581293
0.159188212419544 0.129392521529409 0.189671633242879 0.18953642705297 0.0914712334393532 0.032967536988949 0.129017463024676 0.0605698052084645 0.00293734843493699 0.0152478186588186
0.199569839465784 0.0718441379017147 0.0621390456836203 0.00139119178433099 0.155239880105349 0.0995894600212237 0.0753175060519413 0.0605331302730029 0.0727161124674848 0.201659696245549
0.123722315267855 0.145400537578259 0.0572783006608907 0.122529575388236 0.0980562257119547 0.00808709098998239 0.200272691972909 0.0421306597956 0.0366470117499221 0.165875590884391
0.0728380754844333 0.0568286933619265 0.127985715785833 0.109416111806711 0.104015645265514 0.064805055903093 0.151436252023619 0.152997942871459 0.0496947701867266 0.109981737310684
0.088553427711055 0.035726173628498 0.0649276994362706 0.152641812870825 0.0770810323050779 0.179887186233011 0.0801193507829135 0.192373807843497 0.0827442670948712 0.0459452420939815
0.17839742378383 0.0428894685988005 0.0253487894889519 0.0474539565368573 0.109035969392654 0.153526165367016 0.0162117164099032 0.0936732529263279 0.256789083435003 0.0766741740606561
0.0917741736790305 0.0465628575136225 0.145213247885728 0.111471740299721 0.134137480690658 0.136095629610521 0.0842655068073694 0.112531094645969 0.0769258299499778 0.0610224389174031
0.133410127868173 0.133707096398666 0.191272077979454 0.135744897711603 0.10296348359251 0.0335932188171361 0.0587845178850521 0.11897248965558 0.0145977232552961 0.0769543668365287
0.0747969436472799 0.124572509165903 0.006882545210568 0.122542063661755 0.149116247633951 0.141381451274014 0.0793891791194341 0.0292633484594736 0.134267116426748 0.137788595400873
0.0491701230386457 0.0669719207587816 0.035181398182905 0.156203879911011 0.114265787186143 0.0933177162415886 0.0608893167358626 0.154438173699094 0.125381356003139 0.14418032824283
0.0852563120669774 0.148454240640199 0.132271655208451 0.0761130471417739 0.0483809396161258 0.0544376357586529 0.135741653644483 0.0840552468920387 0.154207288268732 0.0810819807625661
0.0990168504851696 0.101619533181094 0.0798484012070058 0.0789763073261248 0.151534619352211 0.112467874474815 0.129448420291933 0.00274744308656126 0.117703125094793 0.126637425500293
0.0445077839178214 0.138784694262993 0.0814979513923668 0.153149811061175 0.0981639101165966 0.0270106016306426 0.126841181625295 0.0620377509206729 0.153490967201544 0.114515347870893
0.08957515775553 0.0496567538710801 0.153632440096293 0.0618540854612359 0.131491974603239 0.0717469749728234 0.024469846917732 0.170380973003662 0.0695484641202721 0.177643329198133
0.0545393295606559 0.0381892350495893 0.148609481464711 0.118569857587961 0.150966552824299 0.0601228577374163 0.100311358336077 0.153235939062959 0.171073165483465 0.00438222289286545
0.113419810001853 0.126181887155731 0.146766209262329 0.136476925481536 0.0043157877614697 0.0357321627916094 0.116866124557339 0.119320397684551 0.076523201930374 0.124397493373208
0.116017587269951 0.0519388448854834 0.0151511931382285 0.202142227434785 0.109439032361675 0.0707780137130045 0.0838253502308189 0.195302417116965 0.0430886461014249 0.112316687747664
0.094918009477694 0.0843710049011985 0.148929755216732 0.0952271929226613 0.181410346516725 0.00909086867833378 0.00996151297477247 0.191637008420509 0.0671315861520605 0.117322714739313
0.13644401743203 0.0724155174147423 0.125550088048726 0.117332230619952 0.0154218078742616 0.0931636597065625 0.0887545927770892 0.0753676604611078 0.122779428876535 0.152770996788993
0.0397581160215973 0.0604962567886993 0.027215655320796 0.0879305352047821 0.211733145698866 0.0174858040074834 0.180871080554928 0.176319799686013 0.0189064585739601 0.179283148142875
0.175132172732484 0.0488352297032009 0.0723610198614798 0.0435585059543225 0.0348307977920034 0.0699474178181338 0.109377659437921 0.141434835344146 0.139658114932167 0.16486424642414
0.168559976631611 0.0662423803256618 0.116132134973589 0.0926133505272707 0.0734369789378889 0.057072497919888 0.165540657471371 0.133464375923038 0.102399872415566 0.0245377748741173
0.188432354015561 0.163603143137801 0.0116946370883987 0.0539075873291234 0.027910283129599 0.0717376075112558 0.155959466348506 0.177089869422397 0.103244522605075 0.0464205294122829
0.064794124722657 0.132565722301309 0.228132551871353 0.0459164317623952 0.0448561182151213 0.283605206359402 0.0263460778042929 0.110881400175685 0.0246527450512605 0.0382496217365239
0.163293832342043 0.134904901048817 0.160468866045025 0.00234336829405796 0.0234381966079833 0.136206854558687 0.178430184473648 0.11492920189861 0.0248769126046215 0.0611076821265063
0.117696950037189 0.108020423922156 0.12286870749323 0.0202520598717291 0.0205855512135872 0.0697009298819542 0.167271651350702 0.152038252204837 0.0352469082998293 0.186318565724785
0.0586334996221073 0.0443150458042846 0.104631842516248 0.088279142473079 0.164190752678268 0.193235024897805 0.165390468289599 0.156430274515967 0.00261878131307648 0.0222751678895651
0.114898268313853 0.0510622812879399 0.201265763547139 0.0398123417827831 0.218007113274905 0.121093645880086 0.131017956910618 0.0457476854217459 0.0473489227311746 0.0297460208497544
0.0547399650654098 0.0281556142921686 0.0089092634860905 0.265133028733468 0.0428929716261123 0.00748264134453434 0.22252777090133 0.21899439493785 0.000918157819073261 0.150246191793963
0.00353250664234924 0.117608541871966 0.145101704924519 0.15930182285263 0.0245903782639411 0.0750709990919261 0.0962902488670209 0.147287223353261 0.119127493632629 0.112089080499757
0.0867116052757226 0.138901746057086 0.0962787506779521 0.151609146611426 0.144759891529889 0.114005256566671 0.0640373947075268 0.0680112917341969 0.0389357120939772 0.0967492047455523
0.0413402057757345 0.122541105118461 0.0170278489460408 0.127509645239274 0.0630088230081663 0.0740228453122061 0.10038660507948 0.159591095384427 0.136208491689565 0.158363334446645
0.169962282338601 0.090176856428937 0.0989342030942476 0.0932707703707105 0.0478088284409777 0.151408400880132 0.114366036507247 0.156584706662459 0.072234621072419 0.00525329420426994
0.155964756166028 0.164191321542294 0.00899797738255945 0.0611094960775178 0.0313745690209386 0.110457538153782 0.0414042982031932 0.196658935324212 0.0448588239661671 0.184982284163308
0.110418063173571 0.128556624057513 0.11298920473069 0.0421778221992845 0.0906897962636745 0.0476112861265358 0.11253804643756 0.145906553678011 0.123230359392435 0.0858822439407253
0.0384029714395529 0.150241820288126 0.0174340717842125 0.102922027285645 0.128674224540185 0.117308851203347 0.0814320393573004 0.139365989385741 0.156800997960584 0.0674170067553074
0.108080422350261 0.101982569187065 0.121928069434091 0.200178870159636 0.0081367352055509 0.0230261769554315 0.139727942359499 0.0738557544713615 0.211488839257429 0.0115946206196758
0.0791825114011425 0.1489070601887 0.0781448558482741 0.00838555380488442 0.0108671705212477 0.012803685103165 0.200293357213256 0.152085694713049 0.127283290669183 0.182046820537098
0.0714255467679212 0.0170234164938853 0.184632463981391 0.145203575385301 0.111669016465653 0.178031069186748 0.00574549406147512 0.12586820586299 0.0352172817154523 0.125183930079183
0.0551931482561095 0.0373509798613331 0.0494540894412509 0.155707797373971 0.161955472837354 0.157786390638 0.0192078699687962 0.0456577500189068 0.122215266222468 0.19547123538181
0.115081641849319 0.148162786110621 0.0889327401310152 0.179307928433533 0.105220699522253 0.0390065809029047 0.051025755546579 0.0965027593923428 0.013432034488116 0.163327073623316
0.152493386573679 0.0404812294482574 0.124302450399564 0.11964793393423 0.108664525342321 0.153603241826652 0.0669885351358479 0.0744289876300897 0.00910214111024318 0.150287568599116
