0.468504308541594 0.122375674198972 0.0538203666649012 0.081085081939621 0.274214568654912
0.502888695306085 0.0482524583919893 0.239790817844851 0.178888796501241 0.030179231955834
0.180827269744636 0.351709433856307 0.0128830969068743 0.187140215730874 0.267439983761309
0.326716443710969 0.119164095526624 0.0570407469600022 0.0248441545501976 0.472234559252207
0.289025003552977 0.0257500132289664 0.181442284470114 0.247412753213197 0.256369945534745
0.434842878012188 0.211126706991523 0.0759016690554501 0.191977155391197 0.0861515905496412
0.224395651095506 0.201385582126202 0.366050754549692 0.117132718104135 0.091035294124466
0.239120893460576 0.100687609938241 0.308565424781151 0.172838835937972 0.17878723588206
0.15292805168738 0.200489866026575 0.34633692204405 0.170468997615606 0.129776162626388
0.243352588773973 0.0992601784303768 0.187620104145317 0.113164215807398 0.356602912842936
0.246550489801553 0.0248099603731747 0.0709121744527817 0.360136459474912 0.297590915897579
0.180357910959159 0.127015615751683 0.322722887644958 0.216892341680635 0.153011243963565
0.269793634519814 0.160804982529133 0.347500587809328 0.0308086319177429 0.191092163223982
0.144740091612266 0.522999814667 0.0400194657474261 0.0493464424334937 0.242894185539814
0.0939944147403328 0.150726889970245 0.280240910092594 0.354743734420146 0.120294050776682
0.159331063661356 0.182190691526544 0.471184125632472 0.09848372168794 0.0888103974916871
0.197964707961916 0.243176772696643 0.240667168004706 0.197897827927996 0.120293523408739
0.209145996107307 0.124240974739141 0.229789221395934 0.191652286460119 0.2451715212975
0.168011940596214 0.237066270641083 0.271290332326713 0.226352266304084 0.0972791901319059
0.260127989617789 0.138313148206486 0.137330138757479 0.370987099488755 0.0932416239294911
0.316272293410554 0.305540615935522 0.099722213968631 0.206982328064306 0.0714825486209868
0.0584239210667094 0.269973804354051 0.12663224211937 0.262687625385917 0.282282407073953
0.0270833886547055 0.317047933171812 0.184581194707373 0.277367491886625 0.193919991579485
0.258899012852915 0.222026052830341 0.0440904904625322 0.253304902132688 0.221679541721524
0.00591475663689539 0.172033018687176 0.208713783015627 0.317666965247803 0.295671476412499
0.255860451961399 0.331884286758436 0.0188762321016651 0.142080141481649 0.25129888769685
0.352072649677664 0.030602605117025 0.368887354032128 0.120340446879915 0.128096944293269
0.201335406240708 0.372399817955409 0.0499041711621322 0.109248317720794 0.267112286920958
0.346889111472056 0.203323900221176 0.322044792886643 0.113150993103907 0.0145912023162175
0.161736455401055 0.173682824147619 0.230163680710024 0.292527773713472 0.14188926602783
0.115664723001781 0.339520954441836 0.0591956103228327 0.183650392533953 0.301968319699597
0.111857138546806 0.418435419584134 0.0939588023711225 0.159512255887647 0.21623638361029
0.113428250548558 0.251446121351965 0.116795253909978 0.303682469681874 0.214647904507625
0.358777435322229 0.332145867582174 0.0908664569250823 0.0741598311134831 0.144050409057032
0.194509049469849 0.0284200823586419 0.00336327304445227 0.45864334175655 0.315064253370506
0.358362300309224 0.245479353309671 0.0863508381479284 0.129148460199829 0.180659048033348
0.29134144739273 0.18690354725121 0.0632272417833776 0.176073467678688 0.282454295893994
0.204048356194672 0.178906161294984 0.151477833450055 0.285241423933593 0.180326225126697
0.087610457949631 0.129436817117152 0.42132961556304 0.34729158633043 0.0143315230397477
0.415483374950055 0.13155787538587 0.117831635223742 0.222269870470635 0.112857243969698
0.12113894517629 0.179918952140202 0.144685665093522 0.334425507644324 0.219830929945662
0.207731284058084 0.252026596734715 0.0594536496480542 0.344168772809948 0.136619696749199
0.457913570655053 0.107543015058391 0.0299187504630686 0.125102045196606 0.279522618626881
5.52573094298432e-05 0.237071494717733 0.232494153735765 0.475125063330889 0.0552540309061836
0.525198297611161 0.0915637029982342 0.295365515042311 0.0425042016800021 0.0453682826682918
0.293578012579228 0.0725901076614368 0.235654762247514 0.290411444256417 0.107765673255404
0.234523820268747 0.222358255909 0.247915048469019 0.0480894636007152 0.247113411752519
0.272782803122949 0.193977577891175 0.104090740777887 0.168227924199097 0.260920954008892
0.147094304740922 0.208412972279781 0.215807325273739 0.124885985000131 0.303799412705426
0.358381743010511 0.0764981582138272 0.16524382362553 0.0316105584161028 0.368265716734029
0.367291720105558 0.14256335801461 0.223612927110201 0.118159914291636 0.148372080477995
0.0949629049876477 0.0785722149904077 0.417531743813176 0.151707436036739 0.25722570017203
0.059633062735943 0.343600429699576 0.345034759503558 0.15312197908907 0.0986097689718528
0.165038646686184 0.103578805537376 0.245380342963361 0.25206609460606 0.233936110207019
0.0681457471382197 0.253040719181157 0.245901040355254 0.166543746001421 0.266368747323948
0.198890369202735 0.159109712063912 0.241094440730909 0.26542426353847 0.135481214463975
0.152213538545926 0.244854795788959 0.228918716243582 0.244363592396009 0.129649357025524
0.214320684318225 0.519420309667762 0.0837994044340039 0.114367259257655 0.0680923423223539
0.0499197729695697 0.203009753050481 0.123056637583589 0.159241821923599 0.464772014472762
0.065387335357844 0.197453286980854 0.375572082498172 0.309807432554428 0.0517798626087029
0.00798200762469836 0.326958720236882 0.22369100224226 0.376439120722944 0.0649291491732161
0.304388620945402 0.0464913509105235 0.0860881438596388 0.271155720517585 0.291876163766851
0.188289681167733 0.0395451878644543 0.146052984303291 0.397241029870426 0.228871116794096
0.0364493848099004 0.238208854631306 0.321024965142654 0.195536606516814 0.208780188899325
0.176085070553166 0.118881941788027 0.162406544226813 0.193970558712213 0.348655884719781
0.159158666205232 0.288469666178707 0.276265868458649 0.138392642726463 0.137713156430949
0.0573045736382787 0.431863850601062 0.341751082775689 0.130100879928938 0.0389796130560325
0.29758010431863 0.208717104120795 0.158048062852669 0.0477102390703088 0.287944489637598
0.0508169248052828 0.295512586170909 0.265163371929874 0.104524593373075 0.28398252372086
0.0878455815934863 0.00149631841668059 0.152507395567315 0.471778769028616 0.286371935393903
0.262017627151791 0.264972135933673 0.0842457104576227 0.194367141084455 0.194397385372459
0.30706553530346 0.341162632131747 0.120940600440075 0.206011787804737 0.024819444319981
0.235172371609014 0.253694863955087 0.0742968704022272 0.175360152678592 0.26147574135508
0.271561922258183 0.2729409157936 0.0295955806058467 0.194852571351109 0.231049009991261
0.377360357636593 0.140360186440708 0.0253301427824299 0.191936385025827 0.265012928114443
0.0720736155362802 0.187078097184433 0.282516933677078 0.228036054758538 0.23029529884367
0.193774824001155 0.176221325058213 0.126172338799815 0.252017392884793 0.251814119256024
0.285625527535369 0.197321351209349 0.272656769338379 0.206553019381476 0.0378433325354272
0.0891439870472232 0.243828592373817 0.247463142750054 0.190973798217796 0.22859047961111
0.454771926280936 0.0242467632934618 0.152379594100925 0.0424834524266452 0.326118263898032
0.0794592313620085 0.037475558373249 0.281252660614647 0.137418571143165 0.464393978506931
0.266408604590107 0.290346880416902 0.320134908104293 0.0164606094870673 0.10664899740163
0.0971618349668373 0.321615434192617 0.338235690232292 0.114581026964824 0.12840601364343
0.122583864514014 0.350736040228642 0.097971829672743 0.314082232234026 0.114626033350575
0.258981735026625 0.0144268009749947 0.178459913786013 0.181697684840593 0.366433865371775
0.157677330471413 0.330735523267184 0.0278929660878744 0.139181063674463 0.344513116499066
0.0289219312440258 0.0400962945852752 0.0890930573152722 0.405002343363088 0.436886373492339
0.316093691000501 0.122726937761724 0.0791386286610305 0.227341809768811 0.254698932807933
0.240040048641111 0.115975720850716 0.152468254337861 0.261240330774169 0.230275645396143
0.0544159929861736 0.253748287391679 0.205310370789634 0.31303677757854 0.173488571253973
0.0874875831821158 0.151183941596373 0.386261736557181 0.154691193329586 0.220375545334744
0.235168491544351 0.163131197448218 0.0588733654197501 0.268318349522599 0.274508596065082
0.306941118992647 0.0677630981418459 0.207945047460851 0.394991001854958 0.0223597335496978
0.145538385535797 0.261770833353922 0.116117444371169 0.241545238567164 0.235028098171948
0.0322954715182688 0.176105963949816 0.296984316312554 0.0212623709503529 0.473351877269008
0.246726491547295 0.192730463214876 0.0750297178911419 0.306788509156986 0.178724818189701
0.195325266343847 0.12550757280106 0.139757373389262 0.237436590031032 0.301973197434799
0.151001170283007 0.284579448819394 0.0120143249358198 0.275966774560742 0.276438281401037
0.0937884586282824 0.241530291070908 0.205608722553598 0.135332241189353 0.323740286557858
0.24778238691619 0.104160573918047 0.126965308189537 0.269850676745535 0.251241054230691
0.251987940181968 0.121762248835521 0.279872341356425 0.0616312904620346 0.284746179164051
0.334560403798069 0.201254763108563 0.154115908393538 0.0713711282132153 0.238697796486615
0.217597458674241 0.15682357457341 0.194464069930633 0.203087158152179 0.228027738669537
0.099934942777512 0.0402238701535315 0.0591160155240502 0.430000745301598 0.370724426243309
0.0843895170390046 0.147750039756539 0.270954147283354 0.196810245617201 0.300096050303901
0.266162386716655 0.319311820707511 0.0501347896080799 0.0171198238421198 0.347271179125635
0.240118114309056 0.16817649452096 0.0127431464478691 0.130964036586663 0.447998208135451
0.266905448125234 0.118154163086134 0.212571921754022 0.312263988463335 0.0901044785712749
0.0645514879483833 0.153584928619182 0.253785795396496 0.365513519815659 0.162564268220279
0.411181912102163 0.0144512974792923 0.00793293450730472 0.260120684500078 0.306313171411162
0.0853670211653891 0.49730597790322 0.22562098255408 0.00632102819034653 0.185384990186964
0.280583338515233 0.0417593574391699 0.0714921338729212 0.205156443068355 0.401008727104321
0.257104978118268 0.306808175239823 0.101224959674229 0.204652997659616 0.130208889308065
0.118587581052821 0.274442565169787 0.147130171559249 0.169904999619748 0.289934682598394
0.00703169416452152 0.303203025732901 0.241500736157442 0.119980168118182 0.328284375826953
0.20149605717364 0.26129996554834 0.251321992883095 0.178373846261141 0.107508138133784
0.212586748735823 0.171982501951006 0.250912559734898 0.124130582563718 0.240387607014555
0.234746410997954 0.263176185405075 0.28871517234082 0.165252787553789 0.0481094437023618
0.177397904712851 0.226798993870444 0.228494845227078 0.311676459806591 0.0556317963830353
0.225531397859676 0.0778582970604482 0.147178292192931 0.336415912246879 0.213016100640066
0.0440501229185486 0.076058422363194 0.26251936679848 0.278600914885935 0.338771173033842
0.053997234841748 0.421996035093627 0.198331236075534 0.124918209884538 0.200757284104553
0.141924829672616 0.133403735382854 0.371109906122852 0.294239100244847 0.0593224285768307
0.0572747924823009 0.279287614572754 0.373355810274852 0.237054233152761 0.0530275495173327
0.00488647523340411 0.262788653977136 0.114732736086799 0.408037861754581 0.20955427294808
0.256886265483777 0.238737017240693 0.213984348067223 0.118135303136275 0.172257066072032
0.148809633347719 0.247572409127097 0.168722817806462 0.24921063382651 0.185684505892211
0.198271109188255 0.153945989657618 0.267721365501497 0.273722509349294 0.106339026303336
0.0855776450225454 0.0855614490473868 0.17513949928141 0.243982462899802 0.409738943748856
0.271556933051063 0.0809486870789661 0.204300296257834 0.22816644038114 0.215027643230997
0.154951504526981 0.254903133358227 0.119796011745456 0.374357895979453 0.0959914543898832
0.269382228202323 0.263120378576909 0.151924322384452 0.0488477783357365 0.26672529250058
0.0707093523867864 0.350220453175967 0.186882933015367 0.23122573294693 0.160961528474949
0.164043513491126 0.131488765889982 0.383035597518419 0.0248703224796659 0.296561800620808
0.176520905704211 0.203291776918993 0.264959248941402 0.203120407198388 0.152107661237006
0.0245536527924485 0.109314140468491 0.37576207207706 0.111063004254402 0.379307130407598
0.311023408082459 0.333921408450509 0.210864246563192 0.111641183824574 0.0325497530792665
0.274238752149015 0.146442926524908 0.133652763661895 0.186933105259907 0.258732452404275
0.272443217008577 0.277817288056785 0.112803577147707 0.222943930759882 0.113991987027048
0.223829983923636 0.31807615969415 0.225483948749692 0.184318629882882 0.0482912777496403
0.0783125213573427 0.0526239691671692 0.348468234974767 0.390221116399174 0.130374158101547
0.258064521834088 0.0121534735766966 0.258348255057331 0.260803790321941 0.210629959209944
0.25701117966126 0.193906955205881 0.318711682765418 0.156340263836476 0.0740299185309646
0.31030591065139 0.145612297873553 0.164106632716385 0.350049914976577 0.0299252437820938
0.293638648847676 0.138782835436086 0.346701743518001 0.119019883712182 0.101856888486055
0.0152950973475957 0.0219160588517205 0.0330178610187993 0.408875760549761 0.520895222232123
0.184304348237052 0.27680782427656 0.143044354013048 0.149085699736017 0.246757773737323
0.2453798050433 0.303662928766171 0.322899393033807 0.0195448288101575 0.108513044346565
0.290734745485911 0.0790282069163595 0.346247993142934 0.254270237065987 0.0297188173888079
0.182530854133423 0.102980642736434 0.0414807620628097 0.20786569271411 0.465142048353223
0.182249858152499 0.281259913915728 0.187514514354266 0.328869747626488 0.0201059659510187
0.265897440552666 0.0894180731743089 0.147782133835088 0.134224921740728 0.36267743069721
0.159658767428274 0.212529536076245 0.125959828562498 0.219683405901147 0.282168462031835
0.00184466248975927 0.27250715273145 0.532523593076284 0.175690639103067 0.0174339525994392
0.0591502353528146 0.174210131139928 0.19133473322316 0.229986998661383 0.345317901622716
0.316926293157496 0.165618904096561 0.347546750848741 0.0942302825137701 0.0756777693834312
0.0235802638916983 0.18507981800855 0.255700714566138 0.292708961168239 0.242930242365376
0.0214030318451755 0.233782168852685 0.318899281001211 0.340096577215662 0.0858189410852659
0.00334175643229732 0.330612177863172 0.155985682231387 0.369026706404797 0.141033677068348
0.311285760320217 0.113162582268807 0.304801700552887 0.00742269003497608 0.263327266823114
0.153111438976406 0.354401465529189 0.0599635639512073 0.272778874982464 0.159744656560735
0.156813949708401 0.233454560982678 0.213271965227128 0.358018157447718 0.0384413666340746
0.156082865372625 0.0848762747797716 0.0681041057218385 0.234760253149947 0.456176500975818
0.00428786404969402 0.230427164436361 0.358984319278975 0.325404234897524 0.0808964173374462
0.119790174855789 0.197636843667499 0.341607120730625 0.0371699712090625 0.303795889537024
0.218516586575525 0.330747118540825 0.187658134485848 0.0839032008386755 0.179174959559125
0.318398588506371 0.236026178486924 0.103522117857542 0.170116847329348 0.171936267819816
0.157706800909491 0.240474661988525 0.271701807405581 0.144904623312658 0.185212106383744
0.213862470217281 0.0438070903050891 0.171078315992375 0.352426493807321 0.218825629677934
0.202638289602513 0.0176732592345431 0.390490443309116 0.379037058293058 0.0101609495607701
0.284439926629181 0.0579829245742845 0.196043514069266 0.280255905617664 0.181277729109606
0.414914071825699 0.0148844000367618 0.342441009097273 0.0410139010629111 0.186746617977355
0.161162277648505 0.208272833116533 0.318368370556959 0.0764784112056638 0.23571810747234
0.378339470620819 0.27420334634839 0.102340343886918 0.193869453031171 0.0512473861127025
0.0202496769532269 0.125400621706454 0.19543334263238 0.391269631892661 0.267646726815277
0.186272456116996 0.260037647875988 0.0148102904675127 0.304967355025534 0.233912250513968
0.228865178651376 0.262470377123074 0.161427311153126 0.164629431361313 0.18260770171111
0.290817309115376 0.223870226450203 0.329267618807761 0.112177455729565 0.0438673898970956
0.304879103395173 0.31079049005905 0.145766134198622 0.131710029041313 0.106854243305843
0.144480670279757 0.16709002270582 0.363077776236538 0.301478760764282 0.023872770013603
0.202523423661381 0.352713170574202 0.296007909888337 0.067464590113448 0.0812909057626308
0.0637246718769505 0.0403989804498581 0.411652955747687 0.0760933922824439 0.40812999964306
0.172907003188408 0.262218577100277 0.304167370871563 0.246039824455896 0.0146672243838554
0.0250905029791102 0.187418276907784 0.200812258426708 0.265202902893431 0.321476058792967
0.225121094173806 0.0671522567551022 0.384540711432101 0.29646998900394 0.0267159486350516
0.00759715630930144 0.235370902281313 0.416025202212948 0.0801802478508649 0.260826491345574
0.168106634874389 0.134700970451267 0.133225300309628 0.153604823288209 0.410362271076507
0.123865541580859 0.0237190666762111 0.199517962442318 0.0356231328575534 0.617274296443058
0.066684542044367 0.127662831198262 0.334738083272665 0.126026012583904 0.344888530900803
0.247521353557896 0.341783493301955 0.23058354316772 0.0964725770022398 0.0836390329701887
0.249497520758884 0.101673262156163 0.324837316603248 0.148838872526609 0.175153027955096
0.177987436192811 0.243463516301362 0.477925683392872 0.0911339104386854 0.0094894536742692
0.256122951203897 0.181582442526319 0.100072291805989 0.242435774434698 0.219786540029098
0.322102553900318 0.27662836024568 0.00399048477752673 0.270713630084729 0.126564970991747
0.0246126750331872 0.264588547615224 0.270675259300934 0.141498857540041 0.298624660510614
0.335874806661096 0.290410240559815 0.0563201362095978 0.208983537758014 0.108411278811477
0.289322093518469 0.180345483480895 0.0497852601833189 0.187660575086391 0.292886587730926
0.123743235979234 0.314913287305711 0.109634366764789 0.283300871548963 0.168408238401303
0.178041128917525 0.203479085280733 0.37022714247875 0.0446907489891747 0.203561894333817
0.245478431566602 0.0981324093670005 0.419774378288678 0.109842046350782 0.126772734426937
0.140839970871234 0.471299601814319 0.206191558183139 0.135910695426443 0.0457581737048641
0.291902138602771 0.3596311088793 0.030660756683332 0.146288061399722 0.171517934434875
0.373579111701591 0.23281365321008 0.177590707229211 0.0758913879547768 0.140125139904342
0.110043891316959 0.0276142448355705 0.443269491729546 0.217829996570365 0.201242375547558
0.223823399722152 0.296542512036031 0.158744810662527 0.0255238035252316 0.295365474054058
0.134840796947674 0.288839975338639 0.0812857422721242 0.233037843999048 0.261995641442514
0.319735352081532 0.098955045589353 0.0889282310127298 0.000563238532235001 0.49181813278415
0.286813836732832 0.0369095832446044 0.175566761309705 0.15831879211265 0.342391026600209
0.302764086590426 0.141712579334933 0.175005259018576 0.11016297722327 0.270355097832795
0.259383748024693 0.220375324606064 0.061453975269697 0.209712432672567 0.24907451942698
0.185357261339051 0.166808160219265 0.149846900543708 0.360974531140135 0.137013146757841
0.0610536505685877 0.319520856934055 0.005390779570283 0.244312481256394 0.369722231670679
0.228616840148685 0.223608880213675 0.19627430738117 0.226574929853572 0.124925042402898
0.48875319278486 0.0023051921310533 0.336079242253083 0.0109793732864859 0.161882999544518
0.206730081912322 0.0883335024285364 0.322315284171028 0.176286979042579 0.206334152445535
0.212207097417113 0.184815234724773 0.0145362625598162 0.370648038043812 0.217793367254486
0.354840117242678 0.0446144990193051 0.0789463144918435 0.287222248197942 0.234376821048232
0.439186421800286 0.30780171460203 0.0628750709253344 0.00316771217720202 0.186969080495148
0.0320368307406551 0.346535444224836 0.00299281990306762 0.479815424459886 0.138619480671555
0.128050160063504 0.438924687052599 0.0763100325535622 0.174331996912117 0.182383123418219
0.301671199315694 0.176097862080474 0.0759093155616517 0.320227351917956 0.126094271124223
0.0279552140279333 0.178686305514419 0.308031320232606 0.196298080193493 0.289029080031549
0.317793326547053 0.0573891072007205 0.277984623939563 0.276756961357457 0.0700759809552066
0.0673898536326839 0.130341110477214 0.324556530773671 0.0139156358531366 0.463796869263295
0.0675167680662956 0.0534842128314811 0.399895860500491 0.128652248087393 0.350450910514339
0.223942769247617 0.136035649785183 0.191676672882998 0.266427932249779 0.181916975834423
0.129044144147487 0.26877671515282 0.153033699898455 0.201463253912225 0.247682186889014
0.236096709970155 0.180214396093899 0.20968123634367 0.12836492351157 0.245642734080706
0.292954499693745 0.324879887214627 0.283058026834664 0.0903781593422321 0.00872942691473253
0.0528484972605211 0.0429477677858427 0.370186175141268 0.28393007183713 0.250087487975238
0.363017290280084 0.0339143650200687 0.00370964008957308 0.0658493517106847 0.53350935289959
0.172615024161493 0.288678314354894 0.280835851569594 0.101476312644893 0.156394497269126
0.274596165817127 0.19697081118594 0.214973993364463 0.240565343806603 0.0728936858258677
0.250628385724443 0.131831267043921 0.22009634293044 0.19250264223805 0.204941362063146
0.13772789816656 0.079073485234172 0.275721297255362 0.256381910047099 0.251095409296807
0.156502043116786 0.154856394777966 0.0572734187463808 0.288578588314317 0.342789555044551
0.431956513968892 0.327837270211742 0.0570598533273172 0.158226907613233 0.0249194548788161
0.151380387662088 0.280757722006495 0.229466098027122 0.108230892657087 0.230164899647208
0.283939649279517 0.211005397306469 0.298934499603043 0.165784197724244 0.0403362560867273
0.0375481725280588 0.159850270046796 0.361018039666927 0.308913287271094 0.132670230487123
0.180410832948247 0.200525944811083 0.284236687750378 0.269072962840957 0.0657535716493346
0.196246375590626 0.233036427761894 0.350432183791709 0.173488074331329 0.0467969385244425
0.101661055605454 0.117470201459681 0.0253757855349215 0.280133225902032 0.475359731497912
0.353214759932451 0.159061751008996 0.148039095806124 0.0930367152049019 0.246647678047527
0.178141934729796 0.179575600776948 0.289205122762235 0.263702445096943 0.0893748966340781
0.0586737693728796 0.0570165662925423 0.476239249608976 0.0532234132013241 0.354847001524278
0.172166967788598 0.104800292372522 0.290636567658082 0.132193186486835 0.300202985693963
0.10639221301646 0.216440530792576 0.30785729831189 0.069318927325211 0.299991030553864
0.295873595193771 0.124493966152443 0.128041047098531 0.231578497422925 0.22001289413233
0.266180605097572 0.135504071672018 0.12445036363341 0.160173285206631 0.313691674390369
0.0313829663527579 0.338787526140067 0.157767167568963 0.394022195117198 0.0780401448210143
0.0432583651148285 0.304451699787938 0.156137180038225 0.173319121663539 0.322833633395469
0.176156141360293 0.268825365483962 0.158766125758081 0.0471777116115942 0.34907465578607
0.081152430016659 0.369381750212334 0.108275785070728 0.0640259031299371 0.377164131570342
0.168791605317162 0.152213511417441 0.403658784323862 0.213108679830447 0.0622274191110868
0.249686642027352 0.31598296287242 0.219550613320412 0.0415373517238413 0.173242430055975
0.298266556761913 0.172793796420189 0.288019245338169 0.0267865581651489 0.214133843314581
0.199195989115417 0.148746135525341 0.217042556650935 0.36618224904818 0.068833069660127
0.280150178294718 0.0302446959568798 0.256836183097524 0.313444907239507 0.119324035411372
0.1745266294213 0.284864888819242 0.177725107019424 0.0805566295178654 0.282326745222169
0.00994546839598654 0.062193511348741 0.440820177749815 0.0769381009487827 0.410102741556675
0.345502415494913 0.0768805651594688 0.401100976491504 0.0992462384580164 0.0772698043960979
0.413819910120806 0.0559848424698156 0.417651847872724 0.0496230853805619 0.0629203141560921
0.23042420813856 0.217331231942658 0.225854873217798 0.112082277074477 0.214307409626506
0.342713921318924 0.375583890728402 0.157411074222831 0.0729063960736602 0.0513847176561831
0.0603314467094649 0.338804577771299 0.129725055147992 0.201834705184934 0.26930421518631
0.252257559651732 0.260607480831534 0.370297241163774 0.0678275076610331 0.0490102106919278
0.13817610138965 0.0858909537818617 0.304979578801659 0.269483403715735 0.201469962311095
0.329590005091344 0.099368261166086 0.372939485365574 0.0733426694094999 0.124759578967497
0.247616569721757 0.11679633895713 0.235310358099299 0.112682066206048 0.287594667015766
0.253796132474964 0.341243220932369 0.0351599451886269 0.106852702943184 0.262947998460856
0.204748459790688 0.10668278015248 0.284773351856386 0.27746195966458 0.126333448535867
0.2171412749513 0.224082408431301 0.251830162028691 0.0121494349262946 0.294796719662413
0.138220007221584 0.237882222798148 0.275005736503625 0.0971638387727834 0.25172819470386
0.0426714507163474 0.330402243547971 0.133821653902276 0.448121766161661 0.044982885671744
0.0908240392499092 0.416506919820651 0.116980302646976 0.277661668311297 0.0980270699711662
0.242164001047435 0.341829571831139 0.0295051245105444 0.0285744872167392 0.357926815394142
0.0287901044110065 0.28875329600866 0.229421018937119 0.283147382382655 0.16988819826056
0.156356473198847 0.0894824085955868 0.279349576447128 0.297394949504517 0.177416592253921
0.0331646078516422 0.366107926611053 0.281200418572926 0.0526218889757062 0.266905157988673
0.293083532239107 0.124501995314535 0.235699352059613 0.180925551599319 0.165789568787426
0.205808999362471 0.29624848524269 0.0605392459521995 0.333651410425059 0.10375185901758
0.259279824419772 0.204546782726114 0.170083526809206 0.241104012050293 0.124985853994615
0.0586680216586472 0.250585670916906 0.27163542726922 0.104041457078827 0.3150694230764
0.00898575311596211 0.16216396264009 0.190499857516076 0.308124941447916 0.330225485279957
0.359874302932639 0.330896728822803 0.266443177644197 0.0395128288518493 0.00327296174851162
0.240087999011893 0.341690306297444 0.0577612985035513 0.138883390079378 0.221577006107734
0.323047200916506 0.29973892373642 0.00388583068521954 0.231081651718863 0.142246392942991
0.134294752517769 0.32952861737661 0.0968251778149115 0.125903421631785 0.313448030658925
0.133439042322606 0.13462580910593 0.431892051773769 0.29757943709486 0.00246365970283556
0.336675451419531 0.150970786390847 0.0686919690271634 0.248868117844389 0.194793675318069
0.0300207310621553 0.0881312570642442 0.20537266494822 0.322586636540563 0.353888710384817
0.243734240802973 0.357911445296729 0.149184623040038 0.060918185350539 0.188251505509721
0.195514780656176 0.511283921345454 0.161866697169943 0.0937713050832364 0.0375632957451906
0.352533548611357 0.322254585624047 0.0443435833660606 0.0802011136890059 0.20066716870953
0.0821079696669843 0.442160751826069 0.385961334080229 0.00163923320796114 0.0881307112187568
0.069470008846852 0.28962433823963 0.211611771692913 0.212900497356988 0.216393383863617
0.277150994297055 0.224949774283128 0.0737616580011963 0.318022059274548 0.106115514144073
0.284347246531308 0.164743156071356 0.14655251185614 0.191111780833134 0.213245304708062
0.216154447119372 0.223356462013875 0.138724288999367 0.081181445738324 0.340583356129062
0.315831679736678 0.279669177241171 0.0660198397764072 0.0716647065370006 0.266814596708743
0.331473837575067 0.238313394199261 0.222871638150672 0.0797522624762445 0.127588867598755
0.127158868176775 0.0639664226099299 0.324903943572346 0.417429954355362 0.0665408112855869
0.154720046884133 0.339691021593255 0.325917384376704 0.111724506992587 0.0679470401533207
0.29894355146324 0.366832155672544 0.111939027151398 0.215444993052333 0.00684027266048384
0.0861487303832042 0.0567535387169049 0.180926963538643 0.0404211366468862 0.635749630714362
0.260290964333529 0.110041761970829 0.201696124899952 0.325561577539493 0.102409571256198
0.196725502494116 0.0351625486964968 0.149229052402407 0.303402985723943 0.315479910683038
0.249372156876258 0.252766756457424 0.191197035095659 0.0968587178423203 0.209805333728339
0.152450365346214 0.324322297561247 0.140597149996807 0.222114938781062 0.160515248314671
0.219016801690624 0.0808517121080373 0.217055963905139 0.317188898940423 0.165886623355777
0.234008871496723 0.144285081481289 0.297794416881626 0.22083602373011 0.103075606410251
0.162595948901419 0.288834155948322 0.201319067485746 0.203677032825642 0.143573794838871
0.0682248033543819 0.00877459040940886 0.274429132588636 0.400286514027975 0.248284959619598
0.102154353872997 0.372509028458831 0.422854883418736 0.0148366029364423 0.0876451313129929
0.0956906067029658 0.268241717841776 0.164668225909284 0.253112544779504 0.218286904766471
0.260240199471351 0.130305516469792 0.0892052818885091 0.297207460106562 0.223041542063786
0.0906072053871019 0.588493965821087 0.0268725224031965 0.225827862575493 0.0681984438131222
0.225377866529215 0.22478075871797 0.140474907066865 0.190798812476196 0.218567655209755
0.0928160482718404 0.119188082212974 0.0841787548094695 0.279956162562956 0.42386095214276
0.216964466178275 0.181758980600203 0.311033919043216 0.264238049696931 0.0260045844813744
0.212712095550427 0.201072050404088 0.152425300886689 0.260138450295662 0.173652102863135
0.353561030332301 0.156417102025654 0.134325932501458 0.24294196523728 0.112753969903307
0.0348247204631799 0.343457014649581 0.201925293152172 0.256166893665762 0.163626078069305
0.144993155984011 0.176220475956081 0.0230318446260293 0.324069561549291 0.331684961884588
0.139023585508108 0.27562402605546 0.0457471814318007 0.417756798551684 0.121848408452948
0.0868808290790935 0.232481151390861 0.169997653375623 0.285306998024974 0.225333368129449
0.0918711987805231 0.190284948981685 0.251345584108142 0.23042684625232 0.23607142187733
0.0644794752255721 0.257438938461403 0.257495868665337 0.160724330178923 0.259861387468765
0.0451042304336114 0.239812393028627 0.236742376808566 0.272006429350787 0.206334570378409
0.34100688483966 0.365957221541411 0.0500551058189248 0.100889076802434 0.14209171099757
0.248510925637434 0.000417964176469985 0.17243442912934 0.302131185389514 0.276505495667242
0.120012605277757 0.115468981111008 0.451868477796631 0.183874917483017 0.128775018331586
0.185097648879671 0.109856896963805 0.221219502074483 0.224521997078561 0.25930395500348
0.238111683228442 0.233114906063222 0.240906992393038 0.0137070454442498 0.274159372871048
0.0910418108116625 0.157622976103093 0.293352588153527 0.323199606300797 0.13478301863092
0.23541474804118 0.106688953558587 0.253790150467205 0.224291305965901 0.179814841967127
0.247754916301616 0.253914880414887 0.258613369670005 0.077279463852 0.162437369761492
0.0700354216866191 0.0664656263098724 0.265654508073189 0.200835962679487 0.397008481250832
0.0257806153769715 0.361010887782611 0.40251323937814 0.0596987465615572 0.15099651090072
0.275213846025112 0.190031308239352 0.143871575426672 0.223423846667157 0.167459423641707
0.138062700751394 0.0510531456284082 0.183657661663375 0.340607524720264 0.286618967236559
0.018978650797518 0.246473699582029 0.245256006316972 0.37879227975896 0.110499363544521
0.248435472892555 0.198360668501238 0.119420594469184 0.221238615971111 0.212544648165913
0.273843288750918 0.195447422363356 0.224052638957682 0.114825940709608 0.191830709218437
0.0941477091421885 0.23798502987403 0.224062159089005 0.176999295559275 0.266805806335502
0.288599076678894 0.214030470951139 0.220598465558145 0.0266196670341679 0.250152319777655
0.0342297086016894 0.44116322283918 0.188649054341177 0.166320026754207 0.169637987463747
0.354331890608288 0.23059799191183 0.0321699278627298 0.0823381819143579 0.300562007702794
0.123920439355707 0.32114762325046 0.251073109377617 0.200448983253194 0.103409844763022
0.240633910587282 0.29914639424793 0.286742213665878 0.138289758690086 0.0351877228088245
0.0278202253865914 0.407970660211849 0.372173476201554 0.140672172653741 0.0513634655462642
0.335778279149033 0.222279724104033 0.000143382308305346 0.317487863529125 0.124310750909503
0.231659119030235 0.244670577315753 0.312110766458612 0.0689014780335045 0.142658059161896
0.060388608636031 0.103938958073653 0.12524391514573 0.175919893807222 0.534508624337364
0.0960681050005592 0.319371385059213 0.146281406424203 0.118268489051324 0.3200106144647
0.136083022956907 0.10271731455882 0.172232775829021 0.223594825234965 0.365372061420287
0.137083413338686 0.277433249874183 0.0257559802530756 0.364122352699427 0.195605003834628
0.00994098308107974 0.20733279960884 0.0183851493178505 0.157204375184739 0.607136692807491
0.207481616279253 0.0573807969548975 0.0218148655800102 0.33948738576667 0.373835335419169
0.317565302450326 0.0505347688032077 0.308413865596986 0.0516021395326594 0.271883923616821
0.315893590277968 0.149385916303695 0.0726207308106387 0.0892376856752643 0.372862076932434
0.368215385548185 0.191829411885826 0.193387675096615 0.0658315117858079 0.180736015683565
0.189105457544742 0.0468447361947378 0.010991363169236 0.488747384210998 0.264311058880286
0.0791266234178738 0.302782575439401 0.243098962377796 0.264528120562844 0.110463718202086
0.159324417426699 0.390329682139441 0.389691450464083 0.04654340320519 0.0141110467645869
0.215346380209689 0.184692019333193 0.020562265947997 0.33556466468282 0.243834669826302
0.0369332110027719 0.44318896989138 0.0907610383501495 0.117498784764759 0.311617995990939
0.00316250187488721 0.0791256730443204 0.266379644873965 0.358772751322805 0.292559428884023
0.284689418098192 0.313601555408997 0.209736003078682 0.179352997702338 0.0126200257117905
0.257716637627724 0.252040150686175 0.174508174206404 0.26894401011909 0.0467910273606067
0.127492429901117 0.227691684680998 0.220345890180146 0.234565357157699 0.189904638080041
0.219872073799987 0.116494175300197 0.330553578610089 0.000777364662554415 0.332302807627172
0.161424118153175 0.191260684721816 0.286307046255415 0.286961777983395 0.0740463728861987
0.159012865548719 0.155129474755212 0.11646128301384 0.213987600356075 0.355408776326155
0.0176098283509674 0.364576036556239 0.336975101963632 0.120798705334041 0.160040327795121
0.0907383237422769 0.312727849617498 0.374227421508461 0.108078994449833 0.11422741068193
0.0768497257404107 0.346508746137109 0.225464204802032 0.222588165868315 0.128589157452132
0.24108153644767 0.168962818407608 0.211414042627269 0.162064852087371 0.216476750430082
0.046124207154404 0.111102410066594 0.329588948112785 0.342226648494099 0.170957786172117
0.0343854258588181 0.454617113856284 0.36992841103033 0.0184877095132617 0.122581339741307
0.178790023632103 0.267159997420371 0.173196040457304 0.108629827984194 0.272224110506028
0.171264435360689 0.0978152405036782 0.0528284501892466 0.29962354948257 0.378468324463816
0.155769426657392 0.321198945135365 0.232475378989692 0.188969459812061 0.101586789405491
0.278443676209157 0.0361137755822559 0.113030312287487 0.32102833271437 0.251383903206731
0.0641709460457794 0.172606602921971 0.266764615743347 0.159577724383642 0.336880110905262
0.244082187743081 0.298842469978625 0.138241954251629 0.268542576815046 0.0502908112116194
0.247911162959276 0.0423106669873326 0.262835842461037 0.161445833622685 0.285496493969669
0.0763589612752342 0.202600132731724 0.386198068905047 0.236581051586499 0.0982617855014958
0.0133529590930953 0.265176841494297 0.178104936757722 0.360754441623026 0.18261082103186
0.316818478694469 0.159077755336717 0.180916363535378 0.253581795989466 0.0896056064439712
0.265856885916005 0.328935186408193 0.0239941942515525 0.326990303416541 0.0542234300077095
0.115129879773024 0.188359965067286 0.144378811185006 0.326349563179864 0.225781780794819
0.19145032483766 0.338446927813454 0.100212757509224 0.364360769665589 0.00552922017407313
0.355256679867926 0.0285347102655522 0.442832911851199 0.017930978825188 0.155444719190135
0.263070339409185 0.287226985843095 0.239744936386952 0.106788358846836 0.103169379513931
0.210764837066732 0.394592432122792 0.0107776454526549 0.0213754893121672 0.362489596045654
0.287332070669245 0.0766021775460441 0.0957644744082279 0.209216665098799 0.331084612277684
0.1417367065248 0.301884570002555 0.262520371135695 0.2008232449278 0.0930351074091505
0.267385235976782 0.0734677860220908 0.072720462233991 0.156282110187093 0.430144405580044
0.20633361406292 0.230822767487341 0.0804285312402626 0.146576660744614 0.335838426464862
0.0236174974363169 0.373770386039014 0.368714354296019 0.173555772671579 0.0603419895570714
0.315941897494591 0.0510218329149497 0.345085039533444 0.261223587798712 0.0267276422583044
0.380655859612849 0.228305420523845 0.103061140319089 0.144204317860889 0.143773261683329
0.149690098400216 0.166447076427068 0.0568971660349173 0.480354820403109 0.14661083873469
0.220371601555188 0.295683877373131 0.0341745975606723 0.335574618625627 0.114195304885383
0.305187617758729 0.12685095551315 0.324405374879498 0.00155115328093199 0.24200489856769
0.0639823927665125 0.212993921153082 0.301264910993271 0.157177106366539 0.264581668720595
0.0538026476139044 0.539911784224678 0.169150993514807 0.125719983316905 0.111414591329706
0.230903306266184 0.195137956850359 0.201198222077036 0.284859614427752 0.087900900378669
0.275962282402714 0.0687171676172216 0.128994985543682 0.357251231548495 0.169074332887887
0.483584775109353 0.0772116118592384 0.119092061911472 0.247706571987955 0.0724049791319804
0.363404696498741 0.0752518998613906 0.304072548625475 0.0960591503504514 0.161211704663942
0.374489412961737 0.0622286208770463 0.21548289457254 0.328478539217934 0.0193205323707426
0.271880154079182 0.170871602605534 0.143763079613594 0.0836738900936472 0.329811273608043
0.279666438817675 0.0760676923797963 0.255383598116437 0.2111583510213 0.177723919664792
0.33270170390752 0.031822053982246 0.0709748021625093 0.289322260547446 0.275179179400279
0.360285824474866 0.184565469107494 0.0163789464547644 0.228413694799573 0.210356065163303
0.024634358831129 0.291171700053895 0.215687589277984 0.283020647388537 0.185485704448455
0.051704578027704 0.326736194477378 0.350019871602092 0.27027038380368 0.00126897208914582
0.298056921512658 0.125461030372041 0.397263436081866 0.133171074748276 0.0460475372851596
0.0643959992262998 0.401937075115555 0.259240950238084 0.21586051584618 0.0585654595738804
0.118957229389332 0.188952415379134 0.2294019701781 0.326893881794282 0.135794503259153
0.198231154317597 0.34010660592143 0.318945398556136 0.053493817847851 0.089223023356986
0.226205577425735 0.250055804728998 0.097656941966968 0.00777026501494539 0.418311410863353
0.0968229975180312 0.364467082275577 0.456487327590424 0.0701285775831611 0.0120940150328075
0.00916140667141912 0.642947834260813 0.123469309964183 0.180988382667212 0.0434330664363731
0.146025845612096 0.092106896260872 0.111114537682278 0.268594340232742 0.382158380212012
0.287258652247087 0.209520459651541 0.0699445768421794 0.363916321385673 0.0693599898735201
0.133201708298019 0.0799805406650746 0.33180857862707 0.165334046920364 0.289675125489472
0.143346121273022 0.225352589934121 0.262520936443569 0.0391601458631316 0.329620206486157
0.165652888597897 0.212544644805175 0.165075370246585 0.204832493294467 0.251894603055876
0.181248276381815 0.270625275753493 0.29452450234139 0.161775234262408 0.0918267112608937
0.17187414222238 0.311686220517945 0.279382762673775 0.145177954398973 0.0918789201869264
0.0234169711750797 0.0148524711576517 0.481101157420181 0.282822639454941 0.197806760792146
0.0782256063771676 0.0708067142769526 0.219884924832536 0.243287204523163 0.387795549990181
0.292282216045193 0.166357483111609 0.0264101225401432 0.247041037205964 0.267909141097091
0.315762017074373 0.305263358510598 0.201413063979477 0.121391343254216 0.0561702171813366
0.318954652681301 0.0852565043671965 0.396169818370161 0.0742314914776097 0.125387533103732
0.181130304995208 0.211774661564813 0.277241902309251 0.252047955562031 0.0778051755686974
0.264401073065656 0.342597780488096 0.0678366465403738 0.288097013883765 0.0370674860221093
