0.100296210897312 0.191008288994574 0.219786365075178 0.0374320536852856 0.0600110559104307 0.243548174215292 0.147917851221928
0.0426853248625588 0.195516886313754 0.168814709995207 0.183832268836926 0.155243152969725 0.0381294342197371 0.215778222802092
0.0594798523610828 0.163449143972055 0.0428987189083078 0.0237222056660761 0.0347198349622569 0.248022173053109 0.427708071077112
0.122295159196057 0.147616032254738 0.199568727191384 0.0514411290824088 0.1418260824848 0.3166342508631 0.0206186189275126
0.124820236357235 0.261989467648783 0.146550460142123 0.0392144362390549 0.147299670935032 0.261202826466078 0.0189229022116932
0.223538604282608 0.057727289675275 0.0943497482481691 0.0392659776362107 0.233434670290137 0.105755241145561 0.24592846872204
0.0494654953747677 0.143127454740256 0.218949424056555 0.189470207214613 0.188799146675201 0.149933717448495 0.060254554490112
0.160389206808662 0.154816950285138 0.167112715496921 0.267867007491533 0.0290767737035291 0.0726066237222121 0.148130722492004
0.270768009901175 0.257337031958964 0.114295783514423 0.102046018023586 0.052840899355091 0.111578824928449 0.0911334323183112
0.104823532184296 0.138186805231101 0.101188499893265 0.182041433619596 0.191021544693812 0.184048022049554 0.0986901623283769
0.17238295284519 0.0207050134673733 0.100919966251252 0.117523545265482 0.169448448536044 0.219073479947717 0.199946593686943
0.222897604645567 0.168531702722751 0.135320794641768 0.214665976210424 0.1165066578817 0.0934868671119609 0.0485903967858281
0.0150193406864356 0.194695419387977 0.209247862445671 0.173147581918182 0.189862138404738 0.0181462961252538 0.199881361031742
0.260645265754515 0.0258200199986104 0.0371916872829289 0.122209439802255 0.346343344735965 0.0394950579045096 0.168295184521216
0.0638783222380872 0.0490868289136159 0.215118880092752 0.199886967041724 0.212000491446465 0.0536887180835434 0.206339792183812
0.118417155932535 0.406242745455131 0.133640929650797 0.079651437830083 0.0188066073147334 0.0147761147905906 0.22846500902613
0.172831269551926 0.0751418634482064 0.170118158912322 0.0701868402897511 0.0916623615009215 0.306636216381825 0.113423289915048
0.191908447989302 0.0509068873379057 0.151922422568541 0.123638698570394 0.145098703273028 0.182057117868631 0.154467722392199
0.0526504069278093 0.0396633412822437 0.248474047413606 0.203527601494952 0.215672878277656 0.101448969500784 0.138562755102949
0.095467050049573 0.0662494111440981 0.110746041210895 0.207872881509444 0.162263828648033 0.250376720897273 0.107024066540684
0.108168097498962 0.0893897393722672 0.201538271187801 0.168749744005255 0.0938805256855015 0.237588441246761 0.100685181003452
0.199621845621791 0.032395789053906 0.0353463152245185 0.079626512068467 0.104909289615723 0.307060242129474 0.241040006286121
0.208135285222395 0.179580026453609 0.00273463718796169 0.198947188086899 0.109254255275492 0.0781105698092562 0.223238037964387
0.131799370301364 0.0982649327515478 0.0610388410414036 0.21302957535306 0.176598453476425 0.282675290369759 0.0365935367064418
0.263585192602469 0.131217299766023 0.0169240089563732 0.243535623047742 0.0396109703285805 0.217855725575341 0.0872711797234697
0.147019996688476 0.0735075415876538 0.0941694714772418 0.27820058128465 0.170971141699577 0.123775249559602 0.112356017702799
0.150095674972206 0.0987222167200225 0.144687643247687 0.0250798356026177 0.246660963784849 0.00643272140346217 0.328320944269156
0.195877853042795 0.0260696523544442 0.152918286734491 0.262077048834716 0.0655631944922162 0.0664460023933486 0.231047962147989
0.153847223881424 0.0487067339911746 0.209742986517529 0.155838435884678 0.161349611847751 0.158147541010636 0.112367466866807
0.235088149702005 0.0790363705359847 0.232316077236475 0.0778050559942634 0.276118254602571 0.0359970584997256 0.0636390334289745
0.155882337815116 0.00492978283773364 0.363792312853988 0.0841108694541319 0.143367410518996 0.00393233736304407 0.24398494915699
0.218421646307966 0.124535402567575 0.038069398521119 0.236487888285376 0.0529107045123512 0.097941935048097 0.231633024757516
0.317862028270356 0.151564240499309 0.360363595995636 0.0770066717831534 0.0405900692895267 0.0154085169670554 0.037204877194963
0.043048096326375 0.0540319088732273 0.574967117892601 0.105324555426705 0.12701711572003 0.0415661532343912 0.0540450525266707
0.182458825503733 0.0269742268500369 0.0746656804957921 0.219861917237429 0.235090477172899 0.0987382178622599 0.162210654877849
0.140049543453926 0.29666930295923 0.0518514059938594 0.248531129579802 0.0153236451907653 0.206494755727392 0.0410802170950256
0.270049075995877 0.0411766171740439 0.131790050231211 0.130822581576701 0.0718057843923685 0.0673634842066222 0.286992406423177
0.186322865911022 0.116245015679321 0.159751060991871 0.20242558668854 0.0906437874282557 0.115788539403645 0.128823143897346
0.102089098529722 0.355121482975052 0.161998857917696 0.107110558195629 0.140743824920274 0.120120941680086 0.0128152357815406
0.0562615406595209 0.0186268615410001 0.177337651569111 0.154948220631815 0.199818665192725 0.0847546959046199 0.308252364501208
0.163479737103816 0.19080155291465 0.227666829252153 0.116231455640832 0.151849766377869 0.0479563803918953 0.102014278318785
0.0762348463676985 0.188661976006291 0.0128970651651024 0.256911276344036 0.121507847935521 0.101647273835043 0.242139714346307
0.1266091298686 0.256534391675849 0.260553380092314 0.165670818426222 0.113601932312434 0.0565804043907724 0.0204499432338091
0.20415791220272 0.027806913836371 0.083332895265285 0.159335810548324 0.0324236149954197 0.23900947004002 0.25393338311186
0.0987139320832116 0.0859553092021209 0.117056603423445 0.140440147813992 0.240184657198723 0.202841495954823 0.114807854323685
0.0817125685492609 0.179816767379491 0.129260136588263 0.173283940852049 0.0946327863111535 0.196691371160372 0.144602429159412
0.303257103001653 0.0439648963131122 0.076159501596195 0.0805921684230084 0.331587798041908 0.00993068790265936 0.154507844721464
0.19611138464612 0.0930601095097227 0.0566185497591309 0.193415206263136 0.176041352549824 0.0757642351319296 0.208989162140137
0.188368609298415 0.0565929242860366 0.159962298809084 0.195068607567221 0.117068486950548 0.200977180355455 0.0819618927332397
0.049576657239663 0.264035629035148 0.14334037698011 0.318606547509467 0.0460705796507215 0.0414539169063199 0.13691629267857
0.12139209124389 0.207478206193768 0.100665379720351 0.130598305075345 0.171293741774152 0.170569507050813 0.0980027689416813
0.138927071133882 0.251393265606208 0.212244325745271 0.0575491435114669 0.203177261983107 0.0679538999180775 0.0687550321019876
0.256024119051049 0.213704119278177 0.0426228102516186 0.184489779597376 0.0708452546710304 0.028775561864879 0.203538355285871
0.0683593876947506 0.149558968802408 0.194023558930719 0.0543233277403673 0.158599868892751 0.206935955425245 0.168198932513759
0.226628293736515 0.238007623029108 0.0807393730022354 0.119896884179036 0.237392327439797 0.0836784452574526 0.0136570533558565
0.123449553147688 0.181575509948842 0.0881580737632291 0.116527475912241 0.100615929048316 0.152264238944149 0.237409219235535
0.155562383836971 0.189808333064028 0.0643025575564438 0.247198994688033 0.0353267967328278 0.182031800748383 0.125769133373313
0.188839622332817 0.161044934151524 0.00394738765662401 0.135363436151666 0.187529573810017 0.200561802463052 0.122713243434301
0.169428328404913 0.0257800358900504 0.375769457550415 0.198347060235835 0.0741493483441077 0.105648720886408 0.0508770486882706
0.104788087547728 0.221901025584244 0.0732172165720632 0.0858994705136374 0.137198175229747 0.141640304181063 0.235355720371516
0.186616543960711 0.109964856846486 0.0548159946649958 0.251181754697489 0.181074628258417 0.111664527840726 0.104681693731175
0.189991597130613 0.00697503044380276 0.0644619054555757 0.219664337329169 0.19901894529456 0.0982940000810412 0.221594184265238
0.239111181165236 0.200633858943908 0.22377348427332 0.0311374500044807 0.119499689072395 0.151910123291586 0.0339342132490746
0.0963022417049273 0.19099954296986 0.107369421249139 0.119959905549021 0.183683588638839 0.173529492159275 0.128155807728938
0.206307055984559 0.315986728944707 0.085882653841674 0.0448034185566811 0.171055383624838 0.15972874790632 0.0162360111412206
0.0899576147842523 0.0156603095866695 0.224721881062391 0.247810267049128 0.273231414367433 0.132333400325355 0.0162851128247708
0.151792303973662 0.0586338413162784 0.212453025699167 0.110589363901908 0.17892209559015 0.225253093577543 0.0623562759412913
0.130672613333599 0.179623117017844 0.164862848107659 0.131974626190435 0.0899486666911013 0.194749474365364 0.108168654293998
0.0100090260410987 0.250017966525475 0.26726348336274 0.0201208511469098 0.20179511576737 0.0285970937070228 0.222196463449383
0.21957060190154 0.309833625410999 0.242809293418319 0.00186528218952848 0.000672602068985288 0.0055110982144016 0.219737496796226
0.259666933707736 0.0973446244512927 0.113498730860046 0.0656272963699956 0.325115198041841 0.0312425656498251 0.107504650919264
0.11797119800777 0.0297052940850488 0.210080487859547 0.118552045623507 0.1921307786258 0.219177729502254 0.112382466296074
0.149885891374849 0.28735550627544 0.0543992718313013 0.0168749909399954 0.124062595519481 0.287369320487702 0.0800524235712318
0.252610714196181 0.225921082911341 0.0507761442974096 0.0740252266771872 0.219241870208295 0.0422310431948451 0.135193918514742
0.186983329520155 0.00241270107953884 0.235913974599887 0.206249035961921 0.117534047767964 0.0386128180717144 0.212294092998819
0.0567397238500487 0.1404913109033 0.294398386044668 0.117831285755768 0.263725538993642 0.123379808645711 0.00343394580686172
0.0217189548494962 0.170786633937008 0.0816508906141446 0.17321343533212 0.203856994349855 0.264054497073982 0.0847185938433931
0.162686923528338 0.0582818946784236 0.231294085281501 0.0377357087575137 0.283295801713672 0.0827191275894553 0.143986458451096
0.0855472157375491 0.0742607578818863 0.136645633642104 0.121450312595157 0.256759052066271 0.0237169288083444 0.301620099268689
0.170747891915389 0.155465904432453 0.184277869573994 0.153419476612805 0.151410781477467 0.162564929397456 0.0221131465904373
0.156856433611731 0.166379422154013 0.102881222780282 0.226020871291257 0.295358292395573 0.0444231677782802 0.00808058998886279
0.0422570362699919 0.0683866038559117 0.0979225259768857 0.285680034079067 0.138700881908179 0.272030402375039 0.0950225155349266
0.032789236078354 0.0469888665227978 0.121916510863616 0.210883602187027 0.201505733995549 0.186748830576602 0.199167219776053
0.190166468186508 0.0386533473466305 0.138004299356046 0.17685134715395 0.0372978110445357 0.22043313964053 0.1985935872718
0.231138936168943 0.00966389322907769 0.190739000932784 0.243290422278232 0.248023820419715 0.02929281549182 0.0478511114794272
0.117841456314688 0.208791113380541 0.0975875968330938 0.10390714838244 0.118277945353367 0.199026789201159 0.154567950534711
0.1349956330357 0.230322080999879 0.0602809151745711 0.213487655763996 0.10367035602011 0.154226591801677 0.103016767204067
0.0331639430637428 0.129961344253479 0.139496273727984 0.121135294748484 0.189875559723183 0.223767070584357 0.162600513898772
0.335121165335963 0.0854494106900561 0.0508796336763172 0.184830753727121 0.155661533740501 0.167397085882673 0.0206604169473676
0.0843138113805475 0.17155433566998 0.107185560254682 0.232916269444407 0.2389202935595 0.153466048062772 0.0116436816281105
0.144378491137271 0.0944354529887423 0.183707006673733 0.266655280486654 0.0578514138248898 0.0495949759157528 0.203377378972957
0.131989806272997 0.192066626846929 0.244169291073013 0.123083354005282 0.0228924346369087 0.181497403544397 0.104301083620474
0.250169297212362 0.0648449025031262 0.234720455335128 0.0238286410404436 0.224593587516328 0.0832097460828986 0.118633370309714
0.0615717300515077 0.176533115354147 0.103084565997596 0.0882193842860333 0.215192965751482 0.0765370345809994 0.278861203978234
0.10416331203107 0.0885614689258895 0.0135817891318535 0.180940671796791 0.160204992567204 0.209948087694062 0.242599677853131
0.0898458325377846 0.208429641148739 0.16910794852114 0.153601864013955 0.111511729410107 0.0536939041379127 0.213809080230361
0.154366290895815 0.143560433187239 0.233081992211051 0.0409992156836915 0.104225574159807 0.13227016888694 0.191496324975457
0.226382178459205 0.214852230155153 0.0086769607967904 0.0264370471740864 0.00911932679997607 0.224440398713113 0.290091857901676
0.282030444137403 0.0812480475264291 0.000836384029151743 0.0176664967281142 0.241981484593731 0.144681719546578 0.231555423438593
0.234387990123142 0.0631012523426609 0.135177014376051 0.282574815024954 0.237082385849862 0.0191511455349297 0.0285253967484012
0.228113400216697 0.0431953006760434 0.0846469667290196 0.0380703222376573 0.104557278504331 0.296417446458115 0.204999285178137
0.101177756619282 0.194966625237488 0.231001162721443 0.0541924809023077 0.20182053129325 0.108420464463709 0.10842097876252
0.209180636267816 0.0289718973335574 0.199825549623667 0.220547431009371 0.237386376116482 0.0151702447191723 0.0889178649299351
0.0849940375232036 0.0216343470567303 0.258793112369748 0.26655840435954 0.0149401737407605 0.19915340905747 0.153926515892548
0.003671910937883 0.0286024618695177 0.0165512432359152 0.0632662182540103 0.387704259772855 0.243381380590066 0.256822525339753
0.231533632817992 0.176571367870637 0.038495393747803 0.0992855232267858 0.223627949018849 0.156021375454349 0.0744647578635846
0.0444760959171848 0.235057329069169 0.193351295094353 0.133804018948231 0.241734266882995 0.0426195019435212 0.108957492144547
0.261358144502793 0.0263666809277578 0.104127942400424 0.234207382038009 0.121664166368898 0.0857221326383368 0.166553551123781
0.119497182152471 0.0346941884168926 0.217446568653065 0.18577384939054 0.10999233481754 0.219753696417883 0.112842180151608
0.0378526743224803 0.0212342573792782 0.292510772228383 0.272087244967494 0.163968575523444 0.150066196834711 0.0622802787442092
0.0798123048539288 0.200857350905546 0.115218220788076 0.20053911041607 0.160901442593668 0.0056807032527606 0.236990867189951
0.155480364523089 0.0814025737470215 0.053010638168127 0.425148706435368 0.0867195434247628 0.122893619270151 0.0753445544314813
0.115288778961302 0.0838927101680473 0.197723377380569 0.133028546874526 0.178559637585365 0.145712082676759 0.145794866353433
0.171848896898409 0.0455242668588425 0.0327829690595677 0.0215224170812822 0.326316008538922 0.362985138074706 0.0390203034882705
0.23781964646442 0.142569932871694 0.130951554575964 0.0954204317663207 0.052567937910725 0.11601834135342 0.224652155057455
0.0365172933365787 0.218088561265351 0.176099552253451 0.0387861694867106 0.188434483091001 0.225403992402144 0.116669948164763
0.0206008121903063 0.162879980335473 0.288173640929103 0.00969956577428857 0.143681939948072 0.0563279075937494 0.318636153229008
0.132130335681064 0.205076221093547 0.157134112484712 0.170846711124477 0.159014233558285 0.134258868868816 0.041539517189099
0.0769408181757442 0.0704403850514735 0.202943774690634 0.00120837686255601 0.0829969704475637 0.265086022125536 0.300383652646492
0.237329271837666 0.12669058596065 0.110609667419525 0.0681900868848634 0.241842292217081 0.0340988353312832 0.181239260348931
0.116450904652647 0.24931222384461 0.0414649501669484 0.236835732596299 0.00206097844720301 0.0503330611296181 0.303542149162675
0.0262259214212029 0.322739699666251 0.0175393904307567 0.151280033580329 0.241362436540716 0.195870773963148 0.0449817443975967
0.191034407423106 0.0703134005241713 0.131489163198934 0.0857386783890394 0.0712510015862184 0.282973927854036 0.167199421024495
0.233961824897479 0.167312540953245 0.185592043240746 0.0572401926758263 0.115779093597591 0.141992168801021 0.0981221358340915
0.0415039928186345 0.246486925955535 0.125324171825846 0.0893446446233983 0.22167502751237 0.240371293895908 0.0352939433683085
0.0820513291482104 0.067945982781375 0.211831661134823 0.146415235843411 0.239914030734305 0.241741042750471 0.0101007176074042
0.155433279588317 0.0157857932537916 0.03333374334855 0.270695336711807 0.185778777682476 0.158473940219126 0.180499129195932
0.0506683235315149 0.102465383528472 0.184665412640311 0.101682323039966 0.180550913184252 0.132190863760705 0.247776780314779
0.158518329407427 0.212303093571495 0.0660289167327234 0.0458125826196415 0.0631320891425343 0.179484349551282 0.274720638974896
0.203334251946301 0.12013165231114 0.190747789133242 0.223277516033996 0.0893234667228161 0.142234887967515 0.0309504358849903
0.16195528199351 0.0460933949821932 0.0710756239638837 0.185061394576812 0.182250364186876 0.16638830323618 0.187175637060545
0.0357109708619345 0.0708626426729611 0.142487365287479 0.0201807164229115 0.276547375841906 0.233421353396218 0.22078957551659
0.0410339486223906 0.0750095691049142 0.0781922727052884 0.219134877627534 0.0900752704675566 0.384380185035653 0.112173876436663
0.0549330106011383 0.0933099761812108 0.123437616422137 0.26245419209654 0.213163389625025 0.0226138341312313 0.230087980942718
0.151148373566592 0.0246997866115296 0.209956653039078 0.149091424026204 0.154073333144051 0.105665612214983 0.205364817397562
0.165357529671296 0.145864317689355 0.116002693589948 0.2400674587508 0.183388053871311 0.00951300027370929 0.139806946153579
0.175989404786923 0.0698962514391753 0.27817774106756 0.122176992006539 0.0606978692924879 0.0908795685571951 0.20218217285012
0.238066952506281 0.109581911211399 0.164807651433234 0.00338659379873078 0.199923641294187 0.239020599918677 0.0452126498374909
0.286311639094519 0.207222034476164 0.0967656098983019 0.122873023906223 0.24866151937657 0.0320341683347799 0.00613200491344233
0.0719739309316404 0.220972309685032 0.114364893616284 0.0616428786796756 0.240996231213409 0.226047986310235 0.0640017695637254
0.116113006874944 0.220967357431291 0.0393694068946821 0.143174196301935 0.104565304537638 0.223244392267825 0.152566335691685
0.211494353185757 0.0510741413921525 0.0628494534005921 0.248259588258834 0.178964964436248 0.208798505452273 0.0385589938741432
0.132021413310812 0.0715668182658978 0.235898143138394 0.295974954968869 0.0411246245565093 0.145878353321713 0.0775356924378052
0.0678998715067947 0.0672830707331874 0.115277908309756 0.132160478772762 0.165727551508711 0.230814431027367 0.220836688141422
0.0682378266183155 0.228391709424355 0.173676709679092 0.0141827869067349 0.250837028303178 0.020349517689375 0.24432442137895
0.189054240774938 0.0857755470798796 0.197331175456461 0.0947246314685235 0.104323998752124 0.207220800295115 0.121569606172959
0.0306998567629155 0.13515229981243 0.127628430621909 0.191274069123163 0.263389146399619 0.136302082683441 0.115554114596522
0.158653494143665 0.241340273865159 0.119151447319723 0.222639010606531 0.186015834054896 0.0593044346011519 0.0128955054088739
0.166939858331099 0.170837091982528 0.0791401885322416 0.189788906833853 0.111412564526242 0.175645836164313 0.106235553629723
0.0573371564840269 0.127898380640645 0.0404099206580238 0.323781022655955 0.00646777672778519 0.138506114570864 0.305599628262699
0.0550589754489318 0.0842661701777209 0.190032351671489 0.159542914481637 0.174682541665487 0.219311155861693 0.117105890693041
0.252403544603368 0.352849425211537 0.0148472148760085 0.0573127312454992 0.101991705709547 0.0929938588657849 0.127601519488255
0.169203166678047 0.0617163007190852 0.0738307017362256 0.207548067998462 0.0937570074074788 0.0715919253659088 0.322352830094793
0.140845885449651 0.197484309915864 0.19803065457736 0.23746574803561 0.0210795008062913 0.111936399017765 0.0931575021974585
0.00835272252394404 0.0884848594697708 0.303719863873209 0.176995405856819 0.133749171372106 0.0451735292270745 0.243524447677077
0.157900569881552 0.220411753141701 0.129434089551191 0.180416520462315 0.0505824105035437 0.216957089940563 0.0442975665191335
0.000127321976036251 0.0312957923941618 0.252174702609606 0.0510213891813798 0.284446475526442 0.139480334726929 0.241453983585445
0.0831777704382074 0.114872532560217 0.243467118324345 0.145075392452133 0.058473988721238 0.227695800573208 0.127237396930652
0.0517825051466099 0.22681633419999 0.0334778556568795 0.25061298197204 0.0101904312623909 0.255713000627094 0.171406891134996
0.124473901797764 0.167847271906414 0.305242348214671 0.103226629623976 0.0295285596687001 0.121694095343246 0.147987193445229
0.128055763720538 0.0591449035016382 0.232577725486732 0.161480205813342 0.205130523184562 0.165755479089678 0.0478553992035099
0.217447478698567 0.231073207497366 0.121103881416796 0.00579776495964219 0.0729430338664438 0.171031388740049 0.180603244821136
0.187296630896992 0.0601899429653043 0.211209868765994 0.0296218203751927 0.303486287753119 0.160048326980618 0.0481471222627801
0.120508496882196 0.0485140035541948 0.186222290641268 0.180915062324191 0.230751799844829 0.0628236813056558 0.170264665447665
0.159861678874743 0.21298849416914 0.0605524231838941 0.150292003615674 0.238961503118817 0.130312178793146 0.0470317182445866
0.0753518604701187 0.2401884985781 0.0796031226885572 0.185225667346109 0.0171789580993896 0.111295702356497 0.291156190461228
0.0430083764122864 0.0247038369777745 0.197608443074233 0.148262830295404 0.0466920808745567 0.310367789663079 0.229356642702666
0.106293212135305 0.24763580635784 0.0592160850921806 0.0217246736443456 0.143489463443216 0.202617170943719 0.219023588383394
0.0165072957480427 0.207446422970833 0.231923576414742 0.190374110715528 0.0243944461112727 0.241142998841129 0.0882111491984518
0.199539608832605 0.0415575737821531 0.255265100481979 0.113524570771995 0.0545410096472584 0.0255982439730764 0.309973892510933
0.159967203758563 0.164092563198763 0.042913421006434 0.0767173115767454 0.134614751288505 0.210570711788437 0.211124037382553
0.21101317716905 0.163401599630371 0.221310398779724 0.00256879511524846 0.11078083967231 0.132829056280577 0.15809613335272
0.211616258388559 0.216790319942955 0.0858747924090582 0.244795258476991 0.020144322726686 0.0982380236294302 0.122541024426321
0.076301518743116 0.0242473309510043 0.115996519301316 0.121276037225469 0.128172722589376 0.21047012515491 0.32353574603481
0.0613571048690785 0.143859312309169 0.130458729999194 0.107192696603936 0.215650740639371 0.210561196954622 0.13092021862463
0.146990660308226 0.204227269130753 0.087553692915169 0.0903806342024464 0.205893291908116 0.0486916510915827 0.216262800443706
0.109099316629809 0.36761132599237 0.00342732708294549 0.0944697083670314 0.0325993017888695 0.320789113481424 0.0720039066575507
0.213342444457403 0.19031535495271 0.02108196498236 0.0376458905024027 0.171572690751831 0.174637420698538 0.191404233654756
0.158981618506722 0.109295906132987 0.106868454612206 0.0580133731727047 0.00530868571434096 0.386266662560902 0.175265299300138
0.00969082761162042 0.039777511744884 0.251032196184289 0.0925790951371195 0.146789894417552 0.213911076995738 0.246219397908798
0.108565938300316 0.181220083122753 0.244432004733094 0.204429809863091 0.0616774677566234 0.188979480957719 0.0106952152664034
0.210335769905772 0.185752640320524 0.196091285459425 0.241405691444246 0.00814786639043109 0.00914005827726118 0.14912668820234
0.0703819209772073 0.29757107731317 0.0203733772815777 0.0495513217293131 0.154933733461421 0.239320310930102 0.167868258307208
0.147281474022924 0.0564042511074878 0.218767980139163 0.012773622333638 0.173363848228433 0.142587445781531 0.248821378386824
0.357453024618424 0.243560410850092 0.028657390984624 0.0128236556267185 0.0188615318948802 0.326467251629955 0.0121767343953065
0.0813500413339954 0.0945150562324169 0.140388072959358 0.251760131783465 0.0413659979600844 0.247139637152993 0.143481062577687
0.0186514533739218 0.26933758768424 0.216953581252812 0.149747108354187 0.135475675282306 0.0061496639864743 0.20368493006606
0.0361217538520295 0.298888694131402 0.00205089689031486 0.0966616260663832 0.119400892647087 0.0774872168015934 0.36938891961119
0.00492524626342697 0.148846388738914 0.19622214945755 0.229671848861706 0.187734481478246 0.0728514891364082 0.159748396063749
0.251944637526107 0.0976011004834163 0.102518048462299 0.161566485941023 0.00300188258564304 0.131021852145296 0.252345992856216
0.189219748545923 0.068831824711573 0.128662937584763 0.058741694409662 0.0985022347764531 0.167221204435458 0.288820355536167
0.117184992680803 0.176009351042649 0.223527089162029 0.0242876707996983 0.21327772902053 0.0659191002229614 0.17979406707133
0.198896546243358 0.0129068507370644 0.0283263060710417 0.185939033926519 0.204505473862418 0.222959275859033 0.146466513300567
0.00091544258599661 0.118354694429929 0.159501491703012 0.208610880803 0.236941300981643 0.23792182844756 0.0377543610488594
0.417649268999067 0.317129478134167 0.0446570567034468 0.0101339074504187 0.0394598201565788 0.111143278735066 0.0598271898212556
0.189644909924061 0.0103355324703383 0.187445318241896 0.237927958702756 0.156451102626703 0.0658614057441964 0.152333772290049
0.0472341703927297 0.276734199229997 0.146073958927745 0.264134837432642 0.113215762558299 0.0699806269605189 0.0826264444980686
0.026093320307762 0.241058876620374 0.153576164841626 0.284776316520467 0.0231637374652831 0.264592541626001 0.0067390426184869
0.0299295397907453 0.0106424197929997 0.282701083339523 0.230150090436171 0.22881019314932 0.0974455274556607 0.120321146035579
0.18559857199063 0.0113984414815595 0.0332133821628912 0.124700068625136 0.249992304127117 0.127581225407648 0.267516006205019
