0.181602007099456 0.115388798737192 0.294802893986332 0.40820630017702
0.416513095827965 0.501876825970126 0.00955455782841981 0.0720555203734885
0.191583343607252 0.0787547620401659 0.563404541889524 0.166257352463058
0.259843528903149 0.16067002463406 0.399239584242392 0.1802468622204
0.492219019167027 0.292248530297158 0.0826765378493384 0.132855912686477
0.246618882608945 0.286589957182896 0.236338005689843 0.230453154518315
0.194993225530129 0.625745440711663 0.0567454212892591 0.122515912468949
0.278966398909665 0.436636153645921 0.267297615579056 0.0170998318653587
0.243823333069598 0.085379907576067 0.362835979066351 0.307960780287984
0.349266097419916 0.142778007543176 0.228014635708738 0.27994125932817
0.0387009397509355 0.277833614054821 0.35107255338275 0.332392892811494
0.340488723099014 0.175485881487229 0.279583991167448 0.204441404246309
0.158412971986239 0.365102178339282 0.274685635756654 0.201799213917825
0.348910530473033 0.338559294515581 0.109394662947792 0.203135512063594
0.501244002431099 0.329422960738249 0.164713368005791 0.00461966882486059
0.313432315875146 0.288695712762556 0.0934540054815241 0.304417965880774
0.0852228725845304 0.213120228367782 0.370460460042832 0.331196439004856
0.166364989112111 0.0564429639905061 0.382918477093696 0.394273569803687
0.223903308840937 0.315661420529015 0.0814284578273388 0.37900681280271
0.442598106724005 0.158613999001602 0.304442087701184 0.0943458065732088
0.0778677167826951 0.234469411835396 0.331264395370568 0.356398476011342
0.165884682957633 0.244339561158064 0.439441815402912 0.150333940481391
0.228914034778864 0.323035523837759 0.304361923799161 0.143688517584216
0.0715342662944191 0.395504455591275 0.228055545851914 0.304905732262391
0.156985426809401 0.309751611174593 0.339891750080766 0.193371211935241
0.35428392195602 0.383121624830784 0.246068659093041 0.0165257941201543
0.164798214251629 0.240431442751219 0.291831279435837 0.302939063561315
0.311127038512353 0.216409843431053 0.296488462705368 0.175974655351227
0.257381641240837 0.422409557927505 0.302222542992376 0.0179862578392825
0.575591149482299 0.153777612625038 0.0611651351721968 0.209466102720466
0.311247929342557 0.0554847123764781 0.28534054250485 0.347926815776115
0.109170839383428 0.23699673531867 0.327256070044285 0.326576355253618
0.453296404485994 0.109523441544547 0.384337678884941 0.0528424750845182
0.103470716058451 0.487733949184684 0.320648578656927 0.0881467560999379
0.0201413664318495 0.414830577738026 0.40419207216079 0.160835983669334
0.0194463669569802 0.604894875787912 0.372906978095689 0.00275177915941874
0.131644749974114 0.21405446457193 0.434105812246029 0.220194973207927
0.0605652584598643 0.431277828557652 0.302619193676426 0.205537719306057
0.222022023686143 0.240995948432387 0.253746916933474 0.283235110947996
0.29361273503159 0.125421648176258 0.188868804602923 0.392096812189229
0.207034292638665 0.134918930469042 0.237440971551005 0.420605805341288
0.156021438375949 0.316745648823481 0.210577534022334 0.316655378778236
0.14388073729804 0.193762175604063 0.361452066968372 0.300905020129524
0.186183801247035 0.102066264694299 0.397634571967185 0.314115362091481
0.462403242553286 0.288115411364773 0.126507586721886 0.122973759360055
0.0479244870392662 0.392088541558712 0.319334738477522 0.2406522329245
0.296818442611794 0.19217644134521 0.176483013035579 0.334522103007417
0.380776849277328 0.0921677946959469 0.233774821788238 0.293280534238487
0.25892806894537 0.183340366816696 0.441961554423888 0.115770009814047
0.0316234260573853 0.229087482258523 0.219425733762431 0.519863357921661
0.525160627876912 0.250462578473864 0.0168497648641752 0.207527028785049
0.0158895586663376 0.268418815647657 0.229645020452507 0.486046605233499
0.380807080939059 0.159891285558657 0.193597661841925 0.26570397166036
0.223435166701336 0.312717560238858 0.141449484331953 0.322397788727853
0.225670943072964 0.333920972523756 0.134197809465151 0.30621027493813
0.323529884743217 0.262310236833629 0.174414006011145 0.239745872412009
0.320750120863906 0.257533142672741 0.303141648042846 0.118575088420507
0.332761160596212 0.25405346201845 0.183061942510672 0.230123434874666
0.177070536991937 0.170523472417062 0.278039101806134 0.374366888784867
0.647546076631348 0.250652514384837 0.00767765370253439 0.0941237552812804
0.424471588672322 0.383257707188038 0.00196576020147149 0.190304943938169
0.120905848448184 0.0975265277210899 0.393684681719311 0.387882942111415
0.100745709016991 0.341874885519003 0.204000963643018 0.353378441820987
0.260319646299503 0.0792969533474964 0.368578979846803 0.291804420506198
0.0936258450261289 0.420892380406293 0.0942777981941145 0.391203976373463
0.162845430450499 0.324376081292165 0.0916936306383115 0.421084857619024
0.216077667541453 0.220720565415784 0.329960586903704 0.233241180139059
0.327191558260619 0.0705135636651604 0.298277427963539 0.304017450110682
0.388696756155271 0.35302910023746 0.153348857988654 0.104925285618616
0.266483216050536 0.0316709246887233 0.337365784696848 0.364480074563893
0.370703980248908 0.152534444589605 0.135450372704585 0.341311202456901
0.411148330550856 0.048599532670495 0.112831449390263 0.427420687388386
0.0172082616773365 0.263748434504117 0.389668089977689 0.329375213840858
0.255005139404863 0.194295951006152 0.369380020182667 0.181318889406319
0.431511025426186 0.279956386154581 0.193938674005691 0.0945939144135418
0.258820956299136 0.32081521502773 0.33347350800464 0.0868903206684939
0.131580600637601 0.298836600723367 0.393426777376906 0.176156021262126
0.256492920225109 0.200740852321046 0.22802701773123 0.314739209722616
0.0271898511817414 0.315175422781317 0.0643237987884729 0.593310927248468
0.240111671533041 0.261590793617033 0.248192081410524 0.250105453439402
0.205398984483333 0.241569508005405 0.220773423325156 0.332258084186106
0.282936623499741 0.240109992749917 0.321094598033152 0.155858785717189
0.240985736339326 0.278376647163349 0.231239412442779 0.249398204054547
0.0650647454589729 0.0785788829236376 0.311744163141747 0.544612208475643
0.0553374622130906 0.447446514373593 0.0172215697492891 0.479994453664027
0.271557785122486 0.348845667136812 0.0681185896840685 0.311477958056633
0.330204599751178 0.28658028400054 0.120868830280648 0.262346285967634
0.147916703050611 0.379710976556887 0.183783803352919 0.288588517039584
0.241544071987536 0.18101813097262 0.362151983166193 0.215285813873651
0.226380706911598 0.295519417191921 0.242435559720612 0.235664316175869
0.241540729766313 0.302287273454226 0.310472156018496 0.145699840760965
0.0961432105864228 0.346687431420169 0.233884876136408 0.323284481857
0.117233660816424 0.371000372241833 0.324913915605672 0.186852051336072
0.0960419238277903 0.0372897330051089 0.394415136330018 0.472253206837082
0.301251287924781 0.294510203599949 0.190928873974769 0.2133096345005
0.0477449379437839 0.383221162410513 0.272342611629332 0.296691288016372
0.311991705799192 0.13947815605907 0.338737100123344 0.209793038018394
0.308858573441472 0.308216926970867 0.342514956440384 0.0404095431472777
0.191395332059399 0.0581597028761129 0.489167163705672 0.261277801358816
0.437608691449049 0.172815150613247 0.0967793021639991 0.292796855773705
0.798754056703948 0.00654158150830763 0.114944148290049 0.0797602134976948
0.40358310474123 0.00165310045580604 0.299708583589103 0.295055211213861
0.206699474307024 0.259485429019785 0.434650255135293 0.0991648415378991
0.105017411744759 0.287851902410978 0.220033595277216 0.387097090567047
0.0869252720901959 0.495817962967424 0.273696809189672 0.143559955752708
0.216828323608988 0.410726137185723 0.270065059164716 0.102380480040573
0.261611637139054 0.254167317593634 0.265534804567657 0.218686240699655
0.302409239605234 0.326029923199499 0.267039528602397 0.10452130859287
0.231601977751731 0.497407445138168 0.140432480912298 0.130558096197802
0.045737540739768 0.349442502885366 0.307919450663678 0.296900505711188
0.230859951478328 0.333506140671246 0.235049501301768 0.200584406548658
0.331777069848362 0.0458087287989448 0.286307910313793 0.336106291038901
0.118904080441817 0.0898209574791704 0.231567517508608 0.559707444570405
0.197360120893191 0.250850471474722 0.263341308328627 0.288448099303461
0.425625553456689 0.187125062387037 0.272054048141455 0.11519533601482
0.28941412099706 0.297716896760885 0.227853469368367 0.185015512873688
0.399465565251567 0.0576300799706146 0.178324050988292 0.364580303789527
0.34692749454276 0.239691876519124 0.387126225908069 0.0262544030300482
0.306348759689404 0.281932051944853 0.138798762983819 0.272920425381924
0.0667816801873745 0.238774967367168 0.429576764593208 0.26486658785225
0.224099787600343 0.39329347751227 0.196569125190703 0.186037609696684
0.425239365335362 0.0737460019465337 0.0789665099356998 0.422048122782405
0.0538856421211943 0.12882890604933 0.106046549849372 0.711238901980104
0.216259959895807 0.272376417375708 0.287005900604802 0.224357722123683
0.194427681454683 0.155063271034833 0.523226449088321 0.127282598422163
0.401321195609444 0.0420121653194606 0.212266582126958 0.344400056944137
0.513052153063208 0.183147672332955 0.0456114366935199 0.258188737910316
0.271598469641004 0.192573668588799 0.262805703088445 0.273022158681752
0.360632062640334 0.183806727632583 7.13837947068031e-05 0.455489825932376
0.17426082173024 0.272796629282114 0.197059978832775 0.355882570154871
0.140056843290347 0.361306854058145 0.260207915506038 0.238428387145469
0.0201200236857894 0.445502173803647 0.374152672409371 0.160225130101192
0.130070734236665 0.230200991062479 0.35941949042468 0.280308784276176
0.285831597276946 0.0507791292777484 0.277253946263049 0.386135327182256
0.260939580474079 0.00639164656594374 0.510763676308476 0.221905096651501
0.352652840182618 0.305502975965811 0.260890047298025 0.0809541365535466
0.05379328698057 0.720439512674359 0.0788064594632042 0.146960740881867
0.210408360038748 0.452610648108143 0.298055754803548 0.0389252370495604
0.203700003125082 0.485060883654136 0.257528234653359 0.053710878567422
0.0898064765515485 0.417513564739204 0.0720491763329049 0.420630782376342
0.340974222753327 0.0336738982440222 0.164403579515267 0.460948299487384
0.456737857841775 0.248238285149248 0.0987356368404555 0.196288220168522
0.183571004079539 0.107767241612631 0.351526664581197 0.357135089726633
0.0625861278530378 0.493246881266633 0.096033018517834 0.348133972362495
0.685088431007409 0.0283434834128105 0.191884310538459 0.0946837750413216
0.0369579957484725 0.474910558969652 0.296713444541129 0.191418000740746
0.260084441486094 0.222222614642094 0.200777390117982 0.316915553753831
0.568918477872479 0.307614166452182 0.0616594060677095 0.06180794960763
0.297464716725699 0.186781353715918 0.365865836590507 0.149888092967876
0.416579914286023 0.127989987264524 0.126531859795857 0.328898238653596
0.390569021611367 0.0213285608503873 0.554816759876255 0.0332856576619901
0.660460212124309 0.0230704721521215 0.0402838902347843 0.276185425488785
0.354361260882144 0.029572377147107 0.120046848153029 0.49601951381772
0.258429181136117 0.297483780475359 0.111796584637715 0.332290453750809
0.304441469940583 0.0542744573270714 0.270956965460839 0.370327107271507
0.27373232313984 0.27847181425045 0.31895397701192 0.12884188559779
0.00684043963954247 0.179636567115066 0.66665984818155 0.146863145063841
0.338049448122317 0.439613512121422 0.115734630044862 0.106602409711399
0.243833974133834 0.267581033716177 0.311568772365438 0.177016219784552
0.0111013619320827 0.55002513030185 0.383594397145134 0.0552791106209339
0.28267093057376 0.148867607513032 0.383625057838578 0.18483640407463
0.269705597091947 0.00764782649759217 0.25245244636045 0.470194130050011
0.35113400274918 0.344599917698879 0.259284195475681 0.0449818840762597
0.207248148072177 0.271869174046449 0.159629085083002 0.361253592798373
0.30171242948853 0.246576076836909 0.250086469771375 0.201625023903186
0.315126457352185 0.0374075349469128 0.292301202439944 0.355164805260958
0.2939164270454 0.309350787066061 0.125690557554487 0.271042228334052
0.228973359758868 0.112986611568239 0.317672614876332 0.340367413796561
0.683001536363317 0.0547570370332283 0.0454312940103032 0.216810132593152
0.249951300715818 0.252969506708322 0.179185630142848 0.317893562433011
0.419359927096985 0.0816486673372139 0.462797456407892 0.0361939491579093
0.589454543434423 0.156705509236327 0.112495206193698 0.141344741135552
0.402830925156803 0.177983997529732 0.0261939927549503 0.392991084558515
0.0789425734879714 0.189863401989069 0.306147287340085 0.425046737182874
0.0761858284280738 0.16097682681816 0.313674893040738 0.449162451713029
0.201273441586153 0.225584994870532 0.475023784343964 0.0981177791993518
0.137378864123126 0.430885604019097 0.290845731918093 0.140889799939684
0.182194909328152 0.245345006766494 0.560365812835444 0.0120942710699097
0.444864772568818 0.0855384930843691 0.0529689818859026 0.41662775246091
0.0715804777314762 0.427438007258955 0.305806715220197 0.195174799789372
0.00632301346863067 0.0161164289436163 0.810858154183374 0.166702403404379
0.538521151849595 0.0807849838543535 0.172863866191631 0.207829998104421
0.13652425124959 0.0850482594474117 0.320830231126105 0.457597258176893
0.195384481458763 0.0610375823370339 0.253483599296148 0.490094336908055
0.31948925962669 0.237217440926679 0.176793072376692 0.266500227069939
0.117788747430531 0.135576283453866 0.264928716153003 0.4817062529626
0.237202693966067 0.360591409309186 0.133906203092205 0.268299693632543
0.318885022903119 0.0564181301589721 0.309563823122107 0.315133023815803
0.0881635664042678 0.102062087473172 0.229186379950084 0.580587966172476
0.152996445000376 0.0250096030713516 0.403431815757235 0.418562136171037
0.273862892830534 0.351394056112394 0.198124457463831 0.176618593593242
0.281367619447033 0.104513221707567 0.292934561590072 0.321184597255328
0.33773449091315 0.156563489280305 0.0907229656181709 0.414979054188374
0.266316144341597 0.342873310042932 0.241737350716751 0.14907319489872
0.314437663120582 0.148753299935296 0.226040943037532 0.31076809390659
0.389173611541469 0.114047225596208 0.429799328618705 0.0669798342436179
0.235439215282439 0.142430994872745 0.27090066677091 0.351229123073906
0.284622049418571 0.368740774924439 0.0822894495868207 0.264347726070169
0.0277529185450808 0.275813218888397 0.203150945272577 0.493282917293946
0.198500630790776 0.0581094453653706 0.274233570496292 0.469156353347561
0.236198305168067 0.559043110731739 0.1242188063643 0.0805397777358947
0.10719980812243 0.347956790896655 0.374086300936913 0.170757100044002
0.348198962712306 0.289886905867351 0.139660516424311 0.222253614996033
0.183179648928865 0.327288875475744 0.257342225246297 0.232189250349094
0.160773476289308 0.271498359194792 0.388483786570005 0.179244377945896
0.292748305781834 0.0886221203267065 0.278984074757028 0.339645499134431
0.114509811265417 0.0368077863048322 0.522232138131779 0.326450264297972
0.422538435268778 0.0631488246943221 0.329189077595352 0.185123662441548
0.113393274705701 0.491189667597965 0.286809963523669 0.108607094172665
0.29463106654044 0.218296718277966 0.324387886966626 0.162684328214969
0.430105876098875 0.347770997506125 0.16976426474847 0.0523588616465306
0.320668187891964 0.0513172541248313 0.150653452340965 0.47736110564224
0.315463988134134 0.259602556418429 0.399641351413363 0.025292104034074
0.337047461655202 0.347537396105549 0.113528045858142 0.201887096381107
0.104605172122498 0.00733714472974975 0.475311739876615 0.412745943271138
0.449364789763761 0.0174074074611775 0.0398047849981729 0.493423017776889
0.382019153462616 0.35697698494535 0.0714686409447579 0.189535220647276
0.442115191412163 0.0886141623119032 0.188298270539754 0.28097237573618
0.23671615220586 0.52224857258417 0.21530762895831 0.0257276462516603
0.403455845394539 0.172671025869543 0.184375506178465 0.239497622557453
0.33231126382007 0.0326711543781574 0.52659305178587 0.108424530015903
0.043915389050849 0.34138064604324 0.452873738108797 0.161830226797114
0.0473814670618604 0.0851671397476583 0.356690645907452 0.510760747283029
0.0420169538111955 0.305781145718767 0.332432962518691 0.319768937951347
0.270215472277252 0.313434574778943 0.0861722863724611 0.330177666571343
0.155394742640502 0.26755437293201 0.471894481482216 0.105156402945272
0.219832696785687 0.37459207946415 0.0457754939638703 0.359799729786293
0.106216308596327 0.363512963829538 0.125469527833452 0.404801199740683
0.383567470762378 0.0736205639187832 0.361556006251881 0.181255959066957
0.119629690065412 0.392837720486221 0.310142982230008 0.177389607218359
0.0904834267260517 0.343764702092793 0.273780737473193 0.291971133707962
0.264124241582186 0.098525393463708 0.453020339585139 0.184330025368966
0.367675350512173 0.0132321735307133 0.519315097743099 0.0997773782140147
0.119673548590513 0.375448907576273 0.199212153245408 0.305665390587807
0.00780950734124586 0.377376689017277 0.314050394180087 0.30076340946139
0.011416768878461 0.00631541734744128 0.874539836919923 0.107727976854175
0.468361964423824 0.0773518980146346 0.20731512983273 0.246971007728812
0.0971138170844601 0.40435339618184 0.301593489672906 0.196939297060794
0.543905653373817 0.0220898491579901 0.205268213103693 0.2287362843645
0.33654718579671 0.137104622719385 0.340872001603094 0.185476189880811
0.299671246534907 0.213704187282763 0.172863397484995 0.313761168697335
0.460819659210158 0.361419606021958 0.163363503879262 0.0143972308886224
0.136477691061708 0.240990266839113 0.264548334243408 0.357983707855771
0.180810769391927 0.0640062280111873 0.0789399366272356 0.67624306596965
0.181074493754854 0.256749910423188 0.362561552376876 0.199614043445082
0.160425043562422 0.290779224624538 0.171932303995664 0.376863427817376
0.198845272460046 0.21450124183185 0.296096382909098 0.290557102799006
0.21978942156979 0.193099563458496 0.0701655765515527 0.516945438420161
0.0127041269666419 0.353779909908859 0.325062934382388 0.308453028742111
0.211726443716543 0.22568273419396 0.275540744869768 0.287050077219729
0.155855100542306 0.200937730308504 0.112190495523857 0.531016673625332
0.488809774996231 0.0761041844401985 0.173596412327635 0.261489628235935
0.0549030264671362 0.0489662555319612 0.457074524273982 0.439056193726921
0.33040933054793 0.170193067110824 0.118774194233706 0.380623408107539
0.300205397634126 0.269372069062466 0.136149387933401 0.294273145370006
0.033432825776102 0.087666675311708 0.590297303731137 0.288603195181053
0.31957610397444 0.39676031304074 0.198728370699904 0.0849352122849158
0.12000111071389 0.594376751249835 0.145145177832391 0.140476960203884
0.30249470529705 0.256507198097645 0.272959500408748 0.168038596196557
0.204393010720549 0.215006398304122 0.273743976754179 0.30685661422115
0.384370807785795 0.207704410599515 0.400764786576107 0.0071599950385828
0.2615020755542 0.286260723971281 0.28172800377269 0.170509196701829
0.508193985881809 0.0649352660224098 0.0432491206718719 0.38362162742391
0.405413959536264 0.135572236507419 0.172994079636667 0.28601972431965
0.261925889734017 0.16924445736597 0.284572633685863 0.28425701921415
0.134271742428158 0.0355437152248485 0.504834050866745 0.325350491480249
0.197417738341683 0.371929002759052 0.167124624445486 0.263528634453779
0.191600616827984 0.304763317685884 0.167022103787101 0.336613961699031
0.188742196530682 0.22696569902503 0.36783647179623 0.216455632648057
0.395088693074108 0.362714661586954 0.195931198751836 0.0462654465871031
0.419988726235067 0.131735837188798 0.296232370584653 0.152043065991482
0.110264606640406 0.397674054067848 0.396936959765034 0.0951243795267128
0.0986732574040816 0.114479534075569 0.439578387432612 0.347268821087738
0.320147075581149 0.284577839218776 0.390458169785122 0.00481691541495277
0.220156713219088 0.246062903320793 0.20574796369554 0.328032419764579
0.356251132494936 0.471728494223496 0.0238296953194773 0.148190677962091
0.254261871178632 0.206135610390556 0.215676164389376 0.323926354041436
0.106272214094681 0.714600509730683 0.144938110392855 0.034189165781782
0.411209421832461 0.300515536761506 0.284540130171028 0.00373491123500445
0.337623433544936 0.404859514093904 0.154795780749695 0.102721271611465
0.26759039784365 0.045477958344298 0.329143599572915 0.357788044239137
0.430711996259003 0.206846170077736 0.0771436062982758 0.285298227364985
0.201125417597358 0.224437644408075 0.295608748106706 0.278828189887861
0.291914612528128 0.292904340209935 0.114019866989281 0.301161180272656
0.144141999279076 0.261452104297671 0.355617894909345 0.238788001513907
0.276059551366821 0.300172108912661 0.247141008606317 0.176627331114201
0.0547463675553855 0.628252976465721 0.156120976190716 0.160879679788177
0.31147815990684 0.274960525776282 0.152061393144311 0.261499921172566
0.348569137074768 0.307179569962031 0.269246821060632 0.0750044719025696
0.137182004909195 0.289428811892796 0.483924358034288 0.0894648251637212
0.164805212633929 0.405797674347902 0.163774318099782 0.265622794918388
0.55834769529198 0.0410821658611288 0.0908355314844857 0.309734607362405
0.0841874408116804 0.421905682882442 0.0459647527850682 0.447942123520809
0.333437989037337 0.250723118740616 0.304643517644489 0.111195374577558
0.217576260749926 0.0868800470159849 0.188274670937092 0.507269021296997
0.278055888457092 0.0293526409075642 0.498572063131659 0.194019407503685
0.255446090024084 0.69392328670214 0.0398498113879222 0.0107808118858536
0.369214137533515 0.0835412732910744 0.275138171382774 0.272106417792637
0.301380182378706 0.160624115901453 0.236128775632411 0.30186692608743
0.130525285876781 0.257855368329087 0.128832773097654 0.482786572696478
0.372571532642178 0.228669681903005 0.192464207890724 0.206294577564092
0.327962459464124 0.0349314503755674 0.379591241049396 0.257514849110913
0.0782951302296955 0.349539444861254 0.301088151411831 0.271077273497219
0.288166243059029 0.187045830883123 0.380946784413881 0.143841141643967
0.253791053951567 0.388197564167806 0.244833099423342 0.113178282457285
0.0820372368654088 0.345015722487392 0.210190095014576 0.362756945632623
0.0331125159025873 0.282906709185177 0.349359919760185 0.334620855152051
0.4613414709997 0.39049041780984 0.140531411300067 0.00763669989039416
0.131167656251521 0.270835142407413 0.283968595677351 0.314028605663715
0.389412261374672 0.0959735182122374 0.155747472501161 0.35886674791193
0.817968150244209 0.0344506933470004 0.0970404912969422 0.0505406651118487
0.22014303105765 0.308108285054606 0.165999166857317 0.305749517030427
0.170455564951407 0.215251254652087 0.322753421172344 0.291539759224162
0.0152608963712295 0.451233394507438 0.517283339124972 0.0162223699963603
0.0348069114579139 0.0638578438065415 0.681405227175519 0.219930017560026
0.06235048986277 0.287821811936345 0.44317793994796 0.206649758252925
0.358055969354869 0.332300536866328 0.274300048125638 0.0353434456531642
0.034079845036021 0.125544925915941 0.437219090556007 0.403156138492031
0.127959633152132 0.302395683075009 0.371916580346406 0.197728103426453
0.226234686981133 0.167347660325667 0.539154141929315 0.0672635107638851
0.443392361996661 0.31623190120182 0.180340727966764 0.0600350088347547
0.178263831620422 0.441071137659856 0.0091339054084642 0.371531125311258
0.551139280637193 0.0462422999020867 0.358496859577137 0.0441215598835829
0.115887775414266 0.322232003760233 0.237436251285482 0.32444396954002
0.0233198846784289 0.454241448281566 0.0928580333004752 0.42958063373953
0.47640521800724 0.0731503309866584 0.122666288946603 0.327778162059499
0.0812865491658549 0.478635040071549 0.255186563701641 0.184891847060956
0.00973511676377181 0.503015118289454 0.314418676269891 0.172831088676883
0.202507250530057 0.252422681038935 0.116101523858297 0.428968544572711
0.304287897671507 0.23576460927873 0.282580128508831 0.177367364540931
0.0975685258288645 0.49979556127537 0.210430675528172 0.192205237367593
0.429349460302183 0.156049346706152 0.159080595559031 0.255520597432633
0.0282838634158889 0.368509269512919 0.329166764817219 0.274040102253973
0.172743784759301 0.427148918451248 0.188405062383984 0.211702234405468
0.0800976650347688 0.353559165149332 0.138258301877014 0.428084867938886
0.317841838038583 0.224611464908733 0.0838653080243947 0.37368138902829
0.0831456479128671 0.0768728695442637 0.432446947455396 0.407534535087473
0.121867304419208 0.410547059807608 0.229869017573512 0.237716618199671
0.189154673696818 0.168528888369676 0.30378097274582 0.338535465187685
0.314826869897471 0.169262890202997 0.339028159912936 0.176882079986596
0.0857281719043661 0.0327279360354435 0.494607037605245 0.386936854454945
0.271607274647118 0.353296303442064 0.0650630191863038 0.310033402724514
0.231704339229711 0.403812922144002 0.0179196961537259 0.346563042472562
0.398807815326074 0.33576558506377 0.0321953540135579 0.233231245596597
0.179405394806413 0.393546468343392 0.303767817598079 0.123280319252115
0.552797717737863 0.0106581937772415 0.0923352300337759 0.34420885845112
0.379907956990147 0.216399344343087 0.198085243000802 0.205607455665964
0.286368182845652 0.00618189594594838 0.380278062040823 0.327171859167576
0.444207871313924 0.213223500249977 0.30359790147321 0.0389707269628896
0.0892420568009881 0.449723674107892 0.460206542242052 0.00082772684906838
0.472900033656838 0.0430380625446798 0.408540198659428 0.0755217051390539
0.409846141543338 0.088964157236774 0.301063160723747 0.200126540496141
0.213679321041504 0.0226735872795496 0.500310701687321 0.263336389991626
0.288793371478382 0.186463823650626 0.231094072536367 0.293648732334625
0.186245532078804 0.265308975313841 0.432390044588442 0.116055448018913
0.0315061503361319 0.476102783054429 0.245105501716685 0.247285564892754
0.360847721331496 0.364107946223837 0.144449943646088 0.130594388798578
0.23573627906295 0.142429731962298 0.603806721970566 0.0180272670041866
0.383105164725836 0.444242159758962 0.114125731103715 0.0585269444114866
0.260544314653404 0.275883487328189 0.189892216961051 0.273679981057356
0.237777496929554 0.419141414888956 0.00201792375707029 0.34106316442442
0.352004899500059 0.208356311661972 0.277513876225649 0.16212491261232
0.721897115611071 0.00554170310402658 0.257878286956039 0.0146828943288638
0.352582322979716 0.161840096934381 0.170974756159311 0.314602823926592
0.164336085467641 0.373596435548771 0.261942433486148 0.200125045497439
0.277091440538644 0.504484782800743 0.0878792112031459 0.130544565457467
0.442517119144433 0.0867978514754546 0.137451214512681 0.333233814867431
0.405466855448931 0.295937282517494 0.137666633110984 0.160929228922591
0.273079566651067 0.171493625880334 0.245665528678233 0.309761278790365
0.255922434369192 0.215270097851788 0.316751027649767 0.212056440129252
0.204936497556583 0.0202583443710523 0.395079556705652 0.379725601366712
0.291238542629156 0.322765751792823 0.325506712239922 0.0604889933380983
0.0422577914779806 0.260412987109778 0.198155262602613 0.499173958809628
0.137607704729278 0.112151146894234 0.404449517421647 0.34579163095484
0.334054333882043 0.0555640865600668 0.234522425924247 0.375859153633643
0.17756788060512 0.0110206547518299 0.0988743259811816 0.712537138661868
0.241897402067446 0.295522098221848 0.325448914787275 0.137131584923431
0.163282621221613 0.476701988759121 0.293551074636606 0.0664643153826608
0.214344625743657 0.363588119610854 0.145533960950763 0.276533293694726
0.180352423770553 0.0101387337949142 0.348068865116228 0.461439977318305
0.389930710335326 0.140214824037657 0.241494261139253 0.228360204487763
0.276747340091118 0.0480462089365042 0.475099449123201 0.200107001849177
0.238495913407385 0.208733878488068 0.18671595735453 0.366054250750017
0.0514740856131302 0.103080328579868 0.276786065778983 0.56865952002802
0.442432025613737 0.106765340844772 0.282219248197669 0.168583385343822
0.334490077551381 0.249622835852812 0.191872226772081 0.224014859823726
0.299352962815361 0.284242451313862 0.0320037007321726 0.384400885138604
0.0906424731797217 0.47711898114945 0.340489937478822 0.0917486081920066
0.231690127422511 0.319372192721482 0.215271725582982 0.233665954273024
0.226138243844741 0.0506926400200646 0.705128459572724 0.0180406565624707
0.351095338372012 0.315251012021568 0.278526884971056 0.0551267646353633
0.351624381290082 0.459751428737595 0.125626788667219 0.0629974013051044
0.284855172189365 0.119966313831141 0.470115786213023 0.12506272776647
0.143806784746889 0.175554304325674 0.351769620570966 0.328869290356471
0.113850005368427 0.432267119797066 0.147482335058844 0.306400539775663
0.165146036513292 0.423367971096706 0.23297433645155 0.178511655938451
0.33434814959688 0.482381419944831 0.0237830702113538 0.159487360246935
0.48592430511404 0.0330687170270939 0.00262954057539814 0.478377437283468
0.1038831690787 0.235735123336196 0.250803273505738 0.409578434079366
0.195695810931853 0.240641353178354 0.292565517986743 0.27109731790305
0.297371970112406 0.0979456209869393 0.324927417548104 0.279754991352551
0.302920096876731 0.0965544597350941 0.30608820197624 0.294437241411935
0.317417504363449 0.112333789889483 0.26037917379378 0.309869531953288
0.418352666740874 0.266707208691548 0.0220602829423915 0.292879841625186
0.276972162720313 0.298397739273796 0.390040396498411 0.0345897015074797
0.0859582851397802 0.420234529637751 0.242454053917147 0.251353131305322
0.0965038906061613 0.428564240174494 0.0530598663132606 0.421872002906084
0.32268979019885 0.224824732677438 0.185951636873892 0.26653384024982
0.471960943825838 0.301325028397147 0.157892612580697 0.0688214151963187
0.398595914995268 0.196640681447707 0.12330841099077 0.281454992566254
0.233382330211575 0.353946564103263 0.332996965413282 0.0796741402718792
0.31409461222389 0.214342788665758 0.405272701874633 0.0662898972357187
0.193935674660965 0.264415848994457 0.361798811660644 0.179849664683933
0.00511942186160536 0.325900044035492 0.327132420581172 0.341848113521731
0.0219557839790503 0.293449187770326 0.334709093163015 0.349885935087609
0.277184629490882 0.141434458214227 0.23552160846162 0.34585930383327
0.357505093201145 0.375652530338961 0.0181135795647457 0.248728796895148
0.393389454366457 0.279031336782318 0.0311572766038984 0.296421932247326
0.199386261206953 0.301303294258031 0.35473047044015 0.144579974094867
0.396640981437876 0.0223456768187373 0.22334995893262 0.357663382810767
0.242566282030765 0.181693064568152 0.398029418011085 0.177711235389999
0.360966889334246 0.00934940817450628 0.0946033635639976 0.53508033892725
0.158285347624109 0.308272501429929 0.267997660618324 0.265444490327638
0.167175193658274 0.394293888823645 0.327620745242482 0.110910172275599
0.129797435593298 0.306153847794062 0.230015602154011 0.334033114458629
0.149285509201758 0.279578282187589 0.247037138833478 0.324099069777175
0.0132585675347023 0.385587769553021 0.434968422545003 0.166185240367274
0.319384763311538 0.329936462001736 0.313248331365734 0.0374304433209929
0.280148084626071 0.251051015058529 0.161933484172801 0.3068674161426
0.151687578336957 0.177642595073434 0.0654719337015148 0.605197892888095
0.307299455332663 0.387383874740187 0.0863680699078639 0.218948600019286
0.408108303436832 0.159630711836421 0.137223474074194 0.295037510652553
0.245024171731375 0.302155832045333 0.235870449061321 0.216949547161972
0.0753857285576975 0.160958897965762 0.390808842025757 0.372846531450783
0.395581680601235 0.0390673464322766 0.190263837521074 0.375087135445414
0.07249179529526 0.373986157836718 0.199318509946303 0.354203536921719
0.341484608317626 0.261983940586016 0.200855217403969 0.195676233692389
0.157055378557634 0.0467964482165365 0.437080635954038 0.359067537271791
0.167433842494053 0.318528602690801 0.182801155847024 0.331236398968123
0.450828236222069 0.280318457245581 0.167922244897653 0.100931061634697
0.00457794983867776 0.0765757539773815 0.421538280019711 0.49730801616423
0.271031511277118 0.460177708511645 0.130351376945253 0.138439403265984
0.176344300432116 0.333400343711741 0.132872204817903 0.357383151038241
0.377910872683988 0.19472790701731 0.202609931317732 0.22475128898097
0.0355629547177415 0.128874568219226 0.509280823001584 0.326281654061448
0.497943286953392 0.283288798602198 0.0877314071061158 0.131036507338295
0.368172710192561 0.0273387849229754 0.14416494941815 0.460323555466313
0.3578678813413 0.08355149008173 0.0313554937595918 0.527225134817378
0.243132218641721 0.224520095315494 0.0943916161970016 0.437956069845783
0.380877304252787 0.0170074383940028 0.497427757377013 0.104687499976198
0.270806589701918 0.380371178106931 0.220676033582194 0.128146198608958
0.428059842117663 0.14129130359593 0.0160008610805923 0.414647993205814
0.228308421941551 0.095313179384919 0.36258604091343 0.3137923577601
0.0536974901968821 0.0943809166308625 0.69842605171324 0.153495541459015
0.15692780760027 0.285923851850914 0.247498162348458 0.309650178200357
0.213304676939777 0.297430369894385 0.17454642966566 0.314718523500178
0.319670286271791 0.214596604120616 0.175225931819109 0.290507177788484
0.232345706932945 0.102095374399937 0.352782817944112 0.312776100723006
0.0702752316716854 0.50918417068957 0.289815780787912 0.130724816850833
0.32445855892571 0.138627731580372 0.137115154825594 0.399798554668324
0.430506894881381 0.146945141762839 0.0171096118226757 0.405438351533104
0.161074583599638 0.163235026104411 0.391659117952536 0.284031272343415
0.247921461398487 0.226225317698525 0.0946555168940746 0.431197704008914
0.167038285285238 0.0856873425313195 0.377897540267561 0.369376831915881
0.317423410280297 0.163599333107541 0.308237070725715 0.210740185886447
0.298910503699685 0.327669578706556 0.337876466277289 0.0355434513164702
0.519310197108752 0.145080734109979 0.251703810234163 0.0839052585471061
0.29538909971938 0.388192606279156 0.236326743060543 0.0800915509409213
0.263710992141058 0.171857029161203 0.174832180951628 0.389599797746111
0.363496140796529 0.00952416260324661 0.240093786970938 0.386885909629286
0.00764449730981607 0.363193412686781 0.534411177222022 0.0947509127813812
0.309603977104266 0.178406438895788 0.0111803665623511 0.500809217437595
0.367605909467291 0.442534725845417 0.163425160608936 0.0264342040783564
0.0298397108729364 0.454463914539169 0.199965242992685 0.31573113159521
0.601162683588587 0.277458494890038 0.0193865788383789 0.101992242682997
0.382246542405185 0.129284954718465 0.14728015996515 0.341188342911201
0.0271352404169356 0.230400388470021 0.390120085936474 0.352344285176569
0.365718435872008 0.387092446872615 0.0841841287834053 0.163004988471971
0.0889681330184525 0.282704783902751 0.379667693744278 0.248659389334518
0.279964141377363 0.176333025316221 0.412146186235814 0.131556647070602
0.359688245424421 0.552823953795782 0.0874537688894843 3.40318903131682e-05
0.25121834169847 0.039868500860985 0.425494243253062 0.283418914187483
0.205026357516171 0.385795463061675 0.165332134291107 0.243846045131048
0.278411777847892 0.0607437507878973 0.374527302861429 0.286317168502782
0.254603680144875 0.09509644651676 0.298835638358237 0.351464234980128
0.200195857064979 0.23123994816821 0.0399590021701846 0.528605192596626
0.255258117710975 0.39998439706792 0.0385343421229572 0.306223143098148
0.284274209669542 0.262709002987875 0.302887615721551 0.150129171621033
0.151573613017824 0.355231209297 0.234169480038792 0.259025697646385
0.158952746427217 0.229596855938929 0.285513905984406 0.325936491649448
0.0347904030097197 0.0627482604393651 0.592069035786129 0.310392300764786
0.293464138847753 0.0461450557469715 0.156236621615711 0.504154183789564
0.515202108801357 0.0254603670924334 0.291220004372693 0.168117519733517
0.143374014591747 0.227582465321506 0.258785200718605 0.370258319368142
0.397779802326678 0.173100490666209 0.0770821746826004 0.352037532324513
0.158740125361778 0.378147210853042 0.342889556242959 0.120223107542221
0.421528518468705 0.0671695298033076 0.123468031810918 0.387833919917069
0.108832755345813 0.423248683436017 0.326557646855606 0.141360914362565
0.299210789766007 0.207195830452921 0.27080277072507 0.222790609056002
0.300936342354491 0.247437759872506 0.414389782313934 0.0372361154590693
0.312496846495828 0.26468136415447 0.0247180650927365 0.398103724256966
0.0493022551146337 0.393372426477301 0.233253913788486 0.324071404619579
0.251849846261095 0.167300402473234 0.33599194304279 0.244857808222881
0.0519056115574063 0.0566136679309205 0.192805093949906 0.698675626561767
0.0834560805413563 0.368658961852808 0.514217789831887 0.0336671677739489
0.100565295824334 0.499263941925557 0.363235928741352 0.0369348335087565
0.112998621765448 0.272355343491989 0.405764437386485 0.208881597356077
0.422863209944422 0.074926044356461 0.0132731147795884 0.488937630919529
0.317210836391429 0.186239058995695 0.195837443206862 0.300712661406014
0.349962945890183 0.187026955081299 0.387714707561128 0.0752953914673891
0.249332384253103 0.314777862765451 0.412323720360481 0.0235660326209647
0.444881203345519 0.0897697032258266 0.322690986537936 0.142658106890718
0.234281570633144 0.299581690062123 0.188915951037106 0.277220788267626
0.0810369067545151 0.125885002977604 0.23991508276812 0.553163007499761
0.20098352409553 0.490344043826039 0.0349621600310936 0.273710272047337
0.12038589731789 0.378927734938384 0.0748949270070299 0.425791440736696
0.30030169084459 0.00759889954300771 0.34200046757742 0.350098942034982
0.184087506204643 0.303609807445695 0.236943251016065 0.275359435333597
0.0962592723640872 0.239665731816487 0.205575534642505 0.45849946117692
0.170617887670604 0.206369720684728 0.306115481994003 0.316896909650666
0.231227297989306 0.143049276321215 0.147168143292188 0.478555282397291
0.121924770805203 0.178160876899225 0.559420553781961 0.140493798513611
0.000869237524520102 0.504034647605641 0.345591407894192 0.149504706975647
0.266013892650545 0.026358029149214 0.283348965395983 0.424279112804258
0.415588103482381 0.127743833055424 0.27614467289435 0.180523390567845
0.19065456158938 0.150263558783945 0.325302129591903 0.333779750034772
0.223373153328583 0.278295717768883 0.191211596648294 0.30711953225424
0.283474894827641 0.0276492047856134 0.350136641470383 0.338739258916362
0.072557912948756 0.311406153420462 0.424829418650888 0.191206514979894
0.0873119304183465 0.426580286609667 0.144973009773172 0.341134773198814
0.214043235734814 0.309824110064386 0.216423245369995 0.259709408830806
0.274018524180666 0.144918685307881 0.385492784502506 0.195570006008948
0.264560216028293 0.0931900951838832 0.312588693711692 0.329660995076132
0.177153928416408 0.28162034672036 0.341456185416323 0.199769539446909
0.0987011394182675 0.417612096253861 0.275458417511337 0.208228346816535
0.0959889647765353 0.296825967567675 0.286877257917681 0.320307809738108
0.373213588227269 0.154190032397775 0.125468678985354 0.347127700389603
0.274605725254731 0.320106126899496 0.180653116315523 0.22463503153025
0.0560714566365908 0.302625898466028 0.30553175599104 0.335770888906341
0.247063654726404 0.293051260637052 0.245284817367863 0.214600267268681
0.126355263933959 0.455377862819905 0.104150837603849 0.314116035642287
0.202973315631587 0.379509127193712 0.318623562815608 0.0988939943590926
0.400569880961348 0.179157331380972 0.157793778619764 0.262479009037916
0.411585258076021 0.2688325811109 0.275805066546949 0.0437770942661303
0.116901657878125 0.248253834382056 0.320281252036198 0.314563255703621
0.0791829808959701 0.724743676037563 0.169254475165337 0.0268188679011299
0.303402814085076 0.540784086821463 0.104823674108815 0.0509894249846471
0.11057359779615 0.272200094816702 0.418905666026758 0.19832064136039
0.052375704630597 0.180477935927999 0.398062450564487 0.369083908876917
0.307936456249726 0.118724047792228 0.0262978018466263 0.54704169411142
0.197406296781264 0.0996951783883686 0.493746679856977 0.20915184497339
0.115204490028655 0.495520280989275 0.214553143539886 0.174722085442184
0.546579872968604 0.136550815201793 0.0577818498784883 0.259087461951115
