0.283827068892765 0.111296356188438 0.0900095458861675 0.236875832917784 0.277991196114846
0.233915031172539 0.346980701455604 0.03563094913442 0.272793115994455 0.110680202242982
0.0623357858380933 0.443935411629098 0.0905216935560279 0.341647550854022 0.0615595581227593
0.0973029637042289 0.291590212440329 0.141654827239043 0.207908746968281 0.261543249648118
0.159604866331491 0.216603614458279 0.266781985948175 0.0938910788704902 0.263118454391565
0.178361834767004 0.421129127996687 0.0352854717510229 0.0868466389474207 0.278376926537865
0.0239845521178715 0.199845087960103 0.315444124055438 0.277611764285734 0.183114471580854
0.345947644908225 0.272563471519697 0.159905844087246 0.0436326690559462 0.177950370428886
0.249009822200812 0.220494095111684 0.245550323732975 0.0913063914824326 0.193639367472097
0.12532846210192 0.239399013728347 0.306655704791765 0.195460826928643 0.133155992449325
0.223563942765816 0.130303490650095 0.141801504431231 0.324915718264686 0.179415343888172
0.467050312251521 0.181209373717486 0.0645463880149398 0.241649148436604 0.0455447775794486
0.262341882926915 0.20337322378531 0.207301812193683 0.0741842269931509 0.252798854100942
0.016595283478641 0.067846403572502 0.214637279556824 0.274791689931981 0.426129343460052
0.215650186134067 0.168952097072638 0.278095656279879 0.0358031739372758 0.301498886576139
0.411418039397615 0.190116186959082 0.00727657226868086 0.0436044914026361 0.347584709971986
0.329889873055132 0.18080325339339 0.148952029202012 0.242867634054684 0.0974872102947827
0.12483871653826 0.0903044552722598 0.165980817744538 0.422120983750917 0.196755026694025
0.272343695138731 0.139196851422769 0.260016475008875 0.22033538205588 0.108107596373745
0.19673291386292 0.230020539493297 0.134777695707193 0.233281835346984 0.205187015589607
0.0910131787094881 0.250827657394566 0.261648745374462 0.167316119938352 0.229194298583132
0.0616204379647459 0.234855195372494 0.0283652859970179 0.422932821808126 0.252226258857617
0.464249630495561 0.0352953682495696 0.238859309337262 0.174541422312277 0.0870542696053304
0.291383956179502 0.193411267150216 0.231038124956447 0.00764583309282901 0.276520818621006
0.341092955217535 0.0817078464896238 0.19882731793336 0.21201807478911 0.166353805570371
0.250015505405086 0.15061204253323 0.114828708046849 0.254100453128732 0.230443290886103
0.264028795780008 0.01336241333596 0.394231347365772 0.175231884038992 0.153145559479267
0.252468436643725 0.196139311647794 0.0406568857852818 0.0325395778296394 0.47819578809356
0.179380952878793 0.0840260277981332 0.214370817089088 0.443807338364405 0.0784148638695814
0.167067099608741 0.213653055052884 0.284455353293992 0.0109394348504683 0.323885057193915
0.268531588625152 0.266390455306511 0.257765393514383 0.0295302819100719 0.177782280643881
0.316510156414473 0.179755649132476 0.300097832475195 0.0869625603567514 0.116673801621104
0.262282148826237 0.17613710813412 0.21230236232044 0.0742619584341076 0.275016422285095
0.052648956578615 0.365988266110538 0.204966403022941 0.365531943713004 0.0108644305749016
0.182673512706237 0.282723215699717 0.155781659738783 0.307034612704428 0.0717869991508354
0.0324641399615138 0.178292171700285 0.0130475550318421 0.351702871029907 0.424493262276452
0.322569075906517 0.029530849785433 0.148112479988987 0.268642823797174 0.231144770521889
0.284890323805539 0.14682157382846 0.296392339296425 0.122910504784968 0.148985258284608
0.259817975185501 0.00380004362702618 0.299461526857713 0.262418408127629 0.174502046202131
0.355928736964616 0.0338005947647946 0.324199124293074 0.0659193710061858 0.22015217297133
0.384438432543494 0.211256996367492 0.0579545771574856 0.123562965164876 0.222787028766652
0.0769511106074768 0.165137505881012 0.195978110642407 0.299175665950106 0.262757606918998
0.017539122846504 0.199345440263271 0.144651904990919 0.35449112319892 0.283972408700386
0.240889832545946 0.0911876835926901 0.0431165895853803 0.316690790513684 0.3081151037623
0.0894819576247152 0.170930803778326 0.14202928392016 0.514023010405351 0.0835349442714479
0.0585180094117748 0.0961412379622685 0.251890401287933 0.249682966558777 0.343767384779246
0.0338402079278162 0.288394208669389 0.187106604517503 0.193328387432368 0.297330591452924
0.192912199934407 0.19595727878836 0.0619546591775769 0.247404181804566 0.30177168029509
0.148030398015569 0.573041079379688 0.202439976137459 0.0694144676032395 0.00707407886404534
0.179568278916356 0.357589666299135 0.320521488748405 0.0853587142246201 0.0569618518114835
0.19863737747679 0.276452422826027 0.0635592904942895 0.275857388907284 0.18549352029561
0.20306329515976 0.190927016257738 0.193292565941462 0.320150956729941 0.0925661659110992
0.0921083356082409 0.369641771204119 0.214425718030224 0.0563655967996273 0.267458578357789
0.0437698158179641 0.403310663165437 0.119655750693201 0.340509684017946 0.0927540863054517
0.0840615192289269 0.189518852215489 0.227226768005606 0.198019867758878 0.3011729927911
0.390920948823774 0.0998391101199107 0.0987986307880356 0.222647042846263 0.187794267422017
0.0788235768424282 0.259452224578179 0.249269608308368 0.175747235506611 0.236707354764414
0.134409888675515 0.260782060644047 0.214492503311203 0.141896757569988 0.248418789799247
0.126865495859907 0.221907785629421 0.222497005215619 0.196680435991808 0.232049277303244
0.113187908468314 0.200118918498952 0.184057481798552 0.414174909612037 0.0884607816221445
0.156043634066026 0.262655119817371 0.314043151601095 0.145711520657057 0.12154657385845
0.013387587912608 0.163565428979268 0.296259426472078 0.28126516802629 0.245522388609755
0.214042300033547 0.123765509196724 0.220318005895127 0.169775132731039 0.272099052143563
0.327138352251928 0.0550869484327079 0.306625693004347 0.0406449919886318 0.270504014322386
0.224531594537687 0.211678591811373 0.118956476326361 0.276864994398574 0.167968342926005
0.125052672554011 0.424306387020569 0.278108233297795 0.00455346046422929 0.167979246663395
0.287465220154656 0.199699025077797 0.0971434150473596 0.249125635897192 0.166566703822996
0.209575939224627 0.0481506649773365 0.234551602202342 0.231142226860802 0.276579566734892
0.0791925568551229 0.046308631419708 0.200825783008726 0.314277307572247 0.359395721144196
0.104744445075274 0.270380187277587 0.075648630738303 0.212411877290522 0.336814859618314
0.233925140105795 0.214092422437707 0.185947790124165 0.17340513940732 0.192629507925012
0.153960216451556 0.223602229484498 0.375448136723321 0.206608902316628 0.0403805150239972
0.154422674348425 0.121746285122082 0.360865914530281 0.343736630852368 0.0192284951468448
0.0657927903528908 0.313268149753647 0.342168775570266 0.0812063043833416 0.197563979939855
0.261461796761586 0.0213718927843372 0.296956868525672 0.161071323007519 0.259138118920886
0.105119771121426 0.219763099665265 0.239760426964673 0.39496641695946 0.0403902852891759
0.411874763800311 0.123316719420281 0.00392329940730657 0.182673899175613 0.278211318196489
0.207802290145042 0.141816029255474 0.269973728864542 0.235639594312772 0.14476835742217
0.196159283395749 0.362982907529177 0.214023129680835 0.212679203020253 0.0141554763739866
0.174808321060272 0.291935523324106 0.273888699285788 0.133440493390689 0.125926962939145
0.106912315208498 0.150891653160754 0.264057775847175 0.209988742678786 0.268149513104788
0.142274856808086 0.198724138350178 0.153902402405568 0.25981814407357 0.245280458362598
0.145411837854111 0.285538236149014 0.249732290567149 0.188874191131591 0.130443444298135
0.334975747267995 0.275443548496484 0.185784776466725 0.170574664848072 0.0332212629207247
0.335610623001448 0.293372567188612 0.0764572739866635 0.167383702954228 0.127175832869048
0.12099407815112 0.210813469276543 0.0624913193534776 0.268783081462865 0.336918051755994
0.273162442958673 0.0467982579622006 0.108656073910827 0.199707400715579 0.37167582445272
0.276148302244185 0.12740636082283 0.271366120353333 0.127823385468315 0.197255831111337
0.309063279633029 0.293988358861332 0.115194046844909 0.240011690456739 0.0417426242039905
0.157229222482865 0.173687215922715 0.198547348236661 0.270995191096742 0.199541022261017
0.0512866212566481 0.301749530976469 0.231142906531235 0.287347855973815 0.128473085261833
0.192464288600616 0.0567381902066838 0.309358935791745 0.170443596129214 0.270994989271742
0.172543687018948 0.109184134861342 0.279265506525476 0.145171141522401 0.293835530071833
0.132779257666406 0.179013209637693 0.280421489299719 0.143204204224845 0.264581839171336
0.378475916824161 0.0096074142952657 0.290235912593013 0.0991406380970817 0.222540118190479
0.00464075456864235 0.262607888615627 0.274373494726154 0.414586104760551 0.043791757329026
0.200268883955306 0.234609001084252 0.224215379839346 0.0130086034229996 0.327898131698096
0.261137535284043 0.428063241538983 0.08117664876603 0.0237725364303238 0.205850037980621
0.16370807348247 0.0451184393407749 0.160626695411599 0.419283108717183 0.211263683047973
0.170718672180353 0.0907135789258156 0.263655500175508 0.205661304560285 0.269250944158038
0.151440485669043 0.261500494431497 0.130365852251546 0.280739624652732 0.175953542995182
0.167492927976616 0.322207385638163 0.0272420773340873 0.278372203940741 0.204685405110393
0.24780129254085 0.315457761912744 0.156034429488843 0.0899128146959456 0.190793701361618
0.216850689812914 0.22624521233339 0.213701393429725 0.0469539542635751 0.296248750160396
0.0958753613565874 0.241005431550402 0.000759013491638447 0.332410930488825 0.329949263112547
0.0910186959241697 0.29489086409219 0.00181582512927892 0.366351349543805 0.245923265310556
0.18715005952665 0.0388326735144056 0.259294252401231 0.31552812461847 0.199194889939244
0.254268685897292 0.354905388921561 0.124988452651814 0.124764023345781 0.141073449183552
0.320383893035095 0.0356429312704391 0.371126505756952 0.119700337490969 0.153146332446544
0.345185320946694 0.0896552279865971 0.0997710968375118 0.405148847963896 0.0602395062653006
0.21711699049478 0.210885585963821 0.155836790735857 0.281007185559288 0.135153447246254
0.0878575012768707 0.396352232034548 0.21964140574483 0.222966381718024 0.0731824792257269
0.204006096237585 0.329437144980204 0.288882652178554 0.147107389695936 0.0305667169077198
0.232393127694925 0.273503636332321 0.138632565181034 0.129073921830325 0.226396748961396
0.0550139494293155 0.300088714821468 0.346669693100064 0.107616076057434 0.190611566591718
0.184987710239034 0.293635305866929 0.273349175980414 0.186788942984696 0.0612388649289273
0.177014933038599 0.328110895468811 0.309920761392862 0.161463387551145 0.0234900225485829
0.297446944800377 0.292640848966327 0.149021677024652 0.0787410773646456 0.182149451843998
0.273881360149441 0.275936239246746 0.0827928882996878 0.204318978384562 0.163070533919563
0.0747377156071523 0.244029582618457 0.0940974807306268 0.182545634440606 0.404589586603158
0.515866389093661 0.0245846969189671 0.115632716179008 0.291164362860133 0.0527518349482311
0.013582377487102 0.27679161804359 0.10601720658154 0.404874560602003 0.198734237285765
0.320635153912997 0.173523882602226 0.396755400729052 0.0236110720787392 0.0854744906769859
0.00477362179903997 0.468464924078857 0.298829891426659 0.118720896668922 0.109210666026523
0.183636688343965 0.241705910235229 0.218259613959519 0.248218968921539 0.108178818539748
0.211366636953461 0.251448636413828 0.32436823178052 0.0243153784466827 0.188501116405508
0.163538179686606 0.265828459506403 0.276303432215824 0.252445791961558 0.0418841366296088
0.199584144758641 0.202118882797146 0.28189855695032 0.110906597852949 0.205491817640944
0.408506006266481 0.34012989798644 0.0455445809552722 0.0877566671690943 0.118062847622712
0.247493946160059 0.189680006162968 0.314572558671844 0.127482107510218 0.120771381494911
0.168804021504863 0.106321706178213 0.251831036281787 0.276830312349842 0.196212923685294
0.0654536546619754 0.0714377958787762 0.20853898129818 0.237455750009841 0.417113818151228
0.13715923746953 0.122019115210215 0.343649230415232 0.197725932501795 0.199446484403227
0.280684227584554 0.224153897423916 0.10261376746635 0.214037007790523 0.178511099734657
0.472139018053499 0.248372690180057 0.126743430261544 0.118638596364485 0.0341062651404155
0.393178597713349 0.274592507955574 0.0899322030166354 0.0237371220026155 0.218559569311826
0.131047896553605 0.0693005274473154 0.382978176605173 0.409951751582783 0.00672164781112414
0.059765252649226 0.163800236942868 0.189354949326501 0.358698833546716 0.228380727534688
0.0646387319652173 0.290091669604539 0.197164113558212 0.300854140178985 0.147251344693047
0.257532242763248 0.071189483274292 0.277717430834163 0.310818443707154 0.0827423994211422
0.24549966493675 0.189667560145516 0.260863162409598 0.250910126451847 0.0530594860562896
0.154410787329148 0.114332158638328 0.454543822680714 0.111989729809601 0.164723501542208
0.0445166842203953 0.386057207581577 0.147281717569802 0.376638308402095 0.0455060822261311
0.168094044619877 0.182175001506107 0.176882971098174 0.192795077627171 0.280052905148671
0.285259864289332 0.13672437276534 0.225531530943126 0.067257474104637 0.285226757897564
0.116666310266339 0.15853187707807 0.231018979550089 0.220639210811661 0.273143622293841
0.34487114283704 0.174159551709306 0.148680896115992 0.0728400212872868 0.259448388050375
0.147025681072839 0.0743726059430289 0.183951815808245 0.31980137169205 0.274848525483837
0.290638495230574 0.302177964239296 0.155840392677785 0.0186261039819792 0.232717043870366
0.290712970707105 0.0948657588185916 0.281022911756504 0.117333444363407 0.216064914354393
0.270890258777602 0.168827203089642 0.298947095646767 0.011353994917809 0.249981447568181
0.443997872974556 0.00131900537935716 0.0725427494461491 0.12713045314296 0.355009919056978
0.393224360479001 0.185054972216418 0.00796132596916357 0.407354569381294 0.00640477195412303
0.182127673315096 0.277025204301762 0.273851329328209 0.143587670514761 0.123408122540172
0.151461318073257 0.209294154825249 0.161654157558048 0.109345460605564 0.368244908937881
0.0883198542220459 0.0606100968246553 0.296396353025249 0.174279461090671 0.380394234837378
0.231718444406767 0.486931430824452 0.14779922252525 0.0190295565210323 0.114521345722498
0.377839749578402 0.189869889526992 0.110012660604908 0.209221618123757 0.113056082165942
0.0901551655277569 0.294583036076277 0.237201177087712 0.183978182741201 0.194082438567053
0.00983663827169392 0.488617134878744 0.211402426990165 0.225996018485278 0.0641477813741189
0.154008128609314 0.283278314274999 0.125415002222163 0.194829481077576 0.242469073815949
0.270201882363539 0.155764560812323 0.240590686110742 0.068334232008614 0.265108638704782
0.285512307468335 0.070238046888519 0.152542982380422 0.104304738197008 0.387401925065717
0.287021245653846 0.0514524486951739 0.291458074150211 0.316818822417499 0.0532494090832712
0.156456099313878 0.285837663356139 0.108030685846584 0.286664004445985 0.163011547037415
0.450233611817244 0.0466932063854708 0.0823676035809807 0.237844216063694 0.182861362152611
0.280663434504665 0.160803749810414 0.0709933854529173 0.205893211475875 0.281646218756128
0.441149633139204 0.0406337286509112 0.176066696915819 0.145127452091638 0.197022489202428
0.28119371305867 0.20312033796413 0.360150712589477 0.105724759660862 0.0498104767268608
0.15713520847317 0.0174099624423131 0.136287702940078 0.353005159306483 0.336161966837956
0.185707207361982 0.257002209634554 0.123582146870602 0.26635496194272 0.167353474190143
0.273463597204668 0.227509508808469 0.17538868017882 0.0936236692427612 0.230014544565282
0.3668445970263 0.138948597829448 0.345898399589944 0.0434226387622653 0.104885766792042
0.362405881975521 0.354226806187319 0.0909635081636593 0.0155898410279142 0.176813962645587
0.0434198864576534 0.3185831083559 0.274958182340478 0.167796375377993 0.195242447467976
0.0946090021681051 0.205825721843031 0.0878016993191708 0.327287038280635 0.284476538389058
0.196247265690203 0.206177116061824 0.290911733734189 0.0603258206036038 0.24633806391018
0.0106297864530561 0.271344974794227 0.238096521979086 0.0366731850092719 0.443255531764359
0.145733265656307 0.319000561179557 0.211343598319582 0.202128063468852 0.121794511375702
0.184333027848187 0.106163978069925 0.311386329260314 0.0885796152053515 0.309537049616223
0.204163828013129 0.250889126750636 0.240284145591284 0.0313644751329494 0.273298424512001
0.316755126658904 0.380060272739712 0.0646856066776557 0.0319697154755392 0.206529278448189
0.149175566413656 0.271815846321294 0.0432937007673173 0.299723349520709 0.235991536977024
0.106117681152139 0.196165529622548 0.237014086719905 0.0772821932542038 0.383420509251204
0.0605446791735815 0.127086728340324 0.105743470172822 0.204746607720533 0.501878514592739
0.263960310331488 0.165248591276859 0.220717677007062 0.122241406629781 0.227832014754811
0.0107215342597958 0.165421968273817 0.384074438619544 0.267413208007468 0.172368850839375
0.140755382696724 0.446229354164044 0.120366139765855 0.106991320702618 0.185657802670759
0.300788509814507 0.0155948017882864 0.301152713683212 0.0989878040499095 0.283476170664085
0.0949463207830015 0.393713740198472 0.108145238424436 0.151285889765323 0.251908810828767
0.165819987961019 0.125696960339291 0.0868062963353921 0.329244718202456 0.292432037161841
0.137595790105722 0.311285830465753 0.0595015984170434 0.339763065026521 0.151853715984961
0.398357640472574 0.142153044972257 0.406090149577267 0.0241883751041687 0.0292107898737339
0.182420093902271 0.251724265810988 0.286897043652863 0.277030132423316 0.00192846421056227
0.0334897153937183 0.268208063807035 0.402423945017915 0.198253298047083 0.0976249777342491
0.240712502271125 0.0330338884036217 0.0722133237092636 0.25104215326968 0.40299813234631
0.324210314208145 0.154967372378938 0.0321850790979208 0.229608522072211 0.259028712242786
0.0317388608732266 0.175675787367214 0.252871917567406 0.270127240035171 0.269586194156981
0.119132755260655 0.0983883384191033 0.24017106948272 0.385146396348837 0.157161440488685
0.146754367929579 0.217053044674585 0.142158733049206 0.254466349273391 0.23956750507324
0.0519527745282966 0.292159222328676 0.164756354223103 0.244906655459987 0.246224993459937
0.155097431378529 0.124396777429795 0.232571418096757 0.324095587978631 0.163838785116288
0.217704273664248 0.136020543953089 0.268691756582457 0.0197152844908995 0.357868141309306
0.177031904552345 0.0257468828993458 0.242666094186858 0.210921512863871 0.34363360549758
0.238053391532912 0.192700096079023 0.192407807235951 0.0461863808551361 0.330652324296978
0.260786494921064 0.0996086104855224 0.263441076147823 0.08624628181565 0.28991753662994
0.031153897039289 0.163317005916477 0.189251541732801 0.457264940434276 0.159012614877156
0.119117145455561 0.0981879925906863 0.32821089671801 0.336384197937081 0.118099767298662
0.233728404674224 0.25933757433931 0.166474236555949 0.0992619358444982 0.241197848586019
0.170386037853208 0.0330243729876208 0.194943204705119 0.291019195715636 0.310627188738416
0.110518105905626 0.271536746058825 0.146060612864377 0.441128949293436 0.0307555858777357
0.270634720014018 0.111251007963966 0.25515361459267 0.287903712767706 0.0750569446616405
0.572425860942364 0.016148115825377 0.351831513785526 0.04289236968067 0.0167021397660624
0.257124501336313 0.138150345811779 0.269716433020858 0.127422279312309 0.207586440518742
0.0572851957328066 0.572418592114409 0.0123935706377397 0.203730716222507 0.154171925292538
0.0866694198112626 0.0665060231294793 0.394388486864283 0.0488450727514562 0.403590997443519
0.147354322031397 0.041260628360653 0.221718344851874 0.400010111742816 0.18965659301326
0.111736265576434 0.233541298372855 0.295765437958308 0.210347595132839 0.148609402959564
0.164817098602188 0.255262796640701 0.38975328965487 0.143139460809908 0.0470273542923324
0.387941838466746 0.0916008666469127 0.154658337262912 0.255368448829244 0.110430508794186
0.112408553204267 0.119674146106475 0.126593253251306 0.314698886737519 0.326625160700433
0.342460298562117 0.104888386919528 0.310390352192651 0.180834705287328 0.061426257038375
0.103244036044601 0.236956799710065 0.258748350653981 0.346224752672109 0.0548260609192443
0.0707613965323751 0.0578779529698215 0.357891024910776 0.199189637789647 0.31427998779738
0.135117379085691 0.272460121793086 0.23198630219041 0.160011058387838 0.200425138542975
0.345516908367025 0.110502643368673 0.0920085140693125 0.250635338184363 0.201336596010627
0.212859118420365 0.309183754008924 0.201929583886313 0.141940224781952 0.134087318902446
0.0790900072976925 0.0375777424087799 0.698415137302713 0.0355387889470761 0.149378324043739
0.0535072709387807 0.31591465562186 0.217743172820877 0.188316501046926 0.224518399571556
0.107448507433192 0.164860078526581 0.23317341292774 0.219051155617174 0.275466845495313
0.295012283231891 0.087581206270234 0.0558664209213922 0.290802476260373 0.27073761331611
0.353563370530382 0.0754765780247339 0.0589212818149183 0.217027517115498 0.295011252514468
0.362212303505464 0.104578257465474 0.332185869586353 0.173007363582829 0.0280162058598795
0.302345733513045 0.300450518970296 0.0844958757865701 0.0362136379224888 0.2764942338076
0.403362556123386 0.2875001139996 0.223911742493069 0.010125698460559 0.0750998889233862
0.273550784152464 0.0690229040364015 0.31981791440463 0.167074860746058 0.170533536660447
0.148023451157966 0.312050249019824 0.180624897615343 0.163201144068081 0.196100258138787
0.00704098807724139 0.288256242743426 0.296273002782472 0.258401792126084 0.150027974270776
0.0370064805031755 0.238630434834928 0.301904934608302 0.176331174318771 0.246126975734824
0.29162168801536 0.235201869186284 0.085962253601886 0.197296498853369 0.189917690343101
0.0231051332850116 0.210363121140553 0.241516423315621 0.277959570922235 0.247055751336579
0.2061376083071 0.229105995404152 0.144141275480362 0.216295977030278 0.204319143778107
0.0786320272101091 0.0746690123876156 0.281457218682676 0.266438229383595 0.298803512336005
0.318504408291431 0.0219371547474602 0.0718844168044688 0.268929608470201 0.318744411686438
0.215226176585837 0.188355468962039 0.310770633337802 0.134897105553723 0.150750615560599
0.205430687307825 0.0921096956481357 0.244589097193963 0.0179133617437725 0.439957158106304
0.0689265060795456 0.110911717992975 0.356074974608131 0.173486987784086 0.290599813535262
0.221993797117086 0.30116870128783 0.122287376156389 0.196028771596872 0.158521353841824
0.25814929175088 0.209692051367719 0.365937964697643 0.0746411226081802 0.0915795695755777
0.527079064598018 0.0110728487548766 0.12259935624076 0.127709513329141 0.211539217077205
0.0199345224736647 0.390234144467136 0.00669847878629017 0.467219758229 0.115913096043909
0.295302838364691 0.323538722044326 0.0283579599427513 0.0358113004882527 0.316989179159979
0.322438135113511 0.0441057367378777 0.31747524634049 0.216233778744877 0.099747103063244
0.365728722612047 0.0117442987188789 0.31493881147144 0.295990667711251 0.0115974994863834
0.0787300675131295 0.263385535701778 0.0185950168851492 0.332888115554819 0.306401264345124
0.41024416930955 0.0548346613816807 0.113678030139162 0.156349181305658 0.264893957863949
0.0612402892293155 0.180568548611234 0.257290338420335 0.356987508750922 0.143913314988193
0.172450800709158 0.171266525254775 0.24137288500644 0.24206291175405 0.172846877275578
0.145504818517427 0.200847479836069 0.241709846898581 0.147935396395784 0.264002458352139
0.175497461294514 0.11713995141851 0.305509987838984 0.266669309005297 0.135183290442695
0.372030765102414 0.0496683104419315 0.382127995354534 0.0197248639534074 0.176448065147713
0.085684409726416 0.283250961445874 0.284627687831371 0.333723880253112 0.0127130607432268
0.152285711260123 0.351731218157396 0.0687778568729092 0.347060666404813 0.0801445473047585
0.197590474462824 0.133114571488391 0.217362546319595 0.290518317276672 0.161414090452518
0.226492731738762 0.163783289175849 0.317881948130529 0.166389012151168 0.125453018803693
0.237237546687134 0.0795793888256893 0.194984963051139 0.288698496479322 0.199499604956716
0.232685095105655 0.211610997822183 0.280143996999634 0.26937085085406 0.00618905921846818
0.293577265690051 0.186526485227881 0.100328512371154 0.0496202698744131 0.369947466836502
0.152792339446772 0.256007394544172 0.192612640068623 0.390457682694448 0.00812994324598621
0.162012524476236 0.319248577629877 0.243672370270703 0.274408172212309 0.000658355410874736
0.254882091361939 0.0649013880612203 0.442549596064991 0.12072527418284 0.116941650329011
0.305558970331087 0.132734814465852 0.0584895543930794 0.278567021859445 0.224649638950537
0.303278292975178 0.209270582963286 0.190945327557853 0.0833097102954636 0.21319608620822
0.267368826778962 0.201869005451283 0.265030189258155 0.0459971652728923 0.219734813238708
0.14037006934599 0.181109902914799 0.289063041469136 0.284619402744256 0.104837583525819
0.0521926703107527 0.433698144425765 0.0231041313152415 0.43740239949166 0.053602654456581
0.25840441761179 0.273969506527605 0.16120079085416 0.263645943989251 0.0427793410171938
0.0198097687199554 0.298408747007883 0.311669991171585 0.141666053906102 0.228445439194474
0.0673223606212473 0.16764551968807 0.362299918826401 0.228333130780942 0.17439907008334
0.0832382775563621 0.0809533944536968 0.323938723738315 0.236848729387358 0.275020874864269
0.133723954627507 0.157852423135342 0.113476853117709 0.272787131557891 0.322159637561552
0.263893586984264 0.309123041081225 0.12664124005447 0.216661509146419 0.0836806227336217
0.284506393577193 0.15042924274984 0.248303962402834 0.0819109991058038 0.234849402164329
0.0771418134307284 0.0555155274298124 0.22748902721368 0.234803490916743 0.405050141009036
0.112651652894699 0.355727297702271 0.284440383639517 0.21173689114339 0.0354437746201239
0.141454448281495 0.0777973331833489 0.161827562807231 0.364146200236123 0.254774455491802
0.27045248771066 0.010137561486024 0.20536212210575 0.258269156820053 0.255778671877513
0.202158549670179 0.280586369235781 0.0739644478826278 0.185261520353715 0.258029112857698
0.0692708832033239 0.283059590853994 0.0985019244868606 0.257909599119956 0.291258002335866
0.393472145840818 0.072292420277275 0.0234879817129571 0.290234549838541 0.220512902330409
0.223741535325023 0.257669237298105 0.185536946894959 0.119850683779393 0.213201596702521
0.170159576475285 0.291210691300121 0.244219339567094 0.238560046180033 0.0558503464774677
0.267196974767563 0.167004175465973 0.125404872015603 0.120012573683134 0.320381404067727
0.260717990589376 0.266992913106742 0.319917772517335 0.0825049013633664 0.06986642242318
0.247466597560549 0.319093903820684 0.0604613808020268 0.147631079183592 0.225347038633149
0.245761157427817 0.232831084895935 0.0313863478482476 0.193228434922556 0.296792974905444
0.148590113706399 0.0283716272080269 0.161053300624159 0.651647390099142 0.0103375683622729
0.295625789586998 0.247112886687583 0.269712598329456 0.184508086045939 0.00304063935002388
0.343557458426903 0.334550104773511 0.0877884741222085 0.0513223448055467 0.182781617871831
0.262827963853687 0.133840956127518 0.214153181831091 0.259500142257259 0.129677755930445
0.109359846391523 0.24800926068025 0.193259566160235 0.181190328612216 0.268180998155776
0.0883528685585435 0.131857928572855 0.267028653317227 0.235109237149826 0.277651312401548
0.24539452970023 0.145817491828407 0.0927806381072213 0.241557874033789 0.274449466330352
0.103542704663476 0.327575620233602 0.343274110363548 0.16582439673088 0.0597831680084946
0.39452609771295 0.127851570334435 0.166382154947681 0.10899456789503 0.202245609109904
0.264467060649862 0.253765449245826 0.079066697971554 0.376065412128057 0.0266353800047011
0.188169496702966 0.108904607936816 0.476022561409699 0.073368739567537 0.153534594382983
0.225064032213717 0.118773005215978 0.176052485072526 0.255906672487152 0.224203805010627
0.225253429094169 0.3103163209798 0.212477383485347 0.0255180208651925 0.226434845575491
0.154196926395838 0.391700320022017 0.2525405807326 0.108792257899772 0.0927699149497731
0.28299445127316 0.292593429383779 0.144061414842155 0.265213705419315 0.0151369990815909
0.273729839367067 0.268436606896907 0.0831112244944108 0.2487288981345 0.125993431107116
0.0337567178032848 0.0218055966402429 0.00186783339531167 0.632298249489553 0.310271602671608
0.0984772164065727 0.025808870333611 0.0898936591354932 0.40705659629423 0.378763657830093
0.129822125649389 0.17213447458617 0.19817225085809 0.238358911946133 0.261512236960219
0.352919421929551 0.119295444039426 0.20234625543578 0.155444707547757 0.169994171047487
0.0602085996742302 0.285929375363847 0.202833333011254 0.238339558562196 0.212689133388472
0.331652679429365 0.00273626289251281 0.00758639693780921 0.36986348655316 0.288161174187152
0.186899396163488 0.0471249523036873 0.181224727761606 0.299067857086831 0.285683066684387
0.241120250790982 0.164671023752697 0.136427608340405 0.292255151918368 0.165525965197549
0.292200952613278 0.000724008297589619 0.239370592136043 0.396495515527194 0.071208931425895
0.198464037896475 0.0971972487315135 0.106408226712276 0.212282415919291 0.385648070740444
0.413924205214107 0.191947033109246 0.0142448125094091 0.1135303143786 0.266353634788638
0.171238359939778 0.153530643504341 0.298591348916705 0.202630594959365 0.174009052679812
0.201791472431307 0.407013945760301 0.048461064240133 0.07096638753865 0.271767130029609
0.0447751124661603 0.361566871224812 0.307128691424375 0.0505206559756888 0.236008668908964
0.19572224245314 0.360075728100209 0.0973511526570036 0.200240358669148 0.146610518120499
0.119556447300636 0.00596291427254874 0.252053674214573 0.299128830138712 0.323298134073531
0.215381560393252 0.264163895822311 0.157189392054318 0.186943169089664 0.176321982640454
0.278800284864407 0.136735561353061 0.0873359970931288 0.312833980359578 0.184294176329825
0.277531085528748 0.00323395637917238 0.0135057112001708 0.119228883533887 0.586500363358021
0.0399967526706451 0.278265276110878 0.0143440246687139 0.357107950909834 0.310285995639928
0.217063315132068 0.0278401063534607 0.196663974601892 0.255777677251505 0.302654926661074
0.214314471283446 0.236699997608926 0.296515144521617 0.178731715792985 0.0737386707930255
0.257281178041936 0.229167251418965 0.393935010982356 0.0357662433473871 0.0838503162093566
0.189982839117784 0.205019213483304 0.276440148842777 0.225055507655446 0.103502290900689
0.191738948333831 0.344260685089087 0.11694651910909 0.307336759015968 0.0397170884520248
0.20959135769483 0.148742028562889 0.233207404218289 0.266553371355599 0.141905838168393
0.10329790199071 0.301060113363853 0.0533199344138523 0.365920854239244 0.176401195992341
0.209645279292347 0.158443801801164 0.217945393859066 0.139475610683017 0.274489914364405
0.0667462124927891 0.1308714833086 0.0231429255233811 0.431547976104677 0.347691402570553
0.181368023187066 0.346901534897887 0.0831094887291098 0.237898607490993 0.150722345694945
0.116764593164485 0.358191576542303 0.126909675276398 0.126250572125789 0.271883582891025
0.0948484911590098 0.310284523599934 0.339389005443212 0.254353867402531 0.00112411239531283
0.117399786978482 0.195871690904024 0.198327618571656 0.256840577077025 0.231560326468812
0.0110680883335322 0.492777120759606 0.15295504796118 0.0444961581292435 0.298703584816438
0.336939352482655 0.00692079004661624 0.134852706033876 0.160414486674266 0.360872664762586
0.0724182442375264 0.0330086441531483 0.293997177692937 0.0201208560854326 0.580455077830955
0.300973426360482 0.246932375355688 0.288775184285506 0.12475730954585 0.0385617044524737
0.191018651307077 0.0929122307751419 0.234583438279084 0.174850218140208 0.306635461498489
0.291946353435588 0.113645713190792 0.297032743103904 0.0146891306049715 0.282686059664744
0.146839026458749 0.0450653876167638 0.240049433514787 0.39093214260408 0.17711400980562
0.099727269549036 0.133674188199769 0.126892849716951 0.217947444148499 0.421758248385745
0.159113151088441 0.295923697387406 0.326502335370233 0.166518280993874 0.0519425351600463
0.356013181041394 0.0352584722181656 0.297477580269785 0.0934967121467961 0.217754054323859
0.0505431976956002 0.182103018217402 0.41040447395748 0.266506843804643 0.0904424663248748
0.142113417849561 0.1652368511638 0.0594385557453862 0.283927187798086 0.349283987443167
0.163917740271396 0.0990186087257415 0.29267425674946 0.188637090843082 0.255752303410321
0.263405467597461 0.100781973970653 0.17429688528991 0.35508938764968 0.106426285492296
0.0696547031188247 0.351743422245497 0.0840786594278228 0.341108827608291 0.153414387599564
0.178624175598322 0.0449760970150522 0.0898084964098556 0.209670242390048 0.476920988586723
0.0796188360700461 0.229515968235769 0.275355447209284 0.0423485969750359 0.373161151509865
0.202623901217071 0.0450327514058802 0.117551003763507 0.470375657856781 0.164416685756761
0.230670681103436 0.317041000155192 0.0399740307864799 0.273065430665956 0.139248857288936
0.166700426140475 0.175791010313989 0.379875277458151 0.225016710977382 0.0526165751100038
0.10171004656705 0.269009826429156 0.348499953457273 0.204241169570238 0.0765390039762838
0.125042982896551 0.0821488708121585 0.229824914966553 0.32186639422754 0.241116837097198
0.226416245469947 0.122835996804316 0.223350172366465 0.231236492266583 0.19616109309269
0.121631837462133 0.39118350904754 0.122290290957211 0.238001485226622 0.126892877306494
0.210756003743601 0.309981639797024 0.17138853135407 0.122025077974805 0.185848747130501
0.224037038664731 0.131564501922641 0.198687364246924 0.169012429455422 0.276698665710282
0.428594166760263 0.099961710924465 0.162115513733467 0.255021733752156 0.0543068748296476
0.227893158389152 0.300693620367822 0.101057584140486 0.302135289648775 0.0682203474537649
0.0750503622279988 0.250779844201269 0.339825311353134 0.184061199425005 0.150283282792594
0.142317261728238 0.257535368648709 0.174962009185639 0.135482606781634 0.28970275365578
0.0981309332662114 0.0275632915299998 0.249550596336316 0.140227332408609 0.484527846458864
0.131860875795293 0.213942590685803 0.278566081474707 0.319117838277096 0.0565126137671022
0.570943865960556 0.115688089662737 0.120286759320318 0.0964073783142832 0.0966739067421064
0.387836806415189 0.159059168225286 0.195713014810234 0.204888684868941 0.0525023256803504
0.0740549258863233 0.0964796462823698 0.376141557432338 0.39865238930195 0.0546714810970192
0.0454328603255137 0.337294391547678 0.198436768943096 0.0154597172363839 0.403376261947329
0.162557529872209 0.278183589014667 0.307252191562679 0.243054673989026 0.00895201556141921
0.220718365335534 0.265753458646811 0.000625317896380654 0.411643252754182 0.101259605367092
0.0272469081378329 0.427643880218784 0.205575331889063 0.278453193654371 0.0610806860999481
0.363580243720389 0.0828771996729534 0.256031263826549 0.0223726495203419 0.275138643259767
0.163223483884264 0.298644792423025 0.114280891583518 0.279469638300203 0.14438119380899
0.0161637707846158 0.296374920110067 0.0855731134733192 0.347942808668303 0.253945386963695
0.0112740580975087 0.16199263688858 0.294327804817559 0.116424020334215 0.415981479862137
0.147773674338952 0.152000266656224 0.333509713900577 0.23655690692908 0.130159438175168
0.156396573068731 0.326443913787373 0.364082055439587 0.105790494032354 0.0472869636719541
0.192466451862948 0.181746223054535 0.210520417544011 0.203809443632623 0.211457463905883
0.26049088403212 0.144873604266231 0.175001459647664 0.26215787630837 0.157476175745615
0.36827846735514 0.0249183859335959 0.262530050709308 0.0844023156853164 0.25987078031664
0.16515321670158 0.155358962212647 0.244100194697061 0.206781295218112 0.228606331170601
0.0730663048672449 0.185450575739012 0.326346025159143 0.0750715040033058 0.340065590231294
0.212887650427631 0.420887358021682 0.0955597459257242 0.262991042903048 0.007674202721915
0.214817078316092 0.16339486701689 0.226653838166266 0.169540852990567 0.225593363510185
0.265880084875653 0.112303405074604 0.116157355487911 0.247352736405882 0.25830641815595
0.139687550161444 0.0801218293978226 0.210909140528769 0.200387767668734 0.36889371224323
0.191609381542575 0.298368393537513 0.200233775555865 0.271739216153136 0.0380492332109121
0.102567473175614 0.3032557930662 0.135336611203635 0.155759308596747 0.303080813957804
0.158279981942968 0.00904350136243879 0.366108384845114 0.145239255033195 0.321328876816284
0.155194439368642 0.324441400720548 0.25181794697819 0.159846625313544 0.108699587619076
0.212244706525683 0.321032055685901 0.174324640697498 0.153121785170347 0.13927681192057
0.318879538462125 0.285249077393561 0.161006958222129 0.184518224882538 0.0503462010396479
0.155867859276057 0.401781710506087 0.230263026471645 0.0163825698082067 0.195704833938004
0.247540583774601 0.294950784802916 0.235993826309356 0.188954787107329 0.0325600180057981
0.237218563062008 0.0774678581188909 0.310700560047971 0.250563307120378 0.124049711650753
0.173691239008658 0.284638266187991 0.0316522867216332 0.275129338798301 0.234888869283417
0.203452223365777 0.197776080590846 0.237975779935302 0.220289469657075 0.140506446450999
0.0871524934866778 0.0844083703212372 0.31054837287675 0.226184996398749 0.291705766916586
0.162694939099043 0.0284471086449438 0.353007936456404 0.338041899771004 0.117808116028604
0.124679397484221 0.228108305465992 0.200117332291897 0.226122283189358 0.220972681568533
0.220304351039729 0.168889817662334 0.215181310540421 0.225188108938703 0.170436411818813
0.17143975089882 0.547973523630502 0.0188498236664254 0.0365138167304056 0.225223085073847
0.435250915496789 0.313530641774735 0.0571575652749492 0.135614128325055 0.0584467491284723
0.314940913238807 0.241269665937519 0.240918759308093 0.00789796419013639 0.194972697325445
0.0803575982253968 0.250069245545206 0.226196595609699 0.19673623122242 0.246640329397278
0.218838151160708 0.208986055989935 0.169734739737545 0.24328590363295 0.159155149478863
0.22200629511366 0.168500899784666 0.152889122889596 0.309884856020555 0.146718826191524
0.0937529302671948 0.289542507631696 0.359340835538996 0.138770093788238 0.118593632773875
0.327373887369911 0.262451763742789 0.345413036610359 0.00039660180073965 0.0643647104762017
0.184030414305368 0.237626166621016 0.223217972751467 0.238651948673186 0.116473497648964
0.108467131511482 0.369229388152944 0.168500009342408 0.213837369956164 0.139966101037002
0.16728225732118 0.272088826676995 0.136046669949423 0.270589602536827 0.153992643515575
0.233957634013909 0.214298289183442 0.204073871604899 0.0709325671424299 0.276737638055321
0.118919989436219 0.0269832333770069 0.381148400270233 0.382689672799038 0.0902587041175035
0.242919670471211 0.198609846603731 0.259391721488267 0.182855589869 0.116223171567792
0.0555188809495846 0.26078060553438 0.181886666002539 0.165369877310144 0.336443970203352
0.028002280219104 0.118666676199862 0.11732304795863 0.473899165215151 0.262108830407253
0.190940180820994 0.094381624770914 0.0544804911684334 0.253758850064263 0.406438853175396
0.0295791591541492 0.250029938061824 0.188297434947719 0.213818836128455 0.318274631707853
0.0177619414478312 0.179384687520466 0.328533350890748 0.279830463684644 0.194489556456311
0.128748517232617 0.381826641912418 0.136069124261104 0.171726899368199 0.181628817225663
0.254846519797915 0.180001986050951 0.257440921952039 0.252354736598683 0.055355835600411
0.243122146526921 0.296909813767533 0.146831030290581 0.210839345561262 0.102297663853703
0.116163347326196 0.27071045009502 0.046649115812832 0.293408963472829 0.273068123293123
0.282908875943224 0.352754034470402 0.0350355244287145 0.11404647801131 0.21525508714635
0.221769621013786 0.265103283047357 0.252805632143501 0.118246763973366 0.14207469982199
0.00578282974064304 0.341733912645813 0.0651387207831553 0.33053290583083 0.256811630999558
0.216916999224086 0.257525737901453 0.0144286071402216 0.237541020716937 0.273587635017302
