0.0650189550098072 0.149962570363446 0.0441139960383485 0.0916734094959035 0.132264958598823 0.0744555811681852 0.131106425527709 0.0729873721639459 0.141527142733343 0.0968895889004886
0.0516270045447818 0.164100084171107 0.0478994742942868 0.00162645456736863 0.044832686736153 0.137579348644417 0.192862301878972 0.0844468477086052 0.137318155746446 0.137707641707863
0.0377970642896226 0.19061687852193 0.157304362354653 0.151557724761642 0.131466678617192 0.0447534640196149 0.00160939013572582 0.0801534265129494 0.0647354357826872 0.140005575003983
0.0334379868750463 0.17775521292862 0.141206175684405 0.0547780967097373 0.12889284482822 0.0144432281302425 0.116545038787429 0.14079354179908 0.0530607553416901 0.13908711891553
0.0220920393284689 0.136110136075885 0.0184094048730815 0.0543330459711897 0.198494483048541 0.136757413196131 0.0759045126122704 0.181201786660435 0.00415265744012707 0.17254452079387
0.0996276530587967 0.105365384205761 0.0864980196204932 0.105872471819375 0.121959821944498 0.0935332915343355 0.11075059597828 0.048009255786027 0.139309002790559 0.0890745032618745
0.145348692964527 0.204592274789165 0.013075671314893 0.0315250965862057 0.0292960441591346 0.0965559178887232 0.197920937893296 0.0482212402306044 0.132236721830127 0.101227402343325
0.0582138993360102 0.0285850660159167 0.0703028327624654 0.199341674118761 0.139612526023886 0.0378232526835634 0.126905128547906 0.124305701043289 0.0849648331009262 0.129945086367275
0.174928906402597 0.0801581838996129 0.106294011863064 0.057540980399134 0.103763341418315 0.1395569229162 0.146066130821578 0.0377939852419861 0.0728495864957729 0.0810479505417404
0.131471895456541 0.112613979298067 0.0614001264700441 0.116995045242442 0.0909703830588131 0.0875873548560212 0.137126004590414 0.0940325501197814 0.114369162676317 0.0534334982315576
0.143929265500825 0.0343838849366729 0.142660296051999 0.148792237847311 0.0914763929678216 0.0702053660951994 0.118867588317918 0.0369286519703799 0.0517275415757669 0.161028774736106
0.160082557406327 0.0964149434459073 0.167747237087036 0.0339937675487293 0.157017442199147 0.0211566816933137 0.0168563317705483 0.195478245094284 0.0417404742604562 0.109512319494251
0.10231464195346 0.0229404673511934 0.170680926582128 0.0561816763036046 0.128306901252825 0.124317866293518 0.180091433302966 0.00560758861600854 0.101111486560135 0.108447011784161
0.116843162088555 0.131196697808256 0.165702176602997 0.0586439437066242 0.0988886474562845 0.0507358843679705 0.0649357641030002 0.167860814846236 0.137253895349795 0.00793901367028208
0.0186885747940409 0.170462852657187 0.182129830320319 0.0299959296993307 0.174097946334823 0.107487165165994 0.192706588061898 0.0123098399362164 0.0646382698657655 0.0474830031644257
0.0152688985326409 0.144153814128558 0.0816457207585678 0.0921295109961062 0.239396450041847 0.00645460319421587 0.218678674325683 0.0385842463625006 0.0434138984155691 0.120274183244311
0.15788230668326 0.130531772475123 0.165043993773101 0.0142815787156418 0.0207496274804782 0.165285731876672 0.107553736922246 0.0185418051866564 0.154542920839653 0.0655865260471688
0.0226380296883782 0.00580295622255625 0.188421444902756 0.0204117039964382 0.169004234288385 0.0943539332762242 0.10496124317184 0.165388326818828 0.0497858642359603 0.179232263398635
0.0198327195411513 0.152474098169859 0.0521794562727142 0.074099479603738 0.107589366235938 0.173718529300291 0.0460211421962001 0.0183851578797499 0.196891024979212 0.158809025821146
0.0708980985091561 0.119908938503155 0.0828908562025926 0.0777460533940429 0.0982276422058663 0.0681281884025794 0.0610739630599406 0.14749375122286 0.157733571852629 0.115898936647178
0.114293805872562 0.0954789733259242 0.148676048089965 0.0873994857471255 0.055546631448206 0.124796654438012 0.0552970626628185 0.104747462701239 0.0993371048182704 0.114426770895878
0.119047142938347 0.044198839652621 0.12804697647853 0.100041166668212 0.0404180323102165 0.137134851836413 0.00984310321219526 0.14068627240424 0.181923936270475 0.0986596782287499
0.151478072536451 0.0103128617129965 0.121152352269866 0.177503993676435 0.0967482950473811 0.132690627438261 0.132247768102533 0.00558314233617954 0.113729755683896 0.0585531311960004
0.0886439976496111 0.0498851573059231 0.130592932344725 0.0241422911200088 0.0888936107666537 0.0842117112230831 0.0932112365356332 0.143670415053411 0.145414637428214 0.151334010572737
0.00801330464492642 0.231011678872245 0.0407481121118855 0.266136753886032 0.0406988854689983 0.13647521090998 0.159506091892242 0.0463307289015718 0.000813938837193964 0.0702652944749248
0.207199035122952 0.0255846928769046 0.139180608560677 0.0893698012550243 0.133534492631356 0.0370246883917302 0.00659401159915145 0.181220752931088 0.165646377034106 0.0146455395970092
0.0408154210625055 0.194982051063878 0.16096723217313 0.0314051297828164 0.103819402204474 0.0433488968215076 0.126399202409038 0.140699351696617 0.114115752014928 0.043447560771105
0.0417177912683987 0.0520553312322214 0.157202450105576 0.147253504363497 0.01328574768739 0.0320483240731169 0.195350919903491 0.152353163230964 0.109700492320361 0.099032275814984
0.037343162483634 0.192830443521905 0.120769251498715 0.153352934569695 0.0754719579662239 0.00595014928569808 0.152356401719735 0.0554724909354971 0.187558827079525 0.0188943809393725
0.107433058549918 0.0913804222679044 0.103603946109193 0.158120561265509 0.00656197564148311 0.152663560541223 0.183341101574521 0.035748095732481 0.0410254251040875 0.120121853213679
0.125180767339017 0.117215043967231 0.113025886193432 0.133585910543697 0.0368624446222002 0.101814115778507 0.0558976497574238 0.129156498508513 0.137157815689719 0.0501038676002613
0.110796754241022 0.0392851562895512 0.162235667483712 0.15075443608593 0.122208428933531 0.163987165590668 0.0531308233149824 0.135114292395029 0.0246076571982161 0.037879618467358
0.0961886280578534 0.111497507837722 0.19166534365548 0.157360274334105 0.0113536753481405 0.0741133862288173 0.108292644406063 0.172264817345669 0.0507979266987958 0.0264657960873535
0.16379613260405 0.190243820401987 0.0886259072567134 0.071489697063044 0.0171346469102134 0.184910337668677 0.00313494762761608 0.154340013191817 0.06698910466808 0.0593353926078022
0.187873606780052 0.121578954912848 0.0117172383244817 0.123385422940673 0.103169284210892 0.110143766869603 0.120302955229473 0.106008326222429 0.0976521768664581 0.0181682676430887
0.0237026328126889 0.0883273667207758 0.0496809429812577 0.054614175332568 0.16881636474297 0.157974075217082 0.0372658497998696 0.161670615659293 0.122438167164062 0.135509809569432
0.039743112211724 0.00594409897093902 0.0817167706616571 0.122258510820328 0.197533730148596 0.127593116779813 0.106295670070446 0.149418232905429 0.155337354086986 0.0141594033440814
0.206068718398454 0.0295547515348759 0.0745818679969698 0.137366719084121 0.143178224886191 0.105587949273607 0.0858751160939472 0.0761016329990073 0.116880553533502 0.0248044661993266
0.195169615378586 0.0943019458080852 0.0308464451409582 0.0834276269060902 0.137580954870263 0.156632881874363 0.00837102695178557 0.0889806842255474 0.166938111183056 0.0377507076612649
0.105245696435366 0.0987581141550713 0.0275290248666992 0.0899418976780801 0.131628995576487 0.00992317244548056 0.13139531415053 0.146074206787951 0.107677698330434 0.151825879573901
0.0767555469886289 0.12737896417186 0.0526885794463749 0.0402561181701011 0.126041220292397 0.0857441705115922 0.0902127339337896 0.154315851587189 0.108761068587615 0.137845746310453
0.096924895025337 0.0789087336202763 0.0659022501758074 0.171169350732615 0.094907331722823 0.111213409713176 0.0901514738942256 0.114815858653129 0.141064527146344 0.0349421693162655
0.0760291243059172 0.12506235159913 0.0896292237437806 0.0899005745584127 0.167897874679494 0.0537822969413243 0.0878489995041749 0.135641989230794 0.130551949407284 0.0436556160296878
0.0285121984452993 0.00195052718673336 0.117780997882009 0.103967893259631 0.160824782062327 0.142927065660718 0.122254410943614 0.126276388455468 0.133635785604655 0.0618699504995455
0.226615286940763 0.0721958134195919 0.0849338383607156 0.0625346619375441 0.0894128226881895 0.0216411241334525 0.123650898145353 0.0983671305804441 0.100731167880614 0.119917255913332
0.120950075890733 0.0564676604158243 0.0828695506456336 0.102901910401621 0.0999132260601151 0.117108967612408 0.125382369140258 0.111078352226401 0.0523200958218162 0.131007791785189
0.141292813891206 0.164583627718812 0.0567531476479643 0.0156330087058832 0.156426435946641 0.159065067019519 0.0240017664269406 0.0247240180097571 0.0833968414376061 0.174123273195671
0.157288539759408 0.130836160796191 0.16946300573478 0.0161718443189059 0.0634533602984788 0.0148851749987741 0.147503520028433 0.168498992956242 0.00385233043758529 0.128047070671201
0.00613869648554058 0.151944835665343 0.0445242717264023 0.0752548411058735 0.0870614695324878 0.0523834271465609 0.182517221279713 0.154584802483926 0.124591068313662 0.120999366260491
0.0759636114001363 0.203787034079547 0.0112977375946328 0.0321988700020929 0.143216728392058 0.083532505860557 0.0280717581483807 0.0772308993851293 0.203936764084419 0.140764091053046
0.101839367777972 0.114420530528606 0.0602202109740481 0.107310077809922 0.0850226105853198 0.173967706760314 0.141973420454621 0.0942797658023753 0.110868798516959 0.0100975107898627
0.0630383000917566 0.139536630892796 0.0416379654968265 0.10251930098839 0.0850856794715093 0.139108773679645 0.190739605467309 0.101731136956284 0.0154144208747597 0.121188186080723
0.083390190078605 0.0634700691047574 0.0848900083281235 0.174683895834323 0.1173336336641 0.0775630740074504 0.0426492642426584 0.111028357657166 0.116609413202297 0.12838209388052
0.155280855398336 0.0536954923884607 0.123905256751503 0.069822708316705 0.132511570510403 0.106192610854727 0.106372945071384 0.149390301540214 0.0374851994987345 0.0653430596695321
0.0120086768408994 0.00114731387855587 0.286732503860424 0.0676912876474885 0.116020143249043 0.0453701042035958 0.0468641837074963 0.0105564901975326 0.285211956452756 0.128397339962209
0.0613595726683954 0.20811282628751 0.213233203228656 0.0213337321515625 0.127194024728557 0.0755750018783114 0.0201236394559125 0.00521994474046364 0.0849144783476158 0.182933576513015
0.0865815862610438 0.00070125934305846 0.109721376393827 0.0315789493965463 0.213261722177445 0.12360788818358 0.087349375052717 0.0839700273651875 0.0954660250559681 0.167761790770627
0.192146775168886 0.0400440787931781 0.059737777468234 0.00548842935055524 0.158613631610853 0.190884673393107 0.156471312142112 0.142348293655807 0.0461547175058297 0.00811031091143673
0.159074040901746 0.100196885655383 0.0592318372426779 0.185075594902838 0.0680677406107376 0.117040247480319 0.0047531148504659 0.148451671423962 0.147863119325055 0.0102457476068168
0.143856571246648 0.144909264020939 0.163805413002482 0.0999925603036424 0.0761884239027535 0.0167075110183721 0.162016044436661 0.000366570971668546 0.0144874075151728 0.177670233581662
0.275475431985615 0.0254740143362915 0.0950968312393935 0.214182898333898 0.0694200674058867 0.110183618108238 0.0702303004300141 0.0243615480400487 0.101967669787752 0.013607620332862
0.0477304271425081 0.137901793387682 0.0552190962570664 0.0710530526984189 0.113804036877823 0.174488396682726 0.132662595889814 0.107159864663478 0.0103028282278344 0.149677908172648
0.112083492756109 0.068181863940982 0.116139340293402 0.149899252812231 0.029636133361543 0.123121182574603 0.143637003844511 0.118437331345674 0.00340636711821156 0.135458031952733
0.183614048345174 0.0130350439513049 0.149562552311761 0.0584449703660498 0.0554424378687087 0.00129961963856917 0.103593440773546 0.180222765738063 0.198192453356552 0.056592667650271
0.125513362044248 0.16092961794987 0.0446905804815909 0.158520326376796 0.0283778651429471 0.121479541696216 0.0766887339131291 0.150854680246541 0.0174582400899101 0.115487052058751
0.0979436800692408 0.0668220543953897 0.107060056546594 0.105838880321949 0.146243889302979 0.0453770734646883 0.0963540484263664 0.0183674803078592 0.174533730912315 0.141459106252618
0.0845549062769203 0.183816994486087 0.0119339870303296 0.130443791482082 0.0282760241701894 0.129679886846075 0.0663070937198747 0.153749415521312 0.130572678886641 0.0806652215804893
0.160813329643347 0.111213725216911 0.143487430836849 0.168039314868518 0.160212563683128 0.00654870306601044 0.00787670656238793 0.173683766864615 0.0467430964670041 0.0213813627912309
0.0793184711362819 0.0848428613717496 0.17721100458517 0.0569944603782122 0.0602959385551007 0.0329598856498058 0.0171497153984171 0.126938119627346 0.166008250820177 0.19828129247774
0.111348161880283 0.124190327021959 0.0478932898458324 0.116493368332308 0.0366996590979105 0.112560792269827 0.0853796750853603 0.172927809978927 0.166589812592298 0.0259171038952945
0.0645234277710518 0.0241670188539362 0.0853566130904543 0.0136830539753309 0.187008374084843 0.176629152763741 0.0905461782267691 0.0933478124081015 0.170608394353791 0.0941299744719813
0.0337716085663311 0.129306113710184 0.140606818595003 0.139404523845305 0.143218498066104 0.0993655072195164 0.0677580577219852 0.137968027197516 0.0683218030361928 0.0402790420418622
0.0731961352697639 0.118512034240181 0.0537426954028147 0.00449960505680703 0.0439632350903899 0.194059142548453 0.146252943413422 0.153435945713722 0.19132061077554 0.0210176524889072
0.164233301359422 0.0879902485090553 0.0626556810850981 0.132385895642782 0.0355222360379551 0.0716627634800675 0.0807787326593268 0.118052489971089 0.118331933329444 0.128386717925761
0.102964916708198 0.0403439225640082 0.105745684761642 0.0184214876629575 0.0439205799868692 0.0563731869222761 0.0312947250421109 0.205155167657904 0.0797159903963832 0.316064338297651
0.152865888683037 0.152497183979399 0.142262206188512 0.0670848255543735 0.0808346420824485 0.0398675136069961 0.0973420754066785 0.0975846568440892 0.129907912411842 0.0397530952426246
0.100743704813767 0.0160327202136591 0.120804135786548 0.0627906427622551 0.0851391462228817 0.218665905870203 0.161399496168437 0.187845854054692 0.0341925043797546 0.0123858897278023
0.198427101022603 0.104060393813712 0.0212498573960251 0.169369663984899 0.0389329877710671 0.113509121747449 0.049293736936364 0.00236108319691092 0.164358593717222 0.138437460413747
0.102930904074267 0.158279800250917 0.073880602685671 0.146470762039343 0.0777659426455596 0.00744431736552157 0.0810256213707218 0.0146284387302055 0.239561416718124 0.0980121941196693
0.183614389427536 0.132364487862099 0.181276656415518 0.00405947420339923 0.151052417895676 0.0773878442018992 0.0563361054953 0.0283882010795111 0.175745077953788 0.00977534546527392
0.166824812252568 0.145171057155492 0.0147487588266638 0.0554995295114398 0.141767406602301 0.0798056403393838 0.0410828881247743 0.0197798225295843 0.154320896652887 0.180999188004906
0.0880337459580048 0.266181805067256 0.095742777492019 0.102344216851225 0.0947341523625524 0.182096889717118 0.0187381598008898 0.029214656173179 0.0388198232137846 0.0840937733639718
0.0643671556215926 0.110957542660888 0.036030841611908 0.238659568108356 0.0447189133448392 0.20110625854174 0.0520594547849743 0.179456833043988 0.0724413196752629 0.00020211260645073
0.0704877832355371 0.00772489352113973 0.041727721155909 0.0843654523626034 0.144247717307604 0.139903263765164 0.0952582573701842 0.18096093540016 0.0686100895732097 0.166713886308489
0.185726307953385 0.117142572085675 0.0600786679948772 0.0828929782082578 0.202096259670457 0.0723132577237669 0.137224029890789 0.00103151013554174 0.13235290641518 0.00914150992207107
0.0104739743552453 0.109954535714232 0.124192247252982 0.0285021100129599 0.144144873462579 0.156080281478847 0.15237874844509 0.160015761735569 0.0548804562436147 0.0593770112988807
0.110706034417066 0.0831242975841534 0.164208774584283 0.178948590298124 0.006012721281592 0.12809203379712 0.0737340356409776 0.103408764750686 0.0188929919375296 0.132871755708468
0.0179118933312682 0.172474033390788 0.240027077258754 0.140063800893503 0.157029098121739 0.0623376828176649 0.0991912429805957 0.00252856683233251 0.000858407187343925 0.107578197186011
0.0611973925969046 0.0485548681451492 0.155356472721284 0.07525807493427 0.165348798055446 0.119255470217524 0.140880045620262 0.0204705431938613 0.163449736823852 0.0502285976914463
0.0867266404535489 0.125207254605188 0.138017294291565 0.0789114494840204 0.0383687448873342 0.102449958080576 0.100252802715716 0.0621176374578927 0.125512206683993 0.142436011340166
0.180443395465529 0.0563329260912534 0.0851751989071073 0.155462887839326 0.0651988236785404 0.113638885343524 0.0388325066257554 0.114103292151287 0.134545030739297 0.0562670531583793
0.0576555621545709 0.244982858360581 0.0056113321725999 0.0333805512526325 0.209074840272273 0.153582780282774 0.00442918437104769 0.00275267493044357 0.136699026795983 0.151831189407095
0.0899431410774877 0.227026823303355 0.0840089019932994 0.0318714743414403 0.124513593214459 0.0310951244001878 0.127640361132247 0.00761642439576461 0.215977617381568 0.0603065387601911
0.0404226334747072 0.165342216873764 0.0456094971003399 0.137476853269891 0.176671926824559 0.173237050414012 0.0140781669775324 0.0308561321602098 0.0416653312397754 0.17464019166521
0.00459578284657376 0.0667356397137677 0.216521487510583 0.0270371629282824 0.0255812106829502 0.012201374865468 0.114596516681537 0.149341590764289 0.164296755936511 0.219092478070038
0.155592277892523 0.146182807216495 0.18133203142685 0.164669367919673 0.0969908621208345 0.00531516056498299 0.0786502730795317 0.00235658319739821 0.0249097791433706 0.144000857438342
0.151242205035323 0.033341066734119 0.000766057834864991 0.0747141138888018 0.185694784889364 0.115328801871698 0.0471275407763566 0.088976193824524 0.139612276943245 0.163196958201704
0.10412951318046 0.109149353199597 0.0822902548539545 0.111978057037708 0.115104581647038 0.159003403354777 0.081887382060471 0.0510218572548197 0.11834018235625 0.0670954150549251
0.0758755677576154 0.118325648388705 0.172027423618922 0.0454075732385287 0.162409100679586 0.0638406891807066 0.0930509923158307 0.0820324817236751 0.0581192428618477 0.128911280234583
0.0826676549124873 0.0125099203055173 0.1767676282893 0.0989810711636967 0.0962383949188593 0.0402834293540778 0.0442295061549072 0.0936716936449888 0.171051292180455 0.18359940907571
0.0241248396579558 0.0198885376450337 0.206520577161312 0.0338390886086303 0.177995817044134 0.0766659391781186 0.12237512579282 0.0886353771125611 0.0337782299142198 0.216176467885216
0.149163455946918 0.12026489276202 0.102063839919075 0.0977252271517856 0.0411902690960903 0.087410520441042 0.0656531422426029 0.112899784757131 0.128290800735294 0.0953380669480419
0.0582698605714969 0.110540142010237 0.044124735119673 0.190340589473928 0.143035754701727 0.00914060508532775 0.233018426761295 0.0767634963791495 0.0953395099999601 0.0394268798972063
0.0103496270211255 0.161207664624083 0.070720147122645 0.153323009301895 0.0782718364606571 0.158351952802201 0.152303346558566 0.1615012547359 0.0373990619140446 0.0165720994588843
0.0455981580422541 0.0615949401691733 0.187105376393682 0.187921487742846 0.0118312536656756 0.0667134478419345 0.111027704423757 0.0340872995998169 0.113066632434345 0.181053699686515
0.117188876073574 0.0549933771717926 0.124331395491695 0.0638296808371391 0.0535440165432248 0.0078715619569173 0.163440790652936 0.116585973915495 0.127044313051878 0.171170014305347
0.0914451449708217 0.13251017859798 0.109458236430864 0.072798535009025 0.152925549228115 0.157926637378061 0.0760624227473566 0.0539148005435225 0.0269353301051692 0.126023164989085
0.0277462634355405 0.1849662726988 0.165898233712046 0.1362169168553 0.00157242723807568 0.125123929937047 0.0574932544357001 0.0565207629806341 0.0952631343533441 0.149198804353513
0.0237891234080124 0.156657753360863 0.133372482127428 0.0698057524556432 0.100890689877348 0.162415600406936 0.0791016295954879 0.000950712382276397 0.152424529221126 0.120591727164879
0.0140397863386973 0.0281945685847417 0.135782102265422 0.177579688591467 0.181375436805212 0.10169994102152 0.152836162875043 0.153053712134076 0.0354706887569849 0.0199679126268357
0.117313017095765 0.091332545606988 0.00405661984265474 0.150803819705483 0.11974250770542 0.133965912108582 0.144997827915194 0.0576375053503922 0.145620014287545 0.0345302303819757
0.0341486060684626 0.125934352993771 0.134139263594343 0.0260180562104429 0.165449870024499 0.0352348998577586 0.144283003643115 0.0664585631165922 0.142782258533786 0.125551125957229
0.121520821589284 0.0938712133591595 0.0322892642793617 0.171655343731922 0.143695219934306 0.119417469005243 0.0503157015489854 0.124170794404688 0.00862531465093161 0.134438857496119
0.114936541680124 0.0585528298245115 0.0842078029739671 0.134227930573691 0.126740024625605 0.132492828898322 0.0766334727168163 0.0871272959487487 0.144525626071256 0.0405556466869594
0.131690316477435 0.151466410557512 0.165008396967929 0.0997563566891264 0.0348865584235808 0.0837646312640825 0.0508626021500816 0.0906915690946314 0.0240507958158068 0.167822362559815
0.175790167604044 0.0285261363803119 0.0985779775224143 0.0717516244821361 0.160739227771598 0.163022824375797 0.0590061284681727 0.00676545460956801 0.182465017928233 0.0533554408577262
0.198127497579659 0.059577516579436 0.0848086080807232 0.101137949013388 0.187856234941021 0.0878733619232136 0.0308477997629134 0.153777974016683 0.0257456316008251 0.0702474265021373
0.120760773618857 0.0479683018931614 0.0402719927310431 0.160100332746398 0.105110290819938 0.172378663572404 0.150170198011121 0.0377803353442375 0.127407292247827 0.0380518190150131
0.233130587216893 0.116475919742799 0.0200201123706365 0.228597260032237 0.00922106646893197 0.178421392963778 0.00037174623308228 0.0688555319676912 0.111868928791627 0.0330374542123242
0.0846757010657684 0.113137398668446 0.186139240826578 0.0662013727020819 0.0480598602165262 0.198794573644957 0.0492329106568866 0.00427966021072877 0.164023276534086 0.0854560054739418
0.151188286723516 0.0608478550255352 0.0515059763629583 0.138638865279811 0.0574435414490578 0.110394199407983 0.151103709724589 0.116923312498454 0.0141124200162689 0.147841833511828
0.141568422170017 0.101399016073147 0.139563731631795 0.00905478957224246 0.11928828135171 0.0447966009673009 0.132302040397051 0.131372387791788 0.0496141989698409 0.131040531075108
0.058794840745875 0.148149044566548 0.038746800410009 0.0997719103822188 0.039949390671955 0.0909118977081802 0.00475294609446732 0.146708735124466 0.232303469108869 0.139910965187412
0.0544358234734614 0.0267512619817086 0.123422880818569 0.220078107540905 0.180207329208447 0.0318292651198509 0.126668098317377 0.0243081361855731 0.192239671188821 0.020059426165287
0.0615552955462954 0.126000056321882 0.126628010553124 0.137348743511433 0.197991807981602 0.0479877500431584 0.0514031283753809 0.144621005227844 0.00258982151765954 0.103874380921621
0.0585017441380559 0.0346622595301658 0.00543083425068826 0.197427478979482 0.1333030319626 0.0202824637429631 0.1362281859771 0.201416827487693 0.0213843038365801 0.191362870094671
0.116457134780595 0.162553911768606 0.0389756931825873 0.150242787407172 0.107195960774083 0.108841774494774 0.0269383086143974 0.13168142441633 0.0849551690425526 0.0721578355189028
0.0665354719324704 0.0978126064416921 0.0100383485967667 0.0213283267795487 0.143253270350486 0.222914525790722 0.178254007233767 0.0412101071952336 0.000515287362568877 0.218138048316745
0.146737803847724 0.0779529548933221 0.00979136784492385 0.104971211520312 0.104499278465042 0.0528215532638576 0.0992337504066483 0.136790611315269 0.167614933623135 0.0995865348197651
0.00308199190556386 0.117118038983113 0.139308696596344 0.0730964893338933 0.1730147302821 0.0878945955364837 0.0595220355013407 0.133048675295612 0.0427959536873032 0.171118792878246
0.0501914880228078 0.0892601805174801 0.156359269313328 0.0404868740465474 0.126484373057797 0.155479634729098 0.0722597295554194 0.110547171386679 0.0438517286019151 0.155079550768929
0.208750286990398 0.0754144659297931 0.0943671583713007 0.18366798132171 0.0403424582512559 0.0067962111383392 0.0527914625298086 0.0439745756542786 0.141343825936355 0.152551573876761
0.159344994078351 0.0480938362965721 0.0511550691104613 0.160263262597756 0.12585799650776 0.0551951200562934 0.136947339697042 0.113516933362476 0.0819112648060359 0.0677141834872533
0.161545577364112 0.0421578090958442 0.179684636692784 0.0102492960486963 0.0752354243121434 0.0429993087274238 0.0925766533954427 0.115352823063467 0.0945540674676961 0.185644403832391
0.15117072793075 0.0679573163015219 0.143525338342723 0.0614594484334147 0.0544522748445444 0.114111768237949 0.0856682099941761 0.110719645752782 0.0454552065462469 0.165480063615892
0.0142260491410266 0.124848215889291 0.00643183201752247 0.0728767686385411 0.129431266582688 0.160250303208681 0.1532401552173 0.0796836498722818 0.124993707817115 0.134018051615553
0.141913875971198 0.124554372131752 0.130011296176718 0.0616595053239747 0.104977419950488 0.194435747073737 0.0121630197724143 0.107605090860539 0.0223036012402581 0.100376071498921
0.11649461701014 0.149113275704668 0.0445725870432886 0.181541456427662 0.121060276385098 0.0445318703975123 0.13050928082566 0.10374759935018 0.0593257946880968 0.0491032421676947
0.180488073967863 0.0360065693604607 0.154515171721664 0.133060744010294 0.00287011923733579 0.0600759617255307 0.0580335043600052 0.0196513516732983 0.156496323691745 0.198802180251804
0.160166490674182 0.131226116083398 0.100354490804942 0.141515498929015 0.0239526763430255 0.0311196479331907 0.172370597111044 0.171917227192402 0.0626296986382997 0.00474755629050104
0.00524972098717126 0.14091762761871 0.223837976056292 0.224909876801188 0.0304024612652242 0.0511503313765182 0.130573926005799 0.0693028809889664 0.00819309481934461 0.115462104080786
0.169899496795672 0.0696959431169529 0.0620397725141989 0.0625757900462069 0.176242279849509 0.0148498414231831 0.144738790616358 0.00539631824452661 0.10815997122824 0.186401796165154
0.0196482757378651 0.267864501453493 0.0438016461313877 0.229240315009989 0.18136893690808 0.0249134750184559 0.110206779499953 0.0113687671928861 0.0630079720771252 0.0485793309707663
0.0257550934356428 0.104107398270492 0.162380506739095 0.0238458539965991 0.125189767932713 0.134010022591769 0.0422367997171059 0.0816295505874352 0.149053362367435 0.151791644361713
0.13333650438351 0.0451111363106723 0.237029325403461 0.107726883824161 0.130198642040811 0.00488417484566897 0.0116778338087901 0.159385070810643 0.023271234678706 0.147379193893576
0.114728396525735 0.0191263082508907 0.0592041933143964 0.153985745745007 0.160867633129183 0.139741718187718 0.103266461772642 0.0510888205367701 0.0733993598240607 0.124591362713598
0.0581375770557777 0.132309803951698 0.1305066516536 0.136801067330878 0.102857045654617 0.0955735742012304 0.0857456610436092 0.0651431098819188 0.0689970170005709 0.1239284922261
0.192985582381264 0.0345713691893121 0.0603063939968027 0.168379772537878 0.00326668037095767 0.0334742359559896 0.175556696227955 0.115329283536716 0.0609559064214862 0.155174079381639
0.120060466153956 0.220950316901134 0.0486287233199583 0.0736289478445913 0.115938021824746 0.180718631271264 0.057079795335811 0.0201621180715855 0.0828921826543235 0.0799407966226312
0.0891485848598313 0.0054907035787659 0.0204865012250509 0.107470503373627 0.0675248961668825 0.210520727151988 0.261803133876731 0.11982132424771 0.0809511570187955 0.0367824685006182
0.000291643431507804 0.007786764809739 0.0150390730642799 0.157179721628956 0.191447822310429 0.0712451455612365 0.171921428501932 0.14284561253593 0.113379773023559 0.128863015132431
0.00602941613816026 0.102370730644747 0.027693834858006 0.0376862973650584 0.197462470331786 0.182702458016195 0.0856406185297052 0.183218298151363 0.100368346392557 0.0768275295724236
0.116473368625991 0.0835418060652501 0.0851804073891446 0.135881182352582 0.129420598917787 0.0981310250066963 0.0829261879822959 0.0586988937689777 0.0613765933770843 0.148369936514191
0.0977242809414484 0.238296820346529 0.0463559800859348 0.0391345809820695 0.246127827123714 0.0784398708065158 0.00730901582014867 0.0606461333791487 0.141650181563191 0.0443153089513005
0.143968024101476 0.0104923376982879 0.12590072652089 0.133922123558862 0.0836688536164796 0.0895161685193668 0.059896066282096 0.124474584507234 0.115552123019762 0.112608992175547
0.159087259780789 0.0401749593504998 0.0172108688844729 0.147435317070976 0.184063972490582 0.092270591083244 0.0988600022416105 0.0678837417578482 0.184016768431309 0.00899651890866898
0.100891117526015 0.00727741907160352 0.168798883921103 0.0292223631411275 0.180795069067196 0.227026138881325 0.118335876466751 0.109764138492835 0.0317853642343112 0.0261036291977331
0.108554133188734 0.0151163668670193 0.102464957462295 0.153286718268987 0.132358907385196 0.162407554549965 0.14772590970952 0.104852501554049 0.0131506540860596 0.0600822969281754
0.0154398188319333 0.151474925290534 0.131726602778023 0.147800685556044 0.0962950418660446 0.0723306370834804 0.0683183560476711 0.159048287493209 0.0376167189709251 0.119948926082136
0.129832420330039 0.147291874109976 0.040880173510491 0.0726654569673428 0.150871768032998 0.132091128950624 0.0480459885258684 0.0121366953321586 0.126312940012044 0.139871554228459
0.0473082869056628 0.103044839414382 0.164231794226585 0.0987159310853309 0.162841282066662 0.153949799888988 0.0702317878012711 0.0201833522759407 0.144612453760953 0.0348804725742246
0.00114267723715778 0.0717846794537801 0.223590852246866 0.0482510077191317 0.0702652586832241 0.105503385059349 0.18012312180243 0.0209834775026868 0.164586226488006 0.113769313807369
0.135556717042837 0.0506957823976477 0.0272425156904541 0.233225272403368 0.171093252071623 0.0598693756295975 0.140305183348669 0.0909062123032235 0.00116708753099537 0.0899386015815847
0.0575731491109696 0.166949804050547 0.0483029569395988 0.0136644131264141 0.189507872387931 0.133278819745214 0.116682367692411 0.0631945493582764 0.0597968565670336 0.151049211021603
0.136376007954175 0.0413218865901527 0.205806309108425 0.00322970198639706 0.0929408984782303 0.127581987926499 0.197654662988049 0.0940893233270373 0.0383804023937609 0.0626188192472734
0.0999009176526726 0.0882174178684283 0.0881025765235585 0.0664873458303086 0.134585274342863 0.0924625655294136 0.0112048997747592 0.179298418293908 0.0880928820414048 0.151647702142683
0.0817665053067595 0.1413589872554 0.0526085822516923 0.0812363611773247 0.140418166404169 0.0662395402221644 0.0554252399882296 0.121672290371041 0.139671611425235 0.119602715597984
0.114632534271365 0.148249097262324 0.00946033695184204 0.162830474549224 0.127803039356604 0.0965169051132163 0.102615236129805 0.0547047105868058 0.0244371861885986 0.158750479590215
0.108872212547693 0.091302301879804 0.209985015409411 0.0620452654875132 0.0528689083210743 0.00295093373622017 0.140877829099372 0.0437268034798097 0.208486846155534 0.0788838838835697
0.11547946427615 0.0761959877277466 0.130290090946932 0.0806332305784105 0.0696965839978655 0.0870600328455229 0.052540901797705 0.137112740883272 0.133201670677322 0.117789296269074
0.0989018001378587 0.0640649873308216 0.117677256241988 0.209275788824223 0.11225651262434 0.0829251130685242 0.0208952516966756 0.126656127147119 0.0707298387080956 0.0966173242203529
0.125569188487761 0.0828827267737997 0.0243997546512685 0.10974852710348 0.0723606140542043 0.149266664565784 0.0764658120476068 0.108040914591901 0.0916704434413011 0.159595354282893
0.127780019647147 0.189570067279251 0.130946678589876 0.027025031039224 0.0466927877578683 0.0821582407527593 0.183506063338634 0.0712400931602687 0.0246302583638209 0.11645076007115
0.107622353149376 0.103095984686405 0.112872059547488 0.0639168560215203 0.0678521183846408 0.0946020733984026 0.126900651165946 0.0957457012552868 0.100635935319206 0.126756267071728
0.0367775343596251 0.0566518895348553 0.0871739604205886 0.170377662915416 0.103253270757847 0.13349737999854 0.0551983288651349 0.176856783901471 0.161989727964486 0.0182234612820365
0.11897995176185 0.116937217162382 0.102158946779142 0.0803647243731108 0.104707545688128 0.102928762522503 0.117074774796935 0.0837448221850043 0.0486056431649507 0.124497611565994
0.0481006711918054 0.0437904711539938 0.0740527775238409 0.132962474130247 0.0760107318966278 0.200558982827411 0.016127852329752 0.194447707034092 0.132998234485223 0.0809500974270068
0.086019331654722 0.141669697666588 0.107243932476762 0.0369985930328817 0.0252056502362887 0.0437643816688685 0.147307900164977 0.105262593745684 0.155041049006877 0.151486870346351
0.152172897019807 0.0526392988909812 0.129104965014419 0.0521069019264974 0.095808405437297 0.140913667843384 0.0653014848832611 0.102088453428781 0.115566376128777 0.0942975494267959
0.0643248363567565 0.00143317649332227 0.166879990489933 0.0736283967820114 0.206949607436879 0.00201320003024511 0.107442227821396 0.231281618964082 0.127493263727173 0.0185536818982022
0.142484578401397 0.0445690502066107 0.182852917618659 0.0693062291240284 0.0678730615664086 0.16881272409963 0.0148932092386037 0.115389103197906 0.129810609771187 0.0640085167755692
0.080977123699528 0.046263536278896 0.194106982993206 0.0715494731984005 0.0941319328550589 0.117764137795153 0.123285370764621 0.00893863832322372 0.0654151772334842 0.197567626858428
0.128568847732006 0.0714125681697699 0.154252244264885 0.032542733149328 0.10824413391725 0.167474110621031 0.0258130358562441 0.00772842031740842 0.171714813844845 0.132249092127233
0.153433383885106 0.0541818336092499 0.129496031600822 0.0880041876137903 0.0947402631111409 0.00247517789297596 0.0288618473277703 0.153965650383989 0.141695717780966 0.153145906794189
0.0565270008117388 0.123881680479025 0.10389236676084 0.0257614664615267 0.0766105342607313 0.106105861792662 0.144111408760485 0.127752434973743 0.10493305028853 0.130424195410718
0.123890971167117 0.103144158475966 0.13617070821782 0.187182381074013 0.0520987039540553 0.143949109569073 0.0454004338333911 0.111073179566988 0.0869383885286295 0.0101519656129468
0.0491495637699772 0.103537934449691 0.135562825869157 0.096817076970882 0.0455115763225775 0.109481384294497 0.145066074028965 0.123747133470864 0.070717861407541 0.120408569415849
0.047180471737916 0.059304865389208 0.145457046900971 0.018893361647098 0.209048910294981 0.0900492695492257 0.108085224850463 0.156518402472782 0.140777786746559 0.0246846604107961
0.153898792085936 0.0951645485665349 0.183977154681084 0.139979319701904 0.0548267401554968 0.00763393991457488 0.0337912374888305 0.121974851970234 0.150881394613881 0.057872020821524
0.0482454343579325 0.0450972522918344 0.0633901240845448 0.0298101315240752 0.0289127837912575 0.123458043642786 0.0788830612027225 0.183797196783932 0.113882294639857 0.284523677681058
0.0193809369870158 0.156587117546455 0.12160153265302 0.00390081692904757 0.0630001558901529 0.120476985876996 0.06335875294562 0.0722890007075698 0.189901512978755 0.189503187485366
0.116491259705408 0.0200688019879241 0.0856793021113801 0.0377725759245029 0.0759004232878037 0.0345163778306528 0.101423001996019 0.16745402222971 0.180056659853623 0.180637575072976
0.0233188975919735 0.0269259429531558 0.00815597720205539 0.205365045086538 0.151944133749788 0.0477258114806495 0.152310231865877 0.00268071417673367 0.18181307440182 0.199760171491409
0.0790359751655718 0.19803379253747 0.119444156536738 0.00267128284343943 0.115184585710128 0.0555697825191592 0.113016394606744 0.0541577127057001 0.197313039875757 0.0655732774992934
0.0778038130489598 0.144448284253862 0.161213328612145 0.0440710344251238 0.0978390075901202 0.0998219026049135 0.0212521785381558 0.161905020647931 0.0126716849208296 0.178973745357959
0.200926623528927 0.00278879501715132 0.0941312143716679 0.101191804571668 0.0776056887080927 0.0156198224643854 0.0948843825818443 0.152775268546073 0.0774959187178193 0.182580481492371
0.0385888152795382 0.101186226554753 0.141906574515926 0.143058885957172 0.00234261615892703 0.153963621065639 0.0909193790810115 0.0875851794989452 0.141970919928565 0.0984777819595234
0.172088730186347 0.1659142709354 0.122013193863943 0.100719975008027 0.172898724554688 0.0270634471450821 0.0528480279078959 0.0113712404360057 0.0693154526823384 0.105766937280274
0.0270479271865535 0.0973869159866372 0.128509552462405 0.0958699925114931 0.0930376170181088 0.173109306989497 0.00561697262314821 0.21336915414614 0.147565168643131 0.0184873924328863
0.059201369640766 0.0377418336172783 0.0797209179568595 0.0682192005894412 0.194308386879266 0.173121613996415 0.222521271972898 0.132184584728659 0.0126580775945297 0.0203227430238878
0.0130016950098927 0.165278716276835 0.209705292402297 0.195860490779494 0.116239198003026 0.100843893002939 0.00277017184261838 0.0254151304401727 0.00829849050589468 0.162586921736831
0.172610796728283 0.0391773035142419 0.156558516090481 0.022148912564716 0.0325164219730566 0.177991474811533 0.0349322244279737 0.140807716318422 0.171346711012496 0.0519099225587976
0.124163371564006 0.128589212850609 0.0798438658609875 0.0309576459255718 0.1072245501842 0.133744902682347 0.100245973346758 0.119584821303733 0.124649843316684 0.0509958129651041
0.0752790733414162 0.165209522638195 0.139596757062659 0.0369122990828172 0.0977667922026051 0.147242792312871 0.0219018264707938 0.0381382344574181 0.105738473111436 0.172214229319788
0.217470896919079 0.0361610804937179 0.0283194876652402 0.115131486928942 0.0879679741622811 0.185355543917148 0.00448479494019708 0.138018182097438 0.0988078299550412 0.0882827229209152
0.070690341701271 0.0691401205801132 0.064047524072505 0.232051645336603 0.193070715497466 0.0141031240388431 0.0318776603266782 0.203074216186255 0.101861938273451 0.0200827139868157
0.111414536549057 0.0474795027335317 0.132517356215553 0.148528225567118 0.144065682171745 0.0526032947156752 0.00284515128919942 0.0569773461403926 0.130301153527935 0.173267751089792
0.0771077435291842 0.135312556591149 0.150119358861365 0.0504385818534197 0.107082028941772 0.131809823257806 0.190472076092695 0.0107819590532822 0.000710422364579861 0.146165449454748
0.185084857025741 0.0996948100761025 0.0212241804218833 0.160193689819953 0.11313658320846 0.04644872935204 0.138002368493706 0.0519022693242658 0.097817918968481 0.0864945933093674
0.0234910007383068 0.153267726288724 0.162886382028208 0.163961243594953 0.141601462857626 0.0227390635975819 0.110159441162993 0.00324497824851977 0.0587606348928892 0.159888066590198
0.154453807531775 0.0755734498978093 0.11447202771984 0.0334126017507027 0.0330882502999009 0.102258061710577 0.10911707816416 0.104024034246146 0.184698850906949 0.0889018377721407
0.0620063088979072 0.153057696089569 0.13560524653732 0.0582731513654209 0.146276230083861 0.0136444802130993 0.161021053062538 0.0372266535638716 0.1490449533369 0.0838442268495122
0.147965882959372 0.0283457940355226 0.15156414099745 0.146500429008937 0.0478938569389236 0.0994626372276018 0.056783955179071 0.0959114670395418 0.12791194804968 0.0976598885639005
0.00414638292206057 0.0483795851467096 0.0250639611391426 0.1791084721409 0.14069523544739 0.0794194041221753 0.0952336251836156 0.24136751932171 0.10860213320072 0.0779836813755762
0.0293072875624991 0.0651409812589782 0.0348211514522754 0.0782303493814213 0.128303428682895 0.119141198215159 0.209169719087168 0.182337925687527 0.129618035396129 0.0239299232759469
0.110947406024064 0.0956102299590349 0.120459673356788 0.0520241814039522 0.0842674915895666 0.0535312823014866 0.0849480316347739 0.152248220611876 0.145568008095555 0.100395475022903
