0.209113703908353 0.156242427554805 0.194127028098551 5.70352899422296e-05 0.212660078406261 0.177069353562266 0.0507303731798223
0.0809448535309835 0.0594542086700631 0.141586184873089 0.000952719995838483 0.182228995189606 0.231220502416415 0.303612535324005
0.171125162520491 0.0636935545515666 0.0247838574013313 0.189105132986407 0.216439440589962 0.146916966809624 0.187935885140617
0.181373979727941 0.125974655711278 0.0649362254351398 0.0661540186634476 0.221592664390013 0.197160523539519 0.142807932532662
0.323130013019587 0.0372934412273555 0.277236610700469 0.160871862119429 0.0620255630488927 0.0646209901797058 0.0748215197045604
0.0138670970446257 0.163661384773718 0.197482469360725 0.163036291198504 0.140971064892985 0.169529519523199 0.151452173206243
0.223568978380757 0.0396938819598571 0.123590083707836 0.131064240238672 0.131397696092595 0.137976401804004 0.212708717816278
0.271329340813882 0.0962949609545468 0.154162395199011 0.291638685569522 0.0088138744653959 0.138376097525675 0.0393846454719681
0.179209425486274 0.130657540963266 0.133170252598323 0.125187149893396 0.147613681102038 0.17297437083849 0.111187579118214
0.240313766834983 0.172781514577387 0.0373189996511302 0.225514628718505 0.0808420996056388 0.160134879382035 0.083094111230321
0.189076799864443 0.195689301018422 0.239283165138898 0.131839531074076 0.143175866471797 0.0186814459239491 0.0822538905084153
0.189250841272142 0.199846890060596 0.258429313343346 0.263160527312907 0.0189546735628548 0.0227539134835284 0.0476038409646257
0.114769131190783 0.258537987961333 0.0735801124725687 0.143897395498044 0.186274505067038 0.221472019342099 0.00146884846813472
0.23327773014901 0.145239845647346 0.154406997241496 0.103377004672519 0.146384019052153 0.116921075737102 0.100393327500374
0.281249326603356 0.0464711172846633 0.369825812126832 0.0107841138902079 0.184740746882817 0.0627072691169543 0.0442216140951698
0.244974998000797 0.220173939909089 0.156335921035614 0.169902742111408 0.017331614896024 0.0343455610862483 0.15693522296082
0.172571523964151 0.222200253569341 0.0494141835313648 0.168815210537761 0.216344728721854 0.126889613426237 0.0437644862492909
0.0160968382033851 0.210167591133426 0.154576187937892 0.0867840666694319 0.180657434450578 0.171766127370914 0.179951754234372
0.169179996642735 0.18370848050678 0.106555136888678 0.178733104830769 0.186469193890599 0.00807529195489092 0.167278795285547
0.134672453193005 0.244551290969296 0.215561529223726 0.105407001848819 0.123341701987244 0.0564733549901755 0.119992667787735
0.151622944763461 0.0650472023475506 0.0571739717561279 0.299039228138022 0.0637381188757292 0.232563481344024 0.130815052775085
0.130772809587326 0.20408083542249 0.0925904528234879 0.120258880816508 0.0544809050816658 0.249783335456302 0.148032780812221
0.11224826308115 0.160694064468918 0.411865112198419 0.187672500638674 0.0623969325510394 0.017847600625553 0.0472755264362468
0.210036110970349 0.173805265660544 0.191677670277073 0.0873981697165952 0.245382241132326 0.0552818264775072 0.0364187157656048
0.161587690136778 0.199508311286442 0.14485483702974 0.0609624059349 0.0497790709311575 0.193564317683878 0.189743366997104
0.114574875323595 0.169105972293181 0.139949684550215 0.138444084492288 0.174805052781014 0.141316874249958 0.12180345630975
0.0107963457087563 0.122296092725454 0.0775763450667216 0.244279681361151 0.275569576267797 0.258034175096868 0.0114477837732532
0.17731152532159 0.126730576207279 0.050704215715413 0.167188355163142 0.0616916759682039 0.220960782434383 0.195412869189989
0.166419792339026 0.124329517479317 0.152232726057861 0.0979998660687858 0.195539284994998 0.144958119227213 0.118520693832798
0.0995217102944932 0.0888362392570775 0.366824597326488 0.252697161307619 0.00342535587038826 0.167559725097175 0.0211352108467584
0.283493851970424 0.0591030448980428 0.0406854989267236 0.166109365008856 0.228786862779353 0.0453868128356126 0.176434563580988
0.201083026127996 0.213736119232194 0.219235062126585 0.0829805404641941 0.0229892377631879 0.138972318879376 0.121003695406467
0.2915679653919 0.0294778621899619 0.178201506729502 0.100931272717797 0.248942179581382 0.00585259834826672 0.14502661504119
0.188031400282493 0.258823119631572 0.0640489161453801 0.00095110804027869 0.172370013683364 0.0639662516111803 0.251809190605733
0.169749564352439 0.171577364289787 0.193062493303013 0.089018863256217 0.134800110832644 0.113455009714866 0.128336594251033
0.344773477283855 0.142003073357358 0.0124985330994974 0.243338991824753 0.00999841255100865 0.154572496901876 0.0928150149816525
0.280153389672632 0.107319065563768 0.0947775229677242 0.0891618882973584 0.0427792362974266 0.0342826532433658 0.351526243957725
0.00854411542232066 0.142184952300313 0.219608809683263 0.119057949385793 0.0458295010539267 0.274998061634959 0.189776610519424
0.0615753600220759 0.133353310678886 0.0608199105789243 0.221230186914875 0.162618769587487 0.237852054127019 0.122550408090732
0.22478141294067 0.0837928675604064 0.043517067730873 0.0971104153984695 0.199810687885709 0.186615727775043 0.164371820708829
0.101373784038736 0.179107992357816 0.0858917563396748 0.116143912045335 0.160015517766779 0.227748220910279 0.12971881654138
0.14696737636011 0.0571018931116462 0.169751541110589 0.10261410586172 0.219799501112096 0.194778580369695 0.108987002074144
0.287086429770599 0.0904134059314358 0.0970672148944921 0.185306464242116 0.00427924348203031 0.225293393924671 0.110553847754655
0.176231952667036 0.0465532124583298 0.157008808135869 0.0764109352927758 0.297471993638976 0.0989387902039029 0.14738430760311
0.157310507602075 0.169169021574458 0.0503772829557017 0.229252791030104 0.0019132612621945 0.250305244693042 0.141671890882424
0.0954198898791159 0.0879141002566232 0.126307617257078 0.176868038079831 0.164154717926431 0.17026918751939 0.17906644908153
0.0971260878813495 0.0506290239523202 0.136383114896837 0.261816977742583 0.141082362191244 0.249311140461761 0.0636512928739052
0.107041557416426 0.315685160280915 0.232418139664659 0.0832706333426556 0.198239885907152 0.0243926384782109 0.0389519849099816
0.0155281057809533 0.219630031573556 0.217873911431752 0.0813164934428837 0.0708512680308649 0.271220053601037 0.123580136138953
0.164646291883248 0.133440235991007 0.225741403418525 0.00894077087781345 0.174109291448291 0.257806622888397 0.0353153834927182
0.0215490128648155 0.172288255114794 0.216230188121324 0.146023163220334 0.197962800281338 0.125870236470545 0.12007634392685
0.0264961234477183 0.0907983391088323 0.230338147570665 0.0700692886139334 0.16153774833507 0.23424723531866 0.186513117605121
0.128678104976135 0.154908699786693 0.0605808056488917 0.204058981577329 0.276190959575963 0.1567099203112 0.0188725281237886
0.227286882670288 0.215398310023736 0.0353510971809652 0.235862839911101 0.110526101054151 0.0901292113933755 0.0854455577663825
0.00470114316758403 0.0630276696447375 0.120356550255873 0.253999395974194 0.0347328127149401 0.316458758122109 0.206723670120563
0.19672794167226 0.146944265117345 0.0808230339274239 0.18344992534285 0.214283876412129 0.120332570018624 0.0574383875093675
0.202045365172131 0.0829126821665067 0.190815074399922 0.0174024276876049 0.165538306879065 0.067215243400158 0.274070900294613
0.102724626211085 0.0969567548529429 0.121098971304735 0.159238665186441 0.142135064127898 0.205075023510248 0.172770894806651
0.0110349755242479 0.268457809840239 0.0325328173428821 0.4347868746888 0.1086623102935 0.0489723668382577 0.0955528454720728
0.128684914570149 0.24509323767712 0.0334304833782289 0.216605730942282 0.131775331449457 0.173787090307048 0.0706232116757153
0.0841454772339212 0.0748664411235 0.187782238419019 0.0750210267645757 0.114977931548816 0.214122402396186 0.249084482513983
0.148814141753906 0.0604356784951085 0.301957739851959 0.155136911246149 0.191630633915164 0.0792922306449524 0.0627326640927602
0.153789807192964 0.152388957522588 0.0895390530517245 0.257024201070761 0.0622784035566528 0.0899385824029945 0.195040995202315
0.013392243736556 0.178832661604627 0.216160165893847 0.0885951185596612 0.0866501724775785 0.242029697533565 0.174339940194166
0.0945642996124292 0.168369408895932 0.196515930409971 0.192271297945832 0.152853652991728 0.0415177057171331 0.153907704426974
0.124292571125434 0.0686384484073545 0.204269368564944 0.112129233033108 0.136706160106018 0.175590048620428 0.178374170142715
0.0566194577802558 0.163608708695499 0.165713622050772 0.176925997675153 0.147673553401046 0.110025826945613 0.17943283345166
0.130714030433617 0.297269476487741 0.0392482535518986 0.0218037812918423 0.119506507186989 0.158520204172089 0.232937746875822
0.193794362836527 0.148524975408251 0.1158130226452 0.0955749982507898 0.202155057726256 0.015863175631218 0.228274407501758
0.278251825657279 0.200546056640996 0.179200631840593 0.135733309535156 0.0625114061054499 0.0170839401892036 0.126672830031322
0.0778671219959596 0.0737473766321143 0.155700281891033 0.289779513894582 0.0821959691245714 0.180982753342489 0.139726983119251
0.263693103069548 0.0584022147579276 0.217001835238907 0.145469810835204 0.167649395562424 0.0808088427666836 0.0669747977693062
0.189445402655577 0.0117029681697589 0.188257159105026 0.120951943366317 0.253954939907731 0.198560831247211 0.0371267555483789
0.203099018675358 0.261747779728373 0.104071197539042 0.150162659330059 0.162299904442389 0.0368072903359572 0.0818121499488206
0.269128011186672 0.117206062096331 0.180764542425868 0.0725673511721382 0.0485712520030365 0.0197945731887235 0.29196820792723
0.204582349165186 0.0224453884792448 0.130806692113449 0.216894099911685 0.191746259689831 0.0723187619661723 0.161206448674431
0.168720157992066 0.0514805459593643 0.0230255420093192 0.182257007608545 0.185561159412385 0.25544371466232 0.133511872356001
0.0533844495172061 0.175182801839281 0.0366308011955861 0.266866575928373 0.071220903582652 0.21061135746551 0.186103110471391
0.262637821905543 0.0811363120376283 0.0989196625774364 0.277942962408764 0.00139545807074197 0.150557818469153 0.127409964530733
0.0243911347422894 0.193654509613409 0.0706408862294373 0.221768860733804 0.0510178726981581 0.222006940120198 0.216519795862705
0.00613408485178144 0.242224202971722 0.00130411258114399 0.220143530327052 0.226166682301419 0.286847831164709 0.0171795558021721
0.187014026970271 0.229910860369967 0.231988585485821 0.0447958554986164 0.0373126375807566 0.218500783355102 0.0504772507394666
0.131655692308725 0.0823792038128897 0.0501680949281355 0.273482761602601 0.152554577079832 0.0900846302103921 0.219675040057425
0.0651043015443527 0.17048717947937 0.129529943488319 0.161975804584437 0.13748127941696 0.0624399331708705 0.27298155831569
0.126572330876547 0.207866401921761 0.145036644069014 0.191515401544111 0.109748422496205 0.184200632557788 0.0350601665345742
0.165446694404764 0.266014066244041 0.000547780639323783 0.106505447347645 0.00363581322434778 0.21423735262841 0.243612845511467
0.212217572116914 0.110936031578845 0.0244911047358583 0.148770871536205 0.124489091213426 0.35000419754493 0.0290911312738226
0.121350756152767 0.0827652470556638 0.127958740039229 0.0482062924666127 0.19080128762966 0.234435203098674 0.194482473557395
0.0798394061659757 0.135258959172161 0.188035152840947 0.0244368227151755 0.201627926679508 0.171753975875054 0.199047756551179
0.242802740536014 0.148863453800889 0.258321402156259 0.00421910152967629 0.0336788694860573 0.280071980178887 0.032042452312217
0.0800356808520372 0.231160367533549 0.287309136168047 0.0790918185020053 0.256685702332124 0.0131482548468352 0.0525690397654027
0.0142058223056667 0.196465791418969 0.0883762711834457 0.283744617629852 0.250575329278084 0.108542039526918 0.0580901286570643
0.172317262840273 0.123834298752032 0.177728960047212 0.134202133832688 0.24218338204273 0.110229187003335 0.0395047754817306
0.135028056653536 0.296930841531755 0.0250294568002216 0.277733205717069 0.164677534481988 0.0263073479222383 0.0742935568931921
0.175758915565412 0.192146244113192 0.137531205813979 0.0299972488093706 0.230928712862594 0.183793681996576 0.0498439908388753
0.23169065825539 0.000519198421490348 0.0139309965447844 0.319741885576836 0.116754480140703 0.108059357396501 0.209303423664296
0.105450660667855 0.260874878421537 0.210050407455882 0.207693761235011 0.000644970260808575 0.150023382434934 0.0652619395239719
0.124330501023478 0.256208447157421 0.0449737152629368 0.0247269986687135 0.183078792035842 0.13569783827314 0.230983707578469
0.140081503786294 0.0431651455855899 0.160943618031074 0.36622854231066 0.201087911006987 0.0245930901365639 0.0639001891428314
0.188183751627467 0.160299653496639 0.0772353553777513 0.106035496304485 0.149956494001908 0.174311204736033 0.143978044455716
0.172049879332763 0.111616512432315 0.0708091743839849 0.000462235127002438 0.219989755713154 0.25496075019408 0.170111692816701
0.136938671313887 0.214675857649053 0.0530117540570528 0.092731958661109 0.215332470758981 0.162772523422276 0.124536764137641
0.213964489911384 0.174157757295278 0.0475162490569967 0.157756982082159 0.224820550582727 0.0250067617219941 0.156777209349461
0.130738427077936 0.14189837499504 0.15232876907954 0.108343474433504 0.138092903435644 0.165411989241571 0.163186061736764
0.10005961274682 0.237998496843812 0.0562804892408358 0.153202541361251 0.0723500090337747 0.180356982187908 0.199751868585599
0.0394655753146816 0.304140123089221 0.132541499446639 0.0532836225612363 0.144018437668054 0.0915648972542545 0.234985844665913
0.162180266493962 0.168675394397609 0.191192338458366 0.0420503392276052 0.00303183805375657 0.187830164809144 0.245039658559558
0.194421677118852 0.175016710044332 0.110811517657967 0.109246526619737 0.175569935595503 0.0380460945218939 0.196887538441717
0.00241988623048271 0.293359852350593 0.140405540284447 0.0183460034835225 0.105970068678418 0.167482757873904 0.272015891098633
0.194169183169283 0.061863376738362 0.0659922374537172 0.286084690046076 0.119589857762802 0.210057099370642 0.0622435554591175
0.261875549554915 0.224725407416009 0.157164492874636 0.0348929263191501 0.144827297453521 0.0697571292574217 0.106757197124347
0.224796883544773 0.253286717531557 0.0210466315653369 0.105712248363659 0.211386733291989 0.0956317510932934 0.0881390346093906
0.270494969153864 0.0900800077045578 0.0233434993999444 0.2481585671664 0.181927678068694 0.0963087922055908 0.0896864863009492
0.1689108704042 0.0781344660560239 0.223159566710126 0.046835893440251 0.26172870460448 0.144433285899706 0.0767972128852132
0.0024262051916437 0.225490404010566 0.210015177485505 0.108091251018267 0.232053417583626 0.0437051101413001 0.178218434569092
0.111708470496247 0.318442776678241 0.103942067703417 0.0336081163216601 0.127234366595312 0.0356578408639924 0.26940636134113
0.229592646113309 0.211794473413698 0.103126874485407 0.0911590064959006 0.224589361177131 0.113425828687348 0.0263118096272062
0.157670159499073 0.0724405480541616 0.232337423503714 0.088374887609128 0.224077154616335 0.171271950783371 0.0538278759342168
0.160533260790533 0.185268123400932 0.239977202940953 0.21707795509063 0.0184120709441904 0.00512634989886108 0.1736050369339
0.19525604232984 0.0902662338963458 0.173504779669245 0.19242491358766 0.066131587783629 0.179993833083518 0.102422609649763
0.0475681851223144 0.204306784397503 0.221733469016948 0.0974942607168014 0.188585623539444 0.196613876702091 0.0436978005048981
0.167418008564346 0.0166170882435545 0.0583080289156346 0.218300490023987 0.0778593529018291 0.148319551759556 0.313177479591092
0.232356953065876 0.160331465933476 0.0198716114497449 0.00750450390569763 0.00268829444804861 0.301152003448166 0.276095167748991
0.0779847615343657 0.121091044898813 0.214773892543771 0.136711790513868 0.0720903825368077 0.162042901701278 0.215305226271095
0.19017894349294 0.104432115697538 0.0799499877090429 0.176442701298245 0.161667264075374 0.18005866963294 0.107270318093921
0.0256156899755259 0.111948908441376 0.101754854441973 0.0913555972255255 0.311444158387057 0.32952935802935 0.0283514334991923
0.167799155400331 0.045071137526056 0.186876319060084 0.151792313683722 0.179935996228062 0.190952706287401 0.0775723718143434
0.156616640503324 0.174083608669092 0.0416459492155566 0.120563240850486 0.202699038878647 0.129616000591825 0.174775521291069
0.123397585080938 0.115405166613447 0.195860950244246 0.0270075648062013 0.20289933309443 0.187856182992513 0.147573217168225
0.0322544792100515 0.18788164793039 0.271514818277749 0.0850152185042175 0.200994659715446 0.112961183162763 0.109377993199382
0.137872447904931 0.147146630135688 0.190491678295251 0.0848002296716532 0.150159487506521 0.168593574666674 0.120935951819281
0.0497078200569508 0.0204516491534657 0.13900734147252 0.100173575702975 0.375228535196499 0.251865069898214 0.0635660085193756
2.58488693178341e-05 0.105894573672439 0.242778719488821 0.138486433154416 0.104641769804221 0.267464663019172 0.140707991991613
0.00594115289390441 0.264438798446208 0.198540431200223 0.245816868680678 0.0319803495005204 0.112382692600024 0.140899706678441
0.306483010042235 0.0226339324380669 0.256475051474689 0.00204869433831774 0.0530748561797102 0.12846893163617 0.230815523890811
0.112722128477466 0.0150474389665441 0.129667540178967 0.251220070930671 0.0774768691201712 0.171285787193871 0.242580165132309
0.12425460191035 0.205666532410806 0.0555579947760244 0.270019827302073 0.00576633376953735 0.239266715477728 0.0994679943534807
0.307318068967611 0.319871829627738 0.0448560142675932 0.073245213385057 0.157292933249305 0.0343400506161358 0.0630758898865602
0.0115108641330989 0.142323523564227 0.14903304266283 0.241419391907027 0.273874417586852 0.16205689315058 0.019781866995385
0.176668790163792 0.199521100867091 0.112640507366995 0.100289479580765 0.164655510179494 0.123055048695009 0.123169563146855
0.176136991084211 0.0329359252201224 0.181261491012665 0.179484040065057 0.102820231072498 0.111213385642854 0.216147935902592
0.114899882960542 0.0821269058811031 0.00248793362380473 0.336089363643388 0.170310905300227 0.0185356196665745 0.27554938892436
0.175822513556647 0.173895743152832 0.0897807737033957 0.188645079353856 0.165801494815988 0.0839132273730235 0.122141168044259
0.218399653249667 0.239608880504857 0.0705230997398968 0.214186635015683 0.169625410386782 0.0304389240514856 0.0572173970516276
0.128478008331377 0.0632105909363176 0.126436865949398 0.189418715338734 0.171843912714006 0.274685780310999 0.0459261264191688
0.23951067760579 0.0409589418579292 0.245365212289359 0.152250136231813 0.123051259117403 0.0924909107841627 0.106372862113544
0.00511257477081624 0.234964762183594 0.0438334430766837 0.291803419801424 0.0665726875490792 0.0670933669765576 0.290619745641845
0.195931373558273 0.105503092770333 0.0928381613594273 0.150295797157475 0.207989772933912 0.0828765508590019 0.164565251361578
0.0350313957024955 0.0924301324629773 0.148111845986457 0.29392001723146 0.101452402636991 0.227084619883946 0.101969586095673
0.189392826478171 0.195014046677513 0.162927784774371 0.175315613673747 0.140485541247061 0.102098330880436 0.0347658562687008
0.0184485032992276 0.169302042543187 0.168180354188549 0.0890324708800207 0.109012273204436 0.272099212556976 0.173925143327603
0.249932835963672 0.0404021023835266 0.206919917382158 0.124441073134272 0.112285458534696 0.0135632922413852 0.252455320360291
0.0578415395452725 0.0895528768171423 0.103579660067017 0.305581919327702 0.190437585393658 0.147181447193377 0.105824971655832
0.166018328532123 0.0676531142106014 0.169578458240555 0.199087345840023 0.21066246807179 0.0207426214534075 0.1662576636515
0.0220642495014548 0.0492684123130475 0.100150000532317 0.198005614425957 0.102280701598915 0.462104099573538 0.0661269220547707
0.185512849332362 0.131119235826265 0.138325635021329 0.113619460545274 0.151250987087957 0.128082529618451 0.152089302568362
0.0255460676981413 0.0838155478364734 0.303489122720896 0.0273703544438067 0.286443011153383 0.272113173419992 0.00122272272730686
0.00969458736235322 0.31609629872154 0.0767205409223478 0.322209713518462 0.0945935979681042 0.0869072842158404 0.0937779772913526
0.142262531827222 0.125202580393424 0.118564440045027 0.0102239993590224 0.290800469140317 0.290727332002788 0.0222186472321994
0.0999540515117481 0.115738173197548 0.328536700734339 0.0037593498628815 0.331866144289852 0.0670588788980982 0.0530867015055341
0.0807106819747224 0.116182140925925 0.281413659940906 0.217002889006494 0.00216965256569177 0.255522653609875 0.046998321976386
0.141357241522668 0.184465947538808 0.108035791335523 0.238637211360667 0.0853655517676415 0.152204681021933 0.0899335754527582
0.0383262512473757 0.159583129223925 0.25288797131981 0.0714209108703247 0.233507418187501 0.107734137038554 0.13654018211251
0.100140372549677 0.249206109332659 0.173610630706132 0.242354574022071 0.177554634890737 0.0394626386346154 0.0176710398641077
0.0661273541172937 0.182863507336069 0.106173915101122 0.0259510829845025 0.0419432389814965 0.377375134738413 0.199565766741104
0.1207477616195 0.14488774146923 0.129340638704123 0.199993085145786 0.0246769189127118 0.23385327008351 0.146500584065139
0.244408497140099 0.223399561988806 0.0699904690976574 0.149328079575093 0.201058070792346 0.045474070790013 0.0663412506159858
0.210609917698371 0.12712446589929 0.256714883247037 0.0559798663375261 0.201961739898637 0.0301036404567861 0.117505486462352
0.036570874639899 0.245376995516926 0.238030413675777 0.168604193839896 0.0398093227916724 0.0905549210762562 0.181053278459573
0.178534669991981 0.134319965068469 0.0104449335343675 0.0998866970279382 0.187864029367344 0.150471821572296 0.238477883437604
0.0652497127305269 0.125389293215757 0.118126340755066 0.155188667151256 0.210763319400119 0.218273940890501 0.107008725856775
0.177899079503026 0.134989813264105 0.258416549583608 0.0265576401721823 0.0431148059620958 0.283077366918587 0.0759447445963953
0.221658275846467 0.226701648171401 0.156600904686936 0.154658646993165 0.229212010731501 0.00241591575748439 0.00875259781304454
0.147986299675297 0.236072222399208 0.322136797601632 0.0401811103038618 0.0462904599770084 0.122611964500659 0.0847211455423338
0.229358838858575 0.162545925653604 0.0395433184868054 0.102563951995481 0.281269032923533 0.108159067449448 0.0765598646325531
0.144694355166051 0.0873837373335307 0.217853980502068 0.256851030611631 0.0549143025852961 0.0579292177475966 0.180373376053826
0.24113805303078 0.0739561340851884 0.20131333331599 0.0144896663673793 0.158063696094769 0.0658822809443244 0.245156836161569
0.12693540771669 0.143210776914769 0.281379429128199 0.212600309189578 0.18386466858048 0.0484017406555513 0.00360766781473278
0.181007406189086 0.0963254237545286 0.165862771288277 0.0799140243357353 0.172168376961798 0.237827693732772 0.066894303737802
0.227761200387495 0.171572489599386 0.0439507001420372 0.289048413414314 0.00710747843519297 0.202027965016389 0.0585317530051864
0.0891189541088354 0.0962834617848151 0.18384150687554 0.294510958316421 0.136576858931995 0.145328884726158 0.0543393752562351
0.0792894144136236 0.065047940523078 0.110131454653408 0.00915901665199598 0.106987548489371 0.259189958193279 0.370194667075244
0.0185802452843072 0.102395113421331 0.220238897942304 0.0169404073181436 0.0825568450873873 0.200681868353561 0.358606622592967
0.226708274118364 0.109944013995841 0.111300620430229 0.148583763265618 0.0834402080247692 0.188332775026227 0.131690345138951
0.242596455589039 0.105331601656932 0.121354226429731 0.163050694769049 0.138456909828844 0.189878144839827 0.039331966886578
0.174599885378365 0.0847106872090082 0.195936294448887 0.112589494597947 0.0826371278534853 0.167621242125338 0.18190526838697
0.0324192192858005 0.0689497112268533 0.218987332918302 0.0994323056624362 0.0920704796323392 0.278149485453784 0.209991465820485
0.241217982077141 0.154832451676044 0.250168610772877 0.243501501283593 0.0721533520359241 0.0235958411573846 0.0145302609970363
0.14689807899866 0.0847974413495221 0.189761260251636 0.0194413791363737 0.177148910668443 0.174720507083912 0.207232422511453
0.0516554647423969 0.255720188282943 0.211719696916812 0.145300276790165 0.0570361535362544 0.240392316391354 0.0381759033400756
0.198534256605601 0.223262387821999 0.0535868123849985 0.0792485361229204 0.0676577273489102 0.118407314056183 0.259302965659388
0.25624948024801 0.0963482818587629 0.120729746483221 0.241262256526939 0.091554808931792 0.120895987519895 0.0729594384313806
0.00836332342527456 0.257088427961766 0.254352568207336 0.142901387669801 0.11397717879236 0.0565261500605198 0.166790963882943
0.327440144151802 0.0718503881935146 0.0076402055380122 0.105558632421613 0.271303917339531 0.032779773311531 0.183426939043996
0.189934369229995 0.0262911611432056 0.132901493488816 0.158795174814958 0.171948798596311 0.167890808062744 0.152238194663971
0.0317157278272305 0.224398421679711 0.0436331199697397 0.184420980046294 0.0435371225166458 0.211511074578857 0.260783553381522
0.0103673564570535 0.0372095882565803 0.140791118791897 0.195194149046252 0.166321991244125 0.253335326022703 0.196780470181389
0.178006431026197 0.129787425936055 0.0934125021766583 0.0046374724854905 0.223568184097194 0.252090131625293 0.118497852653113
0.208504830749963 0.052598808200437 0.185875052187833 0.0825351226023517 0.20023999320329 0.178525864706661 0.0917203283494635
0.171142850753646 0.192712468963565 0.187373621491632 0.130338922772476 0.0879914906538966 0.0410687817792763 0.189371863585509
0.108573282580502 0.0013242739592587 0.21767475359895 0.214631725362677 0.183311420069272 0.222936701601191 0.0515478428281504
0.114681488294561 0.239376858638982 0.0996992370359128 0.206313750984496 0.0175143747577957 0.0728855863740643 0.249528703914187
0.0811929456149478 0.180025603860541 0.121125425779023 0.00648918495927478 0.198261786966857 0.138988282076037 0.27391677074332
0.279177578722771 0.057472809316817 0.243406343057253 0.0101582787000093 0.0371853087625059 0.0939407297644728 0.278658951676171
0.252443403956872 0.0818716716515984 0.206650182170614 0.0557133872588541 0.0795767125782242 0.281006385659849 0.0427382567239881
0.177668299491547 0.123370937154062 0.125928394406247 0.221497277359411 0.0176631260653073 0.148119449245268 0.185752516278159
0.164101451240243 0.286409416916284 0.0932874347767474 0.171634471033004 0.0323313788161557 0.221319067389096 0.0309167798284701
0.0307689005236797 0.018389496929251 0.145063284181758 0.261196977492249 0.254675801558535 0.225050899445403 0.064854639869124
0.201931800510132 0.150694133625447 0.12822093538954 0.103886522169697 0.083939415495395 0.194441526473043 0.136885666336746
0.14960171792016 0.0405512667678478 0.0859236799865404 0.0864524394213382 0.284602554964862 0.26470033985375 0.0881680010855013
0.233428395258655 0.0303699145128681 0.0233537651947929 0.151336060709947 0.349296953091313 0.156852492963973 0.0553624182684505
0.239584364069585 0.195055774022798 0.140685738144183 0.177664778740869 0.16766289792234 0.0600144801120155 0.0193319669882099
0.0936533866901288 0.188318941274985 0.204456531213276 0.0455618560276717 0.23503145391722 0.0363995111161899 0.196578319760528
0.0780999872509102 0.0655396480688216 0.26407830069943 0.0582842519302936 0.170068532554244 0.321711462232716 0.0422178172635839
0.152559026130979 0.0798218466806785 0.154526192072217 0.074163784416201 0.172249617235877 0.208382904317731 0.158296629146316
0.293086955702959 0.0294069425656105 0.159273436970854 0.281276686918865 0.0670527661127226 0.0534030114538457 0.116500200275143
0.0801365623073445 0.216333630278926 0.196276820846881 0.0951793585116932 0.0918102338094592 0.177102202938202 0.143161191307495
0.156571606854946 0.0726029374159697 0.12268903720461 0.192941617099055 0.210802231936155 0.125189576550319 0.119202992938946
0.0613935457206155 0.152256705156767 0.219376838205137 0.215745709508619 0.152575595069374 0.0342146674253353 0.164436938914152
0.17344862716257 0.135271530768813 0.104740268290581 0.0252335186032718 0.160564961387097 0.252046523769432 0.148694570018235
0.11498921665369 0.197170792135201 0.111518320581512 0.073259598887651 0.202719712533873 0.117879206118549 0.182463153089523
0.07860960112533 0.19404425263572 0.148495628203325 0.0978130060196523 0.205987894817156 0.102541363862034 0.172508253336783
0.176124875723647 0.0736135846836711 0.0851010725673241 0.120479289103539 0.214182225436871 0.216544387332884 0.113954565152065
0.118605514599008 0.219013673420699 0.216938598396888 0.0152864513041486 0.179893090356564 0.1993675238098 0.0508951481128922
0.138837646786377 0.14876674614593 0.156310400476683 0.194776798833161 0.239884749877797 0.103442684709827 0.0179809731702239
0.0928586171400725 0.244584634419244 0.122092340601669 0.141956891970284 0.172162210121457 0.219733199583007 0.00661210616426646
0.228418599520506 0.218872909838648 0.0756086068599772 0.087465393344404 0.215247008437916 0.013297124956539 0.16109035704201
0.0881715219246133 0.157305536143786 0.0274394276047258 0.102146270267127 0.220057312656856 0.200827006056148 0.204052925346744
0.250365123922759 0.201418714945922 0.126981930758863 0.0364030090219458 0.0332485655469037 0.110583547084192 0.240999108719415
0.135168996760004 0.0617414862570046 0.0216457420119563 0.191490219019025 0.0994077486974113 0.263923938234812 0.226621869019786
0.180350311550807 0.233864565896429 0.0176967688435501 0.0662493420412216 0.0468292859902038 0.196400298419284 0.258609427258504
0.0924176173925553 0.145202061450139 0.0842701828324306 0.203824966665352 0.162268950801802 0.101444740589299 0.210571480268422
0.171883750052102 0.128082093582674 0.0655999860365891 0.05224302990579 0.182349312083312 0.170791741282987 0.229050087056546
0.27476590931005 0.0427011242039571 0.149557571178801 0.291123823741695 0.0612092538294968 0.122045785097359 0.0585965326386411
0.0129735536680585 0.305027698037219 0.0118224728528964 0.221966845785242 0.259070173021182 0.163423217454429 0.0257160391809739
0.139402614317931 0.0234066368005955 0.20503277632827 0.0549796820194048 0.134182486802411 0.309363088090455 0.133632715640933
0.158771734105868 0.0410859910151452 0.155510322245733 0.195197597707984 0.202503176026937 0.208691029552273 0.0382401493460597
0.180449620996158 0.13252004928905 0.111066968289761 0.266126134982287 0.00337165029086299 0.157946649077634 0.148518927074247
0.232285376307457 0.246779089194199 0.0830704337041807 0.0833451836839527 0.0886036528265366 0.163167084618237 0.102749179665437
0.19841126464907 0.104966476894807 0.194414993988244 0.143180650318198 0.184879325374967 0.120718439667225 0.0534288491074883
0.0292331103675218 0.136748191210858 0.163523020587073 0.165522926977639 0.148237137198612 0.274485024851084 0.0822505888072131
0.0911051560902994 0.0714321976776944 0.217690529368554 0.1610162497531 0.1767528217425 0.220879262238943 0.0611237831289083
0.102333070407 0.175987148474492 0.161508360644174 0.306767615545525 0.00244309860934174 0.109017038631434 0.141943667688033
0.295893182026169 0.301780740244482 0.00677457065645235 0.169456397496414 0.135251075613015 0.0711892739992472 0.0196547599642208
0.0698947659763673 0.180252571755784 0.239038193399573 0.045137134966433 0.143982933600152 0.157651284406118 0.164043115895573
0.020635952259284 0.121044771521777 0.205771094850578 0.0414787649049935 0.193545186450528 0.198361076790895 0.219163153221944
0.235403781461857 0.197807060120926 0.0675626816176644 0.00547522015953835 0.156609689736264 0.159372599865332 0.177768967038418
0.00364888346779975 0.190872296917831 0.0411684806549646 0.287586570469366 0.119972827815696 0.255720839652686 0.101030101021656
0.134953056727922 0.143040608271386 0.155966695029045 0.240681362972227 0.0106140103427852 0.0872162667670276 0.227527999889608
0.0141491397219801 0.0211203236380272 0.177378131136146 0.231868313916746 0.206432238942237 0.217746277588741 0.131305575056123
0.0924703199335265 0.193482840346961 0.0193493458535484 0.0660018015153209 0.203967695925309 0.187416134311066 0.237311862114268
0.0857207506832368 0.255497306067427 0.296761832079743 0.0575630418997773 0.203352551669948 0.0679323625996295 0.0331721550002387
0.0492451808259173 0.106469475553258 0.253334318588809 0.101836142133402 0.263032800822882 0.0920556125246352 0.134026469551096
0.267847089441117 0.0999091291363181 0.0667818992539382 0.122107034583034 0.0191362172569556 0.144273989369793 0.279944640958844
0.179242566462408 0.197613932684822 0.00902193138928687 0.0250309045474547 0.280811030765418 0.299406321732163 0.00887331241844711
0.0755855852358931 0.122269545696306 0.215028698609961 0.260802170726194 0.236169237781816 0.0274165160629766 0.0627282458868537
0.143028501119593 0.121785126158585 0.0117287408700697 0.231939515867999 0.263736702342773 0.108487934941554 0.119293478699425
0.25358278826739 0.148524077710347 0.018652052014464 0.047900569116096 0.273598439519079 0.158142053636638 0.0996000197359851
0.234553256737523 0.0833144780282144 0.0620603247870839 0.0810650639794208 0.172577891214111 0.172303947040227 0.19412503821342
0.0991289945026494 0.167311448981688 0.22672224398011 0.0763557715397941 0.170679824733775 0.242897888805619 0.0169038274563653
0.25027999111129 0.0137038941291719 0.0343840803179441 0.168491717394045 0.173535936765357 0.158812324933146 0.200792055349047
0.265768532921812 0.140608447451989 0.0090645975699977 0.0781011978948572 0.195592278122222 0.101897471676853 0.208967474362269
0.0332799899620454 0.130199212071845 0.216362883090198 0.0669829328657004 0.148699762883261 0.179204781588019 0.225270437538931
0.24114132094259 0.127168163395541 0.0523428954593629 0.417268067810466 0.149931494330838 0.00732997624807718 0.0048180818131253
0.10460406699422 0.0229108308355223 0.111118544896166 0.346177710552768 0.162667232196973 0.0787412423014212 0.17378037222293
0.0392843481554818 0.193909352921403 0.131946446306359 0.129709812465945 0.0128592300027253 0.444239895748973 0.0480509143991129
0.209454872325355 0.101320862572233 0.0360176626353934 0.0794623707841768 0.287246628074639 0.203836061448299 0.0826615421599036
0.370737764843796 0.171087918883646 0.251090589911318 0.08394337686103 0.0813888731619246 0.014885770611226 0.0268657057270602
0.0890328241329881 0.0166116838944945 0.254184907491605 0.294526758218422 0.0571359304473426 0.148199095661767 0.14030880015338
0.231896396692318 0.0247404155334269 0.207588046368536 0.104745842147199 0.233567932363709 0.0840152839488569 0.113446082945954
0.0672594646343175 0.118292391286661 0.248188847158586 0.161883509200619 0.110076094222063 0.0419704695764303 0.252329223921324
0.141495954337857 0.153183600498054 0.2140442110365 0.070286037605531 0.142739413957769 0.0965063312498114 0.181744451314478
0.193460361131009 0.0295854459375852 0.0546942763956909 0.195008594201778 0.102928424809 0.228088272854049 0.196234624670888
0.222427813570304 0.097468660757842 0.0471773691956699 0.139793768747691 0.203919899933807 0.213269685295528 0.0759428024991581
0.18185408747314 0.165998545940923 0.176884040241704 0.230554578725876 0.108538875564573 0.121146458316138 0.0150234137376455
0.117913995902282 0.169063568125174 0.228354006275958 0.224577139200512 0.163192606251779 0.0954129649533855 0.00148571929090944
0.246231441357517 0.244828760072521 0.0384543910581392 0.0473586338415643 0.0231659841281295 0.150191381949355 0.249769407592774
0.130593094571506 0.0897722040865066 0.122330461974203 0.0338303328391067 0.129798981384445 0.164501269665984 0.329173655478248
0.142728153275041 0.207671245743276 0.124264694164192 0.163225868628625 0.175576977671851 0.11492071380121 0.0716123467158039
0.0798872889590267 0.209522436716968 0.184976128892595 0.232098340668981 0.215203963391879 0.0346204929213397 0.0436913484492098
0.153008757627063 0.14970528797374 0.137561704533312 0.079151866956046 0.236880117375496 0.174671816237883 0.06902044929646
0.14886700476219 0.12534650397229 0.0648672935697854 0.144328285493818 0.18700884594908 0.0226376343551575 0.306944431897678
0.151319075877888 0.0589597923622777 0.268109733303091 0.137231886508045 0.0920539434371789 0.0854727591246756 0.206852809386844
0.205949270980467 0.0681827249417946 0.0440965156021697 0.198878813635114 0.150068388283126 0.150468743639358 0.182355542917971
0.0382651078252585 0.0970319850230451 0.213386179882064 0.0588816566378149 0.146222058518636 0.219093574654885 0.227119437458298
0.141272085192602 0.174094886695502 0.195118006249342 0.140808368162864 0.0572047364395571 0.105617503387988 0.185884413872145
0.168572628009387 0.174768727053708 0.0836239735670782 0.140870452770355 0.158860790507891 0.15218847607644 0.12111495201514
0.214349156897745 0.0139422197924125 0.0626002641131013 0.149507107474926 0.174789895658376 0.206472166426005 0.178339189637434
0.17649093854126 0.178252995578322 0.149983129877961 0.0959780607863007 0.0256906918644002 0.191291078311937 0.182313105039819
0.208997290372193 0.294941857770254 0.0626748353432086 0.0294745969683571 0.180335049780271 0.0253330323736844 0.198243337392032
0.189835402900424 0.261812059682834 0.0546476643388268 0.249093009905177 0.00514394241004375 0.037998053335911 0.201469867426782
0.016416195480103 0.180421821173009 0.054372564340873 0.221959202988787 0.26453835703338 0.250431170330515 0.0118606886533327
0.138657477465403 0.2130858254732 0.0155435648584363 0.242416961691938 0.0969732684402619 0.0679467190290354 0.225376183041725
0.239320932776046 0.0178925205837641 0.191058883367762 0.202908184958937 0.141405210216184 0.191842753932184 0.0155715141651232
0.148534976523512 0.290004145583894 0.0204152619299604 0.0926953268416373 0.24490052331303 0.0899119622281499 0.113537803579815
0.20711842867945 0.209338879961341 0.139876304697637 0.126407413187077 0.0061005397091205 0.127100879061121 0.184057554704253
0.177093515086672 0.280928702448762 0.106902672242249 0.0647256466174417 0.222571380915221 0.0124623599905668 0.135315722699087
0.150093125983603 0.175230689491915 0.202067667609702 0.183786781708795 0.152750377202459 0.120665563300315 0.0154057947032112
0.0980933385645301 0.187242941451167 0.0489322462573124 0.198862910649058 0.100768215046025 0.188224305020433 0.177876043011474
0.129018276779538 0.0677096896434959 0.331624527530265 0.0770283997775659 0.246203201358436 0.0313458285585505 0.117070076352149
0.0879358486533954 0.101812029046139 0.237904479688183 0.00798294263987075 0.114916617743548 0.304169471947268 0.145278610281595
0.0625786677525225 0.169526647585608 0.17615399720361 0.178347735453316 0.0992577620725726 0.159340708877124 0.154794481055247
0.232148970779793 0.034784639726651 0.246086806761224 0.167198080528304 0.0822128754338415 0.0583209634569016 0.179247663313285
0.126006236831335 0.199972301062759 0.19797353791652 0.122153782776096 0.173886498925729 0.120899648731605 0.0591079937559546
0.0441738707692437 0.174598147782923 0.16914417562023 0.22317126493092 0.0622124351128124 0.128560260440454 0.198139845343416
0.10211883488625 0.270734315747253 0.173944370593658 0.0308396150907993 0.154566516475473 0.0848024326665706 0.182993914539996
0.198130822595971 0.139830868803655 0.278254314302419 0.0405138379470302 0.0702811298086667 0.207694826189287 0.0652942003529714
0.113275537321032 0.200488681599573 0.198177178670972 0.259929845316813 0.046659430550883 0.0874051431860858 0.0940641833546421
0.223791721706887 0.238841965572888 0.113531524121099 0.0317607512727109 0.0702606315380539 0.0640227158054691 0.257790689982892
0.0440168909400419 0.081094190473102 0.256046610631814 0.0293003890890682 0.326145981549374 0.239469466324374 0.0239264709922252
0.227901695451676 0.00836248996546187 0.116215050476482 0.118985975019098 0.204868935107283 0.108210317602839 0.215455536377161
0.154674868238243 0.0949605440174426 0.368727248262301 0.00609082195670356 0.0835610762984028 0.0607898138628657 0.231195627364041
