0.107007495176411 0.0527134172677786 0.414067283983098 0.229662275955292 0.0200609637356236 0.176488563881797
0.16491563578768 0.0201584276321696 0.227641369894844 0.185984710296282 0.208573985176451 0.192725871212573
0.278259552437126 0.23874825282258 0.0313054732393382 0.118573449257203 0.0621278677526218 0.27098540449113
0.278504159947193 0.301612970297111 0.341098748745072 0.0392199797427534 0.0160484797805026 0.0235156614873685
0.233105990055406 0.171788895846229 0.197873167817801 0.0942290895595365 0.098798001061901 0.204204855659127
0.189836717450151 0.252173547897028 0.153045755407457 0.191224961245584 0.0490055158901441 0.164713502109635
0.137281682030853 0.142979496141708 0.245330954093269 0.221418972229414 0.193292613755486 0.0596962817492693
0.0453170788509507 0.0877169920620049 0.251486291472105 0.0300315258034432 0.241420417676051 0.344027694135445
0.175987600383704 0.0790696584794025 0.113671156305683 0.197239048209276 0.180915847725868 0.253116688896066
0.249946471584862 0.129892744434201 0.254223086226592 0.110742964868402 0.127207122279373 0.127987610606569
0.0503122383335015 0.254359729766071 0.133695163909842 0.208022733878723 0.209515221422674 0.144094912689187
0.282651213625579 0.0310609638159318 0.217069704386331 0.132875062740509 0.171193798585991 0.165149256845657
0.035457092720721 0.279791987430177 0.189383022222913 0.0916268514482221 0.309908744255279 0.0938323019226892
0.166875619750891 0.186334951259294 0.197793017918061 0.170275567705785 0.130638163819609 0.148082679546359
0.171056232502085 0.217351293496913 0.007630171391125 0.0972955949606253 0.26408369335945 0.242583014289803
0.256291626011255 0.138826648962154 0.123106328462683 0.254559705982388 0.0262011269101632 0.201014563671358
0.258585441468902 0.0892105427448141 0.264118670638899 0.170102183609096 0.0415007672453084 0.176482394292981
0.171978005093341 0.121364485333812 0.191432832368805 0.260370266278663 0.224608640000892 0.0302457709244878
0.27195817225043 0.207134321889277 0.162017701483925 0.146839549194329 0.0861644020344774 0.125885853147562
0.195184713952144 0.0921286892981893 0.194724349020721 0.121096018746564 0.322798598310783 0.0740676306715986
0.0384934421717262 0.15975106045782 0.312716311792931 0.166702763048053 0.125832405317211 0.196504017212259
0.0530604782441905 0.276578815256608 0.296393513680377 0.136994596611551 0.0661165158006999 0.170856080406574
0.1789004607913 0.186757484894448 0.191986710572718 0.229445863355916 0.116039449116643 0.0968700312689753
0.295104746502382 0.00247352379194822 0.0339431099207713 0.36033927402974 0.212392596630988 0.0957467491241698
0.121444517307823 0.199116568536261 0.206718392200157 0.196186436117383 0.0940716720014948 0.182462413836882
0.227287573624734 0.0620400549930447 0.178829568614334 0.261597866198369 0.237173588009628 0.0330713485598905
0.0294256666834971 0.246767627918268 0.188008512395891 0.138692497562931 0.128260536052119 0.268845159387294
0.0611146370479858 0.142621004550396 0.173464847032288 0.204785676572277 0.226778583010701 0.191235251786352
0.179217767119051 0.125114334966991 0.0378541414097621 0.271517624085396 0.305448826308413 0.0808473061103874
0.208725029523103 0.187618476243232 0.134579959075287 0.137800653443973 0.0789309585512679 0.252344923163137
0.0774123943412568 0.275582349290141 0.0676869494550394 0.190033622174956 0.264492028949956 0.124792655788651
0.223460418372491 0.0762289182730775 0.193373866265336 0.189236252050466 0.162888453249109 0.154812091789521
0.0401093750596674 0.0994693665747381 0.247984566783785 0.257578725175387 0.23955331096841 0.115304655438012
0.284884941024742 0.0102618228552813 0.267058904066478 0.17279279974795 0.0782732901708509 0.186728242134697
0.0595876892453174 0.164234623576162 0.247768628689144 0.00295580807088521 0.155991740957541 0.369461509460951
0.164759469192886 0.418481852438813 0.0347669428201107 0.24022402801405 0.0664606869731485 0.0753070205609918
0.228762886979613 0.0985570912917962 0.0991110567820289 0.125209919720022 0.200704622851641 0.247654422374899
0.279718909487043 0.203188017252767 0.274181118095105 0.022560517665097 0.160476136738247 0.0598753007617407
0.107099857049488 0.0359409624557185 0.289604293129541 0.272453433594935 0.00796624038250176 0.286935213387816
0.225714682486547 0.0306095079881959 0.249532984226781 0.269478332074791 0.219695009334584 0.0049694838891005
0.030445783994057 0.235868805248891 0.211624784921049 0.248256981637524 0.0289336253817057 0.244870018816774
0.0814783571808342 0.233616620790422 0.241546171291532 0.229024760161778 0.193320253336903 0.0210138372385318
0.158293497873374 0.173372641269078 0.030243764134576 0.153714407202466 0.188863246812702 0.295512442707804
0.192510997957262 0.1729746512749 0.0574406258203079 0.156603537001104 0.242413481195962 0.178056706750465
0.0475759585084585 0.180103163123378 0.0946093758702483 0.201595409748715 0.360661276984481 0.115454815764719
0.3027636251001 0.100537402751576 0.0931216491733412 0.061521799212811 0.198784498395635 0.243271025366536
0.0823909503780863 0.367428661253641 0.254857526898829 0.0758755283784626 0.113488559141226 0.105958773949755
0.0540518323857127 0.200804306832699 0.270422685939168 0.144371377385259 0.0534008485331203 0.276948948924041
0.0372476927622361 0.122691089934966 0.0874788085020877 0.195512644538775 0.25950022591372 0.297569538348215
0.0881760793445565 0.269060437834557 0.139166525226452 0.143074402172473 0.177159683329657 0.183362872092305
0.377051334124907 0.042083334633796 0.0401687971487681 0.240597586581402 0.260541615208053 0.0395573323030735
0.177179765940486 0.213562527500744 0.0506724212479048 0.240136751928107 0.0246831968011663 0.293765336581592
0.348232070501739 0.1009420432356 0.188547148056269 0.0437520676451627 0.0241527850191067 0.294373885542123
0.148179685359406 0.244330615480481 0.0147877557969887 0.257389496577814 0.223644085361735 0.111668361423576
0.213263675001694 0.190158196833312 0.285246644161636 0.0331260791104159 0.0243782776111017 0.25382712728184
0.019052626391764 0.234998164163333 0.0301133942326821 0.00133173674801771 0.319002893622345 0.395501184841859
0.221429144297086 0.203260225232181 0.057237423158475 0.12131320752909 0.206040776310522 0.190719223472647
0.191422465507735 0.158781694390089 0.220212251634915 0.172564559541122 0.193587883282919 0.0634311456432204
0.279438714748781 0.0727563690124462 0.0367120761144158 0.0833203302346369 0.18186354529781 0.345908964591909
0.139314147992739 0.382581663955271 0.0464013367118184 0.0409810273543631 0.304509872020339 0.086211951965469
0.212296472261443 0.103138709955636 0.169422917800152 0.162340831899292 0.21806607633304 0.134734991750437
0.254387129783698 0.065150114004417 0.0446219200592051 0.315522707594456 0.116570633237731 0.203747495320493
0.0166473055012166 0.285170236355421 0.0435271473012357 0.0581172757445318 0.326537583056515 0.27000045204108
0.137740748512379 0.25746149849131 0.142245384165446 0.222227149255529 0.0544493846016566 0.18587583497368
0.11615645912722 0.191063861753411 0.253670041963028 0.191750119654756 0.108317783465688 0.139041734035897
0.249206081221511 0.183843836420455 0.252625507684165 0.114337126605363 0.00191268531753756 0.198074762750969
0.230984971914117 0.351632620806438 0.0127583387989295 0.0364905906730521 0.0517690070004677 0.316364470806996
0.12126070927546 0.180184310223544 0.138653895091094 0.196343529215925 0.165301054344772 0.198256501849204
0.201570122402241 0.197684122326508 0.167925822248467 0.237224011934184 0.0987999239748379 0.0967959971137635
0.206768696259305 0.191656964113141 0.0763349656004835 0.276258261857201 0.21897770338325 0.0300034087866188
0.144088501203188 0.13049428314976 0.226571241996019 0.104214252428188 0.176050306585035 0.21858141463781
0.241412609378686 0.00626910456907649 0.25004551550719 0.210524982004647 0.199538509215977 0.0922092793244252
0.279288917904559 0.153073276486199 0.0226531696299693 0.0581043687432372 0.0840884327926427 0.402791834443394
0.312818211701224 0.13263224427004 0.0813754182344762 0.299307403236421 0.0322560746692013 0.141610647888638
0.047484585717494 0.212358533343595 0.151115915619831 0.207425237519481 0.255946036880985 0.125669690918614
0.217498857517672 0.175746091883594 0.214642940753339 0.10417962393665 0.195914862903703 0.0920176230050433
0.114485533154388 0.00139644532305919 0.080030716916614 0.379570916859291 0.304954311284997 0.11956207646165
0.135166183246399 0.195524724548558 0.173556265729237 0.0271031393862247 0.2581793296015 0.210470357488081
0.0346441070201923 0.0863882214311954 0.342641271010029 0.278674984320202 0.242733267978784 0.0149181482395971
0.0653991871055649 0.17598451836247 0.0103969335172405 0.186323973929709 0.226576789817166 0.335318597267849
0.110546005396375 0.278047328189711 0.134020232982985 0.106749663879396 0.00734878564495346 0.36328798390658
0.142871972583376 0.0640006348648973 0.160298201276364 0.0341193297776443 0.316039268315985 0.282670593181734
0.0825500485473439 0.247375912065013 0.128515726891058 0.131593233054279 0.222426338473115 0.187538740969192
0.123289585979685 0.0879578960943228 0.35087459897681 0.0981096870157968 0.0198757322725116 0.319892499660874
0.198931108457147 0.149045370112025 0.161897589399484 0.0185201797933524 0.341626468179456 0.129979284058536
0.173336941685304 0.206418304461833 0.161183658913112 0.160887815811751 0.21679522192368 0.08137805720432
0.207721038998073 0.224340439464076 0.0440006626515896 0.156534048148115 0.210041643397544 0.157362167340603
0.158938416119234 0.111572857859525 0.065992890898168 0.323040678555515 0.0734332198722057 0.267021936695352
0.0925492436218804 0.0128201904785431 0.238269326758176 0.186983725147778 0.171208516067378 0.298168997926243
0.00616965121593503 0.202771746656454 0.201667482064471 0.280353262942633 0.203039755907588 0.105998101212919
0.297975124549473 0.159087558127601 0.200188334212665 0.126781748439229 0.169092574562189 0.0468746601088429
0.138602209187531 0.173452016919274 0.305024065007423 0.220568367277455 0.134469742397316 0.0278835992110014
0.258792032327614 0.00600867931110159 0.223683911798615 0.136066281354941 0.336146022897013 0.0393030723107154
0.233192246186081 0.237129285295188 0.0447712502314901 0.204415110697097 0.143507172369416 0.136984935220726
0.201405669308629 0.313347142007254 0.0952916872359032 0.281688871204569 0.101798876431635 0.00646775381201069
0.274988720648798 0.157279570518606 0.255947333900764 0.00607726669918861 0.0201872228084927 0.285519885424151
0.0451148606997095 0.157738974015127 0.267898238360604 0.293898775006239 0.133931647173657 0.101417504744665
0.175549850950887 0.111111117640856 0.307042322302863 0.149676157874814 0.163903582736853 0.0927169684937276
0.264838100668034 0.207999984743146 0.0792284404655642 0.352102073523135 0.0723909320684428 0.023440468531678
0.0550828949789134 0.204890655455401 0.207117867683503 0.270634780280883 0.211919349994589 0.0503544516067097
0.120791529052972 0.0921045839085496 0.522834525729782 0.019887252724904 0.143214558241943 0.101167550341849
0.0473252048048464 0.171075033862806 0.100876171573418 0.268412736511582 0.130796521140213 0.281514332107135
0.0249629443696419 0.0430766716144372 0.301377963448222 0.171348482337253 0.215440280534338 0.243793657696108
0.292773968505228 0.216370362558673 0.0357224519335458 0.149172355691207 0.159708414439519 0.146252446871827
0.251478515494822 0.252844042802235 0.113771618029713 0.16698852946648 0.206839499240096 0.00807779496665281
0.0538780273560069 0.254695864782198 0.238263636188464 0.0415077222088587 0.146532178822836 0.265122570641636
0.125145089533781 0.219168877714131 0.026298203335684 0.316445739316195 0.242456901722873 0.070485188377336
0.191802250952973 0.120873556007312 0.248759499322501 0.188888724836318 0.0723798847127355 0.177296084168161
0.224098991451516 0.209259599382878 0.0553845260390148 0.0704576975270765 0.261274414663533 0.179524770935982
0.0620983972473302 0.00620422887063889 0.219914412779712 0.21392454154816 0.250158838349515 0.247699581204644
0.228146929540605 0.263672596846152 0.260587319301154 0.0182952720691409 0.0909285190170749 0.138369363225873
0.079809092422861 0.1176798900588 0.398899526816091 0.300300995579994 0.0117231063462663 0.0915873887759877
0.136453968119473 0.360294419977449 0.238863369853934 0.0682573150467987 0.174989662485576 0.021141264516769
0.441584112642474 0.333340174607672 0.0656271778697068 0.035208704872777 0.118546110451411 0.00569371955595856
0.154122633080566 0.20391586468795 0.198920997713302 0.075419632997155 0.0963175953921053 0.271303276128922
0.0627643588726444 0.196233708639393 0.221420998044397 0.10482895640548 0.190079492164878 0.224672485873208
0.228844138172426 0.141619340691862 0.0623820473918522 0.248039967957939 0.227292224866587 0.0918222809193338
0.201984608003739 0.225828201251895 0.0330848830780495 0.225684775300449 0.301028943164681 0.0123885892011857
0.402564847677445 0.0260549622283918 0.335113117099418 0.0410485880304132 0.00499963337966821 0.190218851584664
0.0617295475242115 0.245009556708643 0.0298315893340318 0.0824126835484661 0.389102679662975 0.191913943221673
0.294995934027325 0.277299873312498 0.060297700950298 0.0234069743499806 0.32699253350815 0.0170069838517478
0.12845172537673 0.289702177052464 0.184722857940853 0.114728047435331 0.268977869567021 0.0134173226276007
0.221236057348032 0.186502522486629 0.0626494090430825 0.176579947299028 0.202825970331995 0.150206093491233
0.0507160240503769 0.386857687292281 0.136994945611764 0.341850786833546 0.000513534931099744 0.083067021280933
0.153795249964791 0.0745529356119858 0.292610443313195 0.0921170290084307 0.0529391503188737 0.333985191782724
0.316098311095906 0.0860840389273821 0.131403253305698 0.212470116129482 0.213046239580308 0.0408980409612237
0.121764306324181 0.408915252905689 0.0838470873948411 0.150221356100022 0.168821756183437 0.0664302410918293
0.245252518642015 0.196942474755541 0.0705939036936624 0.265485054038322 0.159289296583716 0.0624367522867421
0.084015788801681 0.357591881947938 0.127925473885613 0.0829371500019884 0.0822254566843989 0.265304248678381
0.164248247728456 0.204359872520339 0.0597708324799461 0.0681653814225787 0.25597300849237 0.247482657356311
0.1891968357881 0.0152921905049595 0.238740997830997 0.207505200043806 0.278994028878898 0.0702707469532399
0.140811061662775 0.0573780909504505 0.286527688481902 0.272540475406135 0.00486840711698944 0.237874276381748
0.186264826898224 0.287664767627223 0.202076088270621 0.161848348796005 0.119355481526054 0.0427904868818739
0.123636130855053 0.187441382538582 0.0458499465945762 0.392847059404147 0.235994201453565 0.0142312791540769
0.0899020612925044 0.208789318548849 0.0670862036915526 0.178656612281702 0.266132979720939 0.189432824464452
0.0626883336862528 0.304374640529297 0.0648896829194538 0.241416060588612 0.140736276540117 0.185895005736268
0.0609800994585673 0.0657590616124 0.101103240577727 0.27167894542065 0.138542270057712 0.361936382872944
0.00906958945656929 0.227940198212687 0.27955621715029 0.223500424902558 0.132455995905821 0.127477574372074
0.0233068610591886 0.275267957009132 0.241141216249491 0.189448090606711 0.0692992807844737 0.201536594291003
0.161835479816363 0.172975582498912 0.164123755170852 0.00517169242048929 0.252647397328844 0.24324609276454
0.199479312887724 0.25603888661004 0.283376352277549 0.148947341876428 0.0610030286411785 0.051155077707081
0.311132038783254 0.0409514121107781 0.0760392794964656 0.0357564119211506 0.145544537057181 0.39057632063117
0.0315813816696494 0.355065356692376 0.171948246176442 0.212367655478755 0.217628241252983 0.011409118729795
0.042538254794636 0.309117885383439 0.131604146392444 0.169421377174572 0.0856476447774907 0.261670691477419
0.0333590890151699 0.176402378380993 0.163732374491359 0.0956578807623894 0.362292297654701 0.168555979695388
0.227720540475242 0.0962097189825497 0.0718607970624568 0.197001267356296 0.21175717342401 0.195450502699446
0.0172482223301947 0.255470234919307 0.238322620782173 0.243810330799475 0.0371763503231367 0.207972240845713
0.244599225100106 0.29679501743846 0.0727446927674209 0.240953595815398 0.0508156621120486 0.0940918067665659
0.359751606910917 0.0468512746896982 0.104383855259055 0.380715185940339 0.106001397552615 0.00229667964737444
0.138780479241945 0.242497347138622 0.0507654400036275 0.227319185498238 0.129777209281755 0.210860338835813
0.216895391164482 0.176918903166489 0.168788264150839 0.209562740149806 0.0799003192834732 0.147934382084911
0.135145881598038 0.193086889886124 0.154104179775197 0.176525716850722 0.303185558978065 0.037951772911854
0.173981080540927 0.254916444485814 0.228846313025048 0.0336053854349563 0.206113888073891 0.102536888439363
0.0697756473837151 0.277734408369579 0.101424449601373 0.144699814074216 0.171944901290762 0.234420779280356
0.0669643421494419 0.179346971434973 0.0719825152633481 0.163121074375116 0.354679135313138 0.163905961463983
0.199094094464463 0.124411722273504 0.134671802362546 0.237355984004513 0.0505127683132116 0.253953628581762
0.25718975691594 0.238436187235689 0.237170513319941 0.052002941251942 0.0317276386480595 0.183472962628429
0.0484890361798366 0.0824338187270107 0.154091137777042 0.399272942821733 0.264759958572454 0.0509531059219244
0.18096116915625 0.340932225632095 0.0736880379315305 0.108459647300699 0.111744565608732 0.184214354370693
0.172398764674818 0.247948818619686 0.162066270143514 0.0473139745979581 0.296898198879051 0.0733739730849736
0.15561843038035 0.00530258556442558 0.171019195038286 0.370372153389613 0.0515149004525911 0.246172735174735
0.0960028099331924 0.314988972868414 0.151712586080147 0.0926888492329116 0.175817185085261 0.168789596800073
0.15325181230197 0.141805118566604 0.278772009636996 0.0869928600391751 0.0545739063956539 0.284604293059601
0.153778245331326 0.023543069654838 0.247980422474944 0.102931149349304 0.24049701798267 0.231270095206919
0.0645427556034135 0.224394410189624 0.229847186077483 0.123910651664499 0.0988972657051471 0.258407730759833
0.0475616806083952 0.389598883683815 0.0778697414969605 0.36701064495429 0.0745981992615661 0.043360849994973
0.203306313298264 0.0245289537951313 0.256692779379837 0.126410627828718 0.14880456500669 0.240256760691359
0.236686272549936 0.204500660314455 0.027842708794977 0.296964975288269 0.175906611876523 0.0580987711758395
0.236269858205154 0.16525320959631 0.205855426113778 0.0787414089194238 0.170924564639893 0.142955532525442
0.0473378002910013 0.251817198355121 0.105609405036431 0.192694648898495 0.149769362624897 0.252771584794054
0.214986480221002 0.218842872760489 0.170280967268268 0.0827419920471756 0.196984428444596 0.11616325925847
0.282021243435804 0.218979223348359 0.266548972827771 0.0068003530842853 0.208777574002454 0.0168726333013269
0.331998208695744 0.0228438827758651 0.376414129910896 0.231377523558878 0.00528287989828546 0.032083375160332
0.042542198435722 0.0902850327040165 0.283776687281454 0.221719733421505 0.193185772667959 0.168490575489344
0.0607969115093929 0.208989717398858 0.0434826669529219 0.239314508824103 0.235218476421071 0.212197718893653
0.197640543408068 0.0213513871197426 0.243186028878035 0.169207824569822 0.107425627139439 0.261188588884893
0.00112545472644792 0.0186099340835151 0.018475582849615 0.476234107428033 0.263978616290426 0.221576304621963
0.179829512677791 0.226054025613016 0.243323989648377 0.0117760407838888 0.219378057888924 0.119638373388004
0.159134563961062 0.320802960138129 0.237168374089571 0.174990151374312 0.0399019534337437 0.0680019970031814
0.120388949670824 0.176121148940413 0.34543928735559 0.276906886254364 0.00638837619245225 0.074755351586356
0.0553727642387192 0.173843083080426 0.104520478883164 0.142674656456757 0.324460678692023 0.19912833864891
0.422921699550983 0.246213041564758 0.0391095727072999 0.109692239904148 0.112229582740909 0.0698338635319016
0.305349317996833 0.0643478795935978 0.0162541101678163 0.0792172566707567 0.21356611989638 0.321265315674616
0.24712392195652 0.228491158572782 0.305113462023852 0.00575902222720456 0.158971410040605 0.054541025179037
0.0444701970570341 0.340781500607748 0.0454738641047839 0.157068593536881 0.0886518367782034 0.32355400791535
0.0802919636047504 0.132777828017195 0.329211628097671 0.235495430156313 0.0548243065094746 0.167398843614596
0.132231357308552 0.123040926064985 0.203725933002515 0.195797911854702 0.2269869274155 0.118216944353745
0.000690720777362244 0.212025872876285 0.423985683848726 0.0669080309410544 0.0209808525484154 0.275408839008156
0.258804760820076 0.0172660612483692 0.0648233664589733 0.248112446065649 0.315969030615042 0.0950243347918901
0.0090990748477839 0.240629492815635 0.136213785468604 0.143787182141343 0.176445194425276 0.293825270301358
0.0855211999571502 0.284770928998759 0.117164775869968 0.176050352105964 0.113778585261847 0.222714157806311
0.101627812668134 0.00236297720825819 0.369099422919056 0.213739672057369 0.17704591424166 0.136124200905523
0.295146068303442 0.169147404798641 0.144902924773093 0.13082707398045 0.235391971249405 0.0245845568949695
0.245854257205313 0.100608979706597 0.177463848052515 0.0632236795514392 0.285670796513501 0.127178438970636
0.270104662269466 0.179190763934698 0.258757468413209 0.11025018731717 0.0308783105489977 0.15081860751646
0.013791346499651 0.0306436078693287 0.089297324299959 0.209554027433568 0.43069842428435 0.226015269613143
0.0701133329529163 0.140133730246919 0.270510704481132 0.0256615579100664 0.146994923810373 0.346585750598593
0.155677688310152 0.100263559511705 0.136836093732023 0.235793353151083 0.184849394789317 0.186579910505721
0.0101230416915887 0.128149242524907 0.296827572182635 0.125702979077335 0.377246894463676 0.0619502700598586
0.234262471595925 0.163010315785142 0.0408572517921267 0.0172956438282522 0.310159317965449 0.234414999033105
0.108862156180751 0.126748467277698 0.16624110952866 0.194820224987382 0.281562518040413 0.121765523985096
0.222764510237464 0.206655894273376 0.0915440879191058 0.13693424464097 0.193739444150986 0.148361818778099
0.222357303048891 0.248832995309496 0.232900932290506 0.0112776243805442 0.0369047514307912 0.247726393539772
0.0668344429299262 0.078457938980724 0.237104665142257 0.203149808937379 0.208796045097619 0.205657098912095
0.207242680867748 0.120472312784306 0.0078645119132448 0.26854360702827 0.217360648892354 0.178516238514078
0.149866367254188 0.210671671791928 0.0995045574871508 0.222425500075669 0.102435885024778 0.215096018366285
0.163074540340487 0.091215603100973 0.257126376045087 0.0121983933809479 0.294085807868666 0.182299279263839
0.220174141935237 0.213382293221278 0.122085432570333 0.082125827646861 0.127687814288807 0.234544490337483
0.185166916784446 0.077945200689428 0.244840984700656 0.277803554411337 0.000387425024669549 0.213855918389463
0.295304780962568 0.255943778136437 0.0422420772097545 0.114069736888228 0.084094845207173 0.20834478159584
0.156081707220921 0.185054590569424 0.0529030937527158 0.294668684195595 0.236584473839195 0.0747074504221489
0.128393620392175 0.227462995934593 0.150609655649833 0.0111986956217162 0.306004775202616 0.176330257199068
0.0727976001740617 0.219742146168072 0.20104606589307 0.117579125512063 0.145008692927315 0.243826369325418
0.100860279192533 0.199381790056213 0.225958388710805 0.156306073308042 0.17790777332668 0.139585695405726
0.226682796330861 0.152756738586302 0.0618104503857849 0.286865337009996 0.22188170285687 0.0500029748301861
0.124151000225702 0.396725578681221 0.0719948337905246 0.0857980005851741 0.248605341780868 0.0727252449365105
0.0859750766806824 0.0558609961320033 0.363293577383399 0.351175568085097 0.0753109676015684 0.0683838141172498
0.171285766342563 0.246182767648774 0.080567394192875 0.159691374865065 0.269055698862595 0.0732169980881271
0.0759933316541691 0.306421876892559 0.0956537816567141 0.247697386052456 0.0121431943727065 0.262090429371395
0.170441362260365 0.227971415323291 0.0618414028763516 0.198689500924466 0.178866258625405 0.162190059990121
0.291058459857628 0.0891411198024314 0.355302349352293 0.00465399155002944 0.161486304937995 0.0983577744996238
0.088684521212522 0.177364051788946 0.266027933658214 0.0368569359739014 0.120828047470574 0.310238509895843
0.26450655238301 0.00151539436626608 0.189976941841787 0.278943121710982 0.188557481329453 0.0765005083685034
0.0342429449200735 0.258340130612512 0.375920921169412 0.00670747786779028 0.077145800701077 0.247642724729135
0.411086911555056 0.0947953878284967 0.0695081210050416 0.174295126235453 0.158276181904019 0.0920382714719335
0.317449322725333 0.180277391998429 0.254040223579808 0.17321886924599 0.0406055532635561 0.0344086391868847
0.106818561556472 0.116759038655576 0.167098113072341 0.221723079937053 0.216486676679404 0.171114530099154
0.172937834156404 0.233420497496263 0.161063746486963 0.120578493703039 0.200910918962468 0.111088509194862
0.100204144128297 0.104957306343705 0.241155203694397 0.0626170407024255 0.292891627327294 0.198174677803882
0.279608550859067 0.113619770030049 0.132025385635028 0.0335446023560697 0.253358166427796 0.18784352469199
0.0139561739758482 0.0776291934825832 0.37555479559863 0.00870853084685768 0.312387632510172 0.21176367358591
0.0823248734998463 0.0226710062649296 0.290431140297776 0.0429681767313562 0.373318430637076 0.188286372569016
0.338341312330644 0.00899050798545452 0.284448327703405 0.122794204247203 0.106569609142309 0.138856038590984
0.0574288478928675 0.312040365742719 0.172363710532594 0.0850483513759183 0.269634336927694 0.103484387528207
0.253555627970112 0.158301218728012 0.0440409221471173 0.0365935432882871 0.226283325777088 0.281225362089384
0.245532435379073 0.220386661625176 0.0484859485037772 0.189597961807261 0.156002658924038 0.139994333760675
0.200991010339972 0.0668920069316637 0.264469726416456 0.264743158041644 0.201406887803357 0.00149721046690695
0.290756332493062 0.302219795579446 0.0753802674618536 0.0467329100122443 0.0313878217504444 0.25352287270295
0.144718559577057 0.28476509017713 0.0307904509351617 0.241922490424769 0.280715115062483 0.0170882938234005
0.246288674456216 0.243768420337682 0.0808645707446863 0.0726628687099271 0.031939289733322 0.324476176018167
0.251349034773862 0.0359007627426944 0.108766916452922 0.302319660141889 0.149583816286902 0.15207980960173
0.266360871565222 0.0275628467052183 0.211964325555202 0.24861641223507 0.13283684262663 0.112658701312658
0.00563965577825288 0.321633271909431 0.143737466504801 0.387188577205336 0.0762653504760495 0.0655356781261297
0.123244804004087 0.186065687771625 0.108002120063613 0.182825598880014 0.218200985224249 0.181660804056411
0.166351466500089 0.096050595880889 0.0203471413578576 0.310881096409269 0.131845089488067 0.274524610363828
0.249169507628102 0.0844261263463392 0.161610594396609 0.225127519516741 0.0501195252368099 0.229546726875399
0.0542757519313783 0.224475870938549 0.179902035229713 0.125352230694944 0.208221836898401 0.207772274307014
0.0866523645237172 0.228989711830907 0.0513306286692719 0.217684594267223 0.328462672602494 0.0868800281063857
0.568226481415693 0.0345819916235772 0.256344788786642 0.0147857801516053 0.0211356153915972 0.104925342630886
0.0888291527272888 0.236559473116144 0.111457063619918 0.0937209982659637 0.309793573157057 0.159639739113629
0.218826892546921 0.242408228210503 0.363891521061786 0.000951971542622723 0.128803590133517 0.0451177965046501
0.192626110830686 0.353702629872964 0.354592232411415 0.0438764659208848 0.0374424835955235 0.017760077368526
0.0171046845451903 0.111303527532683 0.138420003792161 0.023171494192087 0.41772397372624 0.292276316211638
0.00530613030622474 0.167683797724886 0.111291070209557 0.310296465404548 0.134103320042813 0.271319216311971
0.0477589873188699 0.160168864161617 0.195196777913642 0.205255975629127 0.192290542381472 0.199328852595271
0.231583477521512 0.0980595980202161 0.132046578080631 0.123383883995647 0.256196906921405 0.158729555460589
0.262717148933132 0.118039202402353 0.214964563135372 0.155069380350662 0.104117745260358 0.145091959918123
0.166298390360678 0.297171624616333 0.0132418230966057 0.0194738705220112 0.320828315396795 0.182985976007577
0.169557749301643 0.307895888184063 0.235437932058368 0.112261716656128 0.0323126810595734 0.142534032740224
0.25382020288471 0.186976621406952 0.0190364229597282 0.261609077739479 0.239911305168392 0.0386463698407383
0.10818675372163 0.129869767790529 0.23802301973257 0.18650323202274 0.15357681161837 0.18384041511416
0.272598304972336 0.219703970051604 0.128828668034092 0.135166978417823 0.122792534826365 0.120909543697779
0.0781190190436713 0.209626464836906 0.14905617746467 0.314041667507741 0.0561990247698587 0.192957646377153
0.304538560939368 0.247898193010928 0.109915088920829 0.114243549042767 0.0734789382590486 0.14992566982706
0.192576267397261 0.20298571943722 0.193630811353406 0.208325435620201 0.13832400329374 0.0641577628981712
0.16673806294784 0.353639739552402 0.109264221812764 0.159467412770664 0.206334107187013 0.00455645572931631
0.195158215595969 0.0753091390556049 0.21542151901789 0.108608341717229 0.179934808155808 0.225567976457499
0.160967715064075 0.149683341913151 0.0690691884952851 0.250630279354947 0.255898312547655 0.113751162624888
0.168511946160099 0.43277198220554 0.0209439259966157 0.129639335327325 0.018904188377922 0.229228621932498
0.182845246781599 0.0876586423039167 0.189542512002071 0.000974570721445406 0.289055520518416 0.249923507672552
0.108561546702063 0.182422702309994 0.171565441974943 0.048975008160037 0.0964047231726841 0.392070577680279
0.233782914776734 0.0455636718088754 0.0582655693543595 0.127752553774731 0.274997579537663 0.259637710747637
0.0721729829772817 0.0767810933460177 0.216456011750083 0.168585768521975 0.342956647401852 0.123047496002792
0.18765919893222 0.0477039107401431 0.176636944034279 0.204377484328187 0.158448889137915 0.225173572827256
0.132301802674759 0.215158560210626 0.278879833643379 0.0824166421950223 0.0931188781519538 0.198124283124259
0.196200716445138 0.019910592655433 0.221915140706454 0.226196060701743 0.102752973341341 0.233024516149892
0.0644312519223471 0.288915253627276 0.244678715470274 0.0658579659098114 0.293087428464473 0.0430293846058188
0.115281755245575 0.3200672392684 0.18106049945971 0.186097331293434 0.00634621667220683 0.191146958060675
0.122981076952464 0.00609600536943123 0.188589080213138 0.162960230806967 0.182748733837744 0.336624872820256
0.262484713182839 0.0211018668328063 0.107666064551771 0.0905865465153978 0.142119095169658 0.376041713747528
0.261575703082316 0.221408603289366 0.00404511882180348 0.249093015460136 0.0448571369871365 0.219020422359242
0.282626879582211 0.23452148569561 0.226612725626522 0.0404346993288326 0.132768074238226 0.0830361355285991
0.29971633767633 0.0675875797976137 0.0858867074253135 0.0986233476412483 0.137900446179101 0.310285581280393
0.171057390725057 0.200206584928965 0.123748022663571 0.196501190620663 0.107666014087854 0.20082079697389
0.0377056622306874 0.288976815707295 0.132299708360378 0.0122750106950585 0.288457847752866 0.240284955253715
0.147013631891424 0.256365417128504 0.116021236582254 0.0532196274987099 0.279153464960691 0.148226621938417
0.378434003554099 0.0653298942865398 0.168702556399136 0.0449143057001155 0.178173700352854 0.164445539707257
0.220298811219705 0.196108598132161 0.0886901154997082 0.177181909818085 0.175068138368066 0.142652426962275
0.0867440223628474 0.097099244400394 0.262287028048722 0.0758813152821869 0.257195352939119 0.220793036966731
0.242780475923112 0.043836056843836 0.20053872700987 0.369644209699351 0.0788430793704526 0.0643574511533784
0.176254373390428 0.070735339534904 0.492787729012993 0.0842186708473507 0.100702328502311 0.0753015587120132
0.029301762944025 0.239409587177583 0.0766856268797485 0.258126547672027 0.206022277665426 0.190454197661192
0.301293317117645 0.0463744418833385 0.113543936884359 0.335873105453829 0.0371998201238228 0.165715378537006
0.240614237106069 0.115938215585453 0.251735944360185 0.160835501394643 0.0575104672845407 0.173365634269109
0.166554075183324 0.304373570304539 0.25514665655089 0.199827611253865 0.0721594841276517 0.00193860257973012
0.576020209779595 0.151411621988878 0.021421695882174 0.0151201899185978 0.0360831509084628 0.199943131522292
0.0955632921566886 0.16535843426006 0.200870111179277 0.140516344533592 0.267613042907058 0.130078774963325
0.38586469943021 0.100417622830877 0.0404288313755938 0.0651512149916706 0.258901484443537 0.149236146928111
0.125606491146677 0.264071401681015 0.12543344886456 0.12106446936063 0.237416608506763 0.126407580440356
0.0727154935414139 0.284036347800234 0.0709344535285805 0.359568566598718 0.100165975146245 0.112579163384808
0.25252225568726 0.100770057404947 0.170881738200849 0.00342717401235168 0.193016560344719 0.279382214349873
0.236911968757608 0.136502151082165 0.247455011758022 0.0409928121387007 0.193956212183849 0.144181844079655
0.206954175900486 0.22054807841779 0.0730091654549251 0.220793578570979 0.221376758793276 0.0573182428625433
0.295278073865073 0.276955067979739 0.0887716773136624 0.0437369871633036 0.292195345795251 0.00306284788297132
0.0740504492860269 0.0385000050319506 0.15918674393876 0.136967915587516 0.017770716735831 0.573524169419915
0.325638566328154 0.182529728178058 0.208356502065206 0.01369485591569 0.0841016617233147 0.185678685789577
0.250622452033063 0.0603841615553176 0.059905859888993 0.309770719544968 0.167895951176012 0.151420855801647
0.241230691595814 0.0440841941057824 0.173327741576454 0.154316815227341 0.178105772793807 0.2089347847008
0.151274915324584 0.0905124229760771 0.178506102517454 0.0417237166134744 0.297275443180559 0.240707399387852
0.220525722765266 0.232969453661304 0.214461138905582 0.0924462306995846 0.0781460734785516 0.161451380489713
0.211465112694451 0.10759327707263 0.171202673919903 0.232554682189579 0.155601211968181 0.121583042155257
0.0713414407474538 0.0787663422895088 0.0646303914739232 0.251343905572519 0.230428428104484 0.303489491812111
0.233254013082072 0.285009380749789 0.0160326758858643 0.21285881078548 0.243479441007957 0.0093656784888379
0.0485447168630546 0.0197435675761761 0.28590642564704 0.136459554708213 0.211408354433871 0.297937380771645
0.0953233740592982 0.300470290006103 0.125080396359172 0.0884635472849356 0.173299946895746 0.217362445394745
0.196571011228088 0.15849655909789 0.228226314876074 0.15585343282016 0.00556020282902244 0.255292479148766
0.410019974094821 0.208600526906389 0.143617417226638 0.100600300111742 0.0717263503496813 0.0654354313107296
0.0238863201267096 0.285800677972102 0.0311925736215439 0.148617451514693 0.290639527693033 0.219863449071918
0.25919335233983 0.0752538475309991 0.145279478414132 0.218127323455199 0.0544682229574818 0.247677775302358
0.10890158416209 0.207982330769331 0.0882383790385277 0.0169344031074378 0.215801558310842 0.362141744611772
0.0418672805455677 0.741728072955393 0.0252016667923596 0.053525571584055 0.0577468414361766 0.0799305666864484
0.303314077207171 0.030237038617033 0.287251079654649 0.12705288743485 0.116249969035078 0.13589494805122
0.188668041731738 0.291843435972331 0.267057860217289 0.129131918664678 0.0094682619630117 0.113830481450953
0.136263133987463 0.178994483695511 0.223881164185672 0.0910895433605634 0.149128300253858 0.220643374516933
0.0401407059741138 0.0603542008134654 0.442721647566439 0.0961705155557315 0.133770946644906 0.226841983445344
0.151667677145115 0.0800871264764932 0.376500327831688 0.0418601377921216 0.325917187724521 0.0239675430300612
0.365195489835637 0.0557924317779773 0.0390308364799893 0.257477254983771 0.0761477779571194 0.206356208965506
0.256828209120091 0.0295636127166147 0.0962387773624588 0.288879132366441 0.0968192794002244 0.231670989034171
0.0292026374939749 0.160371623346147 0.117549720664761 0.290159105766783 0.130819101000383 0.271897811727952
0.175860280108829 0.085963702389628 0.114266630849109 0.0751852066552558 0.363944219312971 0.184779960684207
0.265812871304675 0.173116261266805 0.181268761542508 0.0152597249064134 0.25356574147746 0.110976639502139
0.288756450742027 0.0261648070184014 0.322685433537052 0.125570420430785 0.191367284316344 0.0454556039553899
0.0692413553182817 0.313711367651586 0.177055174343417 0.146508065347797 0.124723934190488 0.16876010314843
0.202590750922957 0.196440567538599 0.164125994656911 0.106097712523529 0.198516193410346 0.132228780947658
0.224593911400675 0.0195858359701106 0.134965101452361 0.329165539717909 0.128206534880312 0.163483076578632
0.120925303206565 0.206225519706708 0.139155329792935 0.214570404108432 0.154710816624033 0.164412626561327
0.312214893876495 0.0407266025657878 0.109546971119699 0.0467151757225299 0.283951986714558 0.20684437000093
0.0692873969084858 0.0531406838599639 0.117488548273735 0.270934740086746 0.190281218803363 0.298867412067706
0.2015727173776 0.0587469568475045 0.209348763369881 0.243329979488984 0.0734902927603737 0.213511290155656
0.156390910525998 0.0913512800988655 0.239463858667158 0.215710628152496 0.150042378895545 0.147040943659937
0.192064721554324 0.119746028849667 0.182268361203762 0.181297680890729 0.133227609491462 0.191395598010055
0.0982074751984198 0.19680431783157 0.155279502480884 0.218141651408195 0.253888445721212 0.0776786073597188
0.250073842399125 0.237975402035122 0.127292259404209 0.125795837614067 0.101535711076568 0.157326947470909
0.0389434889344388 0.189351461581869 0.183158789749023 0.205753867350537 0.157682081328299 0.225110311055834
0.270111926390641 0.263522748170527 0.273882648314371 0.0232247973431922 0.160362284009266 0.00889559577200186
0.0187084131309762 0.267409926397668 0.258887372973169 0.0118035064289924 0.423426085121119 0.0197646959480753
0.137311639815807 0.172462159810606 0.137595893659629 0.174898061926689 0.231340234285621 0.146392010501648
0.186756560255306 0.224636366233875 0.136803342201879 0.0963975152083229 0.16404502827585 0.191361187824766
0.106812982188388 0.171253226646873 0.19491024218169 0.197293170498913 0.139691148092006 0.190039230392129
0.00899956833385024 0.316099432224521 0.0819905099641007 0.311521544799162 0.13965478718062 0.141734157497747
0.176531677889299 0.115231900184674 0.139771698667998 0.248908162023514 0.143857883448927 0.175698677785589
0.118807000716101 0.0245474656565099 0.00815874176079796 0.114339882307684 0.438273383042115 0.295873526516792
0.250124503388171 0.252098262926876 0.0169470003011972 0.158810565733763 0.160422121215709 0.161597546434283
0.196242701185247 0.0868027246220927 0.252882649816053 0.190948670864191 0.156722419662671 0.116400833849745
0.0649944273093408 0.0729641541165431 0.287668956354877 0.301265077673376 0.141045842520101 0.132061542025763
0.166304316723801 0.181090507555067 0.25772926407357 0.0206734961357688 0.234002827233222 0.140199588278571
0.0641740830720239 0.146623812595941 0.27058145010639 0.0308708514957753 0.333832821381792 0.153916981348078
0.168753027606872 0.253527750939123 0.158814745844036 0.109107550131957 0.0438119302999868 0.265984995178025
0.0442929546500879 0.180777943826252 0.157506343707457 0.1857082496903 0.143894344888212 0.287820163237691
0.226183708613781 0.179840351074245 0.146332977042407 0.0736241118029275 0.161918239101594 0.212100612365046
0.349868255235364 0.119777665040165 0.0445190157693285 0.128547772645968 0.313003058288049 0.044284233021125
0.147520142678475 0.242230619345788 0.270699140289457 0.235656960931568 0.0960047368924765 0.00788839986223526
0.0263042850237141 0.195883090174115 0.183016366783248 0.228866897084772 0.317880221363525 0.0480491395706267
0.238183921733264 0.315814575434556 0.141892015072822 0.0218947649243877 0.0348283601050019 0.247386362729968
0.137535992154745 0.202460176763833 0.211576603209521 0.143789856610853 0.0844581304723092 0.220179240788739
0.412065746283612 0.0562872429777221 0.367179516919303 0.154250555484352 0.00162363792765005 0.00859330040736091
