0.319761458630847 0.0397544734705175 0.308400334925203 0.0483014017008774 0.283782331272555
0.39465037975978 0.0665690569473013 0.0370993397327186 0.206565215723354 0.295116007836846
0.274713140241319 0.144343295232281 0.0387066189119925 0.265548455451171 0.276688490163237
0.108913511995533 0.221261285727089 0.0023547427419113 0.337517394893199 0.329953064642267
0.180423132051622 0.30806317808497 0.269485143097029 0.103943974635588 0.13808457213079
0.185030376734317 0.0376367856090431 0.263082881378504 0.304093603702151 0.210156352575986
0.150229358141744 0.117138201289899 0.414091360085078 0.0334422781878642 0.285098802295415
0.200957950204085 0.0733001619289369 0.351056614726781 0.27214772910841 0.102537544031787
0.250783680950059 0.16436117466061 0.238971272984179 0.234116954318777 0.111766917086376
0.337098565307194 0.292163710235596 0.0146932831718352 0.237118148751001 0.118926292534374
0.00586914580924953 0.137186152952854 0.407848128142746 0.154917558743593 0.294179014351558
0.033642245488295 0.371440201163492 0.40342584765132 0.0822373738996452 0.109254331797248
0.0646627294981725 0.340702295296057 0.285615870603892 0.124859046522256 0.184160058079622
0.113245010034394 0.317590411844113 0.328531897330829 0.0190318932748167 0.221600787515848
0.342788404823428 0.0524481800644491 0.351269458195989 0.210525268184787 0.0429686887313466
0.164166006171996 0.240005745658654 0.135972738585075 0.34541330015563 0.114442209428645
0.118783052988154 0.288525650578028 0.124471834456756 0.193099857588151 0.275119604388911
0.252397850736464 0.223009541065243 0.212166960238501 0.130762501483191 0.181663146476601
0.101870357130881 0.025073755147088 0.344943437582619 0.213569892572528 0.314542557566884
0.176617869287298 0.161605697509586 0.106974581510065 0.273710444219452 0.281091407473599
0.235007370186709 0.347629749132846 0.15289706158233 0.0623892693820112 0.202076549716104
0.116490417889804 0.320524261700713 0.210268277717197 0.201009154637328 0.151707888054958
0.226883266105498 0.155337862021125 0.0991443892814177 0.222046031857596 0.296588450734363
0.171587463890501 0.0341493101427695 0.208279882466048 0.434437419789176 0.151545923711506
0.107302695411598 0.362415562885009 0.232202235148957 0.217755087641256 0.08032441891318
0.277731965339972 0.249017422792375 0.188531121212665 0.136178568222116 0.148540922432873
0.0504395214262406 0.020891243812238 0.300531112402544 0.380532534362658 0.24760558799632
0.216100833843165 0.254872553547022 0.170385650142026 0.167937676001399 0.190703286466388
0.00393972563035299 0.0748764416065145 0.429426462501403 0.155232808652016 0.336524561609714
0.0317301330054717 0.187205185256212 0.258546040344084 0.216954298569173 0.305564342825059
0.0507358602677965 0.102812947938663 0.391724193369958 0.103328013189502 0.35139898523408
0.010595727928697 0.271814499297494 0.176249614608475 0.395707208245546 0.145632949919789
0.135620725202192 0.220090567513853 0.375127376399223 0.112190691758964 0.156970639125769
0.259735999086345 0.047399787110848 0.0220030614899461 0.0981100944815469 0.572751057831314
0.267179339226076 0.00879031837235155 0.461931200711912 0.0244766830918066 0.237622458597854
0.330957908010351 0.0361138308396746 0.185736570493406 0.338267889397283 0.108923801259285
0.164523636029783 0.146478678290153 0.375482366521219 0.0633371645492379 0.250178154609608
0.296543895037393 0.107625407386682 0.364466744290542 0.0514531024073617 0.179910850878021
0.20878268078731 0.195142405929424 0.201342334826977 0.259602022567503 0.135130555888785
0.117012687287265 0.248067791245671 0.308905898372332 0.00548494816766035 0.320528674927071
0.166192262376523 0.280187794670631 0.257897431338964 0.285565333867155 0.0101571777467273
0.188043794975324 0.0800354787705358 0.0878330494774955 0.344123085636403 0.299964591140242
0.138058111784236 0.182642876062038 0.304220626426707 0.26780966440015 0.10726872132687
0.200655020882894 0.412750807019203 0.0772749303717796 0.0998799967054212 0.209439245020702
0.214547031714954 0.23944091050201 0.0514839503795972 0.177851448197124 0.316676659206315
0.355673000939231 0.230602409028198 0.241202471158128 0.121059592992965 0.0514625258814776
0.0166425860512014 0.180923223909851 0.278034480262535 0.207009367759752 0.31739034201666
0.197370769163962 0.274946281542558 0.466542674740657 0.0290325294352747 0.0321077451175482
0.293452087680884 0.221932605888859 0.0614749600487654 0.0629354985732114 0.36020484780828
0.0354408633129615 0.302602496085738 0.447325610021088 0.0709088959763065 0.143722134603906
0.0558550982998659 0.227178413532852 0.355098728039121 0.173136821226298 0.188730938901863
0.12719867077267 0.177214309065365 0.275285117234719 0.210356933419109 0.209944969508136
0.21906047162911 0.111334200762199 0.221076502662289 0.221840855824282 0.22668796912212
0.21938666956941 0.202758104353995 0.203489826325973 0.185926233235508 0.188439166515114
0.119480419458601 0.203020010614054 0.11065056798082 0.385069535715109 0.181779466231414
0.251533785264948 0.256845176175518 0.201842241732292 0.0983715966826295 0.191407200144612
0.320533589355421 0.180842193179874 0.189949785744208 0.229664393394054 0.0790100383264439
0.0898739141308729 0.352820814332357 0.186846691153392 0.0123988530682566 0.358059727315122
0.338438205666541 0.139217063704399 0.114862719022109 0.123341907593904 0.284140104013047
0.334721065346452 0.0980186912161429 0.327523701811262 0.0305248766101701 0.209211665015973
0.128380148768573 0.312978017054007 0.25727428778441 0.144507529181501 0.156860017211508
0.102255609179465 0.147585054188467 0.111713195373914 0.342109504949692 0.296336636308463
0.279074271428396 0.120871601839459 0.324894736119031 0.00591368362312741 0.269245706989987
0.081810328107258 0.314487856365131 0.312561907649147 0.0853999774413359 0.205739930437128
0.415513551244101 0.227602136886364 0.0122056850731851 0.109145149147111 0.235533477649239
0.134322799944444 0.116526688369013 0.296101254640936 0.389969199126923 0.0630800579186839
0.117781274145289 0.28066774830023 0.217145789106025 0.219676468757436 0.16472871969102
0.203465401742565 0.382082690461399 0.0428148067886837 0.00579112457520469 0.365845976432148
0.128178436013084 0.0477993475578521 0.331535115358719 0.0832412867526067 0.409245814317738
0.084150073437245 0.258569852946528 0.198493124882535 0.16877548505774 0.290011463675952
0.19347792344369 0.0893419661939047 0.203070118984475 0.297630645721836 0.216479345656095
0.166239980857692 0.335689443533778 0.0155661827244955 0.233692995105904 0.248811397778131
0.210623848121851 0.253689975217447 0.120562113301147 0.0872108778806387 0.327913185478916
0.237537306414324 0.315010379434373 0.106218825246348 0.31673328595096 0.0245002029539954
0.191412742766319 0.337742416356323 0.0623158093361697 0.390813155366829 0.0177158761743585
0.162614638557429 0.0288417026481132 0.348924509463334 0.209745181007579 0.249873968323545
0.0936191323515016 0.225953774992105 0.146431401454608 0.269160940333818 0.264834750867966
0.0754320058988988 0.351932927337369 0.269495609649962 0.212827131990787 0.0903123251229829
0.216817679872164 0.210809130169056 0.209453004767259 0.301320217782724 0.0615999674087975
0.238031104895925 0.141368079594429 0.21591255473133 0.175442122456109 0.229246138322207
0.272581202589484 0.237729596680296 0.117939039688498 0.200621489568572 0.171128671473149
0.254155087691177 0.221582521670608 0.164541587986404 0.232811714822001 0.12690908782981
0.113989132523307 0.218587291827374 0.520780442592541 0.0215867804192437 0.125056352637534
0.246046506595846 0.186531808116799 0.187360590192693 0.171988839296155 0.208072255798507
0.26540653047416 0.193989593708376 0.222759780057705 0.0833639727580171 0.234480123001742
0.0249226950237168 0.321354612550726 0.119771996832955 0.200554092737938 0.333396602854663
0.207231316401652 0.258061843954756 0.254529058555843 0.0100152181968687 0.27016256289088
0.247266273887145 0.286337475904023 0.175838554779624 0.0952231619205313 0.195334533508677
0.27261290042765 0.150135046193725 0.27365703161362 0.236646354116957 0.0669486676480479
0.53104531625846 0.104552851882131 0.147291326597652 0.0173735234435013 0.199736981818256
0.145099027088634 0.181350722518795 0.153522868189176 0.271684431126931 0.248342951076464
0.154571817283491 0.0168608595589306 0.350111832161997 0.124496078684296 0.353959412311285
0.221403859463759 0.14049919728264 0.260216026774187 0.156357591416738 0.221523325062677
0.321743177123035 0.18511285034415 0.0848991032580282 0.154278028499646 0.253966840775141
0.0869452753720384 0.148755650368304 0.401224840502804 0.335030636574749 0.0280435971821051
0.115417782400717 0.115006735873707 0.0215143378105418 0.229378195481885 0.51868294843315
0.291584233480086 0.0308205743945607 0.320071611024544 0.338524173865092 0.0189994072357167
0.113987822398724 0.094869109108211 0.272131716322521 0.146300084751937 0.372711267418607
0.0912485397646912 0.314190368148561 0.185857500699272 0.170231782318255 0.238471809069221
0.28533910924564 0.26827049948755 0.125020356215275 0.127762657850604 0.193607377200931
0.214417895488361 0.248523851722043 0.0425101019915266 0.148308937232811 0.346239213565258
0.270507289032176 0.156994609378735 0.0814692920256011 0.264651021119892 0.226377788443596
0.19277409983147 0.251610682725535 0.192216985267236 0.210340320283585 0.153057911892173
0.178256749528087 0.0672933157392565 0.116999768822301 0.520516777975434 0.116933387934922
0.185299414162976 0.222865821860781 0.261151465125296 0.183696698710981 0.146986600139967
0.141741439748324 0.263343456605331 0.198287156786364 0.0799902537118253 0.316637693148156
0.151601391273886 0.141463029819894 0.366053043863852 0.221729165404987 0.11915336963738
0.18589050970698 0.115992641471264 0.295572008737948 0.290858161655382 0.111686678428426
0.277006916530817 0.010150792849104 0.138836374548665 0.174836598056543 0.399169318014872
0.201945004150591 0.0886470586478568 0.309880890465635 0.158284982024945 0.241242064710972
0.281666942603832 0.246044234933544 0.176892028371248 0.123024490087832 0.172372304003544
0.133576207013934 0.0355933070822723 0.343687934970406 0.31514621858891 0.171996332344478
0.158107924557123 0.434544153102008 0.113023121412509 0.160591737982501 0.133733062945859
0.127683495216551 0.268235290835823 0.135997510487024 0.163111287751448 0.304972415709154
0.28112935465458 0.291703045450835 0.302321112190912 0.0382638784435455 0.0865826092601271
0.199106022778249 0.20182586423156 0.201457464798572 0.210710710604421 0.186899937587198
0.103557585146069 0.567900795930475 0.060373237909229 0.252887309852145 0.0152810711620827
0.0231678374255272 0.33780968788842 0.264168835551486 0.0769090867558608 0.297944552378706
0.338460346632118 0.00691348138098978 0.244166977861651 0.316077244987829 0.0943819491374109
0.332630691819758 0.128421852153631 0.0787820213017964 0.299060055606601 0.161105379118214
0.190092160201494 0.284218558793093 0.0451376029814497 0.280019551024093 0.20053212699987
0.246259978695543 0.11769824923412 0.246886259714383 0.195708573908411 0.193446938447543
0.113936397581672 0.0696036937015092 0.00779749429522088 0.481986656606094 0.326675757815505
0.144515185428572 0.318473191309421 0.148508722288769 0.0269071586923647 0.361595742280873
0.18614408887819 0.14222271198508 0.113086855544421 0.289486888963699 0.269059454628609
0.162128098335579 0.0191905905984141 0.156491905265395 0.474971973478128 0.187217432322484
0.152874977850838 0.187070352337083 0.193573193764952 0.30787113250981 0.158610343537316
0.0844741546565277 0.478759602950311 0.189221794031462 0.156497976130468 0.0910464722312316
0.0239273237372099 0.307059648469261 0.166813767896356 0.224239863557358 0.277959396339815
0.0693071125851291 0.151422788375996 0.251810993579381 0.249723749008378 0.277735356451116
0.233986081945508 0.274444383508535 0.0646053239799191 0.237420274559503 0.189543936006534
0.0803263000441355 0.299837704739377 0.0903356709758706 0.337435851705714 0.192064472534903
0.00759968377662433 0.490820661727768 0.0551957633978957 0.304359806383586 0.142024084714126
0.180353563032828 0.148911815414105 0.165075550830602 0.226202947166295 0.27945612355617
0.410496280375869 0.0825398265880748 0.0456196677963432 0.392963221026024 0.0683810042136896
0.236734566653819 0.537636488519088 0.0919642912050242 0.0679196104942712 0.0657450431277972
0.133765843488633 0.113629290414111 0.282084307898901 0.180393217586174 0.29012734061218
0.182667494244558 0.204111987220721 0.201750178603788 0.160082680312792 0.251387659618142
0.0093779943353565 0.200253113903626 0.244185035999192 0.379342272334876 0.166841583426951
0.050610470639911 0.383453358158249 0.137377160610706 0.338185769971086 0.0903732406200478
0.0849267142170247 0.0809181655091667 0.304612443609209 0.234806917891655 0.294735758772944
0.368241274609156 0.154428348515838 0.0118325049281866 0.152511300576454 0.312986571370366
0.161412081729803 0.0350378039230907 0.264068922318128 0.307865816279927 0.231615375749051
0.168219938418865 0.114826169227123 0.0277243110759488 0.270291705643468 0.418937875634596
0.202636717680934 0.183633497422482 0.0739086889272393 0.244615203700984 0.29520589226836
0.425500648333519 0.230349628289801 0.271556945057387 0.0550315298113288 0.0175612485079642
0.304462791596376 0.0206347751834634 0.423057025701503 0.16263555593527 0.0892098515833877
0.332579505088203 0.172978790070949 0.384244405427199 0.0283033811509396 0.0818939182627096
0.353822722969492 0.205716107718566 0.0182898122869098 0.228317845607977 0.193853511417055
0.136707790391222 0.334369593157995 0.304087095844709 0.210562764994029 0.0142727556120449
0.309613101457912 0.185697557638097 0.265666208034278 0.20813709524019 0.0308860376295226
0.0533009648158175 0.355856848318906 0.45708735786616 0.132122121713298 0.00163270728581857
0.332615831390963 0.130552530766 0.139853669808019 0.0494109092989802 0.347567058736038
0.0457946432480264 0.17478935431933 0.0476596904810346 0.326123810880278 0.405632501071331
0.13251170871977 0.283843640246004 0.171294993160368 0.309863277824526 0.102486380049332
0.456708270198087 0.178476434671083 0.258627062499049 0.0308377052281628 0.0753505274036181
0.303138222994861 0.296810855858885 0.282862492844726 0.0403580643533507 0.0768303639481778
0.196292893707842 0.301171431699123 0.0361236103643312 0.250089896541706 0.216322167686997
0.174319855755285 0.0753787396125792 0.242134902260401 0.241869853567764 0.266296648803971
0.414910730162036 0.0640464848449012 0.193246962679617 0.042714811873276 0.28508101044017
0.358345463298537 0.0347652857201881 0.227981948218208 0.222699886994854 0.156207415768213
0.0958782003168166 0.0201712269538931 0.315745382532575 0.204826970803727 0.363378219392988
0.11368914920654 0.381322390345926 0.183518857910764 0.268242550691743 0.0532270518450281
0.246890543332032 0.157241771113291 0.257213112539176 0.0718266836826933 0.266827889332808
0.139146890592112 0.0812274208134709 0.284835084744579 0.249020834914374 0.245769768935465
0.314500235894451 0.0117069451213274 0.245432427602557 0.274729265151391 0.153631126230273
0.34841423909743 0.345629171713159 0.019197683508618 0.124466469509427 0.162292436171366
0.091069856255419 0.231707772465031 0.0770120072255667 0.34041797121998 0.259792392834004
0.232271004341902 0.129435037943179 0.324092744549172 0.195374056733944 0.118827156431802
0.198084181918949 0.309913381760968 0.184106469217464 0.0629071245804183 0.2449888425222
0.332422418773728 0.00737044504542169 0.333465570793609 0.0145441620393032 0.312197403347937
0.0661062297541277 0.515756841872792 0.258036302008324 0.158170769337574 0.00192985702718248
0.296373669094191 0.286463947615895 0.293166357559975 0.0410004408652387 0.0829955848647
0.23355470924717 0.0510946467807305 0.365528568078987 0.247219769503883 0.102602306389229
0.241555692677929 0.212478463619749 0.231795277970547 0.119485426553707 0.194685139178068
0.201135219191297 0.0504256952363435 0.24521940226176 0.0728900703392837 0.430329612971315
0.263489661178422 0.392298682113983 0.262832323829201 0.026854392125071 0.054524940753323
0.248101146646364 0.204862221307918 0.285366222190833 0.0143787055203414 0.247291704334543
0.0260888436558233 0.140798596339215 0.424607935399521 0.20137038147155 0.20713424313389
0.21917587442911 0.19246926578899 0.274653446144621 0.00130778082483288 0.312393632812446
0.16378143673049 0.105106827944463 0.346548324707135 0.118629449797051 0.26593396082086
0.2603355466156 0.0353173219690401 0.0386503995404194 0.242924529604864 0.422772202270077
0.0599920225195248 0.314758729954133 0.0512251874468514 0.386292179269181 0.187731880810309
0.169054487887775 0.0859840650954696 0.386259847446532 0.196342434281773 0.16235916528845
0.253882913925103 0.18666532222628 0.231542241144781 0.253944076625654 0.0739654460781825
0.0366217661150871 0.151083239265995 0.336594081517264 0.230664830373818 0.245036082727837
0.275793167514322 0.0441754881454998 0.3613208782147 0.166085052576799 0.152625413548679
0.302145338888542 0.151163989484641 0.0883915578188965 0.323085676021853 0.135213437786068
0.135659012375092 0.261383541584998 0.240284008416329 0.0501784588106496 0.312494978812932
0.164741607841157 0.365688883215603 0.138725358199313 0.27263080804935 0.0582133426945765
0.0614464004030194 0.0728429652263019 0.237401926900658 0.419271492676038 0.209037214793982
0.53799889394239 0.0148237617009797 0.309507166571215 0.00965753518135381 0.128012642604062
0.36884686181542 0.189200918207629 0.106108218010401 0.308976991155587 0.0268670108109632
0.067315132496715 0.330413869150324 0.264994859655788 0.00613104709341993 0.331145091603753
0.228484913597421 0.0528975578618447 0.316631974864718 0.145122847889452 0.256862705786564
0.383732895499464 0.289702260535109 0.230018037061854 0.0728979818690666 0.023648825034506
0.0968301227997829 0.212889704720495 0.0383438949013623 0.327214957120931 0.324721320457429
0.249626137490553 0.214263013824445 0.213941044841969 0.23032622185905 0.0918435819839837
0.329333313127342 0.0341401256090346 0.493749550704275 0.0846068337596994 0.0581701767996481
0.140982081738841 0.288928362739967 0.0616453912167805 0.48258398446669 0.0258601798377216
0.190068219254669 0.305254766801401 0.149171291956115 0.0767034090565957 0.27880231293122
0.265394480535496 0.3736754795996 0.0129751535053722 0.187906448786932 0.1600484375726
0.447923649433668 0.277821594117724 0.227798571867126 0.016483123152513 0.0299730614289691
0.0867095891245071 0.288995652246955 0.343787828081273 0.183452357229648 0.0970545733176169
0.203797535939241 0.134932770091374 0.279828785231662 0.0694507389769269 0.311990169760797
0.183706859730631 0.260585464332269 0.106202556079333 0.281068894431137 0.16843622542663
0.251255835348149 0.205899790366666 0.165460957593117 0.22321292096024 0.154170495731828
0.176830475114211 0.264946140397544 0.147191238743374 0.138592042196269 0.272440103548603
0.180940512777637 0.268612428884465 0.0361595086053259 0.0913037836447677 0.422983766087805
0.297580253024727 0.296117064429979 0.202675218219456 0.169782331551764 0.0338451327740744
0.455068408913844 0.128998757677277 0.224224048180471 0.150927340812919 0.0407814444154897
0.294262909492139 0.166432637300112 0.00831775618815262 0.395402270716512 0.135584426303084
0.193485144571365 0.252337060277388 0.104932479863272 0.252916047203455 0.196329268084521
0.237138289152032 0.287417923609046 0.137618348622296 0.328722352649062 0.00910308596756343
0.0717786965975418 0.516959046381588 0.225366324859522 0.175902700627424 0.00999323153392473
0.33143275163265 0.133608887320771 0.380416933566431 0.00697011216954536 0.147571315310602
0.0381110294357765 0.314979361586177 0.205944590536635 0.176302500564787 0.264662517876624
0.02651237697515 0.319166264122072 0.196944473377144 0.422491281942186 0.0348856035834475
0.188364360907346 0.229596582369617 0.241133947901718 0.208878452058317 0.132026656763002
0.0242235116536647 0.193813683797701 0.336863731845555 0.177757458528246 0.267341614174833
0.269238417372938 0.209581429773697 0.12037576354507 0.185712389532473 0.215091999775822
0.271088933753084 0.338459688747728 0.0499270857355011 0.167179791991504 0.173344499772183
0.236108116516688 0.0432671361580032 0.117366556912624 0.403164375073971 0.200093815338713
0.249396894024499 0.113008149308796 0.245462889723257 0.288797352565817 0.10333471437763
0.451849166779978 0.109107847900097 0.0461733877910896 0.21634790414389 0.176521693384947
0.557627240310792 0.078711198258402 0.0648938003563449 0.255796201267913 0.0429715598065479
0.223136727601138 0.198964958051213 0.232081679631501 0.0872871765581036 0.258529458158044
0.297427536538097 0.0634157021298704 0.250974500172646 0.298956940041896 0.0892253211174905
0.226028547904116 0.208300130382196 0.125503650495042 0.16581871703516 0.274348954183486
0.22777707846261 0.24824341181042 0.472702974648869 0.0452196301031887 0.00605690497491212
0.234688142375389 0.222435521326983 0.241197886602922 0.028423361250671 0.273255088444035
0.249303527659705 0.138279355125333 0.130977533284947 0.194539418428191 0.286900165501823
0.261260936546597 0.258885157887289 0.240408417852375 0.17075282315544 0.0686926645582986
0.123143030529365 0.291289618038702 0.210316599365107 0.329268330857794 0.0459824212090328
0.306794851981338 0.0927168216740663 0.183618371173971 0.30979309353842 0.107076861632204
0.0534067994550145 0.102713956552185 0.395825419801667 0.412430480985789 0.0356233432053446
0.204084921304335 0.24673623957393 0.193258683545661 0.193609841631611 0.162310313944462
0.238914503104516 0.265160663228163 0.196754453037722 0.111074977881169 0.18809540274843
0.0609442822670006 0.209929200493563 0.102518179447366 0.313228968010704 0.313379369781368
0.101557641833398 0.117712501301299 0.043415418009889 0.324640206280094 0.412674232575321
0.204527107686665 0.257081884695948 0.119752489531392 0.184574395504006 0.234064122581988
0.173783914661719 0.224196849936379 0.304482071120322 0.262310440688067 0.0352267235935134
0.287770795385434 0.213023934509799 0.163897576160615 0.203903257626845 0.131404436317308
0.17291967650674 0.0489386366823131 0.299602028766152 0.218061658678988 0.260477999365807
0.2364610690684 0.126736057875543 0.0439105439799458 0.369948471364883 0.222943857711228
0.252874132338458 0.0325409559853912 0.137961144577628 0.331355079019144 0.245268688079379
0.278018476286508 0.117326943830259 0.218473760184446 0.270544031817214 0.115636787881573
0.0130004616385706 0.280563928009398 0.0104246479377949 0.265959752572584 0.430051209841652
0.299432058570422 0.179862434486272 0.241141794163129 0.149030500380478 0.1305332123997
0.184147206908115 0.302938178649777 0.0583296457547647 0.194914528511284 0.259670440176059
0.339858950245289 0.135009670646593 0.143487378764652 0.0114852982657468 0.37015870207772
0.245947091266187 0.236258433416774 0.146623111119335 0.159058230783206 0.212113133414498
0.258216100590244 0.220217915199834 0.112621396457375 0.201228097606343 0.207716490146205
0.0918857333305382 0.119430910308305 0.141841417007854 0.311569262243662 0.335272677109641
0.277773175150828 0.269522179870613 0.00373509766476311 0.146443129734214 0.302526417579581
0.278967175615081 0.149029813023955 0.10463052997228 0.237733723735615 0.229638757653069
0.227507133110995 0.201600768573188 0.147539142586007 0.128154500360818 0.295198455368993
0.346354851075548 0.344750310359733 0.126701645631446 0.0675122576698808 0.114680935263393
0.155689159903501 0.285506328470145 0.192643253689815 0.145791064142026 0.220370193794513
0.224942081087521 0.113243767201246 0.257500668110269 0.342036683372722 0.062276800228243
0.396553183340205 0.0948792546395888 0.222284734901956 0.110326693232734 0.175956133885517
0.114511146839573 0.257452535432749 0.219341659237972 0.269783684128247 0.138910974361459
0.306556298048433 0.145701147482995 0.179164134426004 0.143774330060878 0.22480408998169
0.148489816622592 0.28158513038752 0.279686619472547 0.051601818751895 0.238636614765447
0.200667401291092 0.120215490558554 0.218776497453944 0.246158491027092 0.214182119669318
0.194385551693306 0.244401975432973 0.146240099432513 0.247048398968018 0.167923974473189
0.0535941010541197 0.00640608610704036 0.22808040250172 0.368260892863313 0.343658517473808
0.242325577696516 0.274196709986851 0.081777108983319 0.150433167575231 0.251267435758082
0.226407222295408 0.225540965198968 0.26147759996032 0.163923895208033 0.122650317337271
0.207009493888465 0.145133726317486 0.228720157608029 0.223993678398669 0.19514294378735
0.453878791330234 0.0142685143253829 0.16980701921593 0.236448197631626 0.125597477496827
0.154532360275248 0.218363596810867 0.235470576628088 0.0565759165438202 0.335057549741977
0.0549633200225285 0.00201967139732062 0.331646102312423 0.341412405591252 0.269958500676476
0.0169077448074557 0.559458973587337 0.0326998211318473 0.342626389331825 0.048307071141535
0.00956720748764527 0.206725228377616 0.159734169530232 0.439846026870532 0.184127367733974
0.0584707138452413 0.278263485103398 0.000639111039735648 0.361176783663146 0.301449906348479
0.294919067194975 0.000920323629046415 0.323463017458817 0.0809627244257111 0.29973486729145
0.0603616264113866 0.436191586304717 0.134606311108218 0.0462390434321351 0.322601432743544
0.0505050434182776 0.301073601674267 0.352400160614265 0.136990170491502 0.159031023801688
0.189072987930974 0.0149965268417555 0.213905621937872 0.370203234377446 0.211821628911952
0.265485635530226 0.217964320987211 0.102421915419507 0.19758778149009 0.216540346572967
0.125055912676776 0.198497769180192 0.221374312358679 0.173406459910961 0.281665545873392
0.32435245110171 0.00812937612370628 0.164748989511652 0.190487205084914 0.312281978178017
0.210445540363079 0.291201706023326 0.0173980339126391 0.173084380107543 0.307870339593413
0.258573937253621 0.136012248521338 0.101692455387134 0.366969415335358 0.136751943502549
0.131078844120106 0.0970043073025276 0.00627748292204826 0.363492600818688 0.40214676483663
0.0716026103425686 0.314862237877541 0.221116778669141 0.176731943862284 0.215686429248465
0.315056937996158 0.285219643983362 0.283660098575541 0.0813315089965763 0.0347318104483626
0.169461507460092 0.281118729514578 0.079949130807316 0.419762550063272 0.0497080821547418
0.000569285171924843 0.338629024761705 0.266213039157372 0.0627811591544874 0.33180749175451
0.194930870215208 0.197492161275038 0.18519861564908 0.241921096750567 0.180457256110107
0.193977477070133 0.221013808156202 0.16620239076459 0.231754043731038 0.187052280278036
0.260589081527716 0.231104476022611 0.0478142038784926 0.301465197347075 0.159027041224105
0.0388354969673231 0.0427278751670146 0.221154781953168 0.105089593655325 0.59219225225717
0.122631006599489 0.273621114262242 0.171571321386447 0.236619073221323 0.195557484530499
0.216198989790378 0.122324873377765 0.0916904543621697 0.194625432415296 0.375160250054391
0.189512228687176 0.32771573366287 0.0823788370251222 0.330844548129584 0.0695486524952476
0.0229380559346656 0.304175293377142 0.0878218047106935 0.390071213284539 0.19499363269296
0.143113649254064 0.108266496280421 0.334319683003461 0.230438815860007 0.183861355602046
0.253260514951411 0.0656510710226271 0.0160025226145293 0.11151542066392 0.553570470747513
0.13265006850634 0.0192400698980267 0.187024885289185 0.3733237963079 0.287761179998548
0.393165605615793 0.141482094958231 0.159372884920416 0.305974308053912 5.10645164791006e-06
0.16126776581042 0.18655800815036 0.194224677311264 0.226554400950683 0.231395147777272
0.302782193550347 0.000543604120533795 0.369940674868961 0.278213375858687 0.0485201516014713
0.369540204697527 0.0060120958799232 0.141050401720561 0.0947697986866391 0.38862749901535
0.122150278799011 0.104173550665981 0.369490884766087 0.0697483793006024 0.334436906468318
0.0506617069174764 0.390289025696479 0.248929350472261 0.256851127743242 0.0532687891705415
0.0766706087126407 0.164098033462907 0.210913631321731 0.233113843336767 0.315203883165955
0.122926860728322 0.195032895351307 0.121927843242307 0.34159814615992 0.218514254518145
0.0159113591941533 0.360697280630941 0.0655213250683702 0.330737349842919 0.227132685263617
0.0423966314584983 0.517140676030485 0.22927003896336 0.060571588326975 0.150621065220681
0.261269670262955 0.451915599724482 0.139044057512351 0.00347752750975313 0.144293144990459
0.112090184443604 0.0707056881391083 0.424385511643475 0.344840168039802 0.0479784477340106
0.212713878593633 0.269559280780678 0.0407913243444001 0.389811746086431 0.087123770194858
0.0469299815209506 0.268458198325632 0.322075151901166 0.173901874094477 0.188634794157774
0.32293893488359 0.170227173780372 0.142421128299298 0.157979379459653 0.206433383577087
0.286001680048318 0.379557317516462 0.288920641379421 0.00303773226064767 0.0424826287951512
0.256082878569054 0.115577784910063 0.279947620957539 0.194892474426373 0.153499241136971
0.240938698055643 0.1169344007315 0.239793949958261 0.10490956747348 0.297423383781116
0.328797159559531 0.236577263824361 0.206053059694252 0.144752123245452 0.0838203936764035
0.487306567779518 0.147016127711723 0.0334555559127241 0.256333004397186 0.0758887441988484
0.4021789575978 0.365440607767646 0.0593915629756709 0.112109310311051 0.0608795613478321
0.113160644911235 0.484412182060597 0.279946049783174 0.0504065721881635 0.0720745510568306
0.0593717198148123 0.212803186813738 0.244795844661944 0.156989671006757 0.326039577702749
0.32083198091156 0.256386263406506 0.198851940374514 0.203651364208043 0.0202784510993779
0.227222387910325 0.249944302702535 0.203529509231667 0.226655798381243 0.0926480017742298
0.35804693912144 0.0190783665941461 0.057442719999489 0.313296937199279 0.252135037085645
0.226943254138793 0.189560696736418 0.0848591380471125 0.220258129677987 0.27837878139969
0.3654675491084 0.045590892766347 0.132061735838188 0.0708469176860535 0.386032904601011
0.148666323733945 0.172094973756675 0.258409071562659 0.207473262660633 0.213356368286087
0.249704946294606 0.231660048200322 0.269499191671088 0.141594412873935 0.107541400960049
0.0501078099224816 0.184697545402401 0.257975455075226 0.06805392519648 0.439165264403411
0.0114823668450147 0.215873445654188 0.544688086117135 0.0305959878712635 0.197360113512398
0.400651576444109 0.108813919378639 0.225430833020671 0.204895941536717 0.0602077296198646
0.479954546252635 0.089611663241075 0.179654616505044 0.0930252895631314 0.157753884438114
0.300063345492182 0.222674885486961 0.129498881286704 0.144966236333779 0.202796651400373
0.265621666231088 0.0766129172145856 0.202018983800805 0.250886877548259 0.204859555205262
0.204153370130873 0.177474098329888 0.197612069674492 0.146919245096436 0.273841216768311
0.0992245035738147 0.265637585802048 0.133035311431704 0.234039282509579 0.268063316682854
0.238581826728636 0.0324859835572097 0.0254315902819383 0.171342374365909 0.532158225066306
0.0954870712420719 0.193819258542765 0.217723865332167 0.324987836916258 0.167981967966738
0.359166800344979 0.0653174497250605 0.150662475092373 0.0812350998602684 0.343618174977319
0.203271903051909 0.199855131403864 0.23756414853978 0.18279532607798 0.176513490926468
0.312579826229853 0.158572509965508 0.215965005625613 0.0557187172426246 0.257163940936401
0.272855182271513 0.216123870768249 0.127644544169198 0.26219407734071 0.121182325450331
0.0865985154212544 0.227314838728186 0.285771930913231 0.236980044462979 0.16333467047435
0.324052837169055 0.186739495873941 0.0175539534403997 0.309472117692436 0.162181595824168
0.20435331856204 0.275771951057069 0.104315173340948 0.131439693134662 0.284119863905281
0.202074460678236 0.263884175830757 0.17991896441094 0.339604349661283 0.0145180494187837
0.270716191134524 0.0944217426432489 0.217686663776119 0.144370406962613 0.272804995483494
0.49866216411129 0.219555331343542 0.075002897738316 0.153575372999892 0.0532042338069601
0.0724038305797235 0.250312553343002 0.306618830609529 0.268338534919792 0.102326250547954
0.109428314940382 0.0691727424942562 0.186126489977103 0.245904075846627 0.389368376741633
0.211078711804562 0.0450731495163309 0.254629793414339 0.331676783045454 0.157541562219314
0.262707962619163 0.125847038238976 0.254617089441045 0.133557689925336 0.22327021977548
0.193363086137373 0.03938745015433 0.248142417416521 0.282138932761851 0.236968113529925
0.00157547755724021 0.290301897031174 0.197264115015267 0.250934084986398 0.259924425409921
0.356232919243891 0.0957771214417614 0.0415684660345632 0.0828290681032792 0.423592425176505
0.0884094713861577 0.233326264093331 0.27619147805393 0.305034356092582 0.0970384303739996
0.163742854334421 0.0174821169007961 0.334708189582519 0.244246056944345 0.239820782237918
0.196228291292205 0.119856982459246 0.299656885135445 0.121742699082034 0.26251514203107
0.0046863378248142 0.21336836654282 0.559022839006264 0.0263276881665684 0.196594768459534
0.359380152715096 0.346159048040151 0.0421555923219174 0.0156276621628328 0.236677544760003
0.0611914774698488 0.249876455698083 0.18469750952641 0.31210350701522 0.192131050290437
0.199030638159487 0.212375508053093 0.167649247065506 0.317472179867871 0.103472426854044
0.182140709965602 0.292446946734334 0.256332568981129 0.103674401139398 0.165405373179536
0.233161320655543 0.304059582443225 0.120695376958779 0.300662904959936 0.0414208149825162
0.0165400367319477 0.204239660481467 0.217596262677753 0.178727873510607 0.382896166598226
0.312030794250419 0.121346090987415 0.201821791847595 0.211031615001066 0.153769707913504
0.20429581933651 0.12634210509687 0.275820791174961 0.242094120899833 0.151447163491825
0.0388808488510729 0.155128928492412 0.303984262454014 0.200997739448537 0.301008220753964
0.0103997698791067 0.231783321546325 0.276531555242524 0.280089502130616 0.201195851201429
0.0723405340250175 0.504105151043149 0.0385679000230815 0.369505735445521 0.0154806794632319
0.202877946929612 0.0740965938547148 0.232027151174435 0.118675936685622 0.372322371355616
0.365034387348715 0.323784772078636 0.0530245067574369 0.210052488956513 0.0481038448586992
0.262604261962425 0.0550697367510277 0.351723055514164 0.187663457077328 0.142939488695055
0.0989116557060218 0.394973951448254 0.0569894718427568 0.384134180757331 0.064990740245636
0.166810660273168 0.162061279698548 0.0745811245802184 0.302431414633696 0.294115520814369
0.0403132554022223 0.115824156860033 0.386723865344141 0.202923019784693 0.25421570260891
0.308486614751533 0.2206029204418 0.213295139224036 0.00932467892655879 0.248290646656072
0.00254959880828915 0.428631861136198 0.434008689754171 0.0154463639501484 0.119363486351193
0.153167619481478 0.259897180668518 0.224640650483837 0.331874582522926 0.0304199668432406
0.147807534285416 0.0904453043752075 0.254003494088061 0.296038883967215 0.2117047832841
0.2355604757809 0.231076235753313 0.264134682560626 0.141994726902747 0.127233879002415
0.115769050705764 0.221691867547953 0.388803766206251 0.137144869997783 0.136590445542249
0.365875047978492 0.139831812903518 0.204343845758182 0.0384066591110528 0.251542634248755
0.0628559975105011 0.225191778020345 0.379794870073454 0.319981274222612 0.012176080173087
0.224108836700464 0.0417668601526908 0.245207306182305 0.26846250400889 0.22045449295565
0.227784661207478 0.251831906800235 0.101178015372463 0.220917817162693 0.19828759945713
0.0964737183484735 0.214298651930842 0.276130229624708 0.152395710318798 0.260701689777178
0.364490082746104 0.225933009976984 0.0407268072488046 0.00523272954906805 0.36361737047904
0.116922915464354 0.332153035262097 0.027430897493943 0.0574148578263201 0.466078293953286
0.256553372088832 0.164289326007623 0.140971467674785 0.160491774363293 0.277694059865468
0.216763624700469 0.143291018033633 0.240750540936621 0.170780829618434 0.228413986710843
0.142759123518411 0.412233127526008 0.283998435640448 0.114913626846509 0.0460956864686238
0.183081402830507 0.181018508654209 0.27490397861842 0.0500311014724104 0.310965008424454
0.0429294315679845 0.324997184636144 0.139074202265596 0.328009168618799 0.164990012911477
0.152289914228918 0.322845586980327 0.0954450105000756 0.0338011892149245 0.395618299075755
0.00407812006157633 0.216985960862308 0.3955142715341 0.194811859439078 0.188609788102938
0.215709190843651 0.0846581987431073 0.211243487350946 0.2988915972104 0.189497525851895
0.663625348875471 0.0119275873613612 0.0123807247462693 0.302007988232609 0.0100583507842894
0.0518030591537756 0.294525955256817 0.34475096799127 0.268593852135293 0.0403261654628438
0.324204849632468 0.292748835781054 0.0988569188141136 0.00600588623581257 0.278183509536552
0.139721129501088 0.290797947684812 0.164160422547819 0.129011459081513 0.276309041184768
0.0219804535147049 0.27694348778402 0.224917155969969 0.376735310325603 0.0994235924057037
0.104995519415305 0.293994809826697 0.173923165402207 0.133434054818363 0.293652450537427
0.315143559053738 0.412359393386025 0.125026291099812 0.0173272407945458 0.130143515665879
0.146134535800006 0.333577352950483 0.165093101409287 0.129438829503075 0.225756180337148
0.0190190669263647 0.168527946166307 0.381245315497369 0.380256006515264 0.0509516648946954
0.257518880517084 0.235577066370717 0.134211660895362 0.169204937853337 0.2034874543635
0.385884839947401 0.263562916808014 0.19150716652846 0.0359889979073424 0.123056078808783
0.0895992070220969 0.262050298041456 0.266401292843872 0.283731767449987 0.0982174346425884
0.0602518969331545 0.186382270611513 0.501268411216523 0.178686133815309 0.0734112874235001
0.0546046053288141 0.253622521253553 0.548533874111233 0.120299557714498 0.0229394415919014
0.118691407378111 0.271229962444138 0.159164533604939 0.251274342334378 0.199639754238434
0.14305790121304 0.263790033436497 0.193746576664935 0.155652741540848 0.24375274714468
0.0514770556046497 0.259198269456798 0.18258899460768 0.34739587744156 0.159339802889313
0.151267207025011 0.270142542373214 0.231584905209093 0.253361041468344 0.0936443039243371
0.142747189796419 0.0926547047643095 0.17052269997184 0.332733607908621 0.261341797558811
0.245190548603437 0.123993512100715 0.145743268241011 0.179360952783431 0.305711718271406
0.0230053225465075 0.245537394883401 0.323134998570974 0.298075296752509 0.110246987246608
0.064519164144 0.267618718945892 0.332301088964781 0.24877845926948 0.086782568675847
0.236635909718191 0.243804199216383 0.21620710746122 0.242676735327453 0.0606760482767527
0.352185094267221 0.0797767907400046 0.0214619532798539 0.24794796971008 0.298628192002841
0.171913110381928 0.340563484832512 0.176499918883073 0.152578327434016 0.158445158468472
0.0050811704581591 0.139250874131812 0.287595990802407 0.508732844972699 0.0593391196349221
0.173422635371253 0.00257252145690042 0.391129521313482 0.424441507432827 0.00843381442553738
0.141773097804766 0.33231212322045 0.284283109378356 0.107395910083535 0.134235759512893
0.139687608617348 0.164315526762231 0.286852686731883 0.275890799106463 0.133253378782075
0.0713434133960701 0.351928972476401 0.213127697079992 0.353222277776056 0.0103776392714812
0.134945088960467 0.191938487849315 0.0685289403638475 0.349266601054467 0.255320881771904
0.236941260397883 0.0363834354456877 0.239669026521322 0.26958210316612 0.217424174468987
0.0334128849883944 0.095640928077226 0.367957175101535 0.156919921078189 0.346069090754656
0.246013277985152 0.252398650282141 0.204859846208178 0.16226576636456 0.134462459159968
0.148576731600067 0.247920095985623 0.223778703753524 0.277821879328784 0.101902589332003
0.0712489286965326 0.357400619488015 0.117517534273946 0.143061743141234 0.310771174400272
0.359717849423447 0.0599111409208582 0.0169847360215742 0.143410284124215 0.419975989509906
0.284525896724733 0.265673828402641 0.0182242062511623 0.230537918946685 0.201038149674779
0.202267992778568 0.150632699029075 0.228453683839574 0.12237802818367 0.296267596169113
0.163075966144924 0.242758290262692 0.00526307652647259 0.32853093327158 0.260371733794332
0.443337628270982 0.161424586796724 0.0312739119312262 0.320424292043187 0.0435395809578805
