0.326289625709243 0.195244375247164 0.323692682252808 0.0840020203134744 0.0707712964773106
0.239271880322503 0.132703984891063 0.309558602972875 0.291623041271379 0.0268424905421797
0.0947633344261117 0.183853354233635 0.28149841776204 0.174688195913321 0.265196697664892
0.335066438579553 0.163219813880108 0.246626287665031 0.116007475369402 0.139079984505906
0.217278543377419 0.117160294774225 0.0871479242108975 0.326032436403287 0.252380801234171
0.29976900755399 0.290021769787682 0.0459617588289121 0.269456703800589 0.094790760028827
0.382493214900652 0.032966352702267 0.151377838121833 0.044370573158278 0.38879202111697
0.269586410789344 0.162543465840124 0.0790340944523078 0.276398502341036 0.212437526577188
0.0180988550936987 0.388368960551675 0.281789637130786 0.284846774168705 0.0268957730551352
0.369107538630039 0.381779669009363 0.0811876365540057 0.0475191198428234 0.120406035963769
0.233292995376138 0.0516344312968097 0.231697761622721 0.276354204842988 0.207020606861344
0.271085828658341 0.225138528284673 0.00579862760583951 0.290896179257317 0.207080836193829
0.0199713386476923 0.321872934266669 0.0901618653486832 0.323063240685927 0.244930621051029
0.294460316459186 0.420708435539126 0.0355286153346818 0.103095216811186 0.14620741585582
0.305451486942513 0.127824101517179 0.163340836306066 0.1920586039803 0.211324971253942
0.120401270692042 0.244891071143603 0.320751882910716 0.0393830944762224 0.274572680777416
0.0102255531606301 0.264087778819915 0.303505210774651 0.134606801053224 0.287574656191581
0.10793842696241 0.55753825185023 0.168441971258282 0.140289937386854 0.0257914125422245
0.18993562352397 0.206748268958215 0.300017583439337 0.262378076744877 0.0409204473336002
0.186355888004722 0.0160460028220224 0.340499905532407 0.347730991727704 0.109367211913145
0.283470149202987 0.117811032644976 0.293113567614143 0.0571843224529055 0.248420928084988
0.333289114713831 0.18161988812839 0.123109727336403 0.166656119206049 0.195325150615327
0.237352542157643 0.208601771012823 0.223902502791816 0.202553013886558 0.12759017015116
0.17455111700664 0.336972933490417 0.0543493688077535 0.111647772121985 0.322478808573204
0.237061621362321 0.220278880090828 0.0688484907699298 0.472699124659104 0.00111188311781709
0.293768493286423 0.129449214394193 0.279571703962571 0.269373675279736 0.0278369130770777
0.2561310040852 0.089743047001015 0.263718025155124 0.100264612287173 0.290143311471488
0.191558766632591 0.0524484838621033 0.190661206534563 0.285003499000948 0.280328043969794
0.222014669949844 0.281776396235913 0.261198371785914 0.177650633928743 0.0573599280995865
0.246601307882628 0.165323146746521 0.190446412604104 0.0430542556409641 0.354574877125783
0.229012137325097 0.16281999323085 0.282472887322374 0.167007579898996 0.158687402222683
0.291989234203027 0.0797507808825767 0.226656947270546 0.12979660518042 0.27180643246343
0.350410856544651 0.393543103192928 0.0525112829431183 0.150686971829913 0.0528477854893899
0.197388492767791 0.140602295022972 0.124068477023212 0.486583441310384 0.0513572938756397
0.0898807625554414 0.119964941924869 0.191171911751152 0.0141928445302125 0.584789539238325
0.277812538672236 0.0154080482655793 0.0883185212522434 0.20713314858461 0.411327743225332
0.192636545927441 0.259217350509724 0.252719471893265 0.0197187246539173 0.275707907015653
0.243879227600387 0.359327670820224 0.0865150578514088 0.20208701505527 0.10819102867271
0.244884719367705 0.266673332745883 0.0872880961000372 0.2079123559108 0.193241495875575
0.0796959690710448 0.0540097685660761 0.287486531326743 0.140381397236201 0.438426333799935
0.10047526215126 0.233524940781066 0.321010172361882 0.15189996991746 0.193089654788331
0.272154930655161 0.19903257719732 0.0400295334669239 0.175430912028921 0.313352046651675
0.0833827024274308 0.148689310640488 0.100536944948395 0.280148261606844 0.387242780376843
0.237313515799738 0.164208767391552 0.0782524426185527 0.124015270827608 0.396210003362549
0.279228526368305 0.137239971437206 0.139837225356491 0.181136609413916 0.262557667424083
0.159021207977036 0.337005270320206 0.425315500923237 0.0276863254870983 0.0509716952924228
0.182588103612188 0.271864126695652 0.0613498312779215 0.27426312313446 0.209934815279778
0.192131257850321 0.176146487071782 0.0722461620274254 0.235939429362568 0.323536663687904
0.12346552488452 0.256403277245981 0.191485659276563 0.274748417570805 0.153897121022131
0.0825579749722489 0.299498923242777 0.0279513608090006 0.298895412212815 0.291096328763159
0.320212086106281 0.125282130268208 0.0630292548114809 0.250322433393729 0.2411540954203
0.318661209594573 0.0969794180551425 0.29214054728981 0.247830874439561 0.0443879506209134
0.124078034910424 0.170631457817987 0.181232823041355 0.260337262768085 0.263720421462147
0.249647657850034 0.110509082514296 0.190212264996122 0.185660124288916 0.263970870350632
0.0988850915039964 0.370821226891792 0.308165847143676 0.0831896441224094 0.138938190338127
0.469458088928232 0.0579462831255545 0.078273047391264 0.146494584795893 0.247827995759057
0.366753059506014 0.350438588786129 0.0572490210241542 0.099204897378559 0.126354433305143
0.173451578107955 0.00990352647239018 0.314658031201174 0.171420146051762 0.330566718166719
0.514693364075811 0.0818396970517555 0.233005215431471 0.0380728780848968 0.132388845356066
0.215354431456034 0.349040191268578 0.135251428485216 0.294128922071373 0.00622502671879874
0.350870416941235 0.302286229277305 0.221381511890272 0.0605170521192083 0.0649447897719786
0.0841045889794213 0.275096674802021 0.161819078221863 0.284983064642096 0.193996593354599
0.00315259969539244 0.331552152059483 0.420880069420813 0.238916915036766 0.00549826378754549
0.336803387090605 0.347663970479761 0.261826068145247 0.0360244717535768 0.01768210253081
0.173661639503715 0.444589843341461 0.0405318111576678 0.00622620895919635 0.33499049703796
0.0249827093710284 0.262556149727629 0.0113427627790691 0.280121964603731 0.420996413518543
0.310556641646073 0.272802798904812 0.0335033996436956 0.155429005191239 0.22770815461418
0.471958163967016 0.0371008799807708 0.125262427861077 0.150012709463727 0.215665818727409
0.303119681418742 0.273386068747808 0.26595748046973 0.036904042169702 0.120632727194017
0.188678551461062 0.251743652776013 0.322995010588609 0.0907826809929958 0.14580010418132
0.246139069036793 0.06777475569438 0.173078439571106 0.201505102956997 0.311502632740724
0.0435306540472241 0.323424146135878 0.203861909591715 0.364730663727722 0.0644526264974608
0.173272951329915 0.133153697859402 0.0194622866006081 0.383934622216554 0.290176441993521
0.278690484305357 0.24454773562926 0.215040112533978 0.0698125840862586 0.191909083445147
0.280893374717026 0.211429315035882 0.141799824678282 0.220639961038229 0.145237524530581
0.0906866201471227 0.267052508341582 0.330818950717526 0.303665999591548 0.00777592120222091
0.306410885172762 0.144167951063551 0.219756865164166 0.285061023204178 0.0446032753953421
0.387785009111114 0.231331024067826 0.146500606819048 0.141529350484682 0.0928540095173292
0.153383621994602 0.163530313555555 0.277227912973848 0.0854510343731244 0.320407117102871
0.0350997109364636 0.321665299009135 0.307402923452622 0.322560250359035 0.0132718162427439
0.195435043022597 0.362519982476138 0.0759462873880917 0.265755196718756 0.100343490394417
0.105662310524854 0.142745533356942 0.379882706836409 0.209809821608211 0.161899627673585
0.043577833320105 0.0032655551162564 0.343900533641172 0.220416735793621 0.388839342128845
0.327889633427125 0.199545514571584 0.0505646594503235 0.0851607025574532 0.336839489993515
0.399689155951111 0.0404555491443454 0.287839098154966 0.23304099700497 0.0389751997446072
0.229746851319579 0.0601588215513316 0.185962861787515 0.287816788409236 0.236314676932339
0.150838260805707 0.300854339867146 0.333983824322413 0.187796362102425 0.0265272129023091
0.290911411683269 0.178316446915302 0.232437582296364 0.15374106599984 0.144593493105225
0.247895630368561 0.186540280346926 0.288365294184544 0.149587334486094 0.127611460613875
0.309989136633974 0.303458259150903 0.271549319824016 0.0272608448013845 0.0877424395897234
0.193844771830044 0.246389953642475 0.17351479176412 0.124720522732371 0.261529960030991
0.269666777899198 0.0688579757250263 0.0718902932787312 0.295270177621927 0.294314775475118
0.0595738951857749 0.443492362568555 0.15090598642164 0.161205633543902 0.184822122280128
0.0941906951037397 0.256678174184023 0.0960708825535303 0.361570474689251 0.191489773469456
0.0357398222882527 0.163908085732419 0.161609847500338 0.357892361028161 0.280849883450829
0.0235151466816231 0.279278917159478 0.131716427670989 0.293057025716661 0.272432482771249
0.176431185957645 0.356130754133645 0.330256605743901 0.131501960478801 0.00567949368600881
0.230644564267243 0.149444397017263 0.254816763870469 0.234592742315853 0.130501532529172
0.179809362853032 0.0181767384583339 0.364988831785083 0.34302252127697 0.0940025456265811
0.356359639613921 0.232150907816011 0.232624534626877 0.0567765183286031 0.122088399614588
0.280835842635043 0.270220872190419 0.240470042742504 0.07474667432131 0.133726568110724
0.156635869331297 0.473049417576534 0.235025448686507 0.0161035140255438 0.119185750380118
0.0258833972671221 0.0191459470035039 0.0941157225801971 0.343075236416643 0.517779696732534
0.193080902086911 0.187218966312211 0.118929357165458 0.0269332123822863 0.473837562053134
0.339485345289896 0.0103166282393692 0.280079199957079 0.0113327742313323 0.358786052282323
0.0337908813863485 0.334362098949549 0.13415085597404 0.266794326342151 0.230901837347913
0.31963533817261 0.251869190403737 0.310493587344305 0.0993733655150744 0.0186285185642738
0.278977366982238 0.121722677799923 0.424617812214801 0.172792825722172 0.00188931728086742
0.13582539574088 0.163404250285065 0.227191689665845 0.123442864909534 0.350135799398677
0.269513027366047 0.121867964819371 0.222646863321931 0.16873756402366 0.21723458046899
0.120613949281265 0.247424465533453 0.390485338045101 0.215695552172349 0.0257806949678315
0.30293004666277 0.134879534993496 0.205415894410173 0.140917482210749 0.215857041722812
0.0298008400866763 0.303470221710179 0.275411390566056 0.341310514989433 0.0500070326476554
0.132234883514074 0.0242755771901751 0.221877102507192 0.30363896730271 0.317973469485849
0.0121362805679262 0.181006262811328 0.0228377215035183 0.252893849440715 0.531125885676513
0.15401618078233 0.121912957010097 0.259107286069383 0.164469811846008 0.300493764292182
0.245109089640403 0.213212884870663 0.228509938705842 0.091202577123898 0.221965509659194
0.344480187685617 0.166955880040216 0.0955464433445596 0.147019946174643 0.245997542754964
0.403836674120839 0.272911510671772 0.166497248342492 0.100461664462134 0.056292902402763
0.21201361609855 0.104111395572201 0.207645208059496 0.192492723151934 0.283737057117819
0.197470053313199 0.142383849700267 0.235567608464722 0.222305288585373 0.202273199936439
0.196829301669994 0.240249261746691 0.280287040748469 0.140659104017189 0.141975291817657
0.159789299001829 0.330811429036511 0.150014737397426 0.206757954255907 0.152626580308327
0.23510686347049 0.222191298085218 0.212941679713826 0.145648772333655 0.18411138639681
0.293988639877299 0.361607143678059 0.00600328524851826 0.205614818635257 0.132786112560866
0.197089998683269 0.178869688760449 0.245972244996072 0.291407982416302 0.0866600851439084
0.0609352994239599 0.168366333592891 0.0214969131809051 0.227440069899337 0.521761383902907
0.039952990878268 0.406135989038677 0.0309323222793383 0.42487408932679 0.098104608476927
0.250904651984926 0.0883266262310423 0.373003340254376 0.0620920223211236 0.225673359208532
0.15904305699617 0.230375226709215 0.197075849617067 0.112479140457477 0.301026726220071
0.0776198781080119 0.185518498835419 0.300824110221466 0.130683992034658 0.305353520800446
0.274730853749882 0.158391511975494 0.16702278131639 0.296145578168145 0.10370927479009
0.253995562845562 0.203879215923043 0.260832249538171 0.0567309430794361 0.224562028613789
0.070543752886451 0.304471778337608 0.0365276043622906 0.376647188091987 0.211809676321663
0.0906719095747653 0.331176832785438 0.0478686899597302 0.282993425818851 0.247289141861215
0.203041642918184 0.21446374626015 0.161334111031505 0.226692230308384 0.194468269481777
0.220218300023283 0.0248152102664477 0.0819854107846322 0.147645330598364 0.525335748327273
0.326252927983838 0.249190924789045 0.287438620475391 0.102122344866602 0.0349951818851236
0.256746156837397 0.177930643600585 0.102127401077816 0.262896839899932 0.200298958584269
0.239505316599182 0.318684192250854 0.190847778788261 0.201806130876874 0.0491565814848292
0.0627420225850166 0.137494724219638 0.243470658504637 0.487437634087247 0.068854960603462
0.160612465322366 0.159862047417319 0.405007693178991 0.245618837470857 0.0288989566104679
0.169229996177263 0.251485891139895 0.229605333238392 0.0732160318600593 0.27646274758439
0.0629797034520067 0.0598824776906984 0.410727533164646 0.286830874209526 0.179579411483123
0.130007892261832 0.171759229255055 0.331248999124429 0.201494716557869 0.165489162800814
0.575901073730534 0.148368156628188 0.0207212750028845 0.250652456071483 0.00435703856691035
0.232594599899784 0.103402948530654 0.194927606147112 0.21511725592174 0.25395758950071
0.0108642232818867 0.434395851890144 0.158506192178119 0.140507133145053 0.255726599504797
0.415616314374991 0.094679345073614 0.360553710285188 0.122309345719382 0.00684128454682461
0.0317030597635402 0.321608512708866 0.0374606397037901 0.18121140656036 0.428016381263444
0.312049850046843 0.302953045072909 0.206996924015034 0.140062479970023 0.0379377008951902
0.263811520400575 0.294659517969218 0.0997995346023375 0.215361706460793 0.126367720567077
0.223339978845225 0.294667705778393 0.310743296694583 0.148321688977448 0.0229273297043509
0.11605548507092 0.0519525063474311 0.389425981171504 0.160323582773894 0.282242444636251
0.222947601258946 0.0478075611790506 0.263408798163705 0.181650423079885 0.284185616318413
0.344478579685471 0.20248718028855 0.201649829045979 0.192853493475334 0.058530917504666
0.374534843770527 0.111648537731287 0.0490395782164935 0.180377308949773 0.28439973133192
0.214623477625899 0.0642850912182674 0.179669195411186 0.250680720109655 0.290741515634993
0.283665647492845 0.238536762397905 0.0869381436671513 0.0990508753660778 0.291808571076021
0.17596225070461 0.199623086236058 0.00564547465234129 0.376198883453403 0.242570304953587
0.0344925981457377 0.0801352319373082 0.266830995646436 0.333355360114699 0.285185814155819
0.305942544109355 0.345618003599737 0.07817422226467 0.113434071716317 0.156831158309921
0.015831669367407 0.471714522773006 0.135078676677983 0.208481824051732 0.168893307129872
0.333884087686004 0.225943616508756 0.00821044411744102 0.245729343052119 0.186232508635681
0.20334430621836 0.247664801137806 0.162307127291383 0.205612251743199 0.181071513609253
0.318796326206107 0.114345690827927 0.156581045673875 0.0201197225036967 0.390157214788393
0.235782442670734 0.256599286246259 0.10836528352557 0.243769064172715 0.155483923384721
0.251935252354532 0.104044817926031 0.189406619742793 0.170966440719952 0.283646869256692
0.144165179415732 0.24452154380617 0.115159390635103 0.336253143914126 0.159900742228869
0.157788711230683 0.377547604743579 0.301385484743298 0.082400623983169 0.0808775752992713
0.226118770493248 0.164722770032448 0.228145418810417 0.159224648126318 0.221788392537569
0.483276558672746 0.24838752647227 0.0348252062080333 0.110905588113885 0.122605120533065
0.379918240246155 0.0695495349203656 0.363457939930831 0.00957751851270259 0.177496766389946
0.38462354733575 0.123339241239153 0.283757231410646 0.170968249816196 0.0373117301982544
0.105179136193478 0.0352502350337407 0.504029574139999 0.0898622150416102 0.265678839591173
0.019713700800463 0.0205402068801059 0.209199030398297 0.223521529310752 0.527025532610383
0.346551924380639 0.00396676580913944 0.313030500306008 0.235585552216699 0.100865257287514
0.226291601822216 0.153511270433165 0.123830045901365 0.238911171558488 0.257455910284766
0.27969584850851 0.250801312989688 0.201439915352317 0.0264687631436831 0.241594160005802
0.264311651172282 0.0483634450168057 0.321045392165194 0.283151251302709 0.0831282603430098
0.365264760442169 0.136670931656529 0.336914203445613 0.0341007833297226 0.127049321125967
0.167655238704609 0.174133980925924 0.0510090336543673 0.33507673635666 0.27212501035844
0.171865333128996 0.117812023760386 0.330061154758767 0.0729587727490599 0.30730271560279
0.174403375576111 0.230671406005655 0.0640366816511015 0.302512180132286 0.228376356634847
0.207581245734802 0.27745721345578 0.277551621026075 0.125135581557077 0.112274338226266
0.125621217489979 0.182974505243854 0.243500986397568 0.15162861575052 0.296274675118078
0.28143751823389 0.285656267557734 0.157720029418908 0.212375446093555 0.0628107386959131
0.232149520487481 0.20083468223551 0.120643399209059 0.336239913512367 0.110132484555583
0.109966840869917 0.260165386028682 0.260430476692517 0.262089777820493 0.107347518588391
0.170609782582091 0.180294908579176 0.379383826478669 0.147305537299624 0.12240594506044
0.13882034527279 0.211224600117558 0.315281276171144 0.115324036258522 0.219349742179985
0.174335863929945 0.0511441654479545 0.213656444228461 0.311910697740881 0.248952828652757
0.31388762802922 0.0876531136036808 0.0888278771456335 0.0699963155432133 0.439635065678253
0.186597009399968 0.27319887719931 0.238917582657509 0.0890141566160038 0.212272374127209
0.412114534477911 0.118181252827197 0.267225384056082 0.040089722342084 0.162389106296726
0.236232690879915 0.271278825017003 0.211826058652193 0.131854765902873 0.148807659548016
0.0769542973722915 0.271539971511056 0.239758471947671 0.187988858261872 0.223758400907109
0.0452705612002489 0.181462799266574 0.214138853895316 0.261287807044707 0.297839978593154
0.202125361699677 0.228305336094251 0.0503530072618849 0.200772537211288 0.318443757732899
0.154528762785854 0.198398016233983 0.216984125742692 0.223418210493431 0.206670884744039
0.138836723178157 0.259140212352903 0.106419856013242 0.357831605307884 0.137771603147814
0.249567310366776 0.189266595890245 0.246281365518639 0.0987239527113228 0.216160775513018
0.199580309813684 0.2997058855861 0.101406253457132 0.261623643804862 0.137683907338223
0.0125497432388865 0.313231403415654 0.121402690506195 0.27609408074757 0.276722082091694
0.390466488398336 0.214747636478972 0.00586195412357267 0.181299632630765 0.207624288368354
0.218310624260374 0.101408214730142 0.180318945817945 0.326653209587332 0.173309005604208
0.199864457614225 0.250363213538582 0.209968419789564 0.193253233957565 0.146550675100064
0.21375348521781 0.244204697186567 0.189814029280816 0.219732512759107 0.132495275555699
0.0423854584376714 0.44989395427288 0.0992065977109271 0.0390491930733401 0.369464796505181
0.199629063033413 0.00328185101190141 0.313797497267953 0.105479840003788 0.377811748682945
0.318431888124465 0.245266376934513 0.078515034746589 0.274155217335666 0.0836314828587671
0.208158610504873 0.284533323801989 0.036052287466883 0.35913010630103 0.112125671925225
0.18661485210493 0.23481894392042 0.135341162378325 0.226045057786475 0.21717998380985
0.176803132671236 0.0449277925492839 0.386174821435598 0.222227861037204 0.169866392306679
0.155379407441253 0.100379494641335 0.306456570008835 0.289296454605224 0.148488073303354
0.205316471042192 0.318190068453179 0.0710031790602949 0.0993051444598629 0.306185136984471
0.344795176840928 0.344283311453103 0.136429768498872 0.146120504320061 0.028371238887035
0.179447002612968 0.0772293046929073 0.284960142932986 0.149994014683299 0.30836953507784
0.390380456118756 0.225879043430312 0.0371126717824532 0.171783818577013 0.174844010091466
0.282658554109863 0.0811982876076331 0.253435557359089 0.247540956680236 0.135166644243179
0.225061779311094 0.126479718141964 0.324635023374143 0.121548405043671 0.202275074129129
0.321192566874169 0.058365983951494 0.223176294141747 0.034487616017555 0.362777539015036
0.142272638537319 0.177750643203217 0.343153039683025 0.288965128510862 0.0478585500655771
0.231875843196708 0.221546750796069 0.0700724571855155 0.159874259378809 0.316630689442898
0.215316829102013 0.188005859456476 0.0464297085853671 0.253568212140625 0.296679390715519
0.325729614524902 0.239847624725375 0.0218253727296909 0.134039173525205 0.278558214494826
0.20564115249423 0.479469073180094 0.0428400347783752 0.0400515702532785 0.231998169294022
0.443185267652627 0.0206158320227069 0.149434006348407 0.318462314607097 0.0683025793691621
0.162567021890944 0.016139154488085 0.321708717546071 0.109250723143432 0.390334382931468
0.226510185104756 0.308272213661981 0.0567687651645714 0.404440613390717 0.00400822267797438
0.0785679430299409 0.125615684845804 0.146702314982374 0.363417722283951 0.285696334857931
0.0858668733474346 0.345160011357831 0.265052726566097 0.0267284597070361 0.277191929021601
0.0323724346429683 0.414663754096156 0.195294959653073 0.195640611383996 0.162028240223807
0.138332354560083 0.345721135003644 0.120471620490815 0.297253789924056 0.0982211000214024
0.225566955082764 0.0799973721760413 0.306298253444466 0.337598237471541 0.0505391818251875
0.373069571625724 0.310909223332742 0.153271300604149 0.0292921563064632 0.133457748130922
0.195189859786515 0.291696750843637 0.169436706472675 0.310738865415923 0.0329378174812498
0.222270157467005 0.128500398555764 0.251408850765323 0.25098259368975 0.146837999522158
0.185069287115249 0.584467335143477 0.00415634680719751 0.02857529225417 0.197731738679906
0.219615003296248 0.118014324258761 0.322694911700287 0.00866969797042241 0.331006062774282
0.154871127788896 0.16529820883207 0.262497941684632 0.152415375666896 0.264917346027507
0.10117056522145 0.273862159444656 0.101334400500926 0.324594827390785 0.199038047442182
0.226952099981586 0.0803026378310041 0.231609716830368 0.0609244191326461 0.400211126224395
0.33997589133809 0.032598798174353 0.14017722361083 0.291194352416027 0.1960537344607
0.274780387719966 0.10791512043793 0.251624220732603 0.192189402136704 0.173490868972796
0.239549093467956 0.258230151770305 0.216143490707985 0.185925881204697 0.100151382849057
0.20073812432969 0.231289778368593 0.115993408892885 0.276024364525591 0.175954323883242
0.11991557124439 0.162011533895872 0.294649366814754 0.21786008608043 0.205563441964555
0.342776777345431 0.0644173212802142 0.189781081132801 0.119588589654041 0.283436230587514
0.0276361598321184 0.476931155748615 0.267905991982492 0.226239407609822 0.00128728482695279
0.136768878986994 0.255586731108014 0.098579396776875 0.303558806673286 0.205506186454831
0.123679605587154 0.204135845957862 0.147213952903092 0.345442320025412 0.17952827552648
0.0686962049003288 0.313257540983758 0.171688119028268 0.0890850428357926 0.357273092251853
0.181255015850868 0.00832242985471506 0.369105425440583 0.352206948979206 0.0891101798746278
0.200657433848466 0.134295404519901 0.229136690158664 0.325165219706813 0.110745251766157
0.299360578045144 0.15342069427686 0.221101626599386 0.0522763279555815 0.273840773123028
0.320474019125746 0.242034029095302 0.0961137537588631 0.147113866839817 0.194264331180272
0.0638687665720048 0.0211835774171172 0.274374664193201 0.344618092129559 0.295954899688118
0.0711809602178066 0.0125981288105449 0.0868426246979787 0.144104200795761 0.685274085477908
0.175697782663294 0.194338849557042 0.182611167634473 0.121311556491861 0.32604064365333
0.218260126527326 0.157711945516861 0.22252658816824 0.199479341935419 0.202021997852154
0.356306317313481 0.100431241124402 0.038481462983612 0.249864632394201 0.254916346184304
0.233981717878835 0.258632795968529 0.155127979074786 0.0969638789746307 0.255293628103219
0.213027062204579 0.328893492407747 0.174897387252196 0.236818364962207 0.0463636931732702
0.042286559727241 0.136135400089866 0.159927047906255 0.293709344191897 0.367941648084742
0.247653544469891 0.189969506536282 0.344483953390412 0.164422116152129 0.0534708794512861
0.0663727041215831 0.385443998444226 0.217256591955644 0.0951215379575376 0.235805167521009
0.209070113955058 0.252933506861667 0.163320646228674 0.127750832108241 0.24692490084636
0.318483174902453 0.214327204111184 0.330768486369769 0.0919462512412568 0.0444748833753376
0.250274506054548 4.78499603174764e-05 0.179413661756171 0.243509325044499 0.326754657184465
0.150098294604834 0.241601235918552 0.243137068104896 0.126331377461513 0.238832023910205
0.0956162301392871 0.275016804637303 0.303800315598139 0.203595151518046 0.121971498107224
0.147485768860622 0.254203517433016 0.174830218621169 0.177037827942604 0.246442667142589
0.266600116150995 0.306104679652024 0.0315986922472532 0.0959322090724351 0.299764302877292
0.232114527051006 0.348769211076764 0.103056302350209 0.273608652601238 0.0424513069207833
0.288026996168552 0.191050069136433 0.177097767398692 0.231691640064287 0.112133527232036
0.14560829638819 0.238915811874908 0.0541120594649225 0.166962593119077 0.394401239152902
0.164103780447419 0.0182004352546168 0.247897207333129 0.303103473694376 0.266695103270459
0.246690872334108 0.0387093926461261 0.0493352389872592 0.4135767072236 0.251687788808907
0.377322953597933 0.159597941451724 0.169887480546781 0.254401698861871 0.0387899255416904
0.0691557895797783 0.248621025879738 0.324334495998554 0.20587065183098 0.152018036710949
0.403385996334897 0.155624778582068 0.00662940053048714 0.285024877427177 0.149334947125372
0.0639961526352932 0.2783142169731 0.427512842328073 0.212711023728283 0.0174657643352512
0.0902659595577658 0.270472203202614 0.290124051023477 0.179904993508979 0.169232792707164
0.0757893480047746 0.241682528619365 0.392363635120412 0.0880265074055778 0.20213798084987
0.0565275068342157 0.631161756591457 0.0140361278717971 0.0520564228489801 0.24621818585355
0.171203905779882 0.089231604605634 0.202244449179366 0.261702949883323 0.275617090551795
0.211120176625614 0.0404816666353574 0.245857836270273 0.428822037353371 0.073718283115384
0.27791077363979 0.109777486859654 0.0942220729568862 0.35661832854243 0.16147133800124
0.146419412692872 0.165057932813803 0.205376422748023 0.266036653043242 0.21710957870206
0.128828548605223 0.166051372713621 0.267357204320021 0.401108099789026 0.0366547745721094
0.180980564003902 0.15905293816611 0.289176379090027 0.139894448495876 0.230895670244085
0.221650337352206 0.357719270623772 0.0239537082843861 0.0858415441324686 0.310835139607168
0.0467679367166724 0.0555637163580648 0.307240969244823 0.333781132374611 0.256646245305829
0.309157643188085 0.225100772274788 0.336440581765485 0.0281173427531752 0.101183660018467
0.052077453456636 0.0523646560662717 0.230547986077887 0.444658241067788 0.220351663331418
0.0716648702506978 0.498445469493685 0.0855385992068786 0.228903427303689 0.115447633745049
0.257298488931542 0.216077270724343 0.038064632813313 0.215145940772438 0.273413666758364
0.0825895759383122 0.252039025924009 0.116771158211222 0.276987905406241 0.271612334520216
0.211004459125457 0.375047090603857 0.376585345473797 0.0160696835193123 0.0212934212775776
0.191268885203011 0.288419193676307 0.134094538502362 0.251909784918218 0.134307597700102
0.0798716208918862 0.163464131139276 0.261197009743198 0.363241361007643 0.132225877217997
0.240431913363656 0.220542553154462 0.0865362981898954 0.290310305902265 0.162178929389722
0.221530989516344 0.236095331903531 0.0867900060728331 0.167166141100059 0.288417531407233
0.177141336106786 0.356680931329415 0.0611677326119155 0.207439310485108 0.197570689466777
0.0648749913798141 0.261489459410136 0.0316325063284455 0.355551712298815 0.286451330582789
0.0350821837437677 0.196942449552002 0.327646531263443 0.19424420547934 0.246084629961447
0.131293067747401 0.125099465102521 0.283191209062176 0.212673697339491 0.24774256074841
0.215917905188321 0.224999258290829 0.329295717622209 0.0406065422652065 0.189180576633434
0.332082570656369 0.0140214418747632 0.0562649961865951 0.351783156387032 0.245847834895241
0.25111989395776 0.139192047962915 0.160991862782612 0.221537398519051 0.227158796777662
0.0722488671910534 0.183727484782204 0.393509231270846 0.283141891307084 0.0673725254488123
0.354192858655631 0.0377538967869181 0.222610693048079 0.215979316024481 0.169463235484891
0.157206145548361 0.289089014189234 0.32982277030098 0.00460289216688085 0.219279177794543
0.159424053233408 0.00234590510958946 0.325866418425546 0.294569372579777 0.217794250651679
0.248172008656068 0.0354370855694651 0.217089629906232 0.294985705467744 0.204315570400491
0.0163565493551296 0.285943859975385 0.10232156722281 0.30384694451404 0.291531078932636
0.163959046371261 0.256501629705732 0.263100832138294 0.316086071631906 0.000352420152806086
0.176930525366384 0.428442811684016 0.0894248122353599 0.249148307501659 0.0560535432125813
0.307500824131286 0.0952138474632179 0.156785789994571 0.253753357455586 0.186746180955339
0.220955616503813 0.211977778555704 0.181746362862799 0.154359774350657 0.230960467727027
0.255708338916116 0.126788859508326 0.438471096464565 0.0180794126612309 0.160952292449762
0.044452217390702 0.35571084559324 0.348187956321856 0.0996828779248954 0.151966102769307
0.322923862426399 0.144657722537801 0.0686881411377042 0.402897219132816 0.060833054765279
0.192430151430299 0.143497556041131 0.27120397909821 0.176195909668545 0.216672403761814
0.283427059553772 0.143786275203162 0.180434343103753 0.262461481906691 0.129890840232621
0.0170053005232226 0.481659128481439 0.43756245397142 0.0627107707864703 0.00106234623744863
0.00224357733773314 0.332060721771667 0.342779331144817 0.0715934359047795 0.251322933841003
0.192409533996355 0.210686447816125 0.223739317925354 0.177451948468258 0.195712751793908
0.0343865959342052 0.183259654258263 0.268745675537534 0.348940638444807 0.16466743582519
0.177726301482858 0.330514417602637 0.139463017401195 0.0634278325184059 0.288868430994904
0.194777650256817 0.118891917214183 0.23361494272824 0.100023091166326 0.352692398634434
0.280998243647936 0.074534010280058 0.122228941213623 0.260018784280853 0.26222002057753
0.0180233567996986 0.29665553636749 0.244426258806451 0.16215892235885 0.27873592566751
0.246403187666261 0.0169574014414805 0.0698231965267472 0.600387969083026 0.0664282452824852
0.0122858509578185 0.122015977249065 0.037422790514371 0.499738704186325 0.32853667709242
0.0250143750077349 0.0252241194084009 0.377853022388649 0.320537168274707 0.251371314920508
0.169733324626625 0.20809843447356 0.231748719451571 0.256747395698213 0.133672125750031
0.302811076751201 0.140718886854635 0.0840264194609012 0.173869300927654 0.298574316005608
0.224405071787458 0.2217841222926 0.199452937678655 0.17657722865778 0.177780639583508
0.0279267393981209 0.590229312073208 0.0343114769641805 0.22950371715056 0.118028754413931
0.0480198714649906 0.387285657696977 0.0444809127618752 0.24378998800138 0.276423570074777
0.206845316188373 0.0387146856386928 0.249649387231078 0.149282721113789 0.355507889828067
0.0978400841918524 0.148540303623876 0.259961875669814 0.233055544764322 0.260602191750135
0.273309248941733 0.273728365122508 0.126408151007445 0.264505026427687 0.0620492085006268
0.295749226916492 0.115261142909241 0.286033895904976 0.165391911894316 0.137563822374974
0.158575404215822 0.114571955880119 0.278287709378592 0.210892222399393 0.237672708126074
0.0872260824474047 0.224710279101191 0.267854524600414 0.158736916709257 0.261472197141733
0.10374388017394 0.215219603486653 0.0213574667541934 0.201885023094409 0.457794026490805
0.283066190113917 0.0108641036466709 0.226828644957218 0.33005140082413 0.149189660458064
0.234000340017871 0.125245083334838 0.125496768403011 0.26331562510162 0.251942183142659
0.218401393954129 0.313666419779028 0.346369845684035 0.0067380659980256 0.114824274584783
0.130208899250615 0.116726914862103 0.100205950950945 0.286943218242319 0.365915016694018
0.301788944790532 0.313456410157784 0.117732011362576 0.247147096667332 0.0198755370217754
0.31406951837889 0.073171983938524 0.152790840665279 0.341778525656151 0.118189131361156
0.345365001671321 0.26929216886518 0.0834897906220379 0.274878031854684 0.0269750069867771
0.0114783462454118 0.356937646216334 0.246204607447052 0.153663237370302 0.2317161627209
0.00447649512490709 0.276641070412794 0.37574687933148 0.120054358935077 0.223081196195741
0.000556056730433418 0.214482646302715 0.284054566840769 0.259759417072716 0.241147313053366
0.276466195677604 0.14957733827995 0.0407161526978428 0.281684537353012 0.251555775991591
0.0349058253599424 0.394508435930939 0.0786478679366943 0.41408541438586 0.0778524563865643
0.154707481917943 0.280932842695743 0.27999706064369 0.266599305480589 0.0177633092620355
0.209109459314108 0.201431666820952 0.119148580744141 0.180333268892917 0.289977024227883
0.15499427907851 0.166641344310288 0.412896983462349 0.201773136963694 0.0636942561851593
0.0626410867610973 0.190382133372851 0.420859014481682 0.183564110059719 0.142553655324651
0.273540013420199 0.232322400211161 0.124434654525094 0.247593954965175 0.122108976878372
0.0394918916942974 0.0915889787378701 0.606182302510509 0.00510636944682669 0.257630457610497
0.139246828508819 0.223997792541204 0.393892197102709 0.0096951013160614 0.233168080531207
0.0564894504920513 0.119091208277542 0.394342562646923 0.0546213392662302 0.375455439317254
0.284883165788737 0.286212442591978 0.15836580792072 0.131005551928289 0.139533031770277
0.263050979428608 0.17227586584885 0.163355741609942 0.0716242067352575 0.329693206377343
0.266148345221446 0.329790482810244 0.103077863510218 0.29724001169873 0.00374329675936156
0.0907426151068979 0.0529195114320932 0.239680580251076 0.257301455336433 0.3593558378735
0.120839534903562 0.0315245086429307 0.223633570920135 0.00712019857770505 0.616882186955667
0.106291440238922 0.190168494955129 0.157347574575606 0.299032877055312 0.247159613175032
0.124583280648581 0.328372484284883 0.324268572666474 0.0815931156995943 0.141182546700467
0.264786353665592 0.175419606432009 0.250035994711163 0.13874532648057 0.171012718710666
0.187778859682954 0.151200077969093 0.310282833760296 0.255485859617093 0.0952523689705644
0.358381598455403 0.0215230247714168 0.282479927431 0.0216094264173324 0.316006022924848
0.0892868593422898 0.0378414393890887 0.389985091509918 0.217457093482695 0.265429516276009
0.468027844350828 0.312646548430959 0.077202727531891 0.105624585126694 0.0364982945596289
0.301259721197594 0.189371302912478 0.173421925225464 0.216505571458813 0.119441479205651
0.224220902992966 0.39426013164043 0.103425164208485 0.262509893016963 0.0155839081411559
0.0309527911739343 0.261286861041305 0.18981603148061 0.231937664904925 0.286006651399226
0.118324312186307 0.168314472726646 0.215337215754153 0.119999303261326 0.378024696071568
0.234143312361845 0.261526691674744 0.226632909680291 0.165719865237039 0.111977221046082
0.329754993998076 0.135066131920066 0.0456851967598862 0.144380181171379 0.345113496150593
0.0626886137813928 0.240472984615512 0.31562625431926 0.213975052378799 0.167237094905037
0.149893171443472 0.355143711580777 0.0439654805127815 0.227986823954375 0.223010812508594
0.288835792217665 0.279481254576671 0.298494960728572 0.0624030909587937 0.0707849015182982
0.0088174654790828 0.342795093448946 0.0560053836484681 0.282888218450186 0.309493838973318
0.0492576952314965 0.251751604778858 0.217128616145239 0.331062130695525 0.150799953148882
0.263335556959221 0.107998402416389 0.219145440375314 0.182348685563963 0.227171914685114
0.0726964444099425 0.23172206791378 0.441746108333795 0.089007986314427 0.164827393028055
0.183471015806963 0.283910382147592 0.151736726459933 0.0145788142194145 0.366303061366097
0.244655864177757 0.143417758249453 0.246001626791154 0.152131968532192 0.213792782249443
0.168511913560299 0.144560024401481 0.142408943262076 0.250660211630764 0.29385890714538
0.200693590807597 0.26206989824283 0.0566408923857395 0.237241386551531 0.243354232012303
0.342375820065566 0.348288257690334 0.0573658880594244 0.0542934900377199 0.197676544146956
0.270021874390722 0.0112258303861804 0.0581815430802705 0.537531546835493 0.123039205307334
