0.232120950319875 0.46242788324381 0.238669516202627 0.0667816502336871
0.303789853041353 0.194971230043669 0.359489690750871 0.141749226164107
0.000643097076957241 0.236842171431681 0.330826934210626 0.431687797280736
0.338101558921588 0.378651720176315 0.00844336717850451 0.274803353723592
0.0619762539079759 0.212094614874111 0.352303026965805 0.373626104252107
0.383024474731375 0.076760324502325 0.437300079990787 0.102915120775513
0.102656651314597 0.509757883795887 0.25533844004811 0.132247024841407
0.299290686416851 0.2936365178022 0.118952830291144 0.288119965489805
0.142796586536968 0.121164060082136 0.377852282459203 0.358187070921692
0.303125423061159 0.15443187102707 0.418810280533145 0.123632425378627
0.0106117331633528 0.472683578622939 0.108458107730696 0.408246580483012
0.0618496783514776 0.485158244042571 0.367988964670829 0.085003112935122
0.362170378290719 0.218916841520731 0.276163184975455 0.142749595213095
0.152254912051023 0.0907917549447113 0.263106879124094 0.493846453880171
0.454853271640103 0.210566380104967 0.204828166713928 0.129752181541002
0.0850413198366312 0.412683611857761 0.448307090187559 0.0539679781180493
0.222089418151762 0.30332483291843 0.222055955052649 0.252529793877159
0.221197447073719 0.223766432404213 0.269461390461798 0.28557473006027
0.366651877433109 0.294514346210295 0.246314700725896 0.0925190756306994
0.130314151475795 0.314439207702807 0.135470105981089 0.419776534840309
0.303416013212532 0.327863623328237 0.266485933090609 0.102234430368622
0.333110231082882 0.316688048315978 0.0196891859777315 0.330512534623409
0.566177690117069 0.202448111613336 0.220270420600263 0.0111037776693321
0.308550316932563 0.175946593471992 0.459612640600747 0.0558904489946984
0.290145911889979 0.328274376021587 0.0627198954186514 0.318859816669782
0.684241612966018 0.159740774220843 0.0419530283969986 0.114064584416141
0.121154986025365 0.160739351823116 0.319868746653812 0.398236915497707
0.536030498796267 0.0113473599325559 0.00442903127180406 0.448193109999373
0.0368405229717811 0.547340694823548 0.286675317217962 0.129143464986709
0.181221230563032 0.40760221115882 0.380401202744964 0.0307753555331845
0.286065630355581 0.294234478174211 0.0235165426652395 0.396183348804969
0.243195518786776 0.174951183254731 0.181807118437958 0.400046179520535
0.0179372133819513 0.469085668799955 0.316704583871431 0.196272533946663
0.304771676999323 0.354612246988964 0.105912850458889 0.234703225552824
0.303174678168163 0.258874808504306 0.101497989111288 0.336452524216243
0.426325375437103 0.244440555647669 0.182037889923664 0.147196178991564
0.349102310864916 0.213174430980496 0.377617598622336 0.0601056595322524
0.31635316289509 0.291759353917679 0.27694679082565 0.114940692361581
0.14374118059472 0.309588260935085 0.319244307524371 0.227426250945825
0.488208930088447 0.109381501572878 0.0558691553433543 0.34654041299532
0.0447450009002521 0.47623133375003 0.332569681226464 0.146453984123254
0.312738406217233 0.309843987817916 0.139843151985073 0.237574453979778
0.420945467626503 0.35220688563639 0.126795409309945 0.100052237427162
0.389123688424698 0.158125369361884 0.180173727117361 0.272577215096058
0.207629816506841 0.212697450033347 0.446250124714895 0.133422608744917
0.351851085440932 0.178880623850302 0.304124538532731 0.165143752176035
0.353172987426113 0.117570911353004 0.493661572958807 0.0355945282620762
0.0965324339932643 0.0394453876720885 0.154661533770153 0.709360644564495
0.147951696936979 0.436786414817447 0.261454508787363 0.153807379458211
0.134282147671705 0.0466554319156356 0.198685194788562 0.620377225624098
0.359311497735039 0.307293794065529 0.10787045438558 0.225524253813852
0.252784430621487 0.317914817806198 0.0935986390570715 0.335702112515243
0.069476517597085 0.116911058207605 0.221761791145456 0.591850633049853
0.240155065689195 0.294008679239919 0.323441128694754 0.142395126376132
0.312529329391128 0.0304554198250978 0.435170672940823 0.221844577842951
0.150142428021454 0.259966139330845 0.00847380750903259 0.581417625138669
0.227578208770628 0.358498138751719 0.297520720658826 0.116402931818827
0.121795252920331 0.289090223100115 0.295339563722753 0.293774960256801
0.264171042587812 0.221766110510989 0.457162465984636 0.0569003809165631
0.0445143045907349 0.0626327595779425 0.330315351747445 0.562537584083877
0.270957145368765 0.355537211591013 0.283827328368204 0.0896783146720173
0.258967250324073 0.297385138261885 0.259180142516881 0.184467468897161
0.376232691373969 0.0715261396230514 0.124724449962323 0.427516719040657
0.211320248036399 0.176034200595755 0.204447653752409 0.408197897615438
0.27981575124476 0.265831008906236 0.37885599389847 0.0754972459505329
0.417413037326892 0.166997588801036 0.0184846767756287 0.397104697096444
0.0945021442084947 0.495341061922148 0.345751931032171 0.0644048628371866
0.788236662838877 0.0104405223633872 0.0704470921796442 0.130875722618092
0.163841535734185 0.373746974833426 0.460274293451526 0.00213719598086336
0.189536080615699 0.284315107595907 0.420291024129631 0.105857787658763
0.286109874153877 0.277116453570308 0.0489154873680028 0.387858184907813
0.367454222780444 0.240596466787795 0.316598890803016 0.0753504196287448
0.277177475982222 0.344352728487108 0.259065302278358 0.119404493252312
0.190493690068259 0.319152066787685 0.260641404988541 0.229712838155516
0.306762992112652 0.164219369821934 0.264909881865848 0.264107756199567
0.345663106792349 0.238616215967599 0.0926075689809499 0.323113108259102
0.20348611550127 0.521159308641793 0.27474527733707 0.000609298519867503
0.319777218109653 0.152338985638271 0.353200022263953 0.174683773988123
0.0875660683083018 0.0523767144684506 0.150398330757452 0.709658886465796
0.286503613371864 0.382976450781599 0.329537663124918 0.00098227272161938
0.218942802087044 0.322027370663592 0.255905621344361 0.203124205905002
0.31091326996952 0.157456161049364 0.400336324305384 0.131294244675733
0.253076207964512 0.376868703393615 0.0141537881551336 0.355901300486739
0.1980276040962 0.30261038051058 0.0953062433955887 0.404055771997631
0.308324457895669 0.328668122664534 0.331567381692559 0.0314400377472388
0.0598642471545257 0.125177532345898 0.219620246357926 0.59533797414165
0.258927102669332 0.0212160479313184 0.318661926755146 0.401194922644203
0.162810805550705 0.276061253010399 0.0859491769362737 0.475178764502622
0.268470199685043 0.534163363241751 0.189224785377646 0.00814165169556046
0.304853520970162 0.268431881417709 0.199111033455149 0.22760356415698
0.0247015982784122 0.299751587346255 0.390498851698958 0.285047962676375
0.266019992543214 0.441121682784956 0.0785314264158882 0.214326898255941
0.315177186743461 0.112941128371499 0.282289818350941 0.289591866534099
0.137539388756812 0.253789139183024 0.240816422074269 0.367855049985895
0.242394208450951 0.387325062837367 0.15101615689021 0.219264571821472
0.347986908940214 0.1463147804162 0.280743879155541 0.224954431488045
0.18476536446129 0.400945258110638 0.239474870892697 0.174814506535376
0.124487271363796 0.344605878538658 0.435515766164474 0.0953910839330719
0.282790891919505 0.236463629029064 0.258286262213045 0.222459216838386
0.38239100120195 0.299856856677425 0.173501866258445 0.14425027586218
