0.176370767877131 0.327328159397664 0.272208779816459 0.224092292908746
0.411675395422816 0.0532577911096669 0.422841872146589 0.112224941320928
0.47843458635054 0.171788217039603 0.299532326871219 0.0502448697386387
0.451311179447842 0.240033832494247 0.172011111781722 0.136643876276189
0.258868212335992 0.377882640072906 0.116630762351322 0.24661838523978
0.265349883131512 0.0862862495686909 0.425199585559913 0.223164281739885
0.343246544797737 0.307827294804296 0.25015200465873 0.0987741557392359
0.313687566203705 0.0916346523581986 0.495731640724451 0.0989461407136457
0.396650579284548 0.126454459576706 0.119952001202905 0.356942959935842
0.227273503066406 0.255221083753946 0.222118122713733 0.295387290465914
0.280849900567881 0.051925704888125 0.318898781861446 0.348325612682548
0.297074134478797 0.28218207801549 0.264567781775396 0.156176005730317
0.337187397333176 0.237695405027186 0.0687269015728068 0.356390296066831
0.358688887491139 0.176524758867771 0.0854106360573951 0.379375717583696
0.309093436337412 0.0192639895768538 0.243063745612408 0.428578828473326
0.0648809759392202 0.234286228066588 0.608526350036098 0.0923064459580935
0.295919727970721 0.0122243710424569 0.0581880916425006 0.633667809344321
0.0917595095672202 0.277551281844685 0.376694083260118 0.253995125327977
0.227892017372181 0.237780474420009 0.346968233545242 0.187359274662568
0.127783059972735 0.483527296512658 0.292904758998624 0.0957848845159829
0.0284996611073423 0.11522580835293 0.42719230092226 0.429082229617467
0.292496373804448 0.268328570878326 0.0658284055093266 0.3733466498079
0.0358865542646438 0.306852267289114 0.397754303282001 0.259506875164241
0.155765560606696 0.228887089702906 0.309817395091851 0.305529954598547
0.377845164373631 0.280262636621999 0.287030701519144 0.0548614974852258
0.0987596958800918 0.434048897988995 0.132547208428727 0.334644197702187
0.312981317256316 0.117383737656469 0.286566473160973 0.283068471926242
0.449280105977739 0.0613857970236763 0.359384492014826 0.129949604983758
0.0730139771626311 0.0474443183100557 0.0574274468251434 0.82211425770217
0.0520128438130922 0.232588827512516 0.364192503609143 0.351205825065249
0.109624051542487 0.467721753470894 0.015482689386626 0.407171505599993
0.440195786607014 0.422522999241659 0.122163637063922 0.015117577087405
0.422870594245501 0.177923017661274 0.340012663528471 0.0591937245647546
0.331974340404933 0.344672433449605 0.251208745483057 0.072144480662404
0.20338586326645 0.232071640722177 0.275227962450737 0.289314533560636
0.259434807550123 0.375841075508588 0.26365143815078 0.101072678790509
0.26759178295458 0.397838068784917 0.177796149097545 0.156773999162958
0.193834661083919 0.347184942712739 0.362021582675433 0.0969588135279096
0.409127919952288 0.251211161483441 0.281655121402819 0.0580057971614518
0.260642074695998 0.419065151559674 0.296610320869474 0.0236824528748541
0.217975159521225 0.309174840645271 0.19443866342037 0.278411336413134
0.083510666784624 0.176978555399176 0.307994058810383 0.431516719005818
0.314347274471961 0.231457366114806 0.159081823121952 0.29511353629128
0.0623651708866668 0.0846608062684048 0.435449820020739 0.41752420282419
0.577206063769157 0.0930208707552301 0.228046912439587 0.101726153036026
0.561151826140949 0.0792933062419833 0.281996355813421 0.0775585118036464
0.267568458334867 0.331145877436617 0.164371821737269 0.236913842491248
0.47423730336524 0.34091063331581 0.139801946524862 0.0450501167940884
0.408514874279848 0.164335389048508 0.0189368093071095 0.408212927364535
0.209895732838347 0.325116408336912 0.145894489073115 0.319093369751626
0.157717673118269 0.150178285786923 0.218862123933417 0.47324191716139
0.0734146603357787 0.135919132622197 0.418963826721621 0.371702380320403
0.121902164496296 0.47566581956999 0.00346146146523088 0.398970554468484
0.425488969703653 0.267073701389722 0.0465720721788078 0.260865256727817
0.426453460419182 0.227978577137121 0.147249531782896 0.198318430660801
0.207921504688529 0.312705242225392 0.212116046095893 0.267257206990186
0.458010405909827 0.160454227393537 0.0513577145070875 0.330177652189549
0.347022910286877 0.0843906272614169 0.276365296325117 0.292221166126589
0.29567322025198 0.304171428028274 0.105194943634114 0.294960408085632
0.332392560980783 0.0971457718464742 0.351843696289512 0.218617970883231
0.359114663903451 0.0547080621380303 0.0805204054280261 0.505656868530492
0.242956204426122 0.235671778512719 0.160341190539725 0.361030826521433
0.0679311957664727 0.428884647333474 0.192430087576917 0.310754069323136
0.05732745119101 0.367448485593253 0.107056498908679 0.468167564307058
0.00259640890407982 0.375441233482466 0.393768990118123 0.228193367495331
0.222621316984861 0.0888071064981637 0.56263554879772 0.125936027719255
0.257898016567857 0.023923161340222 0.323825290586938 0.394353531504983
0.245738094963294 0.258103875616563 0.213927564828324 0.282230464591819
0.068360285269743 0.275801135791058 0.411868098165434 0.243970480773765
0.0807254840797048 0.0971696407949368 0.328929388361222 0.493175486764136
0.295774147251796 0.16593367364861 0.44118652322926 0.0971056558703346
0.409592675727988 0.494173755295708 0.0731183028273936 0.02311526614891
0.365710520130084 0.0785247625998897 0.306502445340361 0.249262271929666
0.391111766633854 0.0522324110433587 0.437298076602529 0.119357745720258
0.227087018175897 0.388405624150467 0.0866492741985102 0.297858083475125
0.274102304963862 0.0116958866283441 0.351131996118873 0.363069812288921
0.443361875345505 0.407129133763235 0.10777380784546 0.0417351830458001
0.272130455492922 0.228231955880947 0.268326587989417 0.231311000636714
0.724107010952813 0.155266866463243 0.00930335065076216 0.111322771933182
0.282015096263838 0.201772309906036 0.306825003649878 0.209387590180248
0.144348379994367 0.0939178871838231 0.527840033520173 0.233893699301637
0.102721707464794 0.329275537272471 0.372179383445327 0.195823371817407
0.198744392861614 0.336135073450203 0.209888122292578 0.255232411395605
0.196077933237876 0.204344407810313 0.327305970932647 0.272271688019163
0.287903255791518 0.147308119859288 0.133356967178315 0.431431657170879
0.224376557816578 0.394995059049901 0.176777267023276 0.203851116110244
0.166041201809153 0.364502667607728 0.386422285118756 0.0830338454643631
0.0455404959147745 0.283528623429208 0.328194719299577 0.34273616135644
0.514657630993828 0.358639015364275 0.111360689185367 0.0153426644565298
0.0613162395520984 0.358208567508357 0.216726995642148 0.363748197297397
0.250644998784971 0.0677762073417436 0.357143128113144 0.324435665760141
0.348572279642033 0.318446515592617 0.2119723795303 0.121008825235049
0.268626321765425 0.422321520011302 0.106550464970403 0.20250169325287
0.0456098206526164 0.0163184112318851 0.576744938926443 0.361326829189055
0.481392067631772 0.0569562258863198 0.441224529730068 0.0204271767518402
0.00675152534423276 0.244061173395688 0.295755223042142 0.453432078217937
0.264940217533206 0.230733315215275 0.273313529972443 0.231012937279076
0.176354485847055 0.0933871915274089 0.290688741279878 0.439569581345658
0.292136243341982 0.391688582942475 0.00734577334088296 0.30882940037466
0.198373263887657 0.484040118815047 0.276310715994563 0.0412759013027334
0.0552300224212169 0.0184196398829227 0.428296395067393 0.498053942628468
0.211962665767926 0.0270731178349138 0.42615140683996 0.3348128095572
0.0314452577189992 0.414157956306468 0.412794741968071 0.141602044006461
0.254449267758223 0.479603943111934 0.246668946221904 0.0192778429079381
0.315136423321275 0.272849131717876 0.169652832200156 0.242361612760693
0.264991534910031 0.278335148280775 0.137008368518613 0.319664948290581
0.369970875654231 0.225358354996612 0.26241335536085 0.142257413988307
0.57001968133421 0.0632441244939472 0.026263731862376 0.340472462309467
0.233227624152861 0.266119265468177 0.0200334452771321 0.480619665101831
0.310540584147239 0.286673289588881 0.351057357923698 0.0517287683401821
0.221510414927977 0.283947469765755 0.16808053854776 0.326461576758508
0.266532109768554 0.284522680618642 0.193913887225582 0.255031322387221
0.211136571521458 0.085781856048001 0.697251804248136 0.00582976818240556
0.0284102158922945 0.408693303354933 0.336086290706395 0.226810190046377
0.311068331661623 0.484118251362812 0.0540756746216865 0.150737742353878
0.534214949310224 0.0774479287149583 0.0840424350642848 0.304294686910533
0.24160969977728 0.316905332351125 0.0109495098037785 0.430535458067816
0.593753945954606 0.167699945204889 0.0051533247761019 0.233392784064403
0.373372945779882 0.285419814688863 0.179568312384547 0.161638927146709
0.0878239822021115 0.397290796998172 0.320589021165289 0.194296199634428
0.384855161465831 0.248738961933408 0.271556973580951 0.0948489030198098
0.0914387650861057 0.362298527923892 0.132742196291497 0.413520510698505
0.366284261079187 0.207079638407136 0.082931357200004 0.343704743313673
0.24439680618321 0.168777798034184 0.339380297925744 0.247445097856862
0.182995772896848 0.438519706916762 0.0810112279738568 0.297473292212533
0.0711095108459854 0.367311486743069 0.361641346298058 0.199937656112887
0.44989529553868 0.178497611370673 0.358642649456477 0.0129644436341699
0.442331551053445 0.0186987966678917 0.470321135243534 0.0686485170351293
0.21661315481819 0.3914654880014 0.361226886293363 0.0306944708870481
0.419052111526899 0.0961217304747636 0.444800074965376 0.0400260830329608
0.0556480147751134 0.555419682637905 0.0172368320538232 0.371695470533158
0.270054615289178 0.398383497310289 0.18845083208062 0.143111055319913
0.222339964509676 0.212257225567404 0.364183456775065 0.201219353147855
0.101060947008997 0.297688664089278 0.576391734250533 0.0248586546511915
0.411805159754856 0.193042897995361 0.104934469137686 0.290217473112097
0.121715446783649 0.320680400643534 0.326409381893621 0.231194770679196
0.409871293385973 0.228370304456329 0.0987780503817091 0.262980351775989
0.194855949837959 0.0667987755608249 0.354019213779864 0.384326060821353
0.374808757478493 0.403951600832282 0.157330136667748 0.063909505021476
0.563047447495096 0.0120740100479677 0.0997298389891906 0.325148703467746
0.29346417655492 0.309859329425035 0.35309873276452 0.0435777612555242
0.377146362325579 0.0710774861039659 0.309201361634132 0.242574789936324
0.114238049764643 0.087534863334848 0.509190852868242 0.289036234032267
0.0436551433253612 0.471008642782371 0.0763660035024404 0.408970210389828
0.0667149358705908 0.245955509568307 0.0763047382638878 0.611024816297214
0.283189418930718 0.397538902525523 0.109771759514938 0.20949991902882
0.280185609266512 0.444998898738921 0.228846360410988 0.0459691315835786
0.0450050214453664 0.343666188193423 0.0911476874979276 0.520181102863283
0.0156721555351405 0.12186113974617 0.500169791444081 0.362296913274608
0.058971729042852 0.450838799423232 0.171039575611859 0.319149895922057
0.746345861302082 0.0786233572238576 0.00264962310978781 0.172381158364272
0.316765084408231 0.241368914435724 0.0574878482931713 0.384378152862873
0.116980658996407 0.344840009575539 0.28910378277478 0.249075548653274
0.40960311519394 0.0968429295647734 0.400740799230359 0.0928131560109266
0.238948518930908 0.0835530157184429 0.15074536672766 0.52675309862299
0.180972381612646 0.127558225248978 0.182881895957021 0.508587497181355
0.453499500501038 0.268149615790453 0.0254374844709046 0.252913399237604
0.320597182615858 0.242841467738957 0.216508276228044 0.220053073417141
0.326859087083268 0.131603908610956 0.421162384627829 0.120374619677947
0.296552703050052 0.284741398269176 0.214918962878312 0.20378693580246
0.412271175327748 0.0401147478531573 0.188998485938021 0.358615590881073
0.191072604557477 0.234561030388075 0.309681032138678 0.264685332915771
0.252751276767646 0.0326557883398147 0.488130880194629 0.22646205469791
0.354907763774315 0.112702130000367 0.437312474255188 0.0950776319701304
0.496093643122403 0.0684809544391631 0.0962441853978139 0.33918121704062
0.1256006617213 0.451380855702829 0.0215231418281984 0.401495340747672
0.249266295881395 0.449232592987788 0.134180588797264 0.167320522333553
0.109021288889304 0.60374371566825 0.100765553872201 0.186469441570244
0.35035633053913 0.240217952968955 0.207993482225276 0.201432234266639
0.48890137638283 0.35072128359871 0.00548246236211537 0.154894877656345
0.490996972348026 0.342847663724196 0.10523603417901 0.0609193297487684
0.192650619065686 0.208383137166919 0.415622109684726 0.183344134082668
0.0698122882623345 0.467488214089336 0.177726461629667 0.284973036018662
0.423450581058508 0.13568212986669 0.0671264690324753 0.373740820042327
0.0292298269429568 0.135031969928974 0.490031093599408 0.345707109528662
0.190376811560505 0.103608172106612 0.405389861051146 0.300625155281737
0.481299601627808 0.248865716556649 0.148796794776765 0.121037887038777
0.561813669034627 0.262926914003982 0.0114775747797886 0.163781842181602
0.299237726365656 0.255014352627008 0.161541034702351 0.284206886304986
0.0100815646349967 0.125728601460195 0.40047321979483 0.463716614109979
0.135446019680412 0.613787427975433 0.0188143380845162 0.231952214259639
0.148450063373836 0.0662188230261697 0.600506938136123 0.184824175463871
0.0598410227269553 0.318099842142802 0.285248344923566 0.336810790206677
0.23335285183435 0.0556355706098921 0.357794446611854 0.353217130943904
0.341513405821813 0.0134370005013883 0.310257310808046 0.334792282868752
0.305520467041783 0.21211986986268 0.30225174970441 0.180107913391126
0.387062621663522 0.143111689714279 0.39423547021191 0.0755902184102887
0.141466262983279 0.478634748028836 0.230006356435196 0.149892632552689
0.319555608450548 0.0664073378911044 0.0814468160996155 0.532590237558732
0.266115139475468 0.252749929049243 0.152062225262283 0.329072706213006
0.0116635059123371 0.12768860762101 0.432539230411059 0.428108656055594
0.127959251427629 0.277964233983772 0.312346669573293 0.281729845015306
0.256331371636763 0.36406505767858 0.226044695832138 0.153558874852519
0.0557501345958548 0.217019500732128 0.295482834444572 0.431747530227445
0.278212430312783 0.243127985906196 0.357252284231455 0.121407299549566
0.0704624141003764 0.344492015284052 0.23571066579897 0.349334904816602
0.197575072932532 0.0290082262367398 0.348965137357566 0.424451563473162
0.31259222146592 0.381811388824016 0.166913452342278 0.138682937367787
0.0735395398514363 0.22405043153773 0.364101270372404 0.33830875823843
0.574724372799733 0.00678227830417657 0.113857376518632 0.304635972377459
0.295851052417252 0.324665291068429 0.0996321329614021 0.279851523552916
0.105915663081809 0.12615866585638 0.478103248764893 0.289822422296918
0.550393120311231 0.0582860857544055 0.218410933003658 0.172909860930706
0.510925926395868 0.237564729112504 0.244574241134355 0.00693510335727185
0.128745308444107 0.0890427119360287 0.202952744917496 0.579259234702369
0.387609996608056 0.23699427920732 0.336763972115797 0.0386317520688272
0.393921657118456 0.00700187663428348 0.411521730902188 0.187554735345072
0.353075750055031 0.318049595370639 0.167088216994805 0.161786437579525
0.00614128950956572 0.480417201742357 0.492916327393688 0.0205251813543894
0.225127416622003 0.155632200366543 0.569547276603017 0.0496931064084367
0.162827904884732 0.183203450037289 0.101760690981278 0.552207954096702
0.362104830261807 0.331447418793071 0.238622750847144 0.0678250000979787
0.262514411973469 0.0763916597334613 0.330217448014057 0.330876480279013
0.47411999536936 0.384600953308844 0.0652599753833759 0.0760190759384201
0.300465752755018 0.226044910415158 0.337408034169434 0.13608130266039
0.092286740034877 0.34605432627118 0.484504908066361 0.0771540256275824
0.151866198290127 0.304623309431844 0.282223049950734 0.261287442327295
0.305975224697728 0.247048291208496 0.387906793825607 0.0590696902681686
0.290008343117063 0.330200088494276 0.173584441209822 0.206207127178839
0.0991819705603958 0.403015360864608 0.485940800548974 0.0118618680260229
0.26171227460469 0.317637262039751 0.170037064088753 0.250613399266807
0.251775981773451 0.348060931988584 0.140430756393289 0.259732329844676
0.338326106712606 0.247466191512372 0.204821439568618 0.209386262206404
0.193730281195952 0.397156056695666 0.257757280326016 0.151356381782365
0.22945212147231 0.34458020428671 0.138798856877859 0.287168817363121
0.356206009848623 0.326016504204471 0.167570917303043 0.150206568643863
0.150792562853258 0.378806042276232 0.290748019788083 0.179653375082427
0.287434149490136 0.500440337291819 0.0494551291426536 0.162670384075391
0.199890942980166 0.291373083873715 0.242225904517309 0.26651006862881
0.328659884869901 0.072943406973228 0.395720049279819 0.202676658877052
0.133487666411913 0.272853046926827 0.17436106741928 0.41929821924198
0.310047959641938 0.0515018366194624 0.527748715464091 0.110701488274509
0.192712746265678 0.450872431329508 0.190588200836777 0.165826621568037
0.278945823445587 0.145717405173384 0.214726407841112 0.360610363539917
0.284831179194418 0.29743759904288 0.331621097957801 0.0861101238049012
0.0105445457060762 0.474470240488021 0.425421382166016 0.0895638316398872
0.354278793625611 0.081072307641371 0.254038399053477 0.310610499679541
0.159142230178335 0.0868026574663044 0.314953214717882 0.439101897637478
0.527119457993253 0.0185644631407556 0.243212527483243 0.211103551382748
0.0616279669139414 0.272433968601047 0.516959557772245 0.148978506712767
0.00906291610026234 0.405486054747531 0.311994439205702 0.273456589946505
0.176689463612546 0.353795262935973 0.0969817611999351 0.372533512251546
0.262725857087981 0.041120834446696 0.342604342142884 0.353548966322438
0.485920630577701 0.1999111830748 0.254670242984528 0.0594979433629714
0.754866074418159 0.109488722608324 0.0866289549130749 0.0490162480604416
0.263008730224786 0.191298293688049 0.342651667771384 0.203041308315781
0.181788975848318 0.356540605781926 0.264716645221336 0.19695377314842
0.000211414483286567 0.336269159670624 0.263160636921754 0.400358788924336
0.326351356983416 0.0889035332119465 0.238685806188729 0.346059303615908
0.287506690995836 0.389275292002593 0.128119376113228 0.195098640888343
0.265333293863202 0.292442616359289 0.270322778428636 0.171901311348874
0.0978256962404178 0.387214979680968 0.0335738598371866 0.481385464241427
0.43010536501471 0.210772346943636 0.00785850398413374 0.351263784057521
0.27018924583751 0.426309181642147 0.243347888684772 0.0601536838355714
0.156220944468742 0.224831600628636 0.365155814239784 0.253791640662838
0.478477296167049 0.22059064167255 0.047153018981101 0.2537790431793
0.1123983761816 0.360836226818169 0.28190712955125 0.24485826744898
0.168539495393697 0.159970999450965 0.116664206694968 0.55482529846037
0.446972759903119 0.0182511928097749 0.498223951703387 0.0365520955837191
0.00622759976597861 0.40996308221801 0.478622838952038 0.105186479063972
0.216170197704349 0.307430482701697 0.289690082110644 0.18670923748331
0.378303414087121 0.0354751114829757 0.102603829738715 0.483617644691189
0.203407459837819 0.335077233896799 0.0418864162932796 0.419628889972103
0.240213102083225 0.226845340459077 0.133698836305401 0.399242721152297
0.227613527878104 0.267449941854241 0.118617399595292 0.386319130672363
0.201184760324098 0.330776616392833 0.0907075937715869 0.377331029511482
0.0603827665874213 0.268929617064231 0.314779730662707 0.35590788568564
0.108042120791928 0.323373830882761 0.166420422270313 0.402163626054999
0.201860749427534 0.402848305989979 0.333856018174847 0.0614349264076405
0.347322192290857 0.146106498680483 0.249145456316569 0.25742585271209
0.421253944549426 0.0262578672584118 0.167437865564377 0.385050322627785
0.1184290050287 0.473963809080436 0.319375041778455 0.0882321441124085
0.115306589685557 0.301600680984742 0.260966218633311 0.32212651069639
0.232443108539309 0.191914570617337 0.213864230419592 0.361778090423762
0.334687088472814 0.0317636780209421 0.385226348732556 0.248322884773688
0.190839451045161 0.264744798920334 0.240256995677417 0.304158754357088
0.38241474798226 0.202236431453068 0.0675092942291563 0.347839526335516
0.298696555449969 0.225913487596065 0.27064901046995 0.204740946484016
0.36270234236348 0.00560433985282096 0.483985001718369 0.147708316065331
0.252671333582152 0.386297000937651 0.329869811681652 0.0311618537985446
0.26822764671577 0.185071771526011 0.223110982026455 0.323589599731765
0.386244374798248 0.120556998783741 0.374294936326842 0.118903690091168
0.465214649249088 0.052236167843915 0.302186438210723 0.180362744696273
0.223985115771809 0.411207397125335 0.0891528486155869 0.275654638487269
0.221906817637812 0.197115074217083 0.192765773296881 0.388212334848225
0.0807772418855752 0.173894206387513 0.370435460636655 0.374893091090257
0.164755136358217 0.221741534068174 0.243189426453446 0.370313903120163
0.300623389789439 0.180809216595819 0.216614927830923 0.301952465783818
0.387521467628895 0.190555352693943 0.28743343496765 0.134489744709511
0.311169509300278 0.202666133372426 0.24908916728615 0.237075190041146
0.168177833142821 0.417089772037992 0.166410321130422 0.248322073688765
0.136777529470381 0.426525259241932 0.418010981617198 0.0186862296704888
0.274653579865572 0.279137263353214 0.150725288523522 0.295483868257692
0.42151188842187 0.40383993217577 0.0484477085644592 0.1262004708379
0.0117357897421323 0.165327496469257 0.364370782333258 0.458565931455353
0.325033535768426 0.198298267888272 0.298358966422005 0.178309229921298
0.0962308988277439 0.311574993760413 0.329914949015466 0.262279158396377
0.488074241110754 0.164538386424438 0.147762949851575 0.199624422613233
0.0228125119294376 0.2177911446778 0.487252205714558 0.272144137678205
0.437130859288714 0.25017808430877 0.162706054138136 0.14998500226438
0.328369006760646 0.0841139901334737 0.264238330297865 0.323278672808016
0.427030138498831 0.091676396361514 0.156307995291296 0.324985469848358
0.199799711076228 0.142101181266277 0.180154969609394 0.477944138048102
0.302640946794558 0.170575061670788 0.335809514889722 0.190974476644932
0.286740439511366 0.286221904382359 0.145015819003483 0.282021837102793
0.309987020918627 0.120899354325369 0.346983154538998 0.222130470217006
0.0740540596534687 0.224052470146874 0.160578181337435 0.541315288862222
0.199440232612596 0.0873137064711628 0.557331305908224 0.155914755008017
0.31664402212017 0.15317905436781 0.210319025554715 0.319857897957304
0.391446268362401 0.279198780796774 0.269357815649763 0.0599971351910618
0.334648976439973 0.283359252320997 0.0479946312825024 0.333997139956528
0.247742253899066 0.210778916897455 0.171826637781489 0.36965219142199
0.222113698499485 0.177864046228202 0.308288753860012 0.291733501412301
0.277627676921592 0.103135463379712 0.391962835265427 0.22727402443327
0.0118636057606661 0.291164466642442 0.322658373025701 0.374313554571191
0.163658405045746 0.168784905255285 0.0833191328226678 0.584237556876301
0.19198190099547 0.0309389775914168 0.312753059371224 0.464326062041889
0.281310805406598 0.182850169594861 0.180828403749765 0.355010621248776
0.317912356207164 0.177285395960423 0.377808991272301 0.126993256560113
0.0837430960693791 0.597788996602824 0.279250121490326 0.0392177858374706
0.264431631730414 0.373266869421903 0.33715218037861 0.0251493184690728
0.398486961672011 0.275586455364139 0.0737915688349663 0.252135014128884
0.301919669425797 0.136441246793671 0.403452557666801 0.158186526113731
0.266156966985081 0.0572947222785557 0.412190519597678 0.264357791138686
0.282470747603812 0.33482350440838 0.186461167474986 0.196244580512822
0.0632694244002466 0.357144933574477 0.110460628447898 0.469125013577378
0.438513096137846 0.154802949334095 0.138432644933911 0.268251309594148
0.159381499766604 0.294874486335275 0.245572887212406 0.300171126685715
0.138569493594853 0.291903096501716 0.267087540763137 0.302439869140294
0.346508542809112 0.19984234572972 0.220203430156733 0.233445681304436
0.212289086673053 0.411097958176457 0.0594834960171202 0.317129459133369
0.420665589584296 0.141161799469972 0.21002385063337 0.228148760312362
0.351480998930265 0.243316393374049 0.0653574430948672 0.33984516460082
0.542273775906697 0.0453114149945792 0.0213191252043086 0.391095683894415
0.563947286603243 0.0783732271564946 0.0700447790209976 0.287634707219265
0.0578797565293555 0.354089613006816 0.0846262788202977 0.503404351643531
0.443625650059382 0.271464237598246 0.223415295682607 0.0614948166597646
0.195698820692345 0.0966043761008118 0.696327565946812 0.0113692372600315
0.234354419663081 0.458457815126968 0.265164041841513 0.0420237233684377
0.282263457127309 0.380973924500922 0.0475221050711951 0.289240513300574
0.381945780086337 0.39902563095152 0.141593470279382 0.0774351186827612
0.329722005385021 0.126045654793039 0.00305245127625366 0.541179888545686
0.138157551993749 0.382792786730472 0.144632363526906 0.334417297748873
0.0964503123784095 0.534329945161063 0.264140548117054 0.105079194343474
0.193011096467956 0.0690531026002646 0.317421448134421 0.420514352797359
0.38700988165833 0.489565267946913 0.115986454620197 0.00743839577456003
0.455609636929825 0.105207590018516 0.00983977571250499 0.429342997339154
0.111820476398418 0.379981704723217 0.142523192231088 0.365674626647276
0.527307128236498 0.172267787753706 0.166428038302755 0.133997045707042
0.271255897607092 0.140139273785995 0.200484349903229 0.388120478703683
0.13874062343671 0.0802665588719567 0.757855247896481 0.0231375697948526
0.183061911613666 0.119937128434495 0.299922569598757 0.397078390353082
0.239963405192413 0.291073364171835 0.229583650069979 0.239379580565773
0.247388578338319 0.203122112408106 0.291760046598506 0.257729262655069
0.262143219743864 0.222941372511116 0.272994833259642 0.241920574485378
0.176318403675814 0.303074141148257 0.161650281086999 0.35895717408893
0.155901158133647 0.111105983870836 0.365871033987344 0.367121824008173
0.125613922291518 0.143874148624221 0.198865711557862 0.531646217526399
0.0774948416011725 0.373446216146482 0.14424588629523 0.404813055957116
0.524954820518698 0.0416472644425843 0.157358768223614 0.276039146815105
0.371149683948746 0.137728917939061 0.344564170640502 0.146557227471691
0.0974487217783519 0.543079666138771 0.148934723937507 0.210536888145371
0.261796726153372 0.23295608255255 0.359750460951441 0.145496730342637
0.0109204406262566 0.181290887090742 0.240765538172794 0.567023134110207
0.218907287962029 0.302936438855842 0.146307953742826 0.331848319439303
0.288364242630962 0.0746316711562141 0.333866546980056 0.303137539232768
0.437481024940915 0.0654949266810189 0.261162720708817 0.235861327669248
0.212761155810134 0.128372092702027 0.515980915918927 0.142885835568912
0.250605898364839 0.351003037228824 0.290285002258304 0.108106062148033
0.168566800097787 0.421766310874386 0.147728422900439 0.261938466127389
0.284611252820134 0.294411686121744 0.088739991808987 0.332237069249134
0.30407184139916 0.171587598669813 0.0773608085235288 0.446979751407499
0.354799707799031 0.396393183425154 0.0675734817345202 0.181233627041294
0.259228819526704 0.358841944336626 0.0924965554269961 0.289432680709674
0.286619401333476 0.200692794999848 0.102208768351826 0.41047903531485
0.241819007933286 0.254600712623396 0.202290622255731 0.301289657187587
0.509100237144873 0.048219665317863 0.433599014927933 0.0090810826093317
0.275473218671599 0.0857158385227429 0.0215268430325489 0.617284099773109
0.34585627804112 0.17931716525806 0.171949257961381 0.302877298739439
0.137011981813365 0.236009507862735 0.226640162327028 0.400338347996871
0.0613670482682849 0.431427135545302 0.27411026614421 0.233095550042203
0.418883185948231 0.0167805695301556 0.152191067315834 0.412145177205779
0.303435676157608 0.292711782415538 0.105264583913574 0.298587957513281
0.343224797472359 0.0102356144545453 0.226288737700918 0.420250850372179
0.336432146647303 0.0196181308360809 0.268186800766543 0.375762921750073
0.143640741572894 0.313321019113872 0.133390558579474 0.40964768073376
0.237165641463114 0.0638055663174507 0.351234062376796 0.347794729842639
0.246890823303704 0.0804192739303541 0.347080570286881 0.325609332479061
0.056891112811548 0.442925237608024 0.168447017534529 0.331736632045899
0.389827559714379 0.164683109778696 0.183597625865579 0.261891704641347
0.249096863673994 0.0517143319218141 0.341588301506435 0.357600502897758
0.0432420494625387 0.334483830841513 0.591533164167416 0.030740955528532
0.252227664048185 0.391226523580707 0.332499519944095 0.0240462924270135
0.19576680346304 0.433744260047714 0.279638992298963 0.0908499441902831
0.0913639209144056 0.621278425612811 0.118543211610331 0.168814441862453
0.238071466809031 0.212843406420108 0.367406717002189 0.181678409768673
0.368684161252381 0.393020188268644 0.192801830491579 0.0454938199873967
0.192990296578585 0.31981185471762 0.322766482111536 0.164431366592259
0.386223969368574 0.187346812650706 0.392446051504989 0.0339831664757308
0.349134750724167 0.0480278310417905 0.500666541288135 0.102170876945908
