0.202567394499187 0.252172333690724 0.0143452927817505 0.274465739254819 0.104853609174819 0.151595630598701
0.180718079079151 0.14427466498414 0.161246742420408 0.22395207137655 0.145791525503333 0.144016916636418
0.0564171008259363 0.0470109702193073 0.0675487157568336 0.306207368822263 0.319089279574082 0.203726564801578
0.0581178339437649 0.114907912763649 0.294149477094071 0.208122015427433 0.0534329356342319 0.27126982513685
0.209358199752389 0.137881713870762 0.195259318807069 0.174720329344473 0.112664694571251 0.170115743654057
0.236229857423341 0.0809060562010866 0.226762991595863 0.0824914468166942 0.304165937816706 0.0694437101463085
0.120421615968936 0.207047479811397 0.00963773896817747 0.286804340502776 0.250929178731073 0.125159646017641
0.237466794295083 0.166930343755044 0.236419746306589 0.19191422065941 0.0479114289370292 0.119357466046846
0.235802507961766 0.150382113003644 0.129604837384591 0.072355689529115 0.197199464292134 0.214655387828749
0.100849443269442 0.20423083018671 0.203011132646505 0.0884099025825959 0.239723377875431 0.163775313439317
0.298305948696148 0.164097075154827 0.304930223404727 0.0180664271403119 0.0750627211343205 0.139537604469665
0.141620547225379 0.240144809685429 0.097430104828395 0.233577359208866 0.073065282637051 0.21416189641488
0.231980239282132 0.312431119948492 0.0192795044880254 0.223231340659391 0.21062350891326 0.00245428670870032
0.443785669517975 0.0165908944653825 0.200901807185656 0.0344654577239006 0.204883561958517 0.0993726091485689
0.07687158403675 0.118071069807925 0.242432050589981 0.158462829955444 0.187802415607668 0.216360050002232
0.093703902743893 0.278245278900832 0.235486891126502 0.089599670081092 0.141994756220437 0.160969500927245
0.108694740158161 0.00454751911426277 0.352512241352205 0.149868977495496 0.0048877590903676 0.379488762789508
0.321331047635612 0.24996493216927 0.0325594649767966 0.017998201867114 0.343404909442723 0.0347414439084849
0.211507102063065 0.298663500602818 0.0631374013057709 0.187897187809752 0.057165502716624 0.18162930550197
0.00741387641891346 0.276003260866081 0.237767070507012 0.136767331086841 0.324446346399852 0.0176021147212989
0.00047944090349397 0.300500292443795 0.173442974895472 0.144354082313148 0.253585042542329 0.12763816690176
0.130590749314542 0.0882359367853501 0.142443187803506 0.184116290458531 0.220145417730486 0.234468417907586
0.0590834210016592 0.156209687208624 0.11550951226579 0.217736904706857 0.255734105903307 0.195726368913762
0.241652271413287 0.150794819051255 0.0372299915358637 0.0337813515755268 0.260366728530612 0.276174837893455
0.10774969336042 0.1868089813339 0.0883903153820226 0.248169763669626 0.285744131932512 0.0831371143215196
0.214755279680844 0.0955573074692198 0.210401138338841 0.202922234642648 0.145662547296469 0.130701492571978
0.18518454392498 0.185911783922538 0.179929886929241 0.10435835689814 0.179164856034572 0.165450572290529
0.28620506814146 0.00417282967721117 0.325334469694856 0.0960948173695821 0.0288743661135466 0.259318449003345
0.280958610916559 0.0102608468167872 0.0347648535252639 0.0812190533043131 0.302546432155173 0.290250203281903
0.0490276296743711 0.131767528324371 0.292708171411574 0.0364215478017504 0.287359794963266 0.202715327824668
0.103215353616767 0.0783489652341537 0.266083625383626 0.0687563821798773 0.297295523560726 0.18630015002485
0.00244795028420884 0.114544956134755 0.17645523521074 0.166561424947162 0.396823482175241 0.143166951247893
0.131463824672407 0.0267660215556121 0.206320217292059 0.17687655874792 0.117386855781111 0.341186521950891
0.0892001163642402 0.301514888141637 0.21394155387737 0.0836846996574201 0.28537350667942 0.0262852352799126
0.31319840798611 0.0471476507932534 0.167813595469169 0.18237545950352 0.196409308561623 0.0930555776863236
0.320172328363432 0.17540160812496 0.00638674293957796 0.340736749669842 0.152919559130371 0.00438301177181709
0.230550047438187 0.112525040496059 0.26421599245924 0.175443168636232 0.0881567484791861 0.129109002491096
0.0835796502814538 0.131153338798235 0.188348348520143 0.218693060204792 0.201640705822896 0.17658489637248
0.210045165723152 0.323504840889765 0.0638069459751757 0.0500883343236574 0.10260164892612 0.249953064162129
0.174418281905802 0.245224097526905 0.0825937458064884 0.159142602675568 0.244961627501419 0.0936596445838164
0.166935268314856 0.00792864617289961 0.228450651907371 0.206608282904712 0.12733117985148 0.262745970848682
0.108242507375551 0.234449721515456 0.213417955158981 0.207054593566336 0.170771372030258 0.0660638503534181
0.158489561394322 0.188180396944048 0.153145565478472 0.210065084035288 0.176721955367316 0.113397436780553
0.126519479230435 0.226145629356357 0.208912698201343 0.179303018018295 0.22393553697526 0.0351836382183094
0.171207091273948 0.1477168957117 0.166156582966437 0.124657276511325 0.179218440773149 0.211043712763441
0.157315784143126 0.133177024580505 0.198396409989822 0.0434745165907868 0.12692242184605 0.340713842849711
0.243138672597998 0.208455729593352 0.24667040649101 0.0488833556653242 0.213721803906681 0.0391300317456341
0.164043415631076 0.343739375870891 0.245278412291165 0.106431512372914 0.00387933369275964 0.136627950141194
0.074066664056844 0.082297568674934 0.119808573898691 0.374184734940223 0.187167802044282 0.162474656385026
0.236752870227857 0.177085296295197 0.158727309436566 0.223786232292823 0.0589490851749246 0.144699206572632
0.0461078049057384 0.186776609141037 0.182894224464838 0.092245611332334 0.235207364749755 0.256768385406298
0.248883263198721 0.223533616233462 0.21122591282912 0.031114701341856 0.210024781012226 0.0752177253846138
0.0554687653447283 0.0957847418844323 0.114456163722868 0.0873491975002523 0.256093601652224 0.390847529895495
0.0538028339126233 0.245239123961507 0.189615265836383 0.183841140242069 0.0183999769546175 0.309101659092801
0.212990255367726 0.196126852293481 0.103236259951051 0.0930462953676182 0.297905371820839 0.0966949651992853
0.245203320996449 0.0404634225470121 0.189624190991639 0.0664168699640815 0.247529800876139 0.21076239462468
0.218620816156845 0.048061135063451 0.227531925162197 0.238077559079536 0.0757750334085936 0.191933531129377
0.0290797495082812 0.152826976814613 0.179074637969496 0.197503805030643 0.196266424279961 0.245248406397005
0.212942332873908 0.173844111616633 0.0799747972196679 0.147305180638386 0.0760129271218975 0.309920650529508
0.17190071466825 0.19648971581127 0.217673989608139 0.172159782841549 0.128931571685906 0.112844225384885
0.0244399171122632 0.322024030716791 0.0569620083348303 0.250269487740917 0.0499383779416486 0.29636617815355
0.0989864895463142 0.107945499930426 0.0927978621045832 0.229430797670313 0.138279828380049 0.332559522368315
0.23741675501046 0.324026925432298 0.0230646929516896 0.33393778846214 0.0281294887403966 0.0534243494030146
0.225859315937789 0.105098828808475 0.307839549650796 0.217767527463713 0.0752122042468075 0.0682225738924179
0.0536778266192673 0.151709680057016 0.302588386582591 0.11839910262381 0.208169998380061 0.165455005737255
0.352547953741771 0.0374491239291637 0.00947275620340466 0.311841055815995 0.0198212008474292 0.268867909462237
0.242554454525171 0.0132054049614153 0.0965374399511461 0.292211576296997 0.0119716275631704 0.3435194967021
0.0806177392314142 0.323035968109835 0.106045485309697 0.0892194856396871 0.272758926334151 0.128322395375216
0.168267295288018 0.145479352146508 0.231820697786528 0.023242202540685 0.251538177966977 0.179652274271284
0.096170916608497 0.245489573578133 0.0869682664158142 0.164359772641978 0.187270670428685 0.219740800326892
0.0344417556154703 0.168889750305602 0.0157109021048806 0.2301492603746 0.343934456921707 0.20687387467774
0.227913687571438 0.120062350627004 0.279565869962914 0.031371353787005 0.259502339843749 0.0815843982078891
0.303526622711803 0.262133197270017 0.113589373650581 0.0790216469352279 0.004577720910525 0.237151438521845
0.306532562313505 0.224429571202237 0.0466084156276927 0.157322908539413 0.221227446394637 0.043879095922516
0.154093385989204 0.170759565353708 0.351498447353584 0.0723683161952799 0.14851391293011 0.102766372178114
0.180002818520871 0.116775688515602 0.0231091964846486 0.321276408347832 0.079711817785553 0.279124070345493
0.00100777650671195 0.0158977080860003 0.513889857215441 0.0457204065175519 0.0500854917682717 0.373398759906024
0.245655154645251 0.0187517980131809 0.165421852916595 0.228225346821648 0.17476866283312 0.167177184770206
0.207412473360754 0.0696640762654236 0.0372039146052145 0.167606500817173 0.256906937204774 0.261206097746661
0.146446348238416 0.461422062289839 0.0264596825487286 0.0160734418247878 0.297669785147811 0.0519286799504181
0.230737577959985 0.0429753981628265 0.310911576376786 0.0728185961977884 0.336572878517157 0.005983972785457
0.112581244014333 0.0220996233965398 0.181957204183297 0.21604161215761 0.201087734514734 0.266232581733486
0.0901867216105943 0.202987030744943 0.1328664564873 0.212529070314089 0.249204417949084 0.112226302893989
0.130753013955402 0.12036527508136 0.0614015843520369 0.202605433752593 0.281017775344376 0.203856917514232
0.0977679059179688 0.279102861131533 0.0202506427776168 0.112368802409094 0.0742451825864515 0.416264605177336
0.0760992565866193 0.166417150648059 0.151972455013098 0.254117333900966 0.0270120097420524 0.324381794109205
0.244553763998188 0.159304804947092 0.189282873742006 0.00885813976075872 0.0173039286173781 0.380696488934578
0.101382610144437 0.256283883346942 0.287007984706475 0.266894457978721 0.0597408494210887 0.028690214402336
0.154235047010222 0.166598242556169 0.137587476142162 0.0698768005916676 0.254602723928708 0.21709970977107
0.0586056189362978 0.324512258396118 0.259450097890918 0.0809446562313891 0.0632869753792055 0.213200393166072
0.148543100437931 0.0266120279454027 0.00826138185929659 0.119517444193638 0.204842957219382 0.49222308834435
0.127530919337126 0.260593030389033 0.224868602267799 0.0857989995546296 0.127560640864808 0.173647807586604
0.252175200506939 0.112285137979213 0.0421757625187637 0.319545131370275 0.14278422799538 0.131034539629429
0.225083807104953 0.306076109855057 0.0952308323454125 0.108195468822267 0.0929152150782882 0.172498566794023
0.157021164987224 0.283085792768459 0.14289221736559 0.110483629215432 0.0644691354308868 0.242048060232408
0.0530883676691529 0.334811279790611 0.172931676122605 0.029376750010999 0.202035198474238 0.207756727932394
0.311845719074654 0.0268712745567822 0.217491301249555 0.0248794684772733 0.266867527976353 0.152044708665383
0.156256934250557 0.180414418626043 0.112155925509078 0.217950862822133 0.0675492231473903 0.265672635644798
0.0626788125380637 0.0288175526726335 0.315592678806445 0.0717424456545521 0.288689936260319 0.232478574067986
0.0588823475458175 0.183476983809328 0.232225559903557 0.132571940251562 0.212791112926336 0.1800520555634
0.145702200041285 0.178692598164175 0.204144458945283 0.206089168041187 0.00490538395141502 0.260466190856655
0.105980537192044 0.244068939982543 0.0357539005224022 0.168270629653736 0.23967522603479 0.206250766614485
0.229816697330452 0.0658903996985698 0.321606192905706 0.320913275321409 0.0250654490997593 0.0367079856441039
0.198581156699814 0.129086400549628 0.141826721054393 0.0486921636570031 0.265676693749846 0.216136864289315
0.287774113326297 0.165267430969375 0.0409236175370779 0.175454406735852 0.0488707454285469 0.281709686002852
0.15724324060506 0.126817785485486 0.197198094431216 0.113509524610853 0.100470356096982 0.304760998770403
0.298804216263665 0.054936110808321 0.0505873471071148 0.36945859205167 0.181469146844347 0.0447445869248819
0.275634326646486 0.0463002082126472 0.12955825896255 0.0694481244122658 0.178117718833025 0.300941362933026
0.263479968029322 0.120309780348268 0.246301811948963 0.267814301229424 0.0679207885771286 0.0341733498668938
0.309858640992832 0.218834623752699 0.212772857608889 0.159339026997845 0.0355643618973038 0.0636304887504316
0.171586085467991 0.169703429959519 0.130055907444951 0.165843973609571 0.186647659791639 0.176162943726329
0.0956447546968067 0.18194160047163 0.153164353086858 0.135843191793041 0.185708291237045 0.247697808714619
0.339323171162867 0.116333831868123 0.0288760287083124 0.296993906827309 0.0729460020628613 0.145527059370526
0.186024525515123 0.272047379962093 0.215842396553604 0.0334437862588457 0.0787435129666305 0.213898398743705
0.254360792135384 0.082593321864965 0.346328298222168 0.21189663809672 0.0509502227530561 0.0538707269277073
0.0201933533502244 0.307356376289958 0.19873483961396 0.0820469887794077 0.202719326933991 0.188949115032459
0.288091724886021 0.0598917229920857 0.164869658564411 0.104656987130653 0.260699349678341 0.121790556748488
0.161184959901571 0.27562265247309 0.021590156911726 0.0140689078379838 0.289199055748954 0.238334267126675
0.0698910441624244 0.0177391152434955 0.0475455451957301 0.144342252105649 0.16685351729443 0.553628525998271
0.261861395752878 0.151587696056456 0.299158316457351 0.0933871638446337 0.116767436901335 0.0772379909873456
0.262874911501915 0.26037782821967 0.152930341365382 0.129091717584693 0.189905499864509 0.00481970146383116
0.0386345865607659 0.596913538863448 0.090037987888887 0.0284324149007023 0.0813975587612833 0.164583913024913
0.252842336855434 0.0809429745582902 0.0907702849673955 0.0880589182579054 0.438503398747995 0.0488820866129802
0.284637247466951 0.132281054463114 0.243257518062377 0.0315132900259013 0.142495025852026 0.165815864129631
0.237668989893031 0.179841099398172 0.141334975868053 0.158879225513728 0.177172236266052 0.105103473060964
0.0423212917180953 0.29393840793393 0.329174540299463 0.193217327758115 0.124231628599455 0.017116803690941
0.213483036648591 0.151388986994222 0.269086662959362 0.113218355462036 0.155688545571495 0.0971344123642945
0.390166784544416 0.194041921916763 0.0806930943500996 0.169798356366912 0.032520372860459 0.132779469961351
0.403920901299702 0.0907965991472685 0.212864873914369 0.175971973101159 0.106125529893847 0.0103201226436536
0.219934985146965 0.23821198162828 0.192838596036618 0.0153152130839465 0.21902896976901 0.11467025433518
0.0700668579497587 0.239022776230633 0.163887271445388 0.22517234044643 0.0599012757465549 0.241949478181236
0.0107966008716045 0.0686245406183285 0.273459019577343 0.174524738959075 0.31648373827903 0.156111361694619
0.204034484245325 0.216664847552771 0.281742182670928 0.177497583967397 0.0560394836622268 0.0640214179013522
0.0664239717591571 0.0308904942425498 0.289569501511524 0.285813132592893 0.146391940051365 0.180910959842512
0.135538834206435 0.165725177107362 0.315983352220357 0.273376958173606 0.0416294448946613 0.0677462333975783
0.254011750844408 0.211967698485674 0.00960638047758987 0.244916930985418 0.0232653945659657 0.256231844640944
0.173906925883075 0.199054911416456 0.0906413762193122 0.232501599466706 0.0891422460747234 0.214752940939728
0.0584121897470036 0.0311664109809553 0.308377755362298 0.327903336345222 0.019341229105788 0.254799078458733
0.271783640869298 0.071908712072797 0.169684439451568 0.0886838953676809 0.244941805505299 0.152997506733357
0.0649985832640773 0.155312923144648 0.299328164878581 0.212937547265399 0.216562493556201 0.050860287891093
0.272282200077753 0.111374056832895 0.231902666519374 0.138738609069781 0.0715295610967024 0.174172906403495
0.14757058482336 0.169890733885525 0.254600223068719 0.117176095629855 0.206429092164099 0.104333270428441
0.136289965661244 0.0739139145059831 0.233584939890293 0.236800364298505 0.0943867785634794 0.225024037080496
0.193024843392633 0.0639212100600283 0.106815518933012 0.409126290273483 0.0456398797227191 0.181472257618124
0.184514869788901 0.257813595113805 0.0890326697177085 0.205331736109595 0.170615852526987 0.0926912767430036
0.338429720000153 0.26224332651161 0.0557331936250451 0.171679051790109 0.12398811901456 0.0479265890585234
0.197188263461985 0.219094509360875 0.160835096994934 0.0929178370731532 0.167506078550067 0.162458214558985
0.232966388392002 0.112610291529414 0.261653746332062 0.122210800785153 0.234733617271634 0.0358251556897358
0.173713524252395 0.325340562096934 0.10238139461422 0.0500031796429509 0.256614205665448 0.0919471337280522
0.269514035372335 0.242138189860926 0.0686352857321944 0.295837001725929 0.102035620973197 0.0218398663354181
0.272091792816342 0.0553202805709788 0.108382265523938 0.289429768816488 0.0273050064632861 0.247470885808967
0.295093516522982 0.0795665604307804 0.142179078356078 0.0802784836754404 0.296122032261779 0.10676032875294
0.0404408220445286 0.185372749947559 0.344487165382772 0.24539315455155 0.165398859371466 0.0189072487021251
0.291477805287401 0.0175840034395882 0.34483148250212 0.140951441050787 0.158125814937457 0.0470294527826464
0.00424883134949037 0.152429876467378 0.16639378697697 0.22537528313446 0.264236443199701 0.187315778872001
0.251511278788131 0.257266848586852 0.117101786072571 0.115756768419393 0.0814069014464112 0.176956416686642
0.0947759637863906 0.253592804488897 0.116960271071729 0.258336560247697 0.20794418950733 0.0683902108979568
0.11198110376867 0.0635506156548634 0.0133132359196701 0.308959482672888 0.125593627633365 0.376601934350543
0.139814336572357 0.236619892162696 0.21144010244097 0.207291547886412 0.00810124763585724 0.196732873301709
0.142218681099877 0.222780156445239 0.0984987980919334 0.2200492951254 0.291285939314194 0.0251671299233575
0.166597300774399 0.197177065332122 0.00447899263696175 0.228674763351621 0.204300309751556 0.19877156815334
0.172397993052015 0.263231571355877 0.0938597464194956 0.168690215177919 0.062099982113314 0.239720491881379
0.03633344210039 0.110270427221151 0.270203605007161 0.0818613426510485 0.2315516896051 0.26977949341515
0.113370989471751 0.394514517319331 0.321197962156239 0.04145255920428 0.128061284959953 0.00140268688844571
0.0956421256109667 0.219202820668257 0.152690076044521 0.220556896134784 0.166616998809321 0.14529108273215
0.018473316208606 0.358000201142702 0.290703132420055 0.195430079026775 0.00581894342324998 0.131574327778612
0.0368601415936021 0.279027256012229 0.0583376190968605 0.323354557725158 0.0401295571115205 0.26229086846063
0.193300600334446 0.223955460109949 0.131922118572515 0.0653295839705337 0.14450136708766 0.240990869924896
0.225233352193466 0.292830666425524 0.128968496988464 0.0861511201077026 0.23921725577342 0.0275991085114228
0.0943355917855371 0.0865660996437249 0.128644873771419 0.531152282555759 0.0801452009867816 0.079155951256778
0.220991206259692 0.155769525484981 0.217261543437592 0.21986449587441 0.0982575015845904 0.087855727358735
0.333740853076261 0.12779128090223 0.33453707353002 0.0523778204829265 0.0658653345919562 0.0856876374166063
0.146276467094611 0.0146979892002728 0.238636663317634 0.224753449773058 0.21394727821719 0.161688152397234
0.0825218596909954 0.241848894361072 0.265636207463506 0.155962503695771 0.238776468711154 0.0152540660775007
0.198020979648649 0.166794354077117 0.18287343307528 0.0520508293046482 0.155512035458108 0.244748368436198
0.0522842050599011 0.0824645601327538 0.283397395914239 0.183886999881176 0.107138887870396 0.290827951141535
0.167689314552313 0.166621138937858 0.202140529518698 0.20173716024127 0.193321754154931 0.0684901025949307
0.168498954975758 0.283745234110088 0.0961523406589472 0.142969433278751 0.0403516289064623 0.268282408069993
0.0658799254378691 0.32373463793621 0.340340494467255 0.0560049302713041 0.212273915442235 0.0017660964451266
0.0209567888087895 0.0175161591083544 0.280615697871656 0.076991193537283 0.307110724184311 0.296809436489606
0.0646454150390364 0.371722460626877 0.262474453972434 0.0273986637543116 0.150955443934335 0.122803562673005
0.0161411222646056 0.305012186098689 0.0929257536343689 0.35347243338224 0.108992053865541 0.123456450754556
0.152732420580255 0.0228129946877884 0.116468778015624 0.238527517975983 0.281490612497573 0.187967676242776
0.195446927089405 0.0924437296122666 0.237116855314746 0.219608988832303 0.104208277014001 0.151175222137278
0.0255976241944326 0.3493133367368 0.148496757225568 0.0904029594069008 0.259904919806447 0.126284402629851
0.192930089351358 0.318354917796628 0.145847158730287 0.219757724394713 0.0146048528651396 0.108505256861875
0.128105024589358 0.0942701939799489 0.228900121867801 0.155997741893567 0.297850392413159 0.0948765252561658
0.0275934616490154 0.0716970369956921 0.131420037820136 0.128799324251242 0.331789925348836 0.308700213935079
0.101357309131306 0.169990351196455 0.148251305917979 0.0579653442276423 0.364473773879739 0.157961915646879
0.208265717320001 0.111162346319583 0.0163796170474986 0.383642671531684 0.0962502771509037 0.184299370630329
0.212497096800115 0.224294176948184 0.188653855102923 0.0935078440949787 0.0913629819698271 0.189684045083972
0.302618121664814 0.0356993108655877 0.0908603233204412 0.278066589681046 0.185063668987016 0.107691985481096
0.0801926248017213 0.0942688997092461 0.217209496228478 0.109104461143903 0.255795961088609 0.243428557028043
0.00614043434401008 0.272857831760139 0.0203735874746019 0.306881370509379 0.151474135568597 0.242272640343273
0.111083834878477 0.20007314704338 0.0023325144389287 0.250226337189012 0.171648264893317 0.264635901556886
0.149633040343788 0.231400919657699 0.0851815194005716 0.264994534635064 0.0518575204665798 0.216932465496297
0.16612025796751 0.0263526342404379 0.142583138898034 0.320660429906025 0.00890097844733079 0.335382560540663
0.255474047494917 0.0379907182308252 0.324542145116408 0.244452296662082 0.0730238193882439 0.064516973107524
0.0775635675332902 0.0624226974403792 0.351838950871086 0.299758421643204 0.0786835398001283 0.129732822711912
0.344044579107297 0.106632384212708 0.241100403232314 0.0801647611554572 0.125948625464543 0.102109246827681
0.226463092638191 0.100395326484328 0.312754678715162 0.11765910231966 0.00156506525620564 0.241162734586453
0.0510221540970314 0.152144277115421 0.280786485523379 0.0709704406187507 0.106596328970964 0.338480313674454
0.181253235004815 0.282008386568656 0.296982876177558 0.0680144687572285 0.171573379190092 0.00016765430165115
0.111139842866323 0.403060999601261 0.252399694088342 0.0717057798516302 0.158883035807676 0.0028106477847679
0.179653880120523 0.0480371641169382 0.316351323243404 0.0721748916570885 0.256045080426581 0.127737660435466
0.0375844926512175 0.0948441214767817 0.467789541306282 0.118461414047473 0.147425116552131 0.133895313966114
0.153544913618126 0.0307881397379198 0.0536053067428399 0.252911926210634 0.307567464857929 0.201582248832551
0.0212805117686987 0.196948315525649 0.261537032154908 0.184359131871175 0.0675077376076676 0.268367271071902
0.0592388944278374 0.257447591979625 0.178417272948471 0.247621855997971 0.00618816925391459 0.251086215392181
0.0278358936802219 0.14037188294423 0.229950281026984 0.127025143933663 0.081326196437951 0.393490601976949
0.18465291736091 0.159335041707893 0.228660465741653 0.208457999905521 0.180258504418662 0.0386350708653611
0.213430889685923 0.214240467211345 0.15538377792489 0.136801128843322 0.0526386615999685 0.227505074734552
0.0386077723579267 0.245436547480617 0.02892913570229 0.43028948357223 0.07809578355786 0.178641277329077
0.223331114729556 0.130521172340156 0.235233737760039 0.19798477772945 0.177379548090065 0.0355496493507331
0.147591702163356 0.209102150887951 0.0642156761014011 0.219619471309715 0.180035769757277 0.1794352297803
0.00813846026706839 0.0857144778439429 0.0991853056950168 0.17300260291197 0.434449112259175 0.199510041022827
0.228791273687849 0.225593680632794 0.0326779657660474 0.253203730737319 0.191303546332672 0.0684298028433182
0.253325435098542 0.0914566995462646 0.0500617340266872 0.0899320834544794 0.279552759893222 0.235671287980805
0.161454207500899 0.199487379732564 0.221760895243681 0.11119467955736 0.201367194799895 0.104735643165601
0.0278199482469001 0.33429840534268 0.113524729143123 0.0924364312159306 0.298522888798707 0.133397597252659
0.322037612693266 0.0919440468799711 0.311298955861502 0.175877884144511 0.057006876686496 0.0418346237342549
0.350864577723858 0.155578485614253 0.0514226198666493 0.292270220563207 0.00151747252018723 0.148346623711846
0.0996036029619501 0.18770441123857 0.23353298235736 0.282229792663369 0.0576910180630551 0.139238192715696
0.312850746519439 0.0176218184513042 0.131466867161312 0.268731943899057 0.165324161040254 0.104004462928634
0.282004068532217 0.169076436829241 0.250985606347501 0.0821221117096765 0.174524885901461 0.0412868906799033
0.19528185281727 0.260345516367019 0.0853277087846411 0.117926655408772 0.114177803579422 0.226940463042875
0.286246182177349 0.283319256419627 0.0058988329905988 0.0911683275545604 0.246746576631627 0.0866208242262374
0.0730431301406622 0.27732666992474 0.0451447045108867 0.0656259803183487 0.289313329699079 0.249546185406283
0.142529441519515 0.250694092945401 0.122298519495295 0.26819137129834 0.131843885305154 0.0844426894362962
0.0635123982058052 0.277477800306895 0.131089047322366 0.0397413740553803 0.200587994157691 0.287591385951863
0.201322006463815 0.240664793551874 0.135857525010741 0.232661626912433 0.0338743307010724 0.155619717360065
0.196881846136163 0.125436960451224 0.302721761201792 0.0269588657049031 0.31485322650982 0.033147339996098
0.0969475923383933 0.193842234910879 0.292874534960817 0.219750949581511 0.0517994053580812 0.144785282850318
0.27244622107077 0.254128902550063 0.214993532433614 0.172187934356053 0.0361019390230989 0.0501414705664008
0.107000503589068 0.237615646329234 0.0113071399783473 0.212038796109876 0.216690883155988 0.215347030837487
0.236217260099404 0.185062795530239 0.179285554683813 0.160978291116322 0.0692083310744519 0.169247767495771
0.155643182206505 0.156922917821257 0.240264217788249 0.0904190364461343 0.228669365781136 0.128081279956718
0.130567306125494 0.27466039770217 0.149594253031326 0.161124977535498 0.0270256826223788 0.257027382983133
0.207705739507588 0.231648828030552 0.086235548067807 0.250524024344613 0.0659683170112698 0.157917543038171
0.154451579201299 0.152653819246037 0.187280127620722 0.246968794126438 0.124139234471932 0.134506445333573
0.16048738711934 0.260334284186205 0.0939299097240517 0.200325014203179 0.130181281960227 0.154742122806996
0.0796947947503857 0.21824050497573 0.0374566465370566 0.214299789614153 0.214440026797553 0.235868237325122
0.0612122766030905 0.26611658116748 0.0746322474089312 0.0647240899628107 0.231840211120793 0.301474593736895
0.0513752745643166 0.246526977639258 0.264391223719933 0.190160670152768 0.139953217320446 0.107592636603279
0.258811666962605 0.239169165008314 0.0443615398809257 0.247416956188212 0.199509485873781 0.0107311860861626
0.356908585574192 0.0332247605067628 0.303913915998037 0.119723363247748 0.0854760156191431 0.100753359054117
0.181471431348706 0.123393626131464 0.188833729092557 0.0219823365375263 0.185209302029172 0.299109574860574
0.194368506167189 0.241151898687956 0.104416580995548 0.202201998993101 0.00378702379726245 0.254073991358943
0.239566247018659 0.0252911210783991 0.0708618016489394 0.242585147877679 0.269424084898752 0.152271597477572
0.0758475916864117 0.278306214222116 0.26078059789797 0.237957417664591 0.0303635402667528 0.116744638262159
0.00753145504883018 0.0922147119616382 0.17413187264148 0.287503040975354 0.131358330662214 0.307260588710485
0.12285299230163 0.088305399791766 0.289601981076577 0.308080285680711 0.134146776228654 0.0570125649206615
0.0396666189960432 0.0202532085142582 0.312644241741506 0.164848115646242 0.183684434916557 0.278903380185394
0.131153896897492 0.0415348347069752 0.185148339261212 0.23421134168166 0.0453549266526344 0.362596660800027
0.253298313954022 0.044520292212877 0.0796763351287708 0.158164611665128 0.118671502380581 0.345668944658622
0.198454335197914 0.0266494879528234 0.253129146209906 0.258610479928052 0.0194796098047346 0.24367694090657
0.285522986637251 0.059313851153813 0.202798685732795 0.0969397120591991 0.267256687916744 0.0881680765001985
0.268250682631297 0.00341980882191381 0.283195955040072 0.0858494891760024 0.00983031334321181 0.349453750987504
0.249561012480077 0.104251793912065 0.185690640217802 0.0393289780901656 0.08762705356356 0.33354052173633
0.125463325189111 0.141656078588499 0.0871468798275369 0.356515712341124 0.173946762789054 0.115271241264674
0.0855231635328233 0.186040133653724 0.285680111581773 0.33915048347211 0.101209824924387 0.00239628283518328
0.0370604047841508 0.098863697865914 0.295343242495545 0.269446611167129 0.26654753040461 0.0327385132826519
0.193183656839214 0.213310264982509 0.133029345668895 0.0662980809384416 0.27272455739514 0.1214540941758
0.188229138233827 0.13485903590166 0.18422701801194 0.0940862053747245 0.228372319354829 0.17022628312302
0.180315711038792 0.0128859645661361 0.372813952485658 0.264687738294624 0.031436726912366 0.137859906702425
0.193435263798469 0.132420731915757 0.13178783977506 0.0873424392317409 0.245426528347524 0.209587196931449
0.0204168878186293 0.316175803976075 0.205512718632479 0.105784277088199 0.106201413353751 0.245908899130867
0.161964564934593 0.119646736436322 0.0550010397595588 0.234884870028983 0.211511366551024 0.216991422289519
0.29461504603179 0.159481813357101 0.130597698880592 0.336766004366622 0.000747553611530626 0.0777918837523641
0.277967731755114 0.238754581419396 0.0396837526258487 0.0851402783562485 0.225728166251636 0.132725489591756
0.107131702678339 0.202547315624253 0.214671257143808 0.00857087504253154 0.28069685016028 0.186381999350789
0.147096969517749 0.252497967609982 0.066687816767775 0.245243331511245 0.176508470540103 0.111965444053146
0.0679937990205193 0.177081936422191 0.130353122982961 0.20846008690503 0.188344716056331 0.227766338612968
0.139276444846003 0.228050021886629 0.21282145940226 0.225772722281302 0.0460545522225342 0.148024799361271
0.23539264253935 0.232589381915214 0.249409859680004 0.254671623014528 0.0173344388835223 0.0106020539673825
0.23090434356946 0.262216043655748 0.0858815354145479 0.146439414095229 0.220921026196517 0.0536376370684978
0.14931232066973 0.213189777124596 0.0975036660278207 0.277294206887103 0.0527647510663175 0.209935278224433
0.018280601941388 0.161386360232403 0.179865147738534 0.263072304222183 0.198271588235422 0.17912399763007
0.112014778209429 0.493764279755055 0.203962397923508 0.00114498103825276 0.154491810524033 0.0346217525497231
0.224206380400214 0.17407507354788 0.0278393880250973 0.158194654124154 0.24564988818989 0.170034615712765
0.215266214613901 0.364672486727534 0.0668273754250506 0.00112323236335905 0.246291336858001 0.105819354012154
0.208844234909934 0.281826825976323 0.0574420760808979 0.0680926385095312 0.306263996875682 0.0775302276476318
0.246973433275719 0.139442459867785 0.204517983677276 0.213564581642199 0.12976594716852 0.065735594368501
0.0955820232391157 0.210398256211551 0.292783021683489 0.0797978243020586 0.0838304830611334 0.237608391502652
0.154509341544662 0.138247076544072 0.194142831034929 0.267369687860931 0.243016034665064 0.00271502835034225
0.152350631279929 0.076050080377935 0.277667578242022 0.148726343709165 0.159622577568499 0.18558278882245
0.209004455325664 0.0324352625553101 0.171199078643482 0.314959772708408 0.0116912605373622 0.260710170229774
0.285013697707019 0.150151117460293 0.00731015890667267 0.112555744850654 0.0939968514185855 0.350972429656776
0.113813381884377 0.279200399948011 0.0964876773307006 0.00780241409587797 0.244740944355296 0.257955182385737
0.152232540997089 0.0806717864458038 0.0599701815308674 0.0922496109842226 0.320306555597802 0.294569324444215
0.0938076969400164 0.223871972180409 0.152328548869489 0.196802234352817 0.102635115763066 0.230554431894203
0.12070981540847 0.142174749541105 0.00626174734483448 0.166987685698173 0.266357713967599 0.297508288039818
0.0202988422533358 0.168050132160438 0.299389119233955 0.206824357517595 0.171029652030274 0.134407896804403
0.190992589130565 0.142086750981989 0.174260643224192 0.201384959031812 0.173627676755616 0.117647380875826
0.20853479246958 0.0282508050775207 0.251632548368003 0.22438330571553 0.0867373873521524 0.200461161017213
0.297648483410675 0.140308877533573 0.159499801904347 0.188478854903236 0.0375377965084188 0.176526185739751
0.212347380488476 0.223039607238819 0.357387984981552 0.0255684857732272 0.0577030570022881 0.123953484515637
0.0298245583490733 0.180053030259034 0.182823975660604 0.0991319925814967 0.187878321629384 0.320288121520409
0.0463931379401755 0.356124729252622 0.173772564821747 0.353963866241358 0.0675326732340902 0.00221302851000807
0.112419609610495 0.225267744774452 0.0594019741720089 0.25474504495557 0.220756171519051 0.127409454968422
0.0493083080876324 0.288453015763722 0.292836872514204 0.110101392113987 0.0218688094671356 0.237431602053319
0.0137536681440107 0.163677061624912 0.0792589281462551 0.305464292299735 0.0555296182200425 0.382316431565044
0.135087503456504 0.12262712327949 0.046837834146291 0.048680626137641 0.10766355755713 0.539103355422944
0.0469208871870829 0.199587260321714 0.258400533512825 0.192102604109442 0.0473946952231295 0.255594019645806
0.153415613671038 0.166840762027312 0.181218188376696 0.176247413254583 0.187398190504511 0.134879832165862
0.175533175260173 0.182546004034324 0.194025738937288 0.273933950680465 0.0240440807135679 0.149917050374183
0.111357010511492 0.149099519264616 0.242820736345703 0.212025494303718 0.0974376271325035 0.187259612441968
0.247462012984758 0.0944510443279452 0.186319308610453 0.0278553202466134 0.106671097980114 0.337241215850117
0.0313413232421314 0.222992530525253 0.335084298127856 0.184957953412357 0.131926410738874 0.0936974839535291
0.0286307236128458 0.108198292727464 0.215644090882118 0.142078469799221 0.179940823624489 0.325507599353862
0.18947489162992 0.12517276152167 0.223101538675002 0.136171021227912 0.111126176316346 0.21495361062915
0.0618641369078603 0.111753939409353 0.324028489339567 0.0917789543508074 0.269519961010096 0.141054518982316
0.0984474107298883 0.0216650205052705 0.240913337609307 0.384514320263902 0.0832062293197274 0.171253681571904
0.148727277196815 0.209840593449034 0.128227560676886 0.253038350237686 0.210101519132808 0.0500646993067696
0.208397940826485 0.313581472213358 0.0328437897462975 0.179941980844541 0.116004793672575 0.149230022696743
0.126694771583617 0.119533266407154 0.274741765648404 0.143958455253305 0.0796546268745928 0.255417114232927
0.0710889571598861 0.311539827294388 0.0727761602480273 0.114237671204416 0.370436034366236 0.0599213497270469
0.130157031691441 0.0953628769483522 0.207653950937628 0.134932254357457 0.212374591658289 0.219519294406834
0.0169285942438583 0.100799522779392 0.182930310562234 0.376085311527235 0.0821732643542717 0.241082996533009
0.147501574288247 0.207123381700259 0.282136187579601 0.0181892819944484 0.00681569528958608 0.338233879147858
0.160738078151913 0.200230648002407 0.219058050743963 0.148317730118806 0.000230057399912604 0.271425435582998
0.248883775907329 0.139761860027662 0.168984906669637 0.0884081385551885 0.243132158595921 0.110829160244262
0.204694825628422 0.263246048763664 0.22502746848076 0.215049619447364 0.0641038299143042 0.0278782077654854
0.124446956184164 0.419561121053408 0.170535594699457 0.121576219585195 0.105235363026798 0.0586447454509779
0.119449883840613 0.102577742473505 0.221141761252648 0.229503841262217 0.0993490712637365 0.22797769990728
0.349419323595881 0.036968004793172 0.0874262903265885 0.16960872131568 0.212532862383506 0.144044797585171
0.157957216648263 0.21058666453881 0.265359697830429 0.0556082882594192 0.29346239944494 0.0170257332781378
0.228913258587788 0.175038115596655 0.304494280705694 0.0920140070935635 0.156094501048538 0.0434458369677616
0.31789679858321 0.138465479454136 0.0469722383429223 0.0980461635581918 0.0878719670669566 0.310747352994583
0.305338024220372 0.259189962216689 0.0474238704900026 0.0337688324142432 0.328409912952768 0.0258693977059252
0.0748542296890182 0.093097121437423 0.203957417415547 0.212695770282532 0.258004568996911 0.157390892178569
0.238460292813213 0.0610347715803676 0.271384116006352 0.0789355935298846 0.224024396053909 0.126160830016274
0.200418294514854 0.213211354880432 0.0566930937485368 0.17303501123651 0.210160362289682 0.146481883329986
0.106744878517573 0.19345323576135 0.043120108463135 0.154200475869034 0.0885796757007598 0.413901625688148
0.29807391845007 0.0826466397778149 0.048347641355902 0.109310640688774 0.235857027668352 0.225764132059088
0.239402136687317 0.175568634538954 0.107786232159835 0.185777589195341 0.247494861262319 0.0439705461562354
0.128171872722007 0.0295933350415769 0.26113803950491 0.293569755254624 0.188370942031692 0.0991560554451902
0.0740602595233194 0.199356805357472 0.229431685940678 0.163312975424582 0.183529008716333 0.150309265037616
0.0530334587308132 0.188529653442052 0.045914359397253 0.30229743216562 0.147493749348106 0.262731346916155
0.0547160562545657 0.0870345151094273 0.417483960700454 0.0923382579013555 0.0828058546434907 0.265621355390707
0.194850029143355 0.123740071213423 0.190182588427984 0.232414223833356 0.0799835996173066 0.178829487764576
0.192411057584633 0.0912360443971447 0.0965240388666452 0.210278662734192 0.216350562158837 0.193199634258548
0.344481137932552 0.0437650808202203 0.0931954898605277 0.203063908509358 0.152558574411449 0.162935808465892
0.0707166311622584 0.0147464000596788 0.0780207519634468 0.33159318642437 0.312104850567688 0.192818179822557
0.251122619755377 0.175614856592471 0.302018791422862 0.00394899492849812 0.15816505934947 0.109129677951322
0.109281303794711 0.23527687492031 0.166828546618861 0.155306545167055 0.0854599028690268 0.247846826630036
0.245519040051099 0.101651844126989 0.080825626743702 0.233965739890636 0.216919098113195 0.121118651074379
0.344820287606379 0.050721547052559 0.167851903001546 0.186683753301459 0.130426707834082 0.119495801203975
0.12270003825214 0.125303410240191 0.202796359837797 0.162377089574282 0.176851065695731 0.209972036399859
0.0151486880293338 0.268488037307769 0.10765865806388 0.238935948714788 0.16987326523975 0.199895402644478
0.020812585083765 0.304233126051433 0.115179150553786 0.250184386730918 0.106136722356004 0.203454029224094
0.0773830970191207 0.349370637997914 0.11229284576773 0.3857187551409 0.0487811261886104 0.0264535378857251
0.00262948384492057 0.257315927958272 0.403495835987856 0.0871888849366739 0.0356787381287768 0.2136911291435
0.166120930863324 0.208892099096329 0.316528630444555 0.112924988300812 0.0805693613970902 0.11496398989789
0.225864214521046 0.0574998949950438 0.229549574609502 0.219557985848338 0.211405156303776 0.0561231737222938
0.0141162027664965 0.18476170848077 0.149830741840686 0.20696693681033 0.237285564174163 0.207038845927554
0.290433404500286 0.21961175249929 0.0182975289244869 0.254377340180392 0.206773994517729 0.0105059793778161
0.167279328833122 0.14495685431658 0.291937991124416 0.0891269159429014 0.0568339421324457 0.249864967650536
0.334797664399269 0.0797521963136599 0.317685135741141 0.0448972307337678 0.117346975359774 0.105520797452387
0.0555628601754837 0.190254889472487 0.18053408897404 0.0390147325630687 0.285889579264487 0.248743849550433
0.465520324849785 0.0645376464481034 0.216103319066277 0.151753424909962 0.0998495376479689 0.00223574707790357
0.177054454724238 0.166092957370978 0.252640016721592 0.0531158493441131 0.257710837310044 0.0933858845290349
0.0790264116247263 0.17995102071506 0.262049035619619 0.239573034652585 0.107850649635261 0.131549847752749
0.124358336389661 0.184635172954743 0.303578296443816 0.0228899109461264 0.250539093640173 0.11399918962548
0.200370436178158 0.0154568696183448 0.160166508400687 0.265656085467302 0.22664520146986 0.131704898865647
0.050139645623346 0.00631834912092649 0.329721081222749 0.110231665646601 0.149303330013248 0.35428592837313
