0.364274610085995 0.329654800782555 0.192242624653988 0.113827964477463
0.159608515861218 0.377810480959656 0.137065464903103 0.325515538276024
0.290823272300723 0.299099407255092 0.288011907676246 0.122065412767939
0.22426672863849 0.136041472948473 0.323127615665946 0.316564182747091
0.377724028747594 0.184894751261374 0.294823496507512 0.14255772348352
0.146630246555274 0.258141039767938 0.20381000669067 0.391418706986118
0.368398261129849 0.262827685446262 0.310293914822581 0.0584801386013083
0.420841784540331 0.0372861711840464 0.0153951491494493 0.526476895126173
0.391727822089251 0.0575412438778899 0.271988420006789 0.27874251402607
0.125382463525423 0.500451115939777 0.180720262450342 0.193446158084458
0.365266020983184 0.24747990804133 0.287881245081528 0.0993728258939568
0.325380565132618 0.170397917922371 0.32217598675372 0.182045530191291
0.368878739454891 0.306158947244402 0.16478050059783 0.160181812702877
0.251894324293658 0.169763373948818 0.294285226432788 0.284057075324736
0.152658934301172 0.0444893560906993 0.448088966437915 0.354762743170213
0.354399478519051 0.250298767534856 0.10834283063877 0.286958923307324
0.349729849346597 0.205134079559935 0.281949483901119 0.163186587192348
0.287218566009443 0.203006564302608 0.329166271347839 0.18060859834011
0.320510068202476 0.326460988539237 0.241535773588714 0.111493169669573
0.323077757187928 0.0612403906351064 0.446207191307424 0.169474660869541
0.190369058841162 0.208189900929239 0.279085356904679 0.322355683324921
0.227514156809427 0.0451493985624928 0.363897001507715 0.363439443120366
0.47196746313979 0.0212117657240545 0.223117248669367 0.283703522466788
0.166033501929549 0.229213156818188 0.259636230042194 0.345117111210068
0.136339133517164 0.316596530994339 0.33119577435327 0.215868561135227
0.343037588246061 0.327983215227481 0.313376589519758 0.0156026070066997
0.469794764872727 0.0299654934197714 0.266017258789092 0.23422248291841
0.304440166469809 0.480498704972912 0.197443928321657 0.0176172002356216
0.244760605009937 0.335109840575559 0.14722246885521 0.272907085559295
0.13042121658778 0.237267385397408 0.383164486894598 0.249146911120214
0.247483855059092 0.231114140911594 0.385814047667946 0.135587956361368
0.404411332328842 0.0857696366634038 0.435106982450111 0.0747120485576438
0.0827637756128527 0.443666912595702 0.23192093678526 0.241648375006185
0.413405542679251 0.0743533717409303 0.0963958263163235 0.415845259263495
0.0353347596602418 0.457241908799632 0.156340703705214 0.351082627834912
0.171595664609894 0.29826994823599 0.219261787761324 0.310872599392792
0.203314475330537 0.155540436322164 0.364244665495546 0.276900422851753
0.239680094444683 0.332549284915222 0.247998340040218 0.179772280599877
0.0845288589731163 0.0344386504513505 0.586630000054142 0.294402490521391
0.255920093903481 0.10254547299639 0.0156585341742025 0.625875898925926
0.226899598195124 0.271004785955182 0.418388722262322 0.0837068935873722
0.217401005866599 0.142989801309411 0.334349540164819 0.305259652659171
0.472823723155713 0.307434224919566 0.0823378939540224 0.137404157970698
0.104359658467455 0.403981429202824 0.0870120869598965 0.404646825369824
0.122034607284891 0.30059304599317 0.215039862906244 0.362332483815695
0.213727789824038 0.264111438873326 0.105551155952746 0.41660961534989
0.0743804117278631 0.246141955227321 0.513581492945081 0.165896140099734
0.212593072002247 0.334281189394938 0.348448040427573 0.104677698175242
0.393576774552906 0.360267521468258 0.183707982110997 0.0624477218678386
0.177935472683754 0.204398396722784 0.483783831861052 0.13388229873241
0.123779384121617 0.324322037071034 0.389102846315739 0.16279573249161
0.213954687664568 0.336393623648521 0.334927610219348 0.114724078467563
0.0503615486703109 0.446396470597647 0.435473777300756 0.0677682034312863
0.392341419009167 0.148438481269516 0.154354250785534 0.304865848935783
0.0683771611520368 0.146363141025988 0.133337035036101 0.651922662785874
0.258110322916622 0.211884520845766 0.408689387031597 0.121315769206015
0.330355542659265 0.300364851395421 0.171944133655356 0.197335472289958
0.107815230493087 0.140538773611773 0.690729374712512 0.0609166211826287
0.170743264116106 0.294265387329596 0.219839211620333 0.315152136933965
0.168984624770164 0.183776711288784 0.0464667132317685 0.600771950709284
0.248677690907218 0.3865337426114 0.358870898815397 0.00591766766598574
0.364407595554396 0.192877313809805 0.12942955726714 0.313285533368659
0.33874164936121 0.0844549711086277 0.247005053556039 0.329798325974123
0.0739839599319231 0.187763821018488 0.208148628771513 0.530103590278076
0.335342714138348 0.36649744325201 0.297625347087612 0.000534495522031094
0.119934575188675 0.0344610681596239 0.433159476359989 0.412444880291713
0.372799542890391 0.0261930451515472 0.203820687553442 0.39718672440462
0.145681150260517 0.228301982883805 0.536280864426182 0.0897360024294963
0.00213025640732505 0.370690075713469 0.51197261965014 0.115207048229067
0.256104679252235 0.34661479350472 0.134052856262331 0.263227670980713
0.212871183991287 0.246348383702451 0.377791373213952 0.162989059092309
0.325416803113096 0.0728615430123913 0.203174832590176 0.398546821284336
0.295631495869907 0.271962836164438 0.247832468159016 0.18457319980664
0.282209758884216 0.286087139491806 0.371211882598523 0.0604912190254548
0.0405891547932891 0.462424154779455 0.395332256344692 0.101654434082564
0.0114300181966011 0.0531608313482163 0.682109319699342 0.25329983075584
0.275191216754781 0.43499650179191 0.237946259908876 0.0518660215444328
0.270303877415131 0.279895688574553 0.236277715667202 0.213522718343114
0.508944325466633 0.248760096229707 0.177167430270624 0.0651281480330365
0.0418050616802619 0.250807735545947 0.371931055729274 0.335456147044517
0.00648730437753212 0.515742825849129 0.278610924960995 0.199158944812344
0.390690305113707 0.263499135336451 0.229282258362275 0.116528301187567
0.376494828305355 0.361702232453434 0.0450896093541331 0.216713329887078
0.236558056830262 0.311885705591972 0.210503650419704 0.241052587158062
0.157272495964374 0.162353612578211 0.357698061475833 0.322675829981582
0.196354748777184 0.246216312724594 0.266839147031464 0.290589791466758
0.162219020435838 0.113719879495003 0.0460363376648978 0.678024762404261
0.0453311795249276 0.401005812373363 0.25376659619524 0.299896411906469
0.265338811276959 0.129916262948844 0.429754719062173 0.174990206712024
0.0951113916323451 0.152066225319566 0.408139380108011 0.344683002940078
0.239333837482198 0.392177166478923 0.204536556196929 0.163952439841949
0.0696926295250053 0.505427521448854 0.102355728932726 0.322524120093415
0.248363270061656 0.502151912110818 0.0163996659857104 0.233085151841815
0.33521130730755 0.0461020613550076 0.165579629327008 0.453107002010434
0.145839449366512 0.255254648156158 0.299945754923431 0.298960147553899
0.0437143873384969 0.228497992165169 0.142239401083284 0.58554821941305
0.290164582813597 0.433189028223442 0.0135315051825235 0.263114883780437
0.439675037827989 0.315434929443679 0.195792792881097 0.0490972398472348
0.209154953728954 0.246563092832348 0.0992526420618842 0.445029311376813
0.0525698713571887 0.706759118355412 0.153674684732253 0.0869963255551461
0.353862305337194 0.191732790286644 0.292291965178638 0.162112939197523
0.289841853318246 0.245790569332781 0.124122342440305 0.340245234908668
0.0529432522332632 0.306397968870779 0.198899649381089 0.441759129514869
0.18846975542899 0.259723812236148 0.303505993246411 0.24830043908845
0.446062736737892 0.154599946507516 0.351823117736672 0.0475141990179201
0.258261122172778 0.27496881594615 0.196925440654745 0.269844621226327
0.229167664486619 0.320475603348856 0.129138691304467 0.321218040860058
0.15014904189929 0.245928409341131 0.245043718716187 0.358878830043392
0.108709313703189 0.293175988560846 0.259146587761708 0.338968109974257
0.247797973777534 0.116049808809156 0.365770509178815 0.270381708234494
0.198879871997035 0.361552145078766 0.190476680231283 0.249091302692917
0.150498436790906 0.315653013437139 0.291298232379099 0.242550317392856
0.29167604853342 0.220550917610386 0.342563534924789 0.145209498931405
0.320089493975963 0.240150794037795 0.394103596012735 0.0456561159735076
0.335176814821709 0.203200777925151 0.336801835122978 0.124820572130162
0.274712448547087 0.363378981992885 0.172150141447289 0.189758428012739
0.385003352481201 0.359486580294509 0.0605961448401988 0.194913922384091
0.343670096069317 0.170026637371568 0.317394013307732 0.168909253251382
0.382292522012828 0.188869446358504 0.318908796643257 0.109929234985411
0.0203595006928709 0.379485300656196 0.359501049893851 0.240654148757083
0.225096141437477 0.0507147156702931 0.199544617213411 0.524644525678818
0.1411805537675 0.548671846901996 0.161561705158969 0.148585894171535
0.379373079507468 0.125534175161963 0.202912059485076 0.292180685845492
0.364300387878099 0.282655035747258 0.224406576479209 0.128637999895434
0.155485980966615 0.361151882977878 0.0865357376424811 0.396826398413026
0.255317218870596 0.429198777605059 0.0223058321419091 0.293178171382435
0.110878703074594 0.215100388995472 0.314364205148557 0.359656702781377
0.397433890007231 0.0778444145369386 0.22023052069042 0.304491174765411
0.300592691131914 0.177353218303096 0.254081787216026 0.267972303348963
0.0252362814337637 0.0780860454250249 0.637958172293762 0.258719500847449
0.0650732536060761 0.122551461379939 0.514049830847732 0.298325454166253
0.382627979090092 0.0321016323439816 0.283803559271367 0.301466829294559
0.315305144917743 0.0629868747379688 0.449648977023254 0.172059003321033
0.319569368756714 0.143822146203437 0.333916412612847 0.202692072427003
0.174718966095969 0.283120930174272 0.449294132302871 0.0928659714268874
0.089575446960466 0.271110962203266 0.208626990836952 0.430686599999315
0.377323558441824 0.263016409477086 0.320690886180149 0.0389691459009424
0.523902934433714 0.331134503383013 0.105522217920873 0.0394403442624004
0.138280025971227 0.324072199089844 0.00449816129715577 0.533149613641773
0.701888224658125 0.117526053502811 0.0489986909070809 0.131587030931983
0.0165782303380591 0.133165926522883 0.330581113269195 0.519674729869863
0.346049368919235 0.431385267153401 0.105178448548735 0.117386915378629
0.39446583869311 0.219535499609662 0.349465317189205 0.036533344508023
0.0276202944723457 0.300293181910103 0.368765482832966 0.303321040784585
0.255013710612252 0.364730387925883 0.314999910338588 0.065255991123278
0.00484542686680894 0.376532871284343 0.297442500084261 0.321179201764587
0.0398697833943783 0.130805412049973 0.359191950521444 0.470132854034205
0.12572787330139 0.210804685462253 0.282942477826435 0.380524963409922
0.34903439415304 0.26598984020137 0.321626203322119 0.0633495623234711
0.207558164791181 0.408646549529117 0.148339073048112 0.23545621263159
0.164937573018773 0.223821115181094 0.399615309343496 0.211626002456637
0.424493040249059 0.104014482589273 0.401454910576365 0.0700375665853024
0.396888767725487 0.309435507708646 0.0573168938094895 0.236358830756377
0.344724138006463 0.402101251357319 0.142660646885491 0.110513963750727
0.179480195178943 0.36567044972065 0.0468223171384417 0.408027037961966
0.389503967759578 0.449761763455391 0.0651241095115262 0.0956101592735045
0.240171442516605 0.293826582900317 0.0646094137614975 0.40139256082158
0.245749074474562 0.0579201133659854 0.481452597710463 0.21487821444899
0.152226665713156 0.030133249766494 0.408804877235243 0.408835207285107
0.123387458521406 0.40441070368641 0.379831286834364 0.0923705509578205
0.116944271899272 0.320213051620969 0.345562814046338 0.217279862433421
0.127898021517774 0.227929616268181 0.370705722643426 0.27346663957062
0.0654851869159403 0.387542732921739 0.0180034374440435 0.528968642718277
0.261789640702198 0.209173132537163 0.0364298466133896 0.49260738014725
0.417460439589856 0.113093839354377 0.432645277595687 0.03680044346008
0.0732322407358682 0.300768387065164 0.232386698625768 0.3936126735732
0.30924736153644 0.390755667241863 0.0990745997970126 0.200922371424684
0.320536471991938 0.297683360826387 0.129455017536622 0.252325149645054
0.181538825007908 0.305646427083108 0.380894713180072 0.131920034728912
0.241224136930982 0.169834418389593 0.206584469966269 0.382356974713156
0.231426301549407 0.498419789283243 0.0714071485156585 0.198746760651691
0.160832452599076 0.0361191791555354 0.42494828521115 0.378100083034239
0.439655812171464 0.00768470979178387 0.10059064585481 0.452068832181942
0.0973366297710327 0.358288713044298 0.228278164901894 0.316096492282775
0.503032312593157 0.105217628699174 0.0295056968197164 0.362244361887953
0.274695227308211 0.399082908323376 0.200716728614346 0.125505135754068
0.235211282039575 0.199958061203242 0.187574300901285 0.377256355855898
0.267916107159031 0.243337263399648 0.244085357177857 0.244661272263463
0.43433604658888 0.25630659941342 0.182246724249248 0.127110629748452
0.0427340076381787 0.41436291372994 0.253277098932209 0.289625979699673
0.230554340652476 0.272848521534507 0.253105115973202 0.243492021839815
0.0308394435939193 0.395587755019798 0.0663214676258128 0.50725133376047
0.26877988514202 0.34979694252194 0.309376041621783 0.0720471307142559
0.0489502182000895 0.00556919804047231 0.505073556968901 0.440407026790537
0.240113590561978 0.263956364076964 0.104907901175887 0.391022144185171
0.332582788374244 0.303484141439726 0.0382103545091716 0.325722715676859
0.351247986201211 0.11367217612053 0.386532550486754 0.148547287191505
0.0704221283755938 0.390788913452169 0.301858297681682 0.236930660490555
0.314726573238229 0.380286352119892 0.230093866453716 0.0748932081881623
0.439743266238869 0.117252451685655 0.0441714461540191 0.398832835921457
0.14466570355781 0.12858098477044 0.327113396815247 0.399639914856503
0.0611070866438866 0.438434949415524 0.130795248341884 0.369662715598705
0.144831700048313 0.173337034411277 0.464812748596068 0.217018516944342
0.210044725676647 0.509883315058245 0.138093908754689 0.141978050510419
0.291227559323828 0.200528595921455 0.282887644731093 0.225356200023624
0.187559827266822 0.256528810226997 0.25724066430059 0.298670698205592
0.272425974751534 0.32926419625011 0.296113397788531 0.102196431209825
0.200027246718746 0.253793358457759 0.143289815721207 0.402889579102287
0.303334543480173 0.121716242918781 0.237463595166927 0.337485618434119
0.038992681316203 0.156287209349017 0.411013124704991 0.393706984629789
0.153425371332495 0.145384399037755 0.351379689191645 0.349810540438106
0.116167833588749 0.279314671463737 0.331985393026571 0.272532101920943
0.318770779425141 0.273663834074695 0.196448046196687 0.211117340303477
0.509786694760698 0.0465457953417625 0.343707436704501 0.0999600731930388
0.318743555812516 0.218574119609874 0.30745130921169 0.155231015365919
0.583241702122843 0.131455511406544 0.241841662117624 0.0434611243529884
0.375506688563267 0.336454677475384 0.216439964915384 0.0715986690459655
0.212640934362287 0.335239361044415 0.275071876365738 0.177047828227559
0.22335889475272 0.322209050617569 0.210094075490028 0.244337979139682
0.264606855296517 0.272978078423627 0.299431692027997 0.162983374251858
0.319501739254886 0.47217854751748 0.157290631960877 0.0510290812667568
0.378518651202137 0.267690285273551 0.148526769770276 0.205264293754036
0.267429233703699 0.226328969754606 0.305644680220367 0.200597116321328
0.204943189344982 0.244332038075809 0.00503519009733954 0.54568958248187
0.276181671695374 0.217208678467006 0.334851267346925 0.171758382490696
0.0194457953268693 0.692336755490782 0.154987244069564 0.133230205112784
0.180863116009204 0.399942003656118 0.237152832437526 0.182042047897152
0.130546355663165 0.373262758025414 0.153525371392185 0.342665514919236
0.0437609900693564 0.0836052466292225 0.398927700505457 0.473706062795964
0.305924686223098 0.260353764969624 0.149160337572747 0.28456121123453
0.378196998971568 0.0622084622289932 0.172293994850502 0.387300543948937
0.112485677061444 0.329988336099652 0.209325673347421 0.348200313491483
0.195714420394839 0.0135454320599354 0.286108141666905 0.504632005878321
0.103956479362483 0.291240217821452 0.126948342369486 0.477854960446579
0.0282363739491379 0.462489879040687 0.409510278746869 0.0997634682633057
0.034644895572942 0.243970271162486 0.332740464518587 0.388644368745985
0.335942901255749 0.202375566828497 0.145242484417222 0.316439047498531
0.0496981879759135 0.238423808722666 0.351153733793979 0.360724269507441
0.0247951143519585 0.0269529433275685 0.298622863587172 0.649629078733301
0.188825643292484 0.467386915726124 0.0461536763112301 0.297633764670161
0.226172706706029 0.308414689833072 0.110466153032806 0.354946450428093
0.270432143192625 0.394142566244235 0.216717413805717 0.118707876757424
0.217067212471007 0.247406739171224 0.0980491279788794 0.437476920378889
0.602303192747876 0.113120923802162 0.106082552200399 0.178493331249562
0.376110327446875 0.0377544017081974 0.453649726635113 0.132485544209815
0.299824709580825 0.36369022947653 0.00643011311666109 0.330054947825984
0.358394536114062 0.221870024249839 0.298808553828106 0.120926885807993
0.349653342510908 0.325072058487161 0.0737982634719087 0.251476335530022
0.15971270061836 0.0109858331837182 0.436509179656571 0.39279228654135
0.146854316779959 0.22305808593451 0.407005465554441 0.223082131731089
0.305997361324582 0.352400955541501 0.170583339221346 0.171018343912571
0.195389340965772 0.308957763172382 0.190027617918765 0.305625277943081
0.114435511521185 0.0102973902789716 0.607579717161086 0.267687381038758
0.401814048947503 0.346519029327678 0.186388318692051 0.0652786030327692
0.14312706659231 0.298647252635541 0.368568153411499 0.18965752736065
0.169198985047956 0.00553174855791753 0.400143902781371 0.425125363612755
0.770261172290728 0.146517093389973 0.0490920521510206 0.0341296821682789
0.383352148759453 0.294685363588709 0.139196802656379 0.182765684995459
0.0763694268396335 0.205291876542347 0.30004717254458 0.418291524073439
0.237025037556245 0.229298041451952 0.52907618589702 0.00460073509478225
0.400462117314487 0.205108072383133 0.181321598930494 0.213108211371886
0.119890950914456 0.582717335106167 0.19414542236464 0.103246291614737
0.430158243059106 0.0954121405129428 0.00952807832130348 0.464901538106648
0.384477080946573 0.253393798036942 0.0998172626050303 0.262311858411455
0.190841776183915 0.130957683584592 0.339963084537602 0.338237455693891
0.411858132566829 0.150147071029009 0.299499879413188 0.138494916990974
0.0989508791353099 0.304499568756716 0.435540699080537 0.161008853027437
0.380621781253149 0.121720968311563 0.213697904712133 0.283959345723156
0.418468576686438 0.145301762895772 0.228370310621567 0.207859349796223
0.143172214244951 0.333623835249106 0.00292211331137547 0.520281837194568
0.134190934680005 0.11384235140634 0.227706412597747 0.524260301315909
0.373407746867992 0.014713494325942 0.25609389280169 0.355784866004376
0.109619090675568 0.493911689894921 0.0339902922049578 0.362478927224554
0.290919545806677 0.447925738674974 0.147870583304562 0.113284132213786
0.125457973236173 0.331756546060122 0.167308941652491 0.375476539051213
0.259740090463024 0.237992075972103 0.137058614528492 0.36520921903638
0.291404998707372 0.275914275208855 0.154229850081278 0.278450876002495
0.251535478746782 0.187081114682177 0.253776248351344 0.307607158219697
0.269554861129049 0.333765657712838 0.0458816631014776 0.350797818056635
0.327940368747018 0.20920576928889 0.287160651082206 0.175693210881886
0.229463307599427 0.402596276419752 0.212114633212177 0.155825782768644
0.291384317690915 0.496491182376328 0.026604810182631 0.185519689750127
0.205381724120823 0.247443412516002 0.34318964004329 0.203985223319884
0.297622278959 0.161289621545887 0.513420155898416 0.0276679435966973
0.145270066418374 0.285486095527175 0.44239754933649 0.126846288717961
0.483103631361476 0.189122287148907 0.107282783206623 0.220491298282994
0.389237398781557 0.197534215731883 0.38157438684337 0.0316539986431901
0.236237382569589 0.383014534218174 0.0536980754303056 0.327050007781931
0.277193001177681 0.176098393681153 0.0999591348592273 0.446749470281938
0.403234735666321 0.0367322606001398 0.0613753020474139 0.498657701686126
0.358128452112623 0.195345861253637 0.0992364964774262 0.347289190156314
0.180427351332331 0.171616106105592 0.263992557463722 0.383963985098354
0.303006173154346 0.114318980321199 0.3238782214776 0.258796625046856
0.34999002933976 0.108258775438011 0.346557832301507 0.195193362920721
0.366776574471582 0.317398284883043 0.289730594872586 0.026094545772789
0.152060696427967 0.159525301535175 0.325444250183996 0.362969751852862
0.048849099377348 0.13759158274312 0.459446961225935 0.354112356653597
0.251000373420278 0.341181494100616 0.00630948293895952 0.401508649540147
0.251228166214084 0.341159360355434 0.0604585479875103 0.347153925442972
0.317755385879748 0.256685734592926 0.242403592752869 0.183155286774457
0.0652016801510985 0.468924896501753 0.350949271606316 0.114924151740832
0.189589505046469 0.504227860313921 0.0423080807244698 0.26387455391514
0.0157329481123983 0.209255769364133 0.312406587652486 0.462604694870983
0.485717573082093 0.0203113113838524 0.0956126066092084 0.398358508924846
0.142995513832729 0.145932489725019 0.574417831324448 0.136654165117804
0.273312384279837 0.231750955978556 0.124757103349059 0.370179556392547
0.162375942626735 0.491856069514699 0.0873260452444344 0.258441942614132
0.201398739180108 0.132476104967603 0.360228556859918 0.305896598992371
0.457564545383116 0.38970027483352 0.0358019452393302 0.116933234544034
0.456344028011461 0.461604129809032 0.0427818697136545 0.039269972465853
0.0937475880152645 0.0296564414457404 0.537923040515664 0.338672930023331
0.198025200919703 0.132088995395056 0.309464113703548 0.360421689981693
0.107439906882358 0.0728576757537457 0.446577714152696 0.3731247032112
0.188899621880953 0.371946533556995 0.380481088071831 0.0586727564902218
0.422193520091025 0.0796450997526831 0.129638105818194 0.368523274338098
0.299246979044515 0.309447545809629 0.288953178042669 0.102352297103187
0.269374521009372 0.264724000997816 0.393232739349737 0.0726687386430753
0.299287556447618 0.265218796559544 0.127829074333198 0.307664572659641
0.074409109086366 0.335506734501853 0.301384647656086 0.288699508755694
0.186171485757446 0.24250969742875 0.241268230232448 0.330050586581356
0.0709134495233813 0.0460756893401047 0.463869770817092 0.419141090319422
0.133122327946166 0.0723340460794097 0.547038636064772 0.247504989909652
0.302172555604181 0.177650505710935 0.44288911817017 0.0772878205147149
0.342719058658715 0.265725788950389 0.263475956140191 0.128079196250705
0.372383928468143 0.0974502643485811 0.186840910597093 0.343324896586183
0.202229554897162 0.606127017451787 0.137788357744724 0.0538550699063271
0.329358799739983 0.192195445494072 0.130872264764273 0.347573490001672
0.0272404809281076 0.179386635209161 0.404575170491023 0.388797713371709
0.196837506130903 0.308125263089118 0.201731175675549 0.293306055104431
0.332780808270187 0.438483128445188 0.0585698784733195 0.170166184811305
0.211556566189664 0.166427146925239 0.0805292363948897 0.541487050490207
0.283912519229071 0.490225150462533 0.00868516142512276 0.217177168883273
0.147122150712867 0.141599250915077 0.142899346843391 0.568379251528664
0.30755037109978 0.150973492920058 0.27794011804755 0.263536017932612
0.0328750478774874 0.156540069703003 0.441706949175486 0.368877933244024
0.350101457673656 0.146874013695529 0.0995921917449282 0.403432336885887
0.473182054304648 0.0823037879821452 0.162311061018739 0.282203096694468
0.369079235358893 0.0285944478046796 0.272835998556062 0.329490318280365
0.281072114838489 0.261803378038011 0.248452442123552 0.208672064999948
0.472275177970335 0.165013529441194 0.222290426256785 0.140420866331685
0.630769479214278 0.0263565304704337 0.0304195078968982 0.31245448241839
0.0499992450102754 0.350476694412812 0.359221456739875 0.240302603837038
0.580307680744621 0.205323328741797 0.110986429272643 0.103382561240939
0.0423957140950079 0.196123447856472 0.233266181055065 0.528214656993455
0.0876818567480551 0.367453143577995 0.319070719452204 0.225794280221746
0.202361685379401 0.263314050843207 0.440867616712546 0.0934566470648459
0.184631854181323 0.0185599754121416 0.580007991124295 0.216800179282241
0.256455083790055 0.0531325227866747 0.126488082069501 0.56392431135377
0.239351086143093 0.0706471183227454 0.170693133000157 0.519308662534005
0.150459284446545 0.00409415319989484 0.510393908250627 0.335052654102933
0.0507762322471377 0.414718852129202 0.517584703581777 0.0169202120418838
0.226183762990406 0.291992947064817 0.154175812926579 0.327647477018198
0.296892192792651 0.291708640432377 0.05589992793571 0.355499238839262
0.18552827537717 0.25217659502812 0.299575805035985 0.262719324558725
0.148572937110432 0.251809820945513 0.328874589123528 0.270742652820526
0.298767034467922 0.308815585690976 0.271505408083569 0.120911971757533
0.446475636249829 0.213055031202846 0.300933668388112 0.0395356641592122
0.0317384061218288 0.0901869842791452 0.449142540389913 0.428932069209113
0.473770547124846 0.122762600159487 0.393185291232304 0.0102815614833625
0.337298987842113 0.229458259752606 0.364818499997554 0.0684242524077266
0.148492689147061 0.457270826411233 0.255150499243985 0.139085985197721
0.325326900578271 0.338017095855658 0.168196301950706 0.168459701615365
0.204655973235703 0.2666523318402 0.211555574485432 0.317136120438665
0.0681624864960451 0.424195368769702 0.216807919358024 0.290834225376229
0.182174859675966 0.114008782408182 0.0997428093493573 0.604073548566495
0.244282748440073 0.35887812403052 0.00975512410036318 0.387084003429044
0.119372719685063 0.266452354813605 0.353607410279323 0.26056751522201
0.307046476868371 0.232365387236098 0.248918438939965 0.211669696955565
0.307614750752319 0.635142892661924 0.0298681864051097 0.0273741701806472
0.26614439534913 0.248884678299541 0.337557963232219 0.14741296311911
0.142991581531119 0.310735640527993 0.26629724844657 0.279975529494318
0.327894420114293 0.0641073624662472 0.165491701168182 0.442506516251278
0.299311257275169 0.319818629262563 0.0156370700873948 0.365233043374873
0.0301059534069788 0.331114322108119 0.274770410297849 0.364009314187054
0.0981160250498872 0.237757880034323 0.426685452732196 0.237440642183594
0.0720279295211321 0.102414772346947 0.471399211551113 0.354158086580808
0.415788799997042 0.107931406403579 0.16019772649912 0.316082067100259
0.286437179922011 0.303303456465982 0.178476826136487 0.23178253747552
0.0398964791280986 0.225825972036679 0.171484177206957 0.562793371628265
0.173994063213325 0.113161389566633 0.340240199873953 0.372604347346089
0.351836420363325 0.402766482636124 0.0737933191287503 0.1716037778718
0.33693988529175 0.556034458497385 0.106856486485736 0.000169169725129125
0.197494842017361 0.473742422754084 0.301866846891065 0.0268958883374903
0.0853449992372967 0.40829903379237 0.258889853607014 0.247466113363319
0.262378566463513 0.247977331722808 0.186055846711009 0.303588255102669
0.285949297790931 0.0084190965596566 0.33533089627889 0.370300709370522
0.136807504581127 0.0425338860744826 0.614007631101369 0.206650978243021
0.243653313900262 0.187111055824085 0.223445494912634 0.345790135363019
0.327108423228855 0.0992019051466729 0.342045011834228 0.231644659790244
0.268626771954337 0.244605718624004 0.039185247232117 0.447582262189542
0.429856296413736 0.0326452293031413 0.316269357040702 0.221229117242421
0.26019883075178 0.200698050143684 0.125705033609419 0.413398085495117
0.0267014652269134 0.271610157340108 0.351868673598905 0.349819703834073
0.35045613255948 0.295232666723556 0.243309112936198 0.111002087780766
0.172306219323852 0.253703825573848 0.403044990183892 0.170944964918407
0.281340405796698 0.445796940485265 0.26082838310475 0.0120342706132868
0.238135657471328 0.366126823755796 0.345836143862474 0.0499013749104012
0.0158745307562368 0.381604891527096 0.0573869454517781 0.545133632264889
0.219750093944815 0.246615172988954 0.246251618929584 0.287383114136647
0.263147465745388 0.323438891943143 0.2703104087996 0.143103233511869
0.230816475020724 0.416669422074372 0.0426706329928233 0.309843469912081
0.203232459750292 0.329738248718779 0.205495023167108 0.261534268363822
0.146402485397876 0.3088883147246 0.234375654232117 0.310333545645407
0.257237199214259 0.00969037010839291 0.205693390641317 0.527379040036031
0.295426664268963 0.503978695293943 0.0662832074039432 0.134311433033151
0.330695668536262 0.317913575862342 0.164434313345676 0.18695644225572
0.180229469348647 0.593712846515205 0.0578301439389311 0.168227540197217
0.223761235176193 0.303087715884848 0.179856281819064 0.293294767119895
0.533876474485883 0.124825159596238 0.0952914674205789 0.246006898497301
0.256559515182652 0.231220630110574 0.281077802650474 0.231142052056301
0.365962674681204 0.149670170790293 0.468037449940199 0.0163297045883032
0.279703699518345 0.213906299112714 0.277069691499046 0.229320309869895
0.0852671942590813 0.235793316055722 0.582262022083658 0.0966774676015388
0.203707118746139 0.30064552116086 0.282191974066283 0.213455386026717
0.193197055500212 0.288424774899968 0.133447096629859 0.384931072969961
0.00382758882904391 0.377541744550156 0.301049565455599 0.317581101165201
0.303589292176884 0.169062428047128 0.438219552202592 0.0891287275733968
0.263783173139536 0.410265644838732 0.246340124332 0.0796110576897325
0.24603649502094 0.193058957670656 0.287377466627837 0.273527080680567
0.395135759866326 0.386550970883909 0.0995308375272483 0.118782431722516
0.274087592741746 0.224722777089787 0.480553111173359 0.0206365189951069
0.251553715784441 0.611457041889093 0.0724189073689944 0.0645703349574724
0.0689093267650681 0.528450037793301 0.17755074128511 0.22508989415652
0.10781313853211 0.313210302072255 0.253818559492992 0.325157999902643
0.141479290349192 0.389571330406151 0.193325708046396 0.275623671198261
0.266785759841499 0.358183000581465 0.245750308722156 0.12928093085488
0.250857179739672 0.381348384855016 0.332835587957321 0.0349588474479902
0.257956122129156 0.268036935227111 0.325754904652971 0.148252037990762
0.0461384617909474 0.327808760651863 0.184950597347977 0.441102180209213
0.157876942917422 0.278380533187953 0.37378855726315 0.189953966631476
0.0483476082099519 0.427729150184042 0.241454888632725 0.282468352973282
0.33445852738803 0.299239462435585 0.0939658957397707 0.272336114436614
0.322813899607006 0.0202207502363761 0.416082166444784 0.240883183711835
0.265485255767329 0.27503142684752 0.442799854443245 0.0166834629419058
0.388002326231354 0.271157007511665 0.0538887002141938 0.286951966042788
0.394641963946 0.355559772463273 0.179596375041796 0.0702018885489303
0.0967465419250031 0.491029009106236 0.00880194477116042 0.403422504197601
0.376299721519311 0.12409612516591 0.0794915067935935 0.420112646521186
0.141041005410593 0.488630192235021 0.0469855558676818 0.323343246486704
0.015268723798238 0.398359246213305 0.352539862526276 0.233832167462182
0.0684060760305179 0.317122593898095 0.246164538064464 0.368306792006923
0.284018935985535 0.0517794266528292 0.31627684032951 0.347924797032126
0.0928722298068227 0.289389240323999 0.186728452747537 0.431010077121641
0.27057781424125 0.0919910725423808 0.169966817833129 0.46746429538324
0.0200924069572816 0.315790911698427 0.198255145682474 0.465861535661817
0.362053512304678 0.48766858836746 0.0812449441718324 0.0690329551560304
0.278724750990995 0.244852898045546 0.121821002254894 0.354601348708565
0.277993121424503 0.368706785365714 0.193228193298924 0.160071899910859
0.13098264841857 0.260141194194616 0.180659690856418 0.428216466530396
0.359738284192542 0.0860444691528269 0.285745440047837 0.268471806606794
0.29839815411778 0.319118557056541 0.266955778558012 0.115527510267666
0.0677556914324342 0.0180043005565766 0.34691727779386 0.56732273021713
0.389152324233568 0.246067313260885 0.240861828213174 0.123918534292373
0.368104826870866 0.179379091422823 0.00297063548043871 0.449545446225872
0.295632747070697 0.309756077985503 0.0429198517253837 0.351691323218417
0.197629055958431 0.420551230911983 0.0342384776173904 0.347581235512196
0.359134663547052 0.288814075827658 0.28304786087084 0.0690033997544504
0.123332062158125 0.409842441777298 0.105805411524482 0.361020084540094
0.635449207989897 0.0691856884334794 0.0477852182409938 0.24757988533563
0.0237196890391187 0.311589834324309 0.287941365006811 0.376749111629761
0.624245843987581 0.0730383740296644 0.0267130914833555 0.276002690499399
0.0541196363227646 0.298799230863392 0.344359457501144 0.3027216753127
0.301092792641829 0.327293086912211 0.058840639636339 0.312773480809621
0.210776541628173 0.0187247173289619 0.263900938288126 0.506597802754739
0.459204657937787 0.369757895327629 0.114252416064319 0.0567850306702651
0.22561775497959 0.139914582079862 0.260420424469964 0.374047238470585
0.0453841501905354 0.29168529223451 0.347773427692085 0.31515712988287
0.257558688585879 0.248382994856139 0.153233876260641 0.340824440297341
0.43474461341996 0.0739794356062193 0.197231707378688 0.294044243595133
0.165076957423022 0.110886532879007 0.324849567192653 0.399186942505318
0.05954012104905 0.0374905320108967 0.588228071470184 0.314741275469869
0.180024586686827 0.306841957722483 0.244951326908602 0.268182128682088
0.154454909840847 0.151763573505559 0.370017760361295 0.3237637562923
0.0081765787663162 0.445535165829529 0.184493254867193 0.361795000536961
0.218683914211049 0.131292316481282 0.26422332468372 0.385800444623949
0.41718145647806 0.456975644023062 0.0197878671138912 0.106055032384986
0.396632870705455 0.00870403798776964 0.294161145097814 0.300501946208961
0.212394864445405 0.205800512391486 0.23260676886747 0.349197854295639
0.392420145564027 0.327352192940225 0.02119371908579 0.259033942409957
0.332765732248779 0.142036675853641 0.28369995337519 0.24149763852239
0.590468665015481 0.00223132573539146 0.369218668738262 0.0380813405108655
0.0367663226727682 0.116222385082266 0.415432227930908 0.431579064314058
0.200448331832297 0.387346719018418 0.166884091567212 0.245320857582072
0.193704733816741 0.105964731642887 0.359602780970505 0.340727753569868
0.307071766350188 0.256073075410218 0.0881113928215001 0.348743765418094
0.368278601977679 0.337440475756114 0.184479418463063 0.109801503803144
0.116460874836234 0.325939808850259 0.308627388218037 0.24897192809547
0.33266319321442 0.321116473017585 0.202679339255496 0.143540994512499
0.110251721508397 0.343703833630067 0.194927109959891 0.351117334901644
0.115223683243872 0.464803218841466 0.400255407780671 0.0197176901339908
0.120317552435895 0.05301961927602 0.543118360009555 0.283544468278529
0.170070945256437 0.0284758240218182 0.691866492451541 0.109586738270204
0.0078129088283036 0.486777484376929 0.281065303206111 0.224344303588656
0.283120885858424 0.432666120956455 0.107751898889585 0.176461094295536
0.298257831835945 0.28400744781819 0.269915034701749 0.147819685644116
0.0449192929993571 0.0183977886897151 0.184059004373528 0.7526239139374
0.403782698404838 0.165908810968932 0.190499891000553 0.239808599625677
0.209689259136434 0.248885823862475 0.263712429299522 0.277712487701569
0.00050210812577158 0.427969381582889 0.498649204227869 0.0728793060634703
0.147067973425385 0.206371842048596 0.398697627561899 0.24786255696412
0.160854086890481 0.088096235633795 0.135166873534572 0.615882803941151
0.367923514478304 0.0399567622180908 0.355646312504358 0.236473410799247
0.16018954078506 0.212358993102922 0.419401119462972 0.208050346649046
0.349202167627501 0.234032419743321 0.249592385743363 0.167173026885815
0.290807909671816 0.108047812606296 0.18269495960302 0.418449318118868
0.374544997685254 0.125177265605784 0.00114250201522052 0.499135234693741
0.0545450002155304 0.354468511981462 0.0105614838965185 0.580425003906489
0.497478045441592 0.302441110426402 0.0148703001761865 0.185210543955819
0.420111059226524 0.160000977663144 0.198791757045398 0.221096206064934
0.0424327584442164 0.0879611578697171 0.419306884406587 0.450299199279479
0.0213591646168056 0.290862927225712 0.522378261537839 0.165399646619643
0.441740387158458 0.230011146099395 0.0283690022242422 0.299879464517904
0.142377507280504 0.0107879622863468 0.470211043782875 0.376623486650275
0.212844893670031 0.265001956932805 0.365964573926556 0.156188575470608
0.321386335409694 0.246364356256132 0.268434404026162 0.163814904308012
0.216170204773062 0.285394337467444 0.057226956803895 0.441208500955599
0.178989402091097 0.374851045804125 0.362826276947368 0.0833332751574111
0.166353964226879 0.454932176104974 0.221247560856656 0.157466298811491
0.0337784641152341 0.101024149236339 0.553297460503978 0.311899926144449
0.248104045893888 0.26571568513319 0.437280548737608 0.0488997202353146
0.372157177751463 0.421294958984677 0.188252720985231 0.018295142278628
0.172371691141294 0.473093337465446 0.0599141237391905 0.294620847654069
0.4243578676216 0.168867312195818 0.0929888390969878 0.313785981085594
0.226068424076519 0.381931942836577 0.365905783203656 0.0260938498832485
0.232097180978935 0.376105269128452 0.0379393464766766 0.353858203415936
0.157134486335999 0.144780380553608 0.329311675002747 0.368773458107646
0.345553481759867 0.292376918161372 0.252541886921631 0.10952771315713
0.137470016334638 0.363462887464211 0.463585357408748 0.035481738792403
0.0671638148804468 0.460583904836457 0.440003817248291 0.0322484630348051
0.190706575222547 0.393403691108333 0.339036699092798 0.0768530345763218
0.085124508976486 0.0949817768324036 0.693803926470356 0.126089787720754
0.409836885009152 0.246608149243637 0.255037244543445 0.0885177212037665
0.0847444953396324 0.328012197550296 0.187276782519832 0.399966524590239
0.316413315366633 0.286845302349578 0.270195972683774 0.126545409600015
0.0333364879611649 0.246819689181181 0.0115851224875941 0.70825870037006
0.346425238105839 0.122141785555496 0.224614389165563 0.306818587173102
0.299908033545081 0.078343542166709 0.243704596064904 0.378043828223307
0.205068869624588 0.431403945319577 0.146411407893287 0.217115777162548
0.188409209101845 0.466342880525043 0.209580772597904 0.135667137775209
0.0660879534303397 0.0891434934645051 0.341020847708458 0.503747705396697
0.0125655334438486 0.472786564555424 0.264784328732046 0.249863573268681
0.370527030063012 0.231093950196099 0.0285567678770241 0.369822251863865
0.0808314240985694 0.124246304876659 0.487552911984377 0.307369359040395
0.366750932077877 0.365975090308538 0.113331334916602 0.153942642696984
0.272409811532628 0.211404798206225 0.217697686436241 0.298487703824906
0.327222091210716 0.0524007423161895 0.310496652997698 0.309880513475396
0.07070025409269 0.272236442964111 0.313634249691623 0.343429053251576
0.244491905896858 0.312020605100141 0.169646898205813 0.273840590797188
0.28741926824771 0.151357419889239 0.332167915026061 0.22905539683699
0.205388079967517 0.287050054622502 0.212101479354002 0.295460386055979
0.121436973559025 0.177423286441393 0.330339275813448 0.370800464186134
0.270317416345179 0.231774319719521 0.274082306405266 0.223825957530034
0.242425357619583 0.25818120176447 0.168268052302071 0.331125388313876
0.216454910070187 0.176754134769758 0.435307182875264 0.171483772284792
0.321794133902352 0.0840831740591033 0.354873984743048 0.239248707295497
0.307203650108093 0.22138197779369 0.28414720006161 0.187267172036607
0.235207923331606 0.340604226192169 0.126385140459652 0.297802710016572
0.0160556161635873 0.335559601959433 0.269160118713517 0.379224663163462
0.174830243796731 0.477899701397391 0.19813728992487 0.149132764881008
0.258418894832188 0.0328326383242045 0.432924620318646 0.275823846524961
0.0189665290014328 0.264933399128244 0.248443256783621 0.467656815086702
0.0968306102654003 0.188155392864471 0.224487202139767 0.490526794730362
0.368484997522434 0.383802603144123 0.122434549172801 0.125277850160642
