0.0411101617172357 0.00129243637101909 0.0063608211665745 0.260884640519674 0.166019579309453 0.243211109407625 0.264566201332075 0.0165550501763438
0.219214477279693 0.128795552525812 0.0925756727168451 0.183390571624445 0.128318427824904 0.000390079544988265 0.0508067648167523 0.19650845366656
0.183956855000278 0.122002730660353 0.184019974570056 0.113641335857662 0.110925143225405 0.10107716193103 0.13352582058516 0.0508509781700565
0.0765617036581056 0.227942992953333 0.106059694926424 0.0322094513168694 0.219577320115999 0.144477306200211 0.0260648219683345 0.167106708860723
0.193541515483203 0.258573746039573 0.103722052616349 0.157763321253944 0.167960402840457 0.0570636000203179 0.0108207825748348 0.0505545791713212
0.111987015338248 0.170008481278851 0.178917685822665 0.231721069173417 0.0848175207869192 0.0335317451970905 0.184928894071753 0.0040875883310564
0.123815687939796 0.129025077538603 0.10430595196755 0.0784791600150969 0.150640359691655 0.0539282269357336 0.186780092720289 0.173025443191276
0.00326540399699013 0.0795406719654936 0.0484294400015814 0.0474595425205448 0.221642818472014 0.254712470350979 0.125195653621708 0.219753999070689
0.149161308831507 0.106013531894387 0.180015849355732 0.134758176271525 0.118122151447847 0.0869506118839984 0.208073826641116 0.0169045436738872
0.0454928993976148 0.0745398440954714 0.166064162524984 0.168271036817082 0.270697117812245 0.159469188891244 0.0241711817589923 0.0912945687023657
0.00363782413278753 0.128253393650951 0.179303787148725 0.235561204614913 0.0444317593335679 0.0401472239233136 0.175781271478631 0.19288353571711
0.0885204545488792 0.189733328351506 0.161312121579237 0.150204142124939 0.0848260867480894 0.0542251041928991 0.134981566949425 0.136197195505025
0.088280856904168 0.201605130303734 0.103267989792506 0.198999466925594 0.0620590964769011 0.225572193665255 0.112344759829825 0.00787050610201735
0.241782272055703 0.137728821606402 0.177926069346931 0.00810638555992831 0.0113080784843002 0.233067612779184 0.189740866007532 0.000339894160019662
0.130867517638013 0.225409203590379 0.0807834228000336 0.223183039918302 0.000933461401265866 0.00605208508267979 0.139917480422066 0.19285378914726
0.179836515866475 0.0917528298539926 0.139938566814024 0.172765461036938 0.0392100431942267 0.166796889756228 0.128327633402615 0.0813720600755002
0.0533339257986837 0.302877987980451 0.00350159651763085 0.0279978146104831 0.289496574575064 0.00567372460801477 0.235869722770751 0.081248653138922
0.0762416233868653 0.22653727708806 0.0473748877695334 0.108398288857098 0.0820125500681601 0.221033277071449 0.211028964825366 0.0273731309334673
0.160284109423326 0.21144884564688 0.180032477790758 0.0761125436393792 0.122238700745152 0.144049442291202 0.0750010489785324 0.0308328314847712
0.134726009229834 0.153726702842083 0.160145781206169 0.0908643994281062 0.140238380763067 0.0820737115276277 0.15345205039482 0.0847729646082926
0.100404759822979 0.0748091240218014 0.0442643940058373 0.0671553534852321 0.161311275382744 0.260714642266429 0.0709013092859697 0.220439141729007
0.13213423284003 0.204829368675386 0.0819868732341533 0.136844198490093 0.0278991778447169 0.091346211163026 0.206689698395334 0.11827023935726
0.0121530805820292 0.0618337064290636 0.165996863561621 0.133829678992622 0.147517820389097 0.0366311264132734 0.23694201442814 0.205095709204153
0.0911738101508115 0.0694457618245606 0.145298104995388 0.141114092352773 0.24476277240286 0.164223719837888 0.0469545495546503 0.0970271888810688
0.209185893445864 0.103448210788548 0.244696974898669 0.0772507203099984 0.0934395080150293 0.190206638203544 0.00659966582140781 0.0751723885169396
0.132711933741495 0.104574695589216 0.0101501032328368 0.075420919128427 0.185222821565843 0.156031933721536 0.18500261591631 0.150884977104335
0.0384469658170896 0.0866728294418475 0.220756615133362 0.167973899245525 0.111307450677648 0.242809320213737 0.117773731272462 0.0142591881983295
0.124472283954861 0.0223190645459456 0.256855369423223 0.0273747081060979 0.182828110398825 0.0529520304760144 0.227066132275824 0.10613230081921
0.155457930915096 0.166012610257008 0.158682206083804 0.155097217843155 0.097956899268281 0.106900723819351 0.0746595540116394 0.0852328578016657
0.18915984013631 0.242608276383412 0.139469572625882 0.0621096307286133 0.091161059562937 0.0279065877887031 0.199188215319883 0.0483968174542601
0.134739061938349 0.0883279945579444 0.161193804184765 0.146021536505 0.150319797028961 0.094736844689865 0.104303226111162 0.120357734983955
0.117895863781263 0.102821975685029 0.158334234194418 0.14795887037152 0.0929502830862846 0.010625656397151 0.282826818511805 0.0865862979725286
0.0481435241890019 0.00347846539694947 0.0895629777461213 0.166378065083923 0.221655472026268 0.0598668382911217 0.168563200088462 0.242351457178153
0.221478582913993 0.0627817693808514 0.29973440563185 0.0722682912558944 0.183034419668844 0.0940436870904053 0.0380217616885692 0.028637082369592
0.0368774896583655 0.269252600268274 0.238693685380131 0.0705781999830951 0.0596978308026359 0.0277441775618351 0.049865253169556 0.247290763176107
0.0894715786379785 0.186372243161309 0.0481219797717473 0.151298856317591 0.0271175494705445 0.258305822364049 0.146345821053974 0.0929661492228063
0.0233756659202521 0.22882776314784 0.241524182865151 0.156637200609604 0.103197895557015 0.100664219540505 0.0146359079811863 0.131137164378448
0.0445673616930671 0.158700570356167 0.165784107998055 0.222132257302556 0.00907540073904916 0.125057296660601 0.138229380106448 0.136453625144058
0.00725094857775868 0.151720561001221 0.0481507184295032 0.166429026027082 0.188734460428467 0.164450303218215 0.113998222598065 0.159265759719688
0.167642612074444 0.00492661517766165 0.00773844749150387 0.178364664205534 0.169930611483083 0.173957066633964 0.0920509042661922 0.205389078667618
0.0954808771424068 0.169560781979703 0.0377356923018196 0.167963787766997 0.109043572523309 0.167889516685382 0.111373897312546 0.140951874287837
0.183251339195864 0.137556565346094 0.0785421434743409 0.0388795349241634 0.178025878996831 0.110543627469396 0.202665099260914 0.0705358113323971
0.0486609605662533 0.157100675827841 0.215644629872915 0.120170634028419 0.0837394201811098 0.199369080384654 0.151402514820843 0.0239120843179637
0.161054542021358 0.000182452453028619 0.0603556134806618 0.0791040434316445 0.136402796551694 0.219102787365938 0.26299292228826 0.0808048424074148
0.0361477461005893 0.064514454574566 0.189818650724036 0.113563299575174 0.0830486674028019 0.240822299156626 0.191727686323918 0.0803571961422886
0.257434651533861 0.0100552117693372 0.0501777207868603 0.162095954362123 0.0737397928675679 0.252578508736325 0.0298656557803907 0.164052504163535
0.122681276863253 0.00963567400674992 0.161236452849027 0.0240189479946727 0.129710456954593 0.16012367390093 0.188816788380853 0.203776729049922
0.05537897680494 0.158829743212416 0.0521294203594909 0.137243047330515 0.146727919352545 0.25237803825717 0.0176034976665994 0.179709357016324
0.238518429292089 0.240336839747967 0.0984906702190477 0.193058240541767 0.102437979154426 0.0128973183849173 0.0684420933073133 0.045818429352472
0.153918780136605 0.150536167718606 0.0914585461139319 0.140888565219985 0.199074460107576 0.0591294582186683 0.169153210865954 0.0358408116186738
0.0213089457950011 0.190233777166487 0.0750764270900763 0.0894530434176589 0.0831172220666654 0.1896138904935 0.161754842695496 0.189441851275116
0.15177975883492 0.155942139507558 0.0484203888368002 0.0660581394514704 0.0578701067526274 0.186899366750476 0.130828231824997 0.202201868041151
0.00474466493747946 0.0571367055283035 0.0268155953799903 0.0421172620780166 0.240326468780797 0.290640093992725 0.0864851274912809 0.251734081811407
0.0675320416220599 0.128836062697136 0.175547697379841 0.157176555219994 0.0218489507534668 0.188697371778556 0.132569630527512 0.127791690021433
0.161841501522635 0.187117276587268 0.0468145753235168 0.188588778536822 0.0140641646854561 0.11201721038669 0.161537210167368 0.128019282790246
0.187633790673782 0.193260485417533 0.109976457150419 0.124557402855355 0.106144238496199 0.121598925027897 0.0770217731909984 0.0798069271878169
0.179235136186493 0.0396051952761921 0.150630591533716 0.0821313285969022 0.0168404378559405 0.206622516839295 0.178879351185754 0.146055442525707
0.000600416999889638 0.135144192422875 0.232215506216252 0.219096828992639 0.144086438943139 0.126627222849462 0.0315270343994238 0.11070235917632
0.105439732194368 0.101611782852089 0.117262029507614 0.111935054868756 0.110346701780738 0.186511907164453 0.109949182223996 0.156943609407986
0.1536755744827 0.0483474536288895 0.159851963702341 0.243869908303139 0.0138568533823059 0.221393449375962 0.103600969903101 0.0554038272215611
0.192935181035803 0.0964900810394356 0.03440640598823 0.0952675582908646 0.272713954926307 0.0855580226335881 0.0460030489435245 0.176625747142248
0.0646570040182918 0.0321890699398 0.0384236626124558 0.22630859327643 0.122530151580593 0.235577720126722 0.219626669429914 0.0606871290157936
0.183464417994289 0.0235252430080511 0.093062227330366 0.0480549589580533 0.124504263606573 0.203427558431387 0.104247595266925 0.219713735404357
0.147433384517918 0.138693464626821 0.216044867744445 0.133475697809711 0.0208880441983848 0.0879929862018114 0.154340876623249 0.10113067827766
0.0545911341512152 0.2990250863405 0.239513853188032 0.00511519329990786 0.155463444024009 0.0349521510010391 0.183561262376148 0.0277778756191488
0.161116599927122 0.0430739239479933 0.0465135268890336 0.0478862617405059 0.179301374791354 0.180108813822978 0.198958118488915 0.143041380392097
0.117719469230543 0.0144454003440412 0.162585335544765 0.155356073847356 0.209196414337001 0.176475001457703 0.136838648585689 0.0273836566529028
0.0506434696027239 0.0982574837461759 0.253294208634508 0.258192017130821 0.00267221357411916 0.0568385402775752 0.158667255919891 0.121434811114187
0.173940188354526 0.0722593230330176 0.145055838952863 0.205450980066574 0.0225502184444049 0.0764668172848125 0.215796752974088 0.0884798808897134
0.193785808374601 0.114631487089809 0.161890007350446 0.0126530287699038 0.220921696364779 0.0929371614849092 0.0107185188218987 0.192462291743653
0.141194712508709 0.119200411579144 0.14929509439738 0.00250948011242101 0.0554998950942161 0.206631335306705 0.0548551066936263 0.270813964307799
0.173871548385714 0.157836049882082 0.157793054368629 0.0766660578929275 0.153568946818817 0.127065812524168 0.0504276173727689 0.102770912754894
0.0890287652125968 0.146750275175015 0.144033552680237 0.161490145511844 0.17424085748509 0.160304032088515 0.00334872458016775 0.120803647266534
0.213719782997713 0.112340328946922 0.12366179855407 0.0414829173205181 0.194657771120673 0.144212078060702 0.024751805632367 0.145173517367035
0.0523612381428601 0.223729836549363 0.0393389810315628 0.0187181578534669 0.150971432681323 0.219634644224692 0.0262322644543214 0.269013445062411
0.184757702159432 0.135952877678922 0.02800303966582 0.205702242860413 0.029872632842086 0.180978581077423 0.233774889536757 0.000958034179146437
0.207397032149767 0.104507652336675 0.14103844631831 0.102315423032587 0.104169611604506 0.110506907473213 0.012889479530958 0.217175447553984
0.0590647656804351 0.0557008065560815 0.223979020403615 0.0552716678938064 0.0755879176114254 0.205106043398176 0.221656129856279 0.103633648600181
0.0597048265996795 0.0299238630277502 0.164807180702963 0.13409993868473 0.0178377201122332 0.146995948566928 0.32276728907208 0.123863233233636
0.333835930958387 0.143700699913859 0.0683945221115076 0.0440624368294184 0.0673178919479973 0.115309944733135 0.142539025184363 0.0848395483213324
0.00746998010440569 0.202928376799235 0.2444749450374 0.158919104075293 0.0275454023677007 0.173438269082758 0.172595211175341 0.0126287113578658
0.20862579028524 0.0742521956647835 0.139630180937132 0.0535030273555548 0.0243077978571303 0.240322316690356 0.161269870763466 0.0980888204463365
0.152769160451084 0.192419551156111 0.106845361847817 0.169968829057399 0.0949588978496303 0.0893216929555321 0.0510988252711422 0.142617681411283
0.0381355986606359 0.128211169643629 0.144962086947453 0.254642290122716 0.115013356770941 0.107543488739137 0.087158025746985 0.124333983368502
0.194362324680603 0.096275251329869 0.0443605799729474 0.178534046678371 0.164929156454678 0.12881420872608 0.178641003612367 0.0140834285450856
0.00703316778605028 0.00861118550811191 0.292110523930032 0.2878879116247 0.0752631211467988 0.199285977141262 0.0870486078685938 0.0427595049944512
0.10888635102602 0.139131461065897 0.175892005212777 0.109605296030023 0.112637377328853 0.179302691879713 0.0256845154454952 0.148860302011222
0.031661209544655 0.192013852310169 0.111795004802822 0.0735242427668605 0.164846903107881 0.135304361963084 0.117578438636233 0.173275986868294
0.0749819988606408 0.0310646760144918 0.10644088859245 0.220738757176308 0.143910919063169 0.116221914585763 0.161193952327759 0.145446893379418
0.0565983637825548 0.19164014634076 0.174869287083445 0.148139088874403 0.0324712691214817 0.00180726357492157 0.210462182931509 0.184012398290926
0.122373837827408 0.147496334798728 0.149063736040524 0.14716463542752 0.108309440322523 0.019872989510842 0.13215020864123 0.173568817431226
0.161062150574621 0.136078350237362 0.0411820624473209 0.12138030905513 0.125084987523713 0.111717178137464 0.160205544198224 0.143289417826166
0.0521798548335588 0.080919341795608 0.194157075835088 0.112374028523071 0.13278807535729 0.197850924773949 0.08258166210169 0.147149036779745
0.215139308856159 0.0113592504814139 0.0775324652694889 0.0109228625508544 0.0756200986745252 0.264912324327513 0.0856133591371423 0.258900330702903
0.144865038569067 0.0761973778751974 0.0129463293167953 0.0681352018350357 0.163676876805722 0.181113216441758 0.212572403048788 0.140493556107637
0.161094583231397 0.0542059891778919 0.0246644747733682 0.165761492283758 0.15923727529288 0.105911364191189 0.193616434153571 0.135508386895945
0.0588964312097419 0.222150782661513 0.0715974702757704 0.0703035805175786 0.0579316963295074 0.17775930885773 0.233704980093148 0.107655750055011
0.0222482158008879 0.159300006731185 0.101124405791334 0.291910768954479 0.00701524639825646 0.125960101681637 0.118232472705335 0.174208781936885
0.187783531811531 0.031989206265424 0.26261397329359 0.127779271791536 0.241231871351136 0.0440693862928282 0.0693001908208608 0.035232568373093
0.144533058475421 0.119122255579038 0.0118339381690513 0.0391135021749039 0.16494508691508 0.175726751959795 0.11854792501201 0.2261774817147
