0.0528228040598142 0.144748085692098 0.0839773089161074 0.3755324902108 0.34291931112118
0.0523853253134889 0.0729196362092495 0.441477469600173 0.131926942831372 0.301290626045716
0.136145060739009 0.326785428134973 0.218259579937504 0.0545810862369882 0.264228844951526
0.182016261272912 0.283632381304256 0.20117581997358 0.190982597653805 0.142192939795448
0.479430365792599 0.0818538679059793 0.170883800881592 0.232449307923599 0.035382657496231
0.298802649816789 0.146963840120347 0.292138865707173 0.213308245744878 0.0487863986108133
0.199203088556044 0.267339628737605 0.140533557611879 0.100551664845276 0.292372060249196
0.19734373946752 0.235498565244184 0.319088828898513 0.0833729589757711 0.164695907414011
0.246991343080596 0.209077908895029 0.305741495228839 0.116655117895384 0.121534134900151
0.0352637108228565 0.0621245506388063 0.333008227820473 0.243877463619461 0.325726047098403
0.315748827239408 0.224073674895174 0.14818062540789 0.0915871399722756 0.220409732485253
0.291908782891652 0.156220899483914 0.048975488847139 0.233040636245812 0.269854192531484
0.460864736852122 0.146740074560578 0.229724219077444 0.118385393099313 0.044285576410543
0.00372201632306686 0.200379000840874 0.738786745701461 0.019525060252913 0.0375871768816857
0.089194760376324 0.322140172388815 0.201923813148339 0.186982595635909 0.199758658450613
0.259089403189689 0.120227759217744 0.230782174833323 0.17636953556974 0.213531127189504
0.0740493668889178 0.309242517752053 0.298692218648383 0.0407012801604515 0.277314616550195
0.0370217128538671 0.132586042655581 0.121401640647537 0.549558819550417 0.159431784292598
0.339234789947117 0.0155534391521169 0.291933653814689 0.104586166275283 0.248691950810795
0.0573432195804888 0.42409445767923 0.079760186757507 0.133991205586914 0.304810930395861
0.221115679301153 0.231701941436621 0.149526982449253 0.161495806420948 0.236159590392025
0.0513783349454696 0.386637773136165 0.387422411084987 0.119107687824325 0.0554537930090533
0.476181616304782 0.115364793863095 0.0688846560022213 0.285497130758937 0.0540718030709643
0.441718489724711 0.0794502490211598 0.0537272280460842 0.0196649390198916 0.405439094188154
0.100440107084103 0.214169777510258 0.323883996090965 0.051574103014343 0.309932016300331
0.298744390643662 0.0835120676092644 0.213308430423579 0.154886847873317 0.249548263450177
0.19124488219414 0.219733861388996 0.257146260519744 0.0426970402607803 0.28917795563634
0.173800169059965 0.362509997994957 0.0483941042571265 0.141182961512974 0.274112767174977
0.298439940137657 0.0627017885230644 0.327012833645303 0.126722524421469 0.185122913272506
0.190103548660191 0.115051624044238 0.362329748977727 0.19937792985687 0.133137148460975
0.0417158753481531 0.265886955623769 0.0980404865852613 0.201598497885107 0.392758184557709
0.4272644090632 0.0602410685817374 0.0235269531181596 0.0355304810100597 0.453437088226844
0.0926418810491527 0.31916674516843 0.161637962506023 0.166412256771396 0.260141154504998
0.222608102671168 0.227158718622354 0.205548867001815 0.145065253363039 0.199619058341624
0.261520265501376 0.225658798321231 0.161554599705322 0.00586470446260437 0.345401632009466
0.216918471592754 0.0979219868182957 0.3116357646729 0.344038207667023 0.0294855692490271
0.248999178611771 0.269163963912388 0.379341515726885 0.0588345073801891 0.0436608343687679
0.151198724327866 0.207457483021321 0.228397434168298 0.314397157635733 0.0985492008467809
0.211007432533079 0.0358876310323519 0.330658145882595 0.404170253039901 0.0182765375120741
0.0590533719562758 0.0644225174406834 0.451850791684528 0.110954740829042 0.31371857808947
0.109795372026283 0.21754753524842 0.209583342444565 0.205104509934357 0.257969240346374
0.336961334131672 0.207784285728009 0.0993242353549298 0.282284603418296 0.0736455413670941
0.219400707844719 0.394301917265169 0.164112598442939 0.0128161728953966 0.209368603551776
0.139534146270563 0.111508200220716 0.110331015802475 0.356806705962229 0.281819931744017
0.106781393235148 0.177869699511353 0.21480769365974 0.313802939795813 0.186738273797947
0.210717783875213 0.206926992561874 0.171420924422337 0.275367260659467 0.135567038481109
0.345931656592118 0.00180878808572691 0.0607703705594641 0.217722846719028 0.373766338043663
0.107633319216287 0.185633432050734 0.177445137790947 0.256190820105378 0.273097290836653
0.322967918971543 0.129393725043154 0.0943131921730055 0.32973327328375 0.123591890528547
0.204386196267045 0.200265281390898 0.129362189759911 0.243130518380887 0.222855814201258
0.154650381034942 0.224315164113731 0.220302285510419 0.173034395178002 0.227697774162906
0.0163561628563558 0.289825452837934 0.241373756737618 0.226675097253183 0.225769530314909
0.369601742489761 0.236078067228335 0.289752104147732 0.0953846512242065 0.00918343490996562
0.0378407396262732 0.257511940446541 0.0132598324037599 0.534664606171215 0.156722881352211
0.0813648265920454 0.174929656935353 0.124766970320323 0.257738378567438 0.36120016758484
0.326501117007441 0.134920511576419 0.0486903405864625 0.275432888927112 0.214455141902566
0.193046121539521 0.162396567616917 0.24825978568777 0.166683588560012 0.22961393659578
0.188090816564211 0.36653028999757 0.233085658182199 0.161054217127815 0.051239018128205
0.131016116909131 0.217509314820241 0.238296671797056 0.173932465476617 0.239245430996956
0.251099754622579 0.231910638693044 0.0585308365643699 0.180097577786629 0.278361192333379
0.231734901498 0.0746578513521555 0.092817440663851 0.303786073444314 0.29700373304168
0.242437837030807 0.271046984494876 0.067665159120919 0.261387435553283 0.157462583800115
0.288825222211753 0.142573237851039 0.0160207829302877 0.298222730788478 0.254358026218442
0.0548904303935023 0.29170312833167 0.153802658335141 0.274597300205564 0.225006482734123
0.202942628054357 0.264704770643258 0.0720187984677475 0.141962135741935 0.318371667092702
0.467811554483699 0.0244912991239677 0.265693336181101 0.0119196759808155 0.230084134230417
0.14850240789252 0.16819524886705 0.323080048595732 0.0952406138149496 0.264981680829748
0.0576006118209781 0.508652979773539 0.177388586352695 0.0511219153342951 0.205235906718492
0.285861560490616 0.283341966424174 0.270508099729667 0.111118302351089 0.0491700710044539
0.397611700421319 0.50601192818947 0.000298416267677057 0.0671652673360929 0.0289126877854407
0.0472791603285559 0.193594714082393 0.0486606143365895 0.296580234904455 0.413885276348006
0.187411501374155 0.17599842501788 0.303188286942227 0.201555430274709 0.131846356391029
0.398218401815489 0.129404527686826 0.290044601266881 0.115859725304112 0.066472743926692
0.0070240408252674 0.332879882389589 0.115896766419951 0.258854912815007 0.285344397550186
0.0567428156207293 0.326989862834811 0.0674492452083875 0.304535840660584 0.244282235675489
0.167748178084589 0.211707287245052 0.0227214660011585 0.442774864063392 0.155048204605808
0.484796683623953 0.320037076338615 0.0200737499709684 0.103352976202918 0.0717395138635453
0.235102734233708 0.177566874611425 0.171796224716141 0.315836248262286 0.0996979181764403
0.186289234969492 0.146326158762105 0.0381711750432766 0.178065023131669 0.451148408093457
0.0912840064355806 0.289292865271086 0.208874257125618 0.0760792172150316 0.334469653952684
0.0619963249099708 0.403954676130247 0.0141074708513356 0.366207145713256 0.153734382395191
0.0820255450019122 0.323391420725972 0.233778823684063 0.0903854205018651 0.270418790086187
0.292140720543706 0.0814164786528397 0.254134487914688 0.0606372304708663 0.3116710824179
0.0338069182431274 0.273873468689451 0.178412781432687 0.242751536435184 0.271155295199551
0.312596963320872 0.0215520913269161 0.340688723425622 0.30288457723932 0.0222776446872705
0.297950270129092 0.264022187760967 0.317743587583992 0.115432798260749 0.00485115626520039
0.238763176488624 0.220104403332801 0.110474647685096 0.231565050734695 0.199092721758783
0.410840634021331 0.0613251423475285 0.0856269150205782 0.0252514599164198 0.416955848694142
0.211246698529653 0.0379277549009193 0.102155119979592 0.468546349694881 0.180124076894956
0.229982874778665 0.0743388307468626 0.230324422164011 0.196779433081492 0.26857443922897
0.302475447355223 0.231995003815058 0.291170693433176 0.0772011321309305 0.0971577232656126
0.216918220042524 0.17513070459699 0.265212791931677 0.0159202831460595 0.326818000282749
0.421591178477797 0.222153731206028 0.177666615978882 0.0973660048178384 0.0812224695194538
0.120083831458188 0.053287333882488 0.0137729645039264 0.507503243354096 0.305352626801301
0.1668296425041 0.204191228553065 0.104437235891719 0.327176169720284 0.197365723330833
0.263483203289054 0.0904865985067605 0.248132513375989 0.244655118750977 0.153242566077219
0.0920995726766715 0.276842975028705 0.109096708573195 0.136693386775803 0.385267356945625
0.308392291782617 0.20120434825867 0.291429813531749 0.123409216398544 0.0755643300284207
0.248084880949248 0.0201878977585453 0.176376605061038 0.332433336033355 0.222917280197813
0.0782527082267232 0.073883620723955 0.37537430378984 0.19058829132132 0.281901075938162
0.279096647718039 0.246743781758518 0.0898252884053729 0.213225442564575 0.171108839553495
0.254566880748335 0.0152108063517847 0.248040559269143 0.258869749458266 0.22331200417247
0.0768737456052446 0.313478597532339 0.0446727342983663 0.266147409776594 0.298827512787455
0.234533566376551 0.286225078675733 0.190188679008877 0.0403255965232866 0.248727079415553
0.236762027789541 0.170587943305844 0.375784357160042 0.0446593872708806 0.172206284473692
0.180686264630108 0.293376210104738 0.143052927278695 0.266935890431945 0.115948707554514
0.157855124983672 0.413182996577356 0.114903804440063 0.138213885785211 0.175844188213697
0.0780854203107966 0.291109952085922 0.283317773923462 0.0524040541566196 0.2950827995232
0.0390955377634916 0.0232530668970817 0.269216706371852 0.319623668341355 0.34881102062622
0.158355106200801 0.261751436551412 0.152873320592434 0.143869798477632 0.283150338177721
0.105173041321208 0.126436700540151 0.0390581904499666 0.515577574013358 0.213754493675316
0.216941702521876 0.18424965296715 0.0250141188389393 0.338480379807094 0.235314145864941
0.148705764727655 0.443224993754754 0.092233129874343 0.0848794379519624 0.230956673691285
0.262702053550376 0.0427628876571494 0.295739118290073 0.166735511765791 0.232060428736611
0.0193330009325496 0.326031462797842 0.0400641672983252 0.2803656213832 0.334205747588084
0.124132838899332 0.131035802476108 0.0576518218624212 0.140770136158607 0.546409400603531
0.336128036353362 0.0768960329518085 0.0935780134807132 0.197150582693588 0.296247334520528
0.232883640051899 0.122330408591551 0.285500917754358 0.0752762981115998 0.284008735490592
0.246753903052538 0.169519196714372 0.195779326207897 0.264661477893785 0.123286096131409
0.245128311093307 0.271361718520939 0.17831948968532 0.19180095789281 0.113389522807624
0.0108701303491044 0.0256508196234344 0.468974984099156 0.360321796408016 0.134182269520289
0.028146354486012 0.0840638051777565 0.376972406367693 0.0311203081091273 0.479697125859411
0.25516050055402 0.185043141251779 0.174979315321646 0.226095849475537 0.158721193397018
0.187929467925938 0.0560278726807609 0.2117643329633 0.290194097558842 0.254084228871159
0.129433499733847 0.415117544504761 0.112931838203354 0.329498951869398 0.0130181656886392
0.046010951033558 0.0685168264157096 0.420234261188604 0.0557604386113858 0.409477522750743
0.281280725305106 0.10547050055549 0.172044654388708 0.0105107516061279 0.430693368144568
0.303184721917115 0.0545317627878746 0.268258468145683 0.0801719372769633 0.293853109872364
0.0205404887362976 0.427820662882773 0.401529023062323 0.0581794799375167 0.0919303453810897
0.0660675445960589 0.127564995672819 0.155759874105286 0.165605683612288 0.485001902013548
0.222301103822337 0.0379977466933192 0.16578518709263 0.281265760339807 0.292650202051907
0.0265095758590395 0.328708406554357 0.250651324414376 0.299034601541127 0.095096091631101
0.187785872475327 0.165276551703424 0.0860911046846275 0.299719832788264 0.261126638348357
0.115006536153993 0.151893260644762 0.0441817162251445 0.309622193287501 0.3792962936886
0.213200254199003 0.251495601097388 0.0534849063474104 0.261205451113889 0.220613787242309
0.151928173349986 0.208974273177612 0.170025676092509 0.236599658805143 0.23247221857475
0.178297691275139 0.106737687266635 0.436256648990081 0.25225124723082 0.0264567252373241
0.0898591307454196 0.125751304293338 0.0300841312109255 0.340823610433567 0.41348182331675
0.0350640239109881 0.285396109443578 0.105017254825483 0.318522165862941 0.25600044595701
0.0618707236115271 0.445439670255074 0.0363989972827573 0.340640995621985 0.115649613228657
0.18575201360826 0.120134726874012 0.126163389004036 0.370093564613173 0.197856305900519
0.0300544709764071 0.014340876620488 0.212087720101478 0.184814306287123 0.558702626014504
0.531184543739663 0.160848905178621 0.103787575861722 0.0685450070342812 0.135633968185712
0.0507135679430921 0.345721085435442 0.117073674427136 0.247416338487892 0.239075333706438
0.0504032539740173 0.480855023694811 0.0748165960793807 0.323768539900237 0.0701565863515541
0.224822927513398 0.040524867366818 0.402229901837797 0.0436299947389989 0.288792308542988
0.325750864065636 0.248920018422256 0.0822154778650985 0.105563339834113 0.237550299812896
0.0746719195738955 0.303584577107721 0.124937818998331 0.399378333623663 0.0974273506963897
0.0330561190163424 0.118534754006911 0.044420365838241 0.469334475584847 0.334654285553659
0.00179696439082121 0.26305174676408 0.246226856366098 0.323204376047305 0.165720056431695
0.313908633236715 0.0740949048769373 0.225769183922537 0.26952668399097 0.116700593972841
0.0997046852221174 0.34514193787423 0.237790193260061 0.0491504549916562 0.268212728651936
0.454414621197467 0.265213543425579 0.0183891002396053 0.249920479948728 0.0120622551886206
0.263019120500678 0.0789273759386278 0.102156748667204 0.176801090905805 0.379095663987684
0.316742465428478 0.194401398239422 0.0744248516380056 0.25359004613634 0.160841238557755
0.15029928463308 0.11350533618894 0.145837464824267 0.248683262894736 0.341674651458978
0.265496443298652 0.0746853660021926 0.478444559327161 0.125717648486533 0.0556559828854608
0.344206650412951 0.0416746860176543 0.246717235554467 0.15042026955495 0.216981158459977
0.117531928405583 0.215655523267889 0.0628679147747811 0.193543329427593 0.410401304124154
0.289553613807326 0.220390742777881 0.0494611477985158 0.265516671262769 0.175077824353508
0.324647467718419 0.335452356632625 0.0259372857447658 0.18055305763567 0.13340983226852
0.00369595595144249 0.0416742829818107 0.325451235871607 0.614876653035625 0.0143018721595147
0.0746351176890152 0.198077768487282 0.202451191129549 0.217685109793411 0.307150812900743
0.12863269893353 0.253326882365272 0.148654247886384 0.248623434188892 0.220762736625922
0.00817568256512156 0.44686324810129 0.277139628046664 0.142955298601189 0.124866142685736
0.305813779691901 0.192518280788341 0.119799957714502 0.291939780809634 0.0899282009956224
0.147488398275477 0.182237861309139 0.279555634825276 0.191270495658802 0.199447609931306
0.205307623693713 0.0850779215155513 0.110175899360371 0.328154033793969 0.271284521636396
0.142203348345321 0.052165850399039 0.346628270278071 0.304872547508519 0.154129983469049
0.17898083687208 0.278238979725248 0.0431281433200932 0.299886694893286 0.199765345189292
0.208885206190588 0.0445153478750125 0.290318388469685 0.18014624583978 0.276134811624934
0.152345795757708 0.229848979018402 0.0891540157386411 0.270352256159245 0.258298953326004
0.154877721802428 0.32039371172278 0.0720861855799796 0.163882197806811 0.288760183088
0.199090412711258 0.211677347289218 0.0577889368870226 0.381543359278463 0.149899943834037
0.368103729411574 0.144238307763623 0.221148677887303 0.0319661842551536 0.234543100682346
0.0419094641633861 0.342870240378039 0.272001761854459 0.254419394313207 0.0887991392909084
0.1035793523122 0.235246453824187 0.306773747672831 0.33658144447004 0.0178190017207423
0.154044301864083 0.485455586034696 0.0837361032513006 0.0677431278622951 0.209020880987625
0.249382049404482 0.315406248969672 0.0305692094138148 0.391619819661819 0.0130226725502125
0.063048666825607 0.541362809178634 0.224997741141434 0.0205463306592491 0.150044452195076
0.0977166511079679 0.182553920435475 0.066999948252611 0.460216161860364 0.192513318343583
0.285197505076446 0.112198418174396 0.0742146076097775 0.255896701379521 0.27249276775986
0.170522482530265 0.230196077161134 0.160286780929299 0.324963747951582 0.114030911427719
0.247025848542281 0.231700170470683 0.0461796014950846 0.217548172016806 0.257546207475145
0.173484406050202 0.177797793566793 0.213535235259827 0.0713005497460881 0.36388201537709
0.238484847047717 0.111155064090747 0.220066098645269 0.211272451896889 0.219021538319377
0.16668863865693 0.110259121685929 0.420604196457138 0.0833403006903376 0.219107742509666
0.292395376154955 0.224680226871829 0.111621293295404 0.303527981996736 0.0677751216810769
0.212695892948252 0.145941721562431 0.137886009808285 0.288736004026458 0.214740371654573
0.268852368427046 0.149034054034533 0.114667379501398 0.155272617853749 0.312173580183274
0.0790738907284339 0.201911925011361 0.311336648045316 0.222608504224501 0.185069031990388
0.0253725843230409 0.291607318385571 0.193109492836343 0.201186604092139 0.288724000362905
0.276453361741572 0.145479773501606 0.159241416055403 0.0316249227461932 0.387200525955225
0.275087851426569 0.233214438467679 0.188155923553717 0.0190233327002341 0.284518453851802
0.240892365745828 0.0285860884849199 0.143051317923189 0.416231889880727 0.171238337965336
0.00913849009915169 0.0664796938872298 0.469959797090421 0.180573338157793 0.273848680765404
0.0817691836808446 0.241018780219364 0.382704877486199 0.172539833134591 0.121967325479001
0.334831447894101 0.206461436253177 0.121666934945524 0.212473624397224 0.124566556509974
0.021472780485709 0.342481274742266 0.444141348684404 0.0948672131582603 0.0970373829293604
0.049472518167236 0.302410597831731 0.307285177463145 0.0500483334306713 0.290783373107217
0.103666484257953 0.0337646766974343 0.0844894805700337 0.404307646116651 0.373771712357927
0.414802049314461 0.0135319299957674 0.177203854232729 0.266662516382682 0.127799650074361
0.088974412873413 0.349656688148376 0.161407821247373 0.284154012810024 0.115807064920814
0.235250043580801 0.0532065538352171 0.035861098034257 0.270647568902832 0.405034735646892
0.2210470654626 0.242770989030736 0.0265318887000359 0.488651687391447 0.0209983694151813
0.200704768537049 0.304103848253325 0.0501678346158956 0.173597045574098 0.271426503019632
0.228508988856691 0.328182688406517 0.145864451575087 0.088448660283375 0.20899521087833
0.0483310815282965 0.101372952132718 0.0417587632374387 0.468642787172938 0.339894415928609
0.0960823522672753 0.234709429246981 0.182689503596838 0.461567499822932 0.0249512150659744
0.274734842004798 0.173699051565084 0.139256222605324 0.217493525628709 0.194816358196084
0.151390298768657 0.0978941439349321 0.0919299642594367 0.292299169670374 0.366486423366601
0.211282898159978 0.12142525406604 0.128092239006865 0.327789390122033 0.211410218645083
0.40856750059735 0.0648209027010135 0.0566934912254304 0.0447178317396401 0.425200273736566
0.0425242456826624 0.188544001888627 0.306594417188789 0.373636894048505 0.0887004411914166
0.0459147597178067 0.279659305793597 0.253043582618801 0.131009473878079 0.290372877991716
0.168014471505318 0.0619465519676794 0.206738453671262 0.294889914209567 0.268410608646174
0.0820932505423954 0.265547153978298 0.0128469041876172 0.303312717104887 0.336199974186802
0.153450625560722 0.285822533011087 0.236832790290928 0.292365211775331 0.0315288393619319
0.237076644092622 0.26700712148602 0.0254406106477803 0.453050814577911 0.0174248091956659
0.0546157233783174 0.176354199368687 0.00245909936413661 0.452333070910877 0.314237906977982
0.14926034039621 0.143412079715974 0.326593857455468 0.286702406545149 0.0940313158871995
0.0769933750681856 0.451554515669965 0.00950791089393118 0.0498901358587038 0.412054062509214
0.44392868988097 0.2645976523673 0.0788869409452558 0.0763825761730962 0.136204140633378
0.014669473454846 0.13571860821058 0.26267992496433 0.31998857444322 0.266943418927025
0.0595950984682426 0.0725299899673493 0.275272619029504 0.386672179818937 0.205930112715968
0.244036333552087 0.0283165471965003 0.387156112141351 0.13280103517852 0.207689971931541
0.233812033571153 0.10327213113383 0.214767729215049 0.269993250217162 0.178154855862806
0.195377487984186 0.259606748560045 0.343477265952563 0.0536628564998221 0.147875641003383
0.238226136835225 0.00722047139693638 0.224901894810909 0.275785258185071 0.253866238771859
0.292224404003498 0.0846087963835657 0.217837656830955 0.174712791367022 0.230616351414959
0.173391206611439 0.335188300621878 0.196425569176186 0.248005693084345 0.0469892305061523
0.232362888107001 0.164264316352125 0.1845457043282 0.386848782244743 0.0319783089679308
0.23864032014119 0.240486876767768 0.255792558773827 0.252815234593415 0.0122650097237991
0.1448695979912 0.238124549248338 0.138921934121409 0.261721047423412 0.216362871215639
0.112573711176206 0.236991825365198 0.257888808218036 0.17525908925801 0.21728656598255
0.216961840591541 0.195907901616731 0.22135681182031 0.179222703976324 0.186550741995095
0.179625643551256 0.287397852761607 0.148880592168685 0.154610278356147 0.229485633162305
0.267894694386914 0.0858287875268289 0.184306189075471 0.134762738036024 0.327207590974762
0.0620373448511486 0.348341642481698 0.144418220465254 0.241083685227822 0.204119106974078
0.0611554533226251 0.165340600073916 0.204495520756292 0.33349625875448 0.235512167092687
0.179001168945239 0.177943832593776 0.140917711215508 0.049131812397651 0.453005474847827
0.280977708665314 0.354910944077871 0.0242557424360668 0.297291633554298 0.0425639712664504
0.269803626299324 0.227929917393833 0.429444784921258 0.053266882716384 0.0195547886692011
0.185207400727041 0.312575002603916 0.0466777429503417 0.273821562003702 0.181718291715
0.0132003265000095 0.136568157543319 0.305801418642194 0.261197836176426 0.283232261138051
0.0932908691199115 0.246138331123755 0.362543032506077 0.0406101504056294 0.257417616844627
0.317594521400636 0.25241101491963 0.0790441992485288 0.0575744429294503 0.293375821501755
0.207812174088942 0.232559799996588 0.264779611161136 0.26983485320707 0.0250135615462647
0.230706855679809 0.0933065187173867 0.290175470559338 0.0689509579796926 0.316860197063774
0.372590398636956 0.0825990562323214 0.0333559734839929 0.288596018746725 0.222858552900005
0.391540752484298 0.225054082513909 0.0188076349053527 0.341491339597533 0.0231061904989081
0.270854280524832 0.189726965878597 0.0990124505796951 0.2540688216583 0.186337481358576
0.32351037330695 0.116911369782956 0.222235983582555 0.146254731817713 0.191087541509826
0.235925909578991 0.134155199467075 0.269992398748532 0.0283449407531405 0.331581551452261
0.216175766666867 0.189950180414367 0.224071293497532 0.281114751531561 0.0886880078896732
0.21751368009146 0.108563384975204 0.0831045715165866 0.345461386910029 0.24535697650672
0.256736163409979 0.273679272929328 0.134227431013664 0.207191423535422 0.128165709111608
0.11697485057765 0.213419043787656 0.159463378354924 0.230224139159114 0.279918588120657
0.167000352759131 0.2491694171704 0.224754616803721 0.195324275792896 0.163751337473852
0.0911494649507675 0.294931616180988 0.548370240585348 0.0292570048494884 0.0362916734334077
0.05227072282928 0.0876420783725847 0.28714144982444 0.552080994379388 0.0208647545943075
0.0105625780328753 0.170698980828141 0.320974916711576 0.303941574376935 0.193821950050473
0.24992174955043 0.201986414000406 0.175714309264029 0.134090133272482 0.238287393912654
0.200920301673273 0.0632623521565746 0.317829443999524 0.278136460834724 0.139851441335904
0.142654728886858 0.119659746369714 0.281909943382955 0.276619946912347 0.179155634448126
0.19723665222355 0.045832905607325 0.348673068379077 0.321370218770615 0.0868871550194339
0.243758071073028 0.270205215405828 0.206549754014896 0.0760617897778375 0.203425169728411
0.400100651345515 0.277867096601344 0.132247498289384 0.0340275550656156 0.155757198698141
0.251578933450636 0.330910733380406 0.127265596349411 0.108586512611605 0.181658224207943
0.211030375528674 0.0320320172532782 0.327219068392757 0.00930004524018252 0.420418493585108
0.142641476295387 0.192896462654363 0.224540899913221 0.198512516088159 0.24140864504887
0.29394505051174 0.234637712025086 0.148969493965162 0.296990531366623 0.0254572121313894
0.22495271220249 0.223803319435954 0.232231810595615 0.126284302493563 0.192727855272377
0.0633115481925465 0.269391050285097 0.355747067264302 0.0619957274203897 0.249554606837665
0.176184222239944 0.206155883990675 0.0671559638725483 0.311196352811134 0.239307577085698
0.182872126673114 0.297934288540696 0.359158541109328 0.0353457346199382 0.124689309056924
0.245909269019441 0.130923124287867 0.213844665243431 0.19504200229194 0.21428093915732
0.386813953272466 0.084054180102145 0.0888739439825943 0.15305751575748 0.287200406885315
0.191565816028226 0.291494242393229 0.151898786522826 0.251376743093483 0.113664411962236
0.282811454815906 0.1651468507805 0.212466289442134 0.330120438212752 0.00945496674870722
0.31111498105755 0.0095648577258772 0.19049925835472 0.371867515891923 0.11695338696993
0.334487872842278 0.305354983330946 0.146864646741928 0.0542108671524832 0.159081629932365
0.130866753652489 0.1877123302541 0.102432465697669 0.352833893410983 0.226154556984758
0.213048755043218 0.0818105497026664 0.147266730505004 0.291192200770309 0.266681763978802
0.166791385670652 0.163700299015713 0.0561716735158417 0.158904210099777 0.454432431698016
0.10546112698815 0.00494040627888868 0.183868262781162 0.404865849641753 0.300864354310047
0.209015874990666 0.0731204537306815 0.162999655677756 0.347814422624715 0.20704959297618
0.351753178594142 0.0089202615318916 0.0187641904648946 0.518218182627469 0.102344186781603
0.165589965729187 0.23158578206585 0.109872998775729 0.32920257841824 0.163748675010995
0.20081277907692 0.235515105665697 0.272620993599028 0.261331992481423 0.0297191291769319
0.400310733292818 0.190613301639292 0.0829525478126699 0.135281422143004 0.190841995112216
0.202975736492271 0.28541485556981 0.145455788058091 0.298717254521411 0.0674363653584171
0.296544421252883 0.209539350575125 0.311215604656006 0.00863978259158004 0.174060840924407
0.0681253916606404 0.141347350545328 0.0230888108272858 0.368111715855148 0.399326731111598
0.319567829421391 0.0887633096499968 0.120057506571804 0.123764962111464 0.347846392245344
0.23079767867186 0.204719960925799 0.169594611783463 0.201459346707996 0.193428401910881
0.126759344608275 0.252946147903341 0.147981312050862 0.298184081157564 0.174129114279957
0.16969091946098 0.214801032150049 0.210862169745095 0.153165053215871 0.251480825428004
0.210905078713072 0.0452266328704035 0.462490353178588 0.140938858033973 0.140439077203964
0.167604509979257 0.227295005979647 0.172002138959409 0.227450324057046 0.205648021024642
0.28030685659577 0.15753160079686 0.194010795142694 0.0609574016775022 0.307193345787174
0.099075051021742 0.189013848056325 0.251577143255819 0.159212077353602 0.301121880312512
0.122451871535197 0.226148492674838 0.310897016947832 0.0573774863104935 0.28312513253164
0.176214739502949 0.0271818461425247 0.322531329883394 0.456740559647969 0.0173315248231635
0.134026812242635 0.198644180839763 0.100670453118403 0.278770045067092 0.287888508732107
0.473783847536112 0.361513336829409 0.0180217080248251 0.101376201887942 0.0453049057217113
0.000549790165577397 0.31663475899974 0.209857409893074 0.20507899542477 0.267879045516839
0.447684065491871 0.104347833934523 0.1128125715618 0.176887302435475 0.158268226576332
0.251091628214957 0.226639721437495 0.0207515607752209 0.3622336637704 0.139283425801928
0.287459502557991 0.172973791321006 0.292953243351257 0.0232547935872877 0.223358669182458
0.241213143496975 0.0137113799004239 0.255904003259942 0.269007605080121 0.220163868262538
0.01936679810921 0.38409020996945 0.0900508879789825 0.0823504304007697 0.424141673541588
0.233024343036456 0.312536262002483 0.162712574722628 0.160818425441973 0.13090839479646
0.171077607790733 0.128124711688548 0.298035829367356 0.371887918345455 0.0308739328079097
0.0264535606189472 0.343857972953844 0.165322655509769 0.134120585107205 0.330245225810235
0.197245018188782 0.165275091315467 0.201332330454674 0.261256309981952 0.174891250059125
0.240260160662711 0.176524990497872 0.130234347860653 0.304451460237755 0.148529040741009
0.104333476528341 0.277744252583519 0.0273987896236332 0.290851259461441 0.299672221803065
0.22487695963393 0.162216714560073 0.233532279633639 0.145251801085505 0.234122245086852
0.38931609605486 0.0279080877008614 0.0215730197376958 0.187828104225674 0.373374692280909
0.232532517451352 0.220790617823337 0.336101689203482 0.0433976897380106 0.167177485783818
0.0787473468184562 0.00379148302963381 0.352328941199685 0.36154362041198 0.203588608540244
0.0556398925773429 0.136634581266235 0.171351809810188 0.293791566366803 0.342582149979431
0.166303327334748 0.321668414104679 0.0569782996410046 0.0482195402869471 0.406830418632621
0.33011255906191 0.262270815823609 0.182117034506799 0.110907669036669 0.114591921571014
0.0623375037798184 0.222898610119153 0.00121294302472436 0.179260393666467 0.534290549409837
0.248729325684279 0.1961073239373 0.167853378297797 0.212635029890051 0.174674942190572
0.182160670788228 0.123879604698223 0.220306690257506 0.43593644926641 0.0377165849896333
0.108109520484575 0.326443844195583 0.276656517718546 0.188200712484239 0.100589405117057
0.25466327447514 0.163048398413157 0.231228412474254 0.207108969218344 0.143950945419106
0.250487666894586 0.0553715635057379 0.317766952571464 0.115939779539383 0.260434037488829
0.234751676321787 0.26684444580005 0.26361475006238 0.119362751366234 0.115426376449549
0.0400668107818879 0.442374457925203 0.035665608800848 0.462464911134432 0.019428211357629
0.110612029235085 0.291720854255159 0.22330820873671 0.316686524780411 0.057672382992635
0.0771251730233433 0.349975255971779 0.0799428510141614 0.319332770619085 0.173623949371631
0.0880481944314919 0.0797967420774477 0.232401335941607 0.315695124836496 0.284058602712957
0.269851025723516 0.211226676813421 0.0527698069995787 0.185762029843949 0.280390460619535
0.0102260531094469 0.325687344933552 0.0767776540614328 0.306321360163596 0.280987587731972
0.266277000509546 0.310256736960044 0.205718217798619 0.0322554038874357 0.185492640844355
0.213420217509245 0.175939766124133 0.225433509419441 0.209074110849039 0.176132396098142
0.298453712245626 0.291195802428122 0.120106991210691 0.259227206391464 0.0310162877240973
0.249631833979354 0.461873488203571 0.0321587933020895 0.126774368033156 0.129561516481829
0.252311672858979 0.182201651144003 0.207116278660051 0.150568615063168 0.207801782273798
0.0575521391725984 0.188694319539511 0.122131249276374 0.166781786885615 0.464840505125901
0.26852104611566 0.153064998749289 0.162261545672566 0.28581997740894 0.130332432053544
0.0843798697562429 0.210952856355307 0.55277243752818 0.0482659599294437 0.103628876430826
0.113369764220185 0.269078136195477 0.0102294502650565 0.34372371882633 0.263598930492951
0.13030533158205 0.108585056630208 0.0556638408337826 0.185645049508148 0.519800721445811
0.1483213169615 0.211805185243792 0.234680504387837 0.137480891916932 0.267712101489939
0.0852736891129255 0.154431557367986 0.220789739791626 0.436790355479364 0.102714658248099
0.385617525525282 0.193065224877508 0.0686128653689257 0.343877929794055 0.00882645443422957
0.193903568853574 0.164210688064906 0.347430999875138 0.121222239745605 0.173232503460776
0.157857009482407 0.220574287783583 0.316400152952654 0.153788072071342 0.151380477710014
0.219025259634069 0.180276993080886 0.155231157125588 0.330194178318932 0.115272411840525
0.14326522382433 0.244155779289747 0.224669328110888 0.231528221627162 0.156381447147873
0.0903501257222459 0.237476096156784 0.218637787845305 0.199719214062761 0.253816776212904
0.0676666633671369 0.131668374459859 0.272076744235535 0.24424775631208 0.284340461625389
0.38563011166603 0.0601254437543611 0.0417011774851299 0.205375868125263 0.307167398969216
0.281861858065628 0.171239519253243 0.296298562392887 0.136884322930159 0.113715737358083
0.503831989340877 0.170715347034722 0.0975294202168145 0.0743953280873542 0.153527915320232
0.0286411319606208 0.188415035564723 0.46795164763933 0.269802013152488 0.045190171682838
0.139290231345318 0.238738439711573 0.213264237126751 0.203024216508258 0.2056828753081
0.445160192839678 0.182877574469679 0.044178475039717 0.307214347110665 0.0205694105402619
0.385516443955369 0.0731959486840323 0.0274985598652499 0.387656431052421 0.126132616442927
0.306151385322043 0.0537632769399549 0.345702494283358 0.27134832677838 0.0230345166762646
0.249677860993978 0.182403395470052 0.249450484600991 0.227804557370101 0.0906637015648772
0.247933861521004 0.117067912310299 0.303689678905412 0.148040099855621 0.183268447407663
0.197581444798522 0.00598011696092574 0.0158204630174458 0.397450287215965 0.383167688007142
0.28257179106289 0.249302185154935 0.0253230747573195 0.121062696104269 0.321740252920585
0.36039376681875 0.264934366773567 0.0721038612774674 0.2914806562226 0.0110873489076146
0.512490523657473 0.00901942899969482 0.360508945890604 0.0264539779293464 0.0915271235228809
0.524402128653957 0.143843761051837 0.10531822844928 0.114716549385771 0.111719332459156
0.284825980295366 0.20259535286896 0.0233336881262756 0.00883703439584533 0.480407944313553
0.105617307525597 0.298476886210331 0.156613622360184 0.243342338647057 0.195949845256831
0.254945041243398 0.191046721324936 0.176589142938216 0.0262912340907104 0.351127860402739
0.169319401342717 0.281011652488959 0.275346828663633 0.18393099700571 0.090391120498981
0.183538441509799 0.0530382471887343 0.379879442916818 0.315378343422238 0.0681655249624116
0.136426535312983 0.314359402768394 0.143066962008577 0.1388545380364 0.267292561873646
0.17607430977792 0.0348702516051629 0.345664660445651 0.0530385477513963 0.39035223041987
0.402682444120214 0.0835876395404467 0.0770374878849947 0.297364062687181 0.139328365767163
0.204496779910196 0.223069567686817 0.220148757932564 0.17963541834336 0.172649476127063
0.284354238193025 0.268314473054087 0.233725784207865 0.171239787338282 0.0423657172067421
0.335605343640606 0.133336653463283 0.07236916313332 0.071816960395869 0.386871879366922
0.24415627990497 0.24859553824083 0.118835146954222 0.168107805286756 0.220305229613222
0.391205484682205 0.190398598788032 0.0223639028229162 0.0414218009078756 0.354610212798971
0.0708318503676821 0.250583179040381 0.171468514430889 0.19093796426506 0.316178491895988
0.282821078409309 0.298350283035625 0.0501216912815182 0.175428573495228 0.193278373778319
0.334763527128496 0.34753081913889 0.0387236425964489 0.0798782785855343 0.199103732550631
0.161670692478055 0.13069721827703 0.14765387779352 0.23128371921397 0.328694492237424
0.159982603024751 0.231815478912883 0.15142222787968 0.283581984012951 0.173197706169736
0.288272310293455 0.278533207256851 0.259541628457694 0.0854455928542143 0.0882072611377861
0.044530981406193 0.229792013453606 0.214234983618289 0.319490105947992 0.19195191557392
0.0264232817861466 0.224560150873955 0.177099887375751 0.102322179537921 0.469594500426227
0.457876509899486 0.254209556708623 0.0455289260081938 0.0733803287379275 0.16900467864577
0.283251579012231 0.260436508404338 0.366915021709152 0.0714089931317237 0.0179878977425553
0.24250805337432 0.190927761121168 0.166149835560097 0.242926043311398 0.157488306633016
0.283159723911032 0.237868537107176 0.0729868594102556 0.28237161007771 0.123613269493827
0.0849987854607153 0.136445003776509 0.186683091149945 0.286550243177217 0.305322876435614
0.38773494794504 0.0179890626655378 0.247905832139701 0.153292730813771 0.193077426435949
0.402648337191404 0.265932214764957 0.0641324535993443 0.250519714587118 0.0167672798571767
