0.0860897066071971 0.00482895047231023 0.137719342099334 0.207965107184467 0.038093885714594 0.22082748555451 0.195054158727311 0.109421363640276
0.0126167050763573 0.248344835815099 0.111456134543781 0.249822459692416 0.261112879542754 0.0738972049202262 0.0150715872243752 0.0276781931849908
0.224480845423658 0.0304495618723511 0.194477542647344 0.22148641788175 0.174010441146861 0.0091889058438116 0.13298296236648 0.0129233228177446
0.142812663020577 0.0420207623753764 0.185764701790638 0.020930379704317 0.266149645231664 0.103107345600218 0.0764779922604347 0.162736510016775
0.167584361557044 0.165356829685026 0.111654772790104 0.0860949814318594 0.0281965170984558 0.165178456895103 0.224069286328514 0.0518647942138934
0.173545333324591 0.041986166543643 0.222816165474646 0.16566481791579 0.0246954401627768 0.112065640651 0.134213650966966 0.125012784960588
0.168597319867116 0.0217964267053357 0.16667322778278 0.0224105214155959 0.171846152179737 0.131899620474693 0.15459984604144 0.162176885533303
0.062343235510857 0.0400056361001064 0.210664675408475 0.167566807039711 0.238282315960464 0.100550317584886 0.0985206411697716 0.0820663712257289
0.242333382944374 0.147558561922754 0.0911478693961472 0.0836460018865457 0.0641321808355677 0.0188116825876175 0.311057368894355 0.0413129515326391
0.0523603987230796 0.243433520780088 0.153002120150785 0.097897506384889 0.16146020555613 0.0423133967960638 0.0211388762522302 0.228393975356734
0.254452527502849 0.183344612897679 0.00798785455078038 0.221120400209519 0.0190122584271485 0.189620114129787 0.0248399948817652 0.0996222374004715
0.154534673438182 0.00579823105649434 0.192237443707641 0.2528041488711 0.244763662751467 0.000527612967909492 0.118537690729195 0.0307965364780109
0.109685041937938 0.0560673449306388 0.155674026775277 0.209011573069978 0.0822570949759696 0.0189846398817156 0.202884631483041 0.165435646945442
0.100482853697318 0.0242150259434288 0.0574952523321257 0.164300989823491 0.257161946215102 0.0468265349701611 0.302099186378398 0.0474182106399752
0.0942997102517454 0.0710081662776446 0.0873486543595268 0.197780154817371 0.174493964866161 0.119537332327385 0.111714524943842 0.143817492156324
0.0671742046664567 0.161588301644577 0.0181431466109327 0.105849215292571 0.21524136136159 0.0603078962574271 0.20684831302596 0.164847561140486
0.00302175757697653 0.0472844524104446 0.0935799581625156 0.128652727251618 0.180631853469968 0.130849254113181 0.209337071129688 0.206642925885608
0.131420716339497 0.0545646894695871 0.244331899047731 0.0432416126919465 0.0281660719186215 0.0952209497916905 0.229458461249292 0.173595599491635
0.0599354198177467 0.136404840793728 0.211044246423639 0.139845786670394 0.205253229968255 0.0515024608851601 0.177292492646021 0.0187215227950554
0.108166722878676 0.0181926066950269 0.313393104068056 0.380823155261804 0.000429522684969594 0.0128077938809039 0.14782969633734 0.0183573981932226
0.0458439663094767 0.160698662002712 0.182426173335186 0.190102873062147 0.0635187823523726 0.19151547672427 0.000908120575490945 0.164985945638346
0.128035052320159 0.0678738507680951 0.247416377464328 0.173695068214569 0.129164306883059 0.0218618624277901 0.0802502125502521 0.151703269371747
0.167361328669571 0.165574018317303 0.0917018687377752 0.24174660341609 0.0636363586632522 0.0911012361403706 0.0161345157644011 0.162744070291237
0.170784707404541 0.19612965602104 0.0862792008191733 0.168285520912785 0.0574998503543647 0.0872596554870617 0.14313317341835 0.0906282355826842
0.0815601999116599 0.143541744412816 0.22226723737367 0.0606709724500359 0.0543832068710975 0.0360486492578522 0.192860670482807 0.208667319240062
0.11509684121857 0.25244928089844 0.0139108056698623 0.20893886319072 0.12735803871822 0.0167519724932907 0.214340337877621 0.051153859933277
0.165284971573236 0.149956363283045 0.157161238867964 0.0338498519493567 0.172973681880694 0.100634967443905 0.0655812563825659 0.154557668619234
0.0248341357641639 0.105653792174182 0.00709742198855678 0.180265451092173 0.147169707085252 0.173859909931679 0.183241374745039 0.177878207218954
0.0524834293094001 0.0702616496095113 0.111333363157722 0.112128215327527 0.169568035541927 0.191368669066709 0.0841782100080257 0.208678427979179
0.0119101016621709 0.0950373498413989 0.287460693136627 0.0599826646050898 0.00627144079499647 0.0264859555542626 0.267734186174202 0.245117608231252
0.207377668763164 0.223974648436759 0.0240929343387353 0.106626891751296 0.21730688583301 0.0838737954173364 0.0451248948529975 0.0916222806067025
0.174241779337275 0.0590371181129696 0.14710478687789 0.0974285686536836 0.0906604816248688 0.0934193314853335 0.11175291610557 0.22635501780241
0.0955223127019456 0.0679662036519101 0.163471751316033 0.168098393321948 0.132946037718124 0.13949376097634 0.0648605201335761 0.167641020180123
0.152590149718453 0.0826456629528327 0.303336171351957 0.171069629657412 0.0105530060995679 0.0195020079643546 0.130132990084001 0.130170382171422
0.0908913383840313 0.119856057588744 0.100912986442427 0.140604380161358 0.0499090948493344 0.18586490190738 0.0694813437869769 0.242479896879748
0.146922311111615 0.0114134615328105 0.03152317379422 0.172665151152457 0.098475325641515 0.246948752656148 0.0489315645502789 0.243120259560954
0.13254419208191 0.0561230982423112 0.158137635023411 0.124711123976128 0.134136538165462 0.0866702928909369 0.179647682122462 0.128029437497379
0.202329382828648 0.238619423636485 0.133247032841799 0.0664247394336253 0.158571833453871 0.0352979857813114 0.0759077492327438 0.0896018527915166
0.0503748986299722 0.031551271464097 0.00412955873953997 0.0829165623309201 0.277614815374646 0.0958945195574872 0.115776245388258 0.341742128515079
0.116568519555164 0.157527125943697 0.100845441622613 0.215790319802015 0.0925568048196552 0.204044270609885 0.0853677535363423 0.0272997641106286
0.102356607467789 0.11658572006397 0.175467903354333 0.0708385033935886 0.0312466194239216 0.146720311846099 0.171168198051977 0.185616136398321
0.148508639232372 0.10900084314498 0.183641378226289 0.15447258082677 0.0408509484394984 0.167627137047195 0.0728065590293161 0.123091914053578
0.00416825683707381 0.206369115216035 0.0331737886082462 0.179890475357118 0.191792690458879 0.105053491958395 0.173170051999414 0.106382129564839
0.194680893154318 0.170623281944319 0.128524184752778 0.200949169116227 0.0997716610419325 0.0319224334586297 0.0925467693691005 0.0809816071626956
0.0502413410625847 0.0459971305443414 0.0642934766155133 0.135865786809231 0.414260948171795 0.158321911834751 0.120153017511905 0.0108663874498781
0.135354331932399 0.0838434748032658 0.124958715588831 0.173881046479226 0.0659882118919541 0.136958711407411 0.134299801768501 0.144715706128412
0.140897481869899 0.183378958062842 0.0421336981604579 0.104855911363145 0.103345599267704 0.202088440898407 0.0709119333800546 0.152387976997491
0.137938658950242 0.124157988832931 0.1599838785716 0.0095206324281783 0.15706269819895 0.201438944728253 0.102360386840883 0.107536811448961
0.116083089486258 0.0393662813824605 0.199323370841314 0.121387246174996 0.0209934768768528 0.223621583074268 0.048288859526448 0.230936092637403
0.121685106110898 0.0855673000416703 0.154165403016499 0.115617783254087 0.0679053592695324 0.126372390436003 0.231226180361457 0.0974604775098528
0.061619255092476 0.155164905687549 0.148856526985353 0.10449673700083 0.13891056301332 0.0897360328351018 0.180577164453191 0.120638814932179
0.178688570012155 0.238342707826886 0.0442674427301754 0.180229293526509 0.153256468508283 0.00570134659758638 0.0658499335079577 0.133664237290448
0.109941097371746 0.107871118074005 0.036618971516805 0.0836165862548575 0.145473618828199 0.180614286577694 0.126476370267987 0.209387951108707
0.142543393519288 0.14662717035629 0.0820706853927064 0.0572811954099305 0.0262983017197849 0.202223971832333 0.139094708894704 0.203860572874963
0.136597820984305 0.191626187681378 0.118406281796812 0.160687124881241 0.126376378007224 0.0430073892102533 0.0479092761545095 0.175389541284277
0.212574458838721 0.0602914751835858 0.161261484850922 0.120333104158453 0.0900857084753513 0.200462248059061 0.110821043849945 0.04417047658396
0.199778009220682 0.0699676277154547 0.135283957275379 0.106744539515846 0.0977842284118344 0.236008016050839 0.0532967899273461 0.101136831882619
0.167317472975245 0.0557170124497193 0.0981523930575214 0.19050296375658 0.0464223023351696 0.179293467436615 0.10827180414836 0.15432258384079
0.086104990949063 0.169871375947626 0.135805836188511 0.168892763106129 0.092886956322436 0.052727065009093 0.111322247167159 0.182388765309983
0.00347137522592181 0.122133281723767 0.0646746173138324 0.235292701418789 0.0680234935714969 0.284194739145598 0.0884164364012381 0.133793355199357
0.248328672667252 0.134507257795852 0.076374546784195 0.16142355987228 0.0479225534567762 0.142386314150764 0.00933411678764009 0.179722978485241
0.0546893205036557 0.0513088709538428 0.200860688616636 0.268106163002298 0.0248049480677981 0.0415221105683704 0.192239360571125 0.166468537716274
0.122306793972289 0.122307822584586 0.217943041060467 0.163162503515827 0.0496658066911223 0.0449995356468842 0.139791896612747 0.139822599916077
0.0287429577419247 0.107248341511761 0.147783928617548 0.11089945076847 0.0908585878647014 0.176856668559012 0.188376342721486 0.149233722215097
0.0535650662663745 0.173366572404051 0.0158134129574385 0.14522023253118 0.135409286398929 0.0548640709040926 0.271234550434208 0.150526808103727
0.216862737056478 0.0863504003794885 0.162927039091051 0.0920808776375473 0.163170997958573 0.0830482138026607 0.0539721499037786 0.141587584170423
0.112252386135894 0.20647033093086 0.0664473278029925 0.0224741998267901 0.0713750834032782 0.219705749365568 0.274563884843713 0.0267110376909032
0.241168058994008 0.194571343899191 0.0559825494770809 0.00800077970902263 0.130240433852771 0.0736464479070922 0.17825428221719 0.118136103943644
0.146572154443029 0.0546741140510976 0.0158221578836562 0.286857580199851 0.0985970884874745 0.02122297850317 0.0863986890219169 0.289855237409805
0.164816574541921 0.116753461099217 0.0720104899547676 0.116742782486172 0.0256928257800175 0.143214995547114 0.175734435847243 0.185034434743547
0.116986555962823 0.176409455136938 0.142798361689225 0.158011157274378 0.119116878009456 0.0111342646783796 0.127224215752151 0.14831911149665
0.182971295318059 0.218509288457962 0.106150751345045 0.212116572517086 0.0671720647866166 0.0941391310262561 0.106048539323713 0.012892357225262
0.0248712605955657 0.158205879622536 0.121687921963772 0.105188613969889 0.09229928900924 0.11027565038758 0.231294861111552 0.156176523339865
0.0859966502742072 0.122645147187938 0.0953935439799171 0.183162122092556 0.248727920564936 0.00873373952696587 0.210893437696895 0.0444474386765846
0.123219723253858 0.103017677829682 0.0704104218117676 0.237492089619021 0.0317233942999008 0.211544451306117 0.0331924094810002 0.189399832398653
0.0630172451332897 0.061581541474307 0.10680372480392 0.244361613991982 0.109991218572512 0.0747530890593149 0.273658863299112 0.0658327036655624
0.123056740706295 0.210823767021337 0.0338776503138489 0.0865773062446513 0.0849666563252402 0.316844893026087 0.104456830055278 0.0393961563072627
0.108365864355847 0.0834806500254915 0.0735097345242556 0.0728120561912248 0.236285163885099 0.242157401152447 0.0506437624950346 0.132745367370602
0.202247009856872 0.181533587737936 0.0293556167810775 0.160489830331378 0.16500866034168 0.0341903791203707 0.202810220777804 0.0243646950528818
0.151570946414267 0.0164932719277089 0.0145882382048263 0.190968518427874 0.150585673584442 0.0471004201379757 0.143119439751983 0.285573491550923
0.166646153593526 0.152852495788191 0.051618447806719 0.217560002830508 0.110850260424981 0.230525103810245 0.0417416793127507 0.0282058564330792
0.244873242136675 0.0334000169111865 0.118909801258068 0.0638727720693342 0.220421912455325 0.0768490438520539 0.0952725383917425 0.146400672925614
0.0859670186197438 0.125347334713547 0.175799958982059 0.0221444872313169 0.0520502103740884 0.185552910705389 0.114552786613293 0.238585292760564
0.114534588522461 0.0603657278256536 0.122216739187486 0.140998873157781 0.155376894996159 0.19643351478408 0.00915015075426275 0.200923510772118
0.128509415079731 0.180969413762228 0.150862684147143 0.104555429533875 0.148973678361996 0.117817416578315 0.0455711372285203 0.122740825308192
0.205239853836815 0.20823625223742 0.0520482704045446 0.198323175482848 0.103733440580744 0.116882285657362 0.00280478793042579 0.11273193386984
0.0481011505672868 0.205322106646168 0.0822515881644234 0.172548087878787 0.176562568411672 0.1186269336572 0.180342356549984 0.0162452081244787
0.0440707354454444 0.263178419733047 0.0449526683017613 0.0766241724160502 0.339486432324024 0.0893435792055556 0.0703050431197761 0.0720389494543415
0.0174533727442292 0.168006064269761 0.0914451712042852 0.113977973359579 0.200044634859881 0.15955157059686 0.077715626259466 0.171805586705938
0.0757996967077547 0.0836590665879437 0.152576132369522 0.133156753135851 0.00764229929674135 0.20728712906618 0.20697822140929 0.132900701426717
0.184692408551524 0.0248558850373084 0.215261833170567 0.107924227199973 0.163811170109428 0.0525313281104797 0.142195051511471 0.10872809630925
0.153836224675891 0.059038158472688 0.137671405222439 0.117735495237101 0.160396099719288 0.164979026110073 0.0506118578455166 0.155731732717004
0.120653844888887 0.197193071830457 0.0521239981703461 0.131565740086677 0.205918283900682 0.0922979002278285 0.180219373514855 0.0200277873802666
0.0644208076380636 0.0560347887309296 0.186497982765277 0.199678502648579 0.150679284869368 0.114040743403599 0.0878516960294368 0.140796193914747
0.0301132920843767 0.181475548254525 0.0889967754978607 0.199833714683767 0.149910216388416 0.0876493458285262 0.148536612250932 0.113484495011596
0.127782283442703 0.0357525375722065 0.0954933272196575 0.164916288530649 0.0783557852143421 0.0877396144913234 0.214061364223815 0.195898799305304
0.0817027393573044 0.0733804433737358 0.118556504964267 0.114622216409272 0.0967002004513236 0.167664102937253 0.244490889975462 0.102882902531381
0.0771089269932399 0.245487478573617 0.0578564260527689 0.0732761053604256 0.106386564729065 0.189909514090935 0.157567438217563 0.0924075459823857
0.0714696393308382 0.0550811765617391 0.0565337523813106 0.187744885706877 0.151382846016887 0.172165244612711 0.171919365237038 0.133703090152599
0.0901822773611667 0.048305505560372 0.0342674738918436 0.206077164720771 0.0158271777017045 0.251905085310346 0.165434638339278 0.188000677114518
