0.241114831396569 0.127983896424501 0.00730307579831255 0.138100276470448 0.485497919910169
0.199557801604614 0.123911880770558 0.339704600762102 0.0372554014196437 0.299570315443083
0.0751760416422974 0.318299245714496 0.271943805969133 0.0143966217864785 0.320184284887595
0.203721416980642 0.268089413557453 0.205140203639428 0.141870849560184 0.181178116262292
0.309518695468426 0.328691110990335 0.00736853186387285 0.108232638563535 0.246189023113831
0.150910481002284 0.11596346915691 0.320587902316358 0.135105177758821 0.277432969765628
0.156660963606502 0.181246278448358 0.308009773157378 0.0881504874581338 0.265932497329628
0.201472264033795 0.139659287460811 0.354864895031528 0.292079034459271 0.0119245190145956
0.281304960883038 0.092452545091056 0.272520027951735 0.228640771509528 0.125081694564643
0.251953300685581 0.0672552020563578 0.293653298709111 0.17445677801449 0.21268142053446
0.214025661078793 0.0705516580760804 0.236737623107173 0.202552660286944 0.27613239745101
0.235316094692327 0.375330681461677 0.0289210626429169 0.277028766071453 0.0834033951316261
0.154547935125401 0.270968399180818 0.248663291378344 0.152989033408677 0.172831340906759
0.364324059546027 0.336423495248013 0.0224164101214099 0.258879362742831 0.0179566723417185
0.31149714266511 0.0035299611832346 0.297775011479773 0.169452329201934 0.217745555469949
0.438368203153102 0.14341304372398 0.0848529079430076 0.143993648917447 0.189372196262463
0.246197504757017 0.131352750972588 0.254309810866297 0.0618849684122992 0.306254964991799
0.272521813447766 0.228557748809818 0.250722178534831 0.217843448989228 0.0303548102183574
0.28141692594144 0.188724523910339 0.0701056581864844 0.240225543614097 0.219527348347639
0.130583982820287 0.161464752141963 0.336222950528152 0.299008249636786 0.0727200648728117
0.00562058708243597 0.365621744142561 0.100995727578466 0.378163689477361 0.149598251719176
0.152144422921275 0.0766933052420341 0.288508096807695 0.223484252404377 0.25916992262462
0.232252061733595 0.158926706461458 0.147218813361148 0.210395286871407 0.251207131572393
0.139861103283652 0.144170129236051 0.0389662000782565 0.222086823998585 0.454915743403457
0.0027794981156722 0.249301209683691 0.18784913445579 0.418306465828652 0.141763691916194
0.253930778940896 0.160695412770617 0.245297684670313 0.251391092194899 0.0886850314232754
0.10819217348636 0.250008824917102 0.366715719714937 0.142788472064042 0.132294809817559
0.125423211829447 0.0740125207815037 0.340494667048197 0.171039139128785 0.289030461212067
0.0691244058364962 0.397953489722341 0.0548580718877827 0.37186176691061 0.10620226564277
0.0244375056439896 0.206651304760575 0.25541063815995 0.253725516871617 0.259775034563869
0.147206714873186 0.1458971256429 0.209110558183846 0.154110927311927 0.34367467398814
0.236747854562271 0.306142149253749 0.0138440292444707 0.434803943218009 0.00846202372150079
0.201575871725933 0.0777273053219251 0.232186086910755 0.2843006005653 0.204210135476087
0.242032929893582 0.22206693486476 0.00134904097194213 0.265215588582754 0.269335505686962
0.329366804395948 0.257864700897104 0.189128293751655 0.190188441800523 0.0334517591547696
0.303865318973722 0.00878821011929795 0.223740413804822 0.378246218995356 0.085359838106801
0.0986432461377356 0.287703574539974 0.317600405691969 0.0715470050946014 0.224505768535719
0.301916879255309 0.280930452142371 0.0211726536726424 0.243492838923735 0.152487176005942
0.257913713191409 0.320485462004568 0.0797284673782435 0.212191153940674 0.129681203485105
0.196511608675254 0.120847236220272 0.268176665594295 0.311919509484413 0.102544980025766
0.177344048208816 0.155238915135074 0.245895384797358 0.279642010880671 0.141879640978081
0.121367890944969 0.0541445446327342 0.25556769629224 0.312686852720308 0.25623301540975
0.363349199636919 0.0400019908216103 0.383078110860806 0.0141473953915281 0.199423303289136
0.20174170911835 0.244232568504441 0.0356556539663626 0.491714931629782 0.0266551367810647
0.335523355545076 0.185948688734386 0.312251787107083 0.0478720188722117 0.118404149741244
0.233449970572776 0.158967610723075 0.383611940491332 0.158658980948378 0.0653114972644383
0.378320855130488 0.141080897835686 0.00842756029646565 0.271815566026321 0.200355120711039
0.191460922157115 0.161165310905423 0.192029151066679 0.247595458597009 0.207749157273774
0.28440413869957 0.0432216938246255 0.328900351157358 0.0537631847530618 0.289710631565384
0.242499914878375 0.29750663338913 0.0813499538709757 0.232602733271285 0.146040764590235
0.126881485047471 0.193756357870495 0.235965181039992 0.33123527266976 0.112161703372282
0.1422786917803 0.292578146347977 0.316840518510108 0.025427903804678 0.222874739556937
0.344086311944038 0.0613925418714143 0.00462805670143834 0.358314677047863 0.231578412435246
0.0883864899163511 0.445065177183096 0.0149801792221702 0.0398253330466611 0.411742820631722
0.164409802077818 0.186814190228765 0.0587370131295367 0.360444029018668 0.229594965545212
0.244888346677967 0.230528764917724 0.214137671908482 0.200174615203355 0.110270601292473
0.197871140063254 0.394928798389562 0.0384626711852776 0.0293434646174339 0.339393925744473
0.0899090451922786 0.215040020578897 0.456869015376399 0.117801593889648 0.120380324962778
0.0640951676769617 0.331456542718693 0.0982560169109075 0.133252418588886 0.372939854104552
0.363805107976726 0.0627337420728792 0.00595257251229226 0.270146297944371 0.297362279493731
0.138962296649753 0.293766699161295 0.242995075818406 0.138389828074542 0.185886100296005
0.288557804163011 0.148033033207142 0.363295333854544 0.0874042204660092 0.112709608309293
0.228387070065239 0.309624682073617 0.307981187380235 0.0837980125237415 0.0702090479571675
0.0943801256589298 0.179738354560967 0.0877855932072273 0.140525777739084 0.497570148833793
0.174306459004151 0.416460039207085 0.057778739558891 0.20431772879109 0.147137033438783
0.127951334580174 0.302353976950127 0.203780764068272 0.230760539534671 0.135153384866755
0.0772177557356217 0.317901681096854 0.159370009793505 0.28122338670649 0.16428716666753
0.310798089244254 0.119669084394684 0.336773410832332 0.0694397387700131 0.163319676758718
0.108616379015491 0.00938885258520749 0.322896274220652 0.273128080837522 0.285970413341128
0.372340538956616 0.0411652824422852 0.22676221733844 0.183413959924013 0.176318001338646
0.148802942362007 0.176482969080543 0.068658618889927 0.303640903756282 0.302414565911242
0.119899071197194 0.279378379104542 0.255879456709737 0.174450705096452 0.170392387892076
0.303878196369401 0.272841661023731 0.104659129267341 0.033178557210709 0.285442456128818
0.192275537500964 0.312907627183565 0.00644819472059182 0.198013841499224 0.290354799095656
0.0478542237916008 0.0767706438185599 0.0381459727990062 0.350519511588198 0.486709648002635
0.103858455324844 0.0495987003469072 0.323465731034718 0.443479731400823 0.0795973818927083
0.321705779561581 0.328982402121986 0.0140826716551667 0.117758899956861 0.217470246704405
0.0281682107480866 0.219511859056819 0.116596056139314 0.0872707008948596 0.548453173160921
0.113971166384932 0.252632969803682 0.192902433679346 0.208055320461767 0.232438109670274
0.613857950883949 0.0984852417448914 3.50853398017195e-06 0.254931006411584 0.0327222924255956
0.114665731081763 0.141894246796804 0.283455137911197 0.368246367961148 0.091738516249088
0.0291282419163403 0.215531797195167 0.357363821279843 0.0592694740648713 0.338706665543778
0.156407906136905 0.261921107379951 0.116621940463377 0.0680720588396628 0.396976987180104
0.269801166297072 0.268085421916044 0.287044649657268 0.166898682071705 0.00817008005791019
0.193527780428968 0.249815193623379 0.220189111608535 0.196513554443065 0.139954359896054
0.191165259942713 0.19965519710935 0.300213995932611 0.177170657778853 0.131794889236473
0.123299398692055 0.0550072316215979 0.418763102981718 0.124667437520524 0.278262829184105
0.103241236650183 0.253758343151677 0.06073641275727 0.135794523508016 0.446469483932854
0.205083461398367 0.164741422322305 0.304013860596027 0.141599208138571 0.18456204754473
0.0820187556802404 0.154574879776103 0.134112810858398 0.298797322002642 0.330496231682617
0.275961349256698 0.201307268877138 0.29899453462655 0.195917714988205 0.02781913225141
0.106748438685375 0.00436183845039743 0.447029305589655 0.274964416410209 0.166896000864363
0.323528133978619 0.00631842181769085 0.329211192198703 0.213713331017277 0.127228920987709
0.273251793377668 0.0383174585387801 0.308047341113535 0.24111134184472 0.139272065125298
0.349862268199284 0.199484777529827 0.0252909293415865 0.220062409481908 0.205299615447394
0.375877951851794 0.0285722895995175 0.152108597242264 0.227738259174048 0.215702902132376
0.217820629657132 0.102540951259927 0.210098082442776 0.253260912722196 0.216279423917969
0.0127470630440602 0.160459161743034 0.506585848412511 0.0445202651187172 0.275687661681677
0.0669010923466685 0.397867620974728 0.409523320496101 0.113622944556826 0.0120850216256765
0.34571361328365 0.104428515065401 0.157062782141035 0.277180182900729 0.115614906609185
0.240018732550653 0.193938086238372 0.221124031149628 0.198175711033315 0.146743439028033
0.183707864082759 0.261620136523033 0.169912819144386 0.285805250692051 0.0989539295577716
0.10047981663968 0.0666577947552546 0.308479448032494 0.453709234498867 0.0706737060737042
0.425152610481918 0.277186681206932 0.13862947985125 0.0605800665581412 0.0984511619017586
0.264751068465857 0.284890653299817 0.0499092610346359 0.13829585580435 0.262153161395341
0.289071692650412 0.22717435386251 0.256213412510323 0.1999429005073 0.0275976404694553
0.216981640825203 0.294626737003486 0.318483282035155 0.109537707941766 0.0603706321943892
0.208103874438756 0.276901664935168 0.026216661275963 0.223569289270634 0.265208510079478
0.0739666752663425 0.309394321059759 0.220274452859185 0.0377522186223806 0.358612332192333
0.130529497187739 0.240117836607689 0.280658728056699 0.289438568819229 0.0592553693286439
0.185283924119076 0.175553410100105 0.314708291936077 0.273762135111882 0.0506922387328603
0.0596007135212978 0.111147346121539 0.365946290868354 0.119294455204721 0.344011194284088
0.10428446148839 0.163583419132849 0.241092651255987 0.188131197514668 0.302908270608106
0.163952740670145 0.289482039924995 0.221392410575971 0.28616876295909 0.0390040458697991
0.309362658280125 0.234851789446953 0.103450422811316 0.0241036084369925 0.328231521024614
0.291618348378803 0.290552556741262 0.0482981884130953 0.0640911593129597 0.30543974715388
0.297086587187304 0.070473522574826 0.325235757893318 0.0230796097357381 0.284124522608814
0.207138495804393 0.217275747219183 0.198092699136059 0.172749155873666 0.2047439019667
0.219775899404947 0.207400334233081 0.322221243802065 0.146596175863624 0.104006346696283
0.280820652372988 0.0272368273283207 0.23897354713832 0.293289479813435 0.159679493346936
0.0510276989993894 0.313625708883617 0.149935446974811 0.354448647712147 0.130962497430037
0.219183006857361 0.291464389483161 0.0196736905304208 0.122088007959631 0.347590905169426
0.267978986341869 0.312623615046048 0.2116147863271 0.140277451015435 0.0675051612695483
0.374963212483296 0.0978779320899013 0.163422502053448 0.127053354248384 0.236682999124971
0.211091960828506 0.249638349756477 0.103822549791047 0.296728775373157 0.138718364250814
0.130630339027968 0.26614685757391 0.358745714715603 0.202895252792464 0.0415818358900541
0.324183159056774 0.0836774594509343 0.230419605044656 0.121999478460533 0.239720297987103
0.140169194381648 0.267081811152755 0.242638244782266 0.143452250382806 0.206658499300525
0.319117564593787 0.0401192314852098 0.309594728146988 0.262736378040331 0.0684320977336839
0.0266383998443805 0.0532702448642027 0.518375015630656 0.217074754519502 0.184641585141258
0.212937517578165 0.19682055158157 0.162803592000545 0.238432886418473 0.189005452421248
0.182878664800314 0.184315580853275 0.153046883979223 0.226756645157026 0.253002225210162
0.279919462658187 0.209809960253163 0.0124104566667517 0.241821055975291 0.256039064446608
0.099617014721601 0.275996756737083 0.231649273843413 0.184134731972451 0.208602222725451
0.102509555158199 0.334180490150108 0.260468566287572 0.244274513945987 0.0585668744581332
0.239946000614645 0.138045963362786 0.231784195313374 0.17161386002465 0.218609980684544
0.221168497066284 0.227667846980726 0.171271738915127 0.121703250750881 0.258188666286983
0.177277905857868 0.254775900826179 0.11153693456755 0.279506412419577 0.176902846328826
0.249786092566056 0.00335901841126804 0.221141577554766 0.191090104882922 0.334623206584988
0.213211874991919 0.218254266742124 0.146412006740042 0.338480021822326 0.0836418297035885
0.140974344099987 0.166355759929855 0.307237025033708 0.214981077535569 0.170451793400881
0.0985497439986317 0.113154575301426 0.552621159343676 0.0143398523061247 0.221334669050141
0.0748339234416175 0.17295152933271 0.215692449418679 0.27095702979676 0.265565068010233
0.0630153950203964 0.0986424700520038 0.111848678505248 0.301177508039053 0.425315948383299
0.151294229133493 0.136413743227139 0.137456695809456 0.176701307774202 0.39813402405571
0.124625639992705 0.0449162641924489 0.311839317209871 0.2181560936933 0.300462684911676
0.213851811472576 0.338955839644654 0.0716237559528445 0.0609973067139535 0.314571286215972
0.117750377814432 0.231401072082067 0.334130246797725 0.263911721637905 0.0528065816678701
0.125281109261796 0.0765856357130983 0.391604455089646 0.161150105652566 0.245378694282894
0.161196809010861 0.348187933578589 0.0943777692053836 0.115499079424343 0.280738408780824
0.325856433331302 0.30220683641884 0.0565588891787876 0.0310394908582049 0.284338350212865
0.128321155263486 0.235134574969263 0.243763387215647 0.0864401149637564 0.306340767587847
0.0106875988771107 0.210810261353731 0.40041486179184 0.0584550952003841 0.319632182776933
0.197083032106071 0.440788498773696 0.211143915943448 0.0566618177802734 0.0943227353965114
0.229097393391816 0.23176599557128 0.258299092808426 0.0140121132963135 0.266825404932165
0.262814532980753 0.288497796391566 0.172231842472966 0.26783664114784 0.00861918700687474
0.259232529169995 0.00827482416289857 0.501768494835031 0.120025082890976 0.110699068941099
0.113286464327414 0.188930138973412 0.1968912436325 0.277891900399217 0.223000252667458
0.228017233839219 0.284073823473961 0.1237138641553 0.0577923344316959 0.306402744099823
0.0609921085986776 0.108635632612317 0.404885599344575 0.159117557615529 0.266369101828901
0.0833103358248712 0.365538942005376 0.272125929829966 0.0220696471614355 0.256955145178352
0.165105847358004 0.201277897501289 0.365438420272124 0.0700759311326991 0.198101903735883
0.171348667659507 0.0789828998324295 0.267729475069868 0.280794247598388 0.201144709839807
0.22880410024927 0.224968082214948 0.213782117024452 0.157315384695335 0.175130315815995
0.20235189648488 0.1953417326667 0.138352333561618 0.230910605445612 0.23304343184119
0.358430071951874 0.240195248874852 0.0266993302568672 0.129416688503346 0.245258660413061
0.265157269031876 0.306352073619911 0.0289933088660706 0.339392405248591 0.0601049432335506
0.266896938454237 0.290152308583595 0.209249737309211 0.0632638835948601 0.170437132058096
0.253593535941275 0.232781485239323 0.125644656900665 0.195305189921461 0.192675131997275
0.0763977487653326 0.118247083995484 0.22796128561291 0.318041746928149 0.259352134698124
0.0224498181336356 0.275346299845288 0.322034673589274 0.0605455890600782 0.319623619371725
0.10602214097767 0.144644416714296 0.0967962079133621 0.362568044816598 0.289969189578073
0.201280441141945 0.353643100735285 0.270517207979695 0.122614056757423 0.0519451933856521
0.131820541264635 0.159643032128393 0.202509735859611 0.30936436822493 0.19666232252243
0.0320881546290881 0.357663956218862 0.10344642366393 0.125132914135399 0.38166855135272
0.269381232740253 0.164210287676894 0.00534674248750005 0.350834848702715 0.210226888392638
0.311712254483731 0.200654263875142 0.163164507520216 0.260846688015929 0.0636222861049827
0.256107913502241 0.0872732891545549 0.0416102298392969 0.0245038538047296 0.590504713699177
0.22979772627764 0.194019645111145 0.175768859899809 0.245301915859444 0.155111852851962
0.0365103296866286 0.29323992240875 0.216040739545984 0.115989270106897 0.338219738251741
0.148216506848774 0.206844934402825 0.289705580435819 0.00753745807525479 0.347695520237328
0.107169173952146 0.443416652536328 0.0964940080950486 0.070846598173158 0.28207356724332
0.228643193530926 0.0604238990965526 0.238724628270138 0.417369733517691 0.0548385455846915
0.142598451989219 0.328886658470452 0.194214405116265 0.00394816601740021 0.330352318406665
0.0676029572283301 0.289265704832297 0.141850897524684 0.12739458989816 0.373885850516529
0.415854092367473 0.215244714936465 0.190863478664198 0.0588561090927406 0.119181604939123
0.374853061315158 0.127830293015553 0.337173224029483 0.0719126179192006 0.088230803720606
0.155963227053531 0.145233095162114 0.254791990925949 0.200767821375729 0.243243865482677
0.0553869052776399 0.227199425003456 0.0617572333087954 0.30268793236676 0.352968504043349
0.252108218923751 0.192062807635016 0.184812724861189 0.077627978401252 0.293388270178791
0.271824154315398 0.0670100268356232 0.22885704987692 0.0129564487596688 0.41935232021239
0.0854546263328999 0.315737388238931 0.00852656349670125 0.307532982419261 0.282748439512207
0.442819882711882 0.192931363141142 0.0615201637006602 0.296949944278998 0.00577864616731797
0.552095552724668 0.0924200062631825 0.218092123370988 0.0794780702302219 0.05791424741094
0.143387421023049 0.343993538194254 0.157254686946033 0.145719179849248 0.209645173987415
0.153354995929892 0.118056516663079 0.114077999543694 0.301693626826406 0.31281686103693
0.230435500462904 0.0769121795598059 0.273292751371192 0.411873401500275 0.00748616710582262
0.340793564821833 0.0875129373933077 0.202782370861076 0.0781831631578599 0.290727963765923
0.372621215260997 0.24279660795013 0.234499950202814 0.129876505088935 0.0202057214971241
0.00145556055770669 0.048897519339302 0.383839421386477 0.494247238958148 0.0715602597583659
0.0327460237186956 0.226804585519814 0.206503541291342 0.369487251954862 0.164458597515286
0.00705509371698014 0.127146166748326 0.0560688269714398 0.443456719757649 0.366273192805606
0.245681981373487 0.20115863930103 0.145147065313262 0.394137757747352 0.0138745562648685
0.260499012407675 0.284624888233855 0.283531016323596 0.0597037299718045 0.111641353063069
0.129371248087785 0.197666842407657 0.184491050022577 0.327379884903444 0.161090974578538
0.282799566680467 0.301120961687647 0.0427821512258251 0.158036182798039 0.215261137608021
0.198426512162551 0.170975680967388 0.322229902037081 0.298167731532215 0.010200173300765
0.335983948810261 0.0568803892209134 0.272026048991552 0.0526261764576162 0.282483436519658
0.167159092295826 0.0357975363514207 0.325914508154412 0.291720937382627 0.179407925815714
0.115463829389861 0.298243145937625 0.1740187010067 0.33737073462095 0.0749035890448638
0.402221023202023 0.187626534605025 0.0216365447284379 0.186193953640041 0.202321943824472
0.242701630586919 0.0732371708473879 0.0761889698188207 0.410082692399903 0.19778953634697
0.255403743785288 0.308198183624219 0.0491756475554064 0.135811658103352 0.251410766931735
0.148467925470832 0.358265639213407 0.400632061994515 0.0142195235746499 0.0784148497465953
0.109083056419411 0.0164193813756488 0.453329861744967 0.418598032858835 0.00256966760113819
0.0679749688476785 0.207465364827581 0.231780606421038 0.24641193219726 0.246367127706442
0.133271690055262 0.162596560810097 0.0348986007061083 0.373788013015595 0.295445135412937
0.0479114878101611 0.0198624488768889 0.413687594278324 0.205997107250256 0.312541361784371
0.160521574461297 0.108227568486387 0.270202681507943 0.184515886296213 0.27653228924816
0.142237586086145 0.294589838665994 0.134948045965941 0.158157392781162 0.270067136500758
0.274370150328837 0.159842017961989 0.205310891591979 0.253816115032293 0.106660825084901
0.0922752538209478 0.224833418317107 0.226315991648229 0.35555237715346 0.101022959060257
0.168672924800798 0.195008383893086 0.223199036484656 0.166201076193204 0.246918578628257
0.105899232159416 0.010438266624932 0.32252333518681 0.20710758714893 0.354031578879912
0.141884432830349 0.32081829984571 0.337918295301462 0.0287430002285175 0.170635971793961
0.241154549252411 0.142349210670471 0.27446332009075 0.303004834576867 0.0390280854095001
0.275854175132243 0.200476271956393 0.0460513856908932 0.282207163307303 0.195411003913168
0.346864623921835 0.233927979780775 0.270551501265771 0.135424369362344 0.0132315256692753
0.0888007869712154 0.286366629642494 0.44177096121666 0.0903422637425891 0.0927193584270412
0.278147292646501 0.276833316122874 0.0696829091014295 0.231397314836496 0.143939167292699
0.243673092590795 0.117912476885115 0.20326352452212 0.291039827592826 0.144111078409143
0.0551770400628449 0.420526799692584 0.16394157184106 0.325254508697932 0.0351000797055789
0.23872121266096 0.126254292080263 0.140087437985535 0.25034186074661 0.244595196526633
0.235154538093175 0.0929117780036097 0.424870896436351 0.0700225972016329 0.177040190265232
0.258746660650889 0.159796368966394 0.256672701207126 0.0230567091212648 0.301727560054326
0.0260567070826974 0.2244332471347 0.3454104050956 0.340545517747873 0.0635541229391293
0.0526297450644459 0.319135462895856 0.31893331142998 0.29112373070582 0.0181777499038986
0.245843548150472 0.0739029095553273 0.158620547682762 0.250283705266931 0.271349289344508
0.112485450628441 0.570163208581586 0.115084892178679 0.158228676056277 0.0440377725550159
0.135819156229841 0.234079084620546 0.256701845247879 0.282345690710755 0.0910542231909787
0.437041014028266 0.144580857365657 0.121707673783269 0.214858039752632 0.0818124150701763
0.25999688188401 0.0728874344134555 0.272327554644791 0.273519359658033 0.121268769399711
0.245439917561174 0.00691804709098461 0.101810147333564 0.443559870901644 0.202272017112633
0.260725795182579 0.0465859868228676 0.241597037053229 0.211735451447552 0.239355729493772
0.098391112450533 0.214136422057716 0.285297131471448 0.26694891399193 0.135226420028372
0.286799596274685 0.012982056705141 0.188510223205297 0.498398430874392 0.0133096929404843
0.17761653399941 0.307743017118644 0.0598620625100564 0.22332159604014 0.231456790331749
0.342815440419189 0.364162891535505 0.00444714467662145 0.137261652939358 0.151312870429326
0.354534898485452 0.154403774731974 0.135016548398718 0.277129471937338 0.0789153064465172
0.261083557278811 0.316509632805089 0.116313371975505 0.137799902916443 0.168293535024152
0.52084375574303 0.0962512946602345 0.0403933481094985 0.202336538416942 0.140175063070295
0.150099611125282 0.268094870274237 0.259316357476658 0.0838047858385438 0.23868437528528
0.267901281816585 0.0366135351640474 0.137293517183072 0.264424162190451 0.293767503645845
0.270664725270264 0.21502976425317 0.178862019606819 0.0779751479566675 0.25746834291308
0.196150314532862 0.227009867467049 0.0398922450226532 0.171168835758049 0.365778737219386
0.189041962520828 0.273311583437367 0.0628969140714572 0.258592736703266 0.216156803267082
0.17323669656975 0.178342479453903 0.357429638262594 0.0571811559721601 0.233810029741593
0.244025470182831 0.198600385231168 0.260334190317454 0.153882027637644 0.143157926630904
0.204196572997195 0.265970855459587 0.365144506490984 0.0172742956106762 0.147413769441557
0.368322962649724 0.305222902784755 0.0775208558306908 0.0944237068471721 0.154509571887658
0.143041708587029 0.260891049197386 0.152655132415122 0.11665280825821 0.326759301542253
0.218064828466998 0.240703372418655 0.0903801700348779 0.205647802571422 0.245203826508047
0.0477426363269041 0.444618164352557 0.321753222213314 0.120902444612702 0.0649835324945236
0.21763860673826 0.313606771395515 0.122194274974785 0.268409677226399 0.078150669665041
0.0760480882352557 0.234253737200667 0.27833268440737 0.120157896296915 0.291207593859793
0.27652560560374 0.190416454410442 0.266015006441801 0.0711123691225535 0.195930564421464
0.184754686448011 0.257108383118038 0.258378670258197 0.28587608572818 0.0138821744475732
0.283748540332693 0.208620131929538 0.180887296788711 0.13503344910612 0.191710581842938
0.285166670199013 0.206406671959193 0.0775366419353523 0.137079798828095 0.293810217078347
0.182750211990295 0.36333163626241 0.111116319015245 0.277710707429306 0.0650911253027439
0.14456741666322 0.322393300876941 0.214026532646685 0.158511806504657 0.160500943308497
0.089086203582263 0.177177468524874 0.149722613999555 0.365420958893905 0.218592754999403
0.189332360060731 0.295885505701796 0.216480385598622 0.260704413798912 0.0375973348399383
0.107756781228327 0.258598456504474 0.167328511804506 0.237210320942659 0.229105929520034
0.241731632751018 0.193369202014783 0.220845562392675 0.202219006075743 0.14183459676578
0.103149506076289 0.202110385071802 0.217662817851278 0.254309735491803 0.222767555508828
0.23128093763752 0.142674423332018 0.0692197037940391 0.303852434437005 0.252972500799417
0.114465997163944 0.246520990370125 0.205401186700189 0.258291293537087 0.175320532228656
0.217812824966985 0.0767982753898008 0.272209663662918 0.0716589693324797 0.361520266647817
0.0985994935258719 0.287748366653519 0.275399655898713 0.151523873562941 0.186728610358955
0.31854259540389 0.0195732236083619 0.267311470099071 0.163013430416633 0.231559280472044
0.295558551141437 0.0404433730632924 0.160964040855857 0.435431498473838 0.0676025364655759
0.452325332371991 0.00873910421129152 0.0931080204630299 0.357970357425914 0.0878571855277742
0.188820048406406 0.117044371242653 0.296795032474189 0.0644384894051814 0.332902058471571
0.151386720947844 0.141454299600895 0.12239958916599 0.291574613869938 0.293184776415332
0.371727721941628 0.0253340191189416 0.40875423687642 0.027734480488912 0.166449541574098
0.00651088396588474 0.305885242840345 0.278309859073748 0.207747924555497 0.201546089564525
0.226500302422172 0.0675737597019491 0.304234690900786 0.0673396188770425 0.33435162809805
0.236796886851467 0.100048583653094 0.305911349229754 0.0956161499322826 0.261627030333402
0.178497591564968 0.0366410018480253 0.325348727019345 0.111383886643181 0.34812879292448
0.148592184781509 0.249456517227216 0.143544317260356 0.213923529269518 0.244483451461402
0.278564040026612 0.194091448885132 0.0798051475830511 0.125072324041124 0.322467039464081
0.0943469264061803 0.286503332082952 0.108132035372046 0.0641894388080779 0.446828267330744
0.236799863519253 0.105470807961237 0.165991590242777 0.249000789480164 0.242736948796568
0.0379966290057469 0.0344226442212099 0.315012644583095 0.339679375389201 0.272888706800747
0.339920499818744 0.249741506521736 0.0546207831970368 0.19799144952153 0.157725760940953
0.184651837298502 0.309140439110594 0.13071448528152 0.177746650332536 0.197746587976848
0.174449105264893 0.0569946878040578 0.0988856230979502 0.315841492511037 0.353829091322062
0.203634776161804 0.261887435207708 0.0822111018021295 0.240002283208533 0.212264403619826
0.0198045967168238 0.361162436463054 0.15789573886066 0.372702285778894 0.0884349421805685
0.219993769692394 0.367663257376259 0.243116291014587 0.106250261588043 0.0629764203287166
0.544020766901537 0.0644500937296948 0.0419143780474513 0.203232432560007 0.14638232876131
0.00431474348329737 0.148424336082867 0.413049096923094 0.35189118686454 0.0823206366462022
0.0396707648339362 0.420995386418457 0.428499095958217 0.0268233577631342 0.0840113950262559
0.00346844328893481 0.160584929291434 0.453984569124367 0.143572231800601 0.238389826494663
0.150166069262046 0.0845104020415425 0.103178074444782 0.29886078280887 0.363284671442759
0.186375080409562 0.15852357853905 0.294532584374183 0.269791018850656 0.0907777378265494
0.0769457214338263 0.114595340346016 0.113001473353485 0.19136956226731 0.504087902599364
0.200892115476949 0.104983674941265 0.175117425657987 0.0751780846951413 0.443828699228658
0.263523110149306 0.13446709242428 0.235814937656241 0.269417460930977 0.0967773988391958
0.280132465252075 0.110090517526126 0.22424393696706 0.213574564524743 0.171958515729995
0.206601612188091 0.255564408832264 0.0114969436509182 0.298121315727321 0.228215719601405
0.195094572242282 0.242988419258695 0.233524275388191 0.215594433297063 0.112798299813769
0.0323820512581833 0.239497078755028 0.29923678404738 0.37323851813373 0.0556455678056791
0.295920673168527 0.299222551435953 0.0963240878704822 0.01523436761832 0.293298319906718
0.136239279420778 0.0887232768427075 0.30905719701581 0.444483269670068 0.0214969770506371
0.368998962073707 0.111138004526783 0.249815806029658 0.161492985042179 0.108554242327672
0.285418215858376 0.294470519948779 0.100550609824907 0.279028585256615 0.0405320691113233
0.236682733417261 0.18357035508162 0.233414402807563 0.211164453614892 0.135168055078663
0.275349315808541 0.280447286682627 0.182991105083708 0.176229592361983 0.0849827000631409
0.506898810861628 0.0782378060056221 0.00375771371386862 0.272619648187155 0.138486021231726
0.274580336173902 0.281961868299792 0.00990914721158599 0.254476701904124 0.179071946410596
0.171148811414224 0.0149777109908688 0.243197223989659 0.372616762819869 0.19805949078538
0.351276568239797 0.369007365055985 0.0276704574677984 0.0612453674690379 0.190800241767382
0.255380252316425 0.222888872241281 0.143100782559464 0.18321797579253 0.1954121170903
0.0111791302500987 0.0559890077650506 0.435462960900126 0.12164218687153 0.375726714213195
0.270947397960443 0.333260624271851 0.13978623264426 0.0865147585650215 0.169490986558425
0.144544815020082 0.211320074564634 0.170410216648161 0.259222924603251 0.214501969163872
0.0369683959536702 0.287557306864236 0.211849336299372 0.316160196320182 0.147464764562541
0.154550359019791 0.186792450469597 0.297197624573145 0.0918062904143593 0.269653275523107
0.226538538693844 0.234783172756835 0.0727253262477901 0.22925296400134 0.236699998300191
0.100522412827286 0.193445327152651 0.0475156035028811 0.654771770915476 0.0037448856017065
0.10544930595389 0.166083034714406 0.0334690375243525 0.374248569707144 0.320750052100207
0.268090484707613 0.162376222332454 0.347514103042924 0.0644393797503241 0.157579810166686
0.292495071018104 0.281135598973288 0.103743031819734 0.182100470004088 0.140525828184785
0.349423859059675 0.160727162667878 0.224845783600367 0.1781249520414 0.0868782426306806
0.46055764508919 0.0019495145212502 0.161530456917733 0.247489324316101 0.128473059155726
0.275980362824122 0.146616315687796 0.217377476147559 0.206734985790547 0.153290859549975
0.312692260947383 0.0300703084492227 0.586943511917948 0.0265699241580513 0.0437239945273944
0.191577365554953 0.314614297010153 0.163969313833703 0.267774635629252 0.0620643879719391
0.345736290915272 0.198391252939919 0.29227093928253 0.119396969666153 0.044204547196126
0.331051729053515 0.100593821861021 0.18288655230185 0.334789843656946 0.0506780531266676
0.0751755370839539 0.280830839584505 0.249099913042114 0.0896286002804913 0.305265110008935
0.172569742779409 0.350118673645762 0.153353715809654 0.00152420180258814 0.322433665962586
0.23837384237257 0.219752911274688 0.116106675548805 0.158438911132527 0.26732765967141
0.332483730203478 0.0898681464211041 0.064900075253644 0.117487682319845 0.395260365801928
0.403240703579528 0.0435605626831757 0.216339547456618 0.114094228322337 0.22276495795834
0.285950742655737 0.0587054905564957 0.360471675863155 0.0496072473753172 0.245264843549295
0.285703589050169 0.131255344973516 0.153745399187188 0.161568445339658 0.267727221449469
0.303303880094967 0.0304197804464827 0.204395961807459 0.200813143467086 0.261067234184005
0.34865027236549 0.314472069890386 0.0172988527281016 0.268981229840494 0.0505975751755287
0.0188859960776583 0.34399228431544 0.378932549413797 0.229602663282262 0.0285865069108422
0.205701765108117 0.195196248279339 0.291105729252987 0.0569231725891614 0.251073084770396
0.167333614306734 0.313598335412941 0.25579808372651 0.0211231948492436 0.242146771704571
0.221128265530795 0.268538213053385 0.0185935346435662 0.289610550989502 0.202129435782753
0.270841643517197 0.208610615513351 0.0440065772873579 0.282019193769239 0.194521969912855
0.0856329533810274 0.337428555801956 0.146407129754275 0.268888658724689 0.161642702338053
0.407295155195481 0.175882673104688 0.0643601346393292 0.116316666257922 0.236145370802579
0.071307649316464 0.271590262205082 0.25359316103696 0.287803678444613 0.11570524899688
0.100528518581118 0.147752556675857 0.0458590051348612 0.431404983809963 0.274454935798201
0.152378588221386 0.162518289591209 0.0950517268314838 0.361233252614931 0.22881814274099
0.291148898641599 0.183119372576944 0.197868840842708 0.11604507007024 0.21181781786851
0.214023454457362 0.0804957771010666 0.0684151748147805 0.386975045234948 0.250090548391842
0.194093116166263 0.143368851184705 0.260917278230005 0.264783217688544 0.136837536730482
0.0625362390178599 0.0758027777506643 0.342064765031967 0.0790345604859596 0.440561657713549
0.228443988780975 0.0818416145801885 0.247847604533657 0.183299593309756 0.258567198795424
0.21991142270337 0.304699696055732 0.112381158864581 0.219635747904562 0.143371974471755
0.244777868039732 0.247137509688389 0.144172853315201 0.229839681757185 0.134072087199493
0.386234659635653 0.04390431771444 0.329950710938918 0.0581295861067529 0.181780725604236
0.200384699393834 0.253238093136799 0.360293014722985 0.0571568513606597 0.128927341385723
0.134331548269229 0.347780869716935 0.0156773293978659 0.201682317392493 0.300527935223478
0.17471572420975 0.299344189872082 0.260320271491173 0.249138151997597 0.0164816624293978
0.135547729762914 0.235700005941437 0.255597490392792 0.138676585822025 0.234478188080832
0.210156163163771 0.146795157102655 0.134742738691386 0.354742585674173 0.153563355368015
0.427466892914279 0.232426100655685 0.108280586827784 0.128071984846929 0.103754434755324
0.252765191609697 0.237298988407732 0.173691570452793 0.142523922037316 0.193720327492462
0.130008477250818 0.314544962505694 0.180139671474456 0.141752403246645 0.233554485522387
0.288635994985786 0.229322501388173 0.228447626665807 0.21889921907769 0.034694657882544
0.150889624302093 0.108345346521043 0.246860217773624 0.217907859061576 0.275996952341665
0.239576464681964 0.161455208927579 0.336006980917451 0.261034599342412 0.00192674613059302
0.225906179167724 0.121348348952298 0.260316849113941 0.076519682389077 0.315908940376959
0.213084828792577 0.257670085347574 0.141613033345356 0.153660713998225 0.233971338516268
0.273124075314092 0.244741344637828 0.0700684150080667 0.160803719163747 0.251262445876266
0.12677102754979 0.279985979764595 0.162267293288918 0.256192718106143 0.174782981290554
0.201181558684914 0.0976394396533035 0.340436164524273 0.121114502022967 0.239628335114542
0.195312458904419 0.24583387568337 0.134757652882411 0.167459038359747 0.256636974170053
0.059283513068873 0.0744192862974812 0.284424233163092 0.34565385171651 0.236219115754044
0.14625789096054 0.119140506670539 0.487501490761831 0.119477028151235 0.127623083455855
0.177174227501851 0.150494847694429 0.235389283481086 0.31591828298957 0.121023358333065
0.2191834371116 0.221084541108854 0.114889978872342 0.261848918495035 0.182993124412169
0.296893539036992 0.0770376016772542 0.143491827952012 0.217633471819778 0.264943559513964
0.379360925187736 0.28792809650793 0.110663872083163 0.00356564276760578 0.218481463453566
0.284198862885679 0.404896054463928 0.091220828224444 6.31512004403199e-05 0.219621103225509
0.115380414582847 0.0713193772661581 0.303904508523462 0.307212709179739 0.202182990447794
0.28693262375418 0.182389794924241 0.0181491020239395 0.233963719221001 0.278564760076638
0.0783033061568306 0.359196235971527 0.0129464945328688 0.344216514347289 0.205337448991485
0.296353101273318 0.315006744545324 0.155311381516786 0.136605967059083 0.0967228056054895
0.17647461147102 0.244820543308529 0.116237279524369 0.260627724090482 0.201839841605599
0.289671491018796 0.2422521897413 0.199612036225867 0.21551783119874 0.0529464518152962
0.199704354675491 0.216136787388214 0.107885697558179 0.171975335629691 0.304297824748425
0.290766529053137 0.284633629434033 0.141123317635922 0.109988570893795 0.173487952983112
0.0993688371498832 0.280058003595069 0.283010298613687 0.17120203572334 0.166360824918021
0.329724270260872 0.227184883013702 0.083943755686532 0.259100472823116 0.100046618215778
0.180016530419184 0.161946231934159 0.397226700377367 0.0015102490749613 0.259300288194329
0.203152224634201 0.299524078808212 0.196641488937958 0.273722124876287 0.0269600827433424
0.356094062958028 0.342302887079557 0.0405741135492024 0.214206554369241 0.0468223820439718
0.279523318387899 0.175120925379995 0.272749209355381 0.00354581693791245 0.269060729938812
0.254777370745916 0.27717263295071 0.0851470988298485 0.193376096318285 0.189526801155241
0.0458919538549326 0.0292185830858125 0.383667004733366 0.196882270988725 0.344340187337164
0.224598284644387 0.217465668231122 0.220402184903104 0.04492934445326 0.292604517768127
0.0322809069863724 0.213923801723775 0.271172390269954 0.334416255674091 0.148206645345808
0.196326635366411 0.0450899087568026 0.157309482645448 0.293185681434177 0.308088291797163
0.141881437875214 0.226183137332736 0.0807550285202584 0.406333592624667 0.144846803647124
0.421401233495263 0.080235960402073 0.128778399126249 0.0271986393910002 0.342385767585415
0.29877364328235 0.189741275033612 0.0679035334753779 0.31613494667803 0.127446601530629
0.0636524136708163 0.192153026447223 0.0879197485016764 0.271329007584546 0.384945803795739
0.229669928408224 0.313561213206751 0.203348319141838 0.175951949499169 0.077468589744018
0.369215972663373 0.236797508989994 0.118664392624976 0.214535176653892 0.0607869490677655
0.0357143469598388 0.116786625350374 0.513835720494142 0.285780661700389 0.0478826454952565
0.0164954395854273 0.286275798660256 0.370443311917003 0.0310514720855582 0.295733977751755
0.244626422720061 0.243105349651017 0.193849033214403 0.166534983004131 0.151884211410388
0.0457406347280837 0.437944995195849 0.22247046674305 0.138936256551727 0.15490764678129
0.234417223810404 0.364935531506177 0.246749595580342 0.00126239716500126 0.152635251938075
0.105441173157477 0.0813561407206199 0.245782839786952 0.238777144399803 0.328642701935148
0.0539635771980929 0.000125545540218616 0.0686675340849835 0.574319710191274 0.302923632985431
0.225370833594096 0.0312699369543243 0.166579425503737 0.371074181264703 0.205705622683139
0.179361602566752 0.235592186236369 0.279547647986991 0.29247504878394 0.0130235144259474
0.170953351329747 0.273765420374057 0.129230801083786 0.41129050731809 0.0147599198943198
0.0623847439162239 0.240339329989644 0.0455733712644465 0.307827504993632 0.343875049836054
0.102400743011612 0.0271812920478655 0.291371162345505 0.323658288772099 0.255388513822919
0.235194030127595 0.242569444455115 0.310722292203091 0.0729796487516732 0.138534584462526
0.296032813799878 0.116190524147938 0.00658937984249609 0.512164839024925 0.0690224431847619
0.286825212050947 0.141175851561881 0.00187688485691594 0.238681362869961 0.331440688660296
0.315204727076427 0.143790150105414 0.22503274895329 0.157886380689928 0.158085993174941
0.173878546048252 0.25481401468619 0.0807061123207347 0.196120445392642 0.294480881552181
0.12692812817945 0.216551790901747 0.218169850133839 0.243112807003589 0.195237423781374
0.133260711879115 0.312634843634374 0.358096176486448 0.098900121767672 0.0971081462323903
0.137809198150167 0.168360490184622 0.208960798014325 0.159981523614144 0.324887990036741
0.140102678928767 0.180796804381591 0.193693254682043 0.169479884162678 0.315927377844921
0.0469635456523661 0.115368183644924 0.411334119175064 0.331364395459072 0.0949697560685737
0.373756223857519 0.00757777597184212 0.253655544986416 0.364979800197023 3.06549871999118e-05
