0.18309096480691 0.0727120169176039 0.224479620936961 0.265522087552702 0.0853039169648864 0.108486319002984 0.060405073817952
0.168688440164763 0.042413355877705 0.0619913273671342 0.170939296783452 0.116191543509233 0.189089917934273 0.250686118363441
0.20002754232127 0.018491448380269 0.16921863257871 0.302189463691997 0.0259311937413031 0.108161882836332 0.175979836450118
0.171646514751497 0.119093154008053 0.0991253487100524 0.156652272166139 0.0276451590461633 0.214926809208769 0.210910742109327
0.125328397208536 0.169985996483112 0.0904158786239996 0.0819821456624065 0.156534779012282 0.205505794456644 0.17024700855302
0.173688560230783 0.163755990275617 0.121563720779827 0.206889030078224 0.150096098747661 0.17809081545745 0.00591578443043793
0.0495683945482031 0.0354609160264559 0.0299832173499966 0.280247175371173 0.189229854275846 0.235033770785809 0.180476671642515
0.163956216418065 0.102595002285459 0.0886568263142926 0.0324697076096006 0.165973807780433 0.223336339859534 0.223012099732616
0.178481106658879 0.150430881597925 0.214038652818638 0.01286509972577 0.186274023244593 0.160351629583254 0.0975586063709412
0.189062346385188 0.110668057345466 0.22847936405121 0.0712742235606224 0.140726850414544 0.127535618375678 0.13225353986729
0.244682001115108 0.0404530607205863 0.0549057841471177 0.118968698493367 0.0924063035419127 0.218902869448012 0.229681282533897
0.133673138986066 0.239531508427098 0.00863841969501226 0.135994094907486 0.126755279375764 0.266398767323158 0.0890087912854154
0.257987326469547 0.160372495535371 0.0251042037711798 0.33573092877014 0.102600130004957 0.111888125044787 0.00631679040401836
0.214680851080541 0.269870787654513 0.0811939320037341 0.0213200825335272 0.0323102736282019 0.210141800808295 0.170482272291188
0.155050936369446 0.196028588293334 0.0215320712172451 0.106865300798284 0.132718329672226 0.195864731975911 0.191940041673554
0.0923381144028641 0.0136249003540135 0.287255444175107 0.152850006231583 0.319266386997968 0.105940684202047 0.0287244636364181
0.175644686909801 0.0209883218301442 0.156726310119934 0.13035560456673 0.214010963059078 0.140416660809045 0.161857452705266
0.0255614145575116 0.160668538312076 0.257510153247765 0.104052952422445 0.1866701597656 0.247272020299631 0.0182647613949721
0.0574880246924278 0.157582170031273 0.214589803358214 0.111851994984712 0.199422850644415 0.232752226889404 0.0263129293995546
0.214145820531655 0.102538237183678 0.172149136470163 0.0811239110231872 0.0645000884407383 0.152259281924063 0.213283524426515
0.132782294841426 0.0451495721213254 0.173756041506158 0.199806404337672 0.26170101167873 0.0865598677348736 0.100244807779815
0.0608389061778007 0.0851845430805945 0.0799950893985113 0.130324671761783 0.0583663160722792 0.331604467781633 0.253686005727398
0.0576284425217257 0.196082373347221 0.165311679360934 0.124579265701235 0.148247120705405 0.111951358567689 0.196199759795791
0.151832798380259 0.0696324084059301 0.189521891950365 0.193201466178001 0.152747693309511 0.12661997164034 0.116443770135596
0.20583747910041 0.253222418901931 0.146773118679368 0.0957734770875994 0.224135795110627 0.0487827807633582 0.025474930356706
0.155806442240322 0.041853608117569 0.0634564789837522 0.19367617518734 0.0711875113575444 0.242868418397568 0.231151365715904
0.063130405680243 0.311248399790822 0.173574375599755 0.0296828941358616 0.0739139777761753 0.113351149864365 0.235098797152778
0.165842895493468 0.187857212570473 0.0110894220759392 0.199492582795982 0.16482241846502 0.223850437576851 0.0470450310222669
0.0540411283976427 0.0906016343262003 0.050212142149346 0.262920813115745 0.126682597833482 0.173239213167268 0.242302471010316
0.209782029519581 0.00932443040269531 0.138662899572759 0.126985569128442 0.219224154170209 0.0112320603605352 0.284788856845778
0.146106853200939 0.151596007922388 0.203834859575288 0.0812838022967438 0.147639377262416 0.111353449454337 0.158185650287888
0.228749397817619 0.201366074819446 0.0111788440740254 0.214965706791659 0.209165244804066 0.131631457489538 0.00294327420364662
0.106749843469311 0.154397429003619 0.119677204130847 0.141800414909793 0.161225147899205 0.161129151755919 0.155020808831306
0.225458627395058 0.195774264471873 0.059798703787094 0.116048993257776 0.172136150048645 0.0567296047860933 0.174053656253461
0.115236530469177 0.0639273802247554 0.104882723055625 0.16953629242226 0.18065049268291 0.235484189746031 0.130282391399242
0.206677988181707 0.0593758154112609 0.0150436229549849 0.217152727680768 0.184729587877951 0.113880097691831 0.203140160201498
0.0430414179927255 0.235992383106445 0.180475346468476 0.0214212053685353 0.0330141142820935 0.129752993397194 0.356302539384531
0.145228147632228 0.186156739021281 0.162568599440947 0.127488059761247 0.213254688408554 0.0873061831179789 0.0779975826177638
0.241854386079123 0.0868532234918056 0.11586652254225 0.077907789067021 0.187522119242171 0.227965927048233 0.0620300325293966
0.0626730919280882 0.0910624363850661 0.178584218544241 0.0203158755655501 0.102668234879833 0.226862923290516 0.317833219406706
0.0959217207047224 0.209489794391154 0.277141550878942 0.0435486478121122 0.235289701557462 0.0137632980247235 0.124845286630884
0.0671506580842046 0.230684227078985 0.157103288543375 0.199953528536368 0.0720452273954491 0.0816157932173214 0.191447277144297
0.0680075621876253 0.12320044774527 0.0711090091008616 0.0791410242632698 0.290012468312135 0.255606746376771 0.112922742014068
0.125963148300226 0.172988409500007 0.110048807176589 0.149186734663102 0.0975352689254279 0.156166977694256 0.188110653740392
0.197424483441203 0.0812274503927041 0.0262206172763665 0.0923793230142219 0.141248858962627 0.383203367259121 0.0782958996537558
0.160269206993358 0.190033826414856 0.139095459314338 0.167745830418235 0.0742354488705006 0.214632988155519 0.0539872398331929
0.039161448107105 0.118367524305041 0.145784733537821 0.161054934710266 0.172523660524593 0.170173361517451 0.192934337297722
0.141968771133708 0.135599720478616 0.182517237007197 0.155138585292276 0.206890347307712 0.0400827582944626 0.137802580486027
0.267061683756084 0.19622418110557 0.106579175791709 0.0141332296472155 0.24607767226384 0.136403448931241 0.0335206085043406
0.0848055615382348 0.178308042211594 0.20673014333186 0.17980408404087 0.212921657990196 0.0233945752168397 0.114035935670406
0.0409237265044979 0.126945869582933 0.189156460756483 0.174539766905712 0.170493370376319 0.109176976193523 0.188763829680532
0.0386752773408847 0.0449450334851541 0.301009661094886 0.0785712485722221 0.365167622220861 0.0682865189737224 0.10334463831227
0.319061153910346 0.316287400327352 0.0671613419766496 0.0175598715085727 0.144876962952027 0.00437515489732009 0.130678114427733
0.0401019275235587 0.171000383467253 0.269201346017878 0.167499894330041 0.00553749680075487 0.206386750848898 0.140272201011616
0.120375255421813 0.0755739398233912 0.212365921397347 0.0756738646460838 0.0196874842433718 0.28044018748376 0.215883346984233
0.147547003660147 0.0304794848539171 0.214349938242698 0.209405602083812 0.136534629012337 0.0496057797874094 0.212077562359678
0.0239416982560601 0.225370659983551 0.140313935949496 0.0230775870443407 0.200767584048467 0.210363798178123 0.176164736539962
0.161283608201689 0.142157457707909 0.116136977781704 0.0808130821524702 0.189077747360406 0.211785306016643 0.0987458207791789
0.211198203122668 0.261773229717225 0.0818650858812684 0.120950888344846 0.211455485241437 0.0252259618255059 0.0875311458670491
0.256224921880551 0.220781199562857 0.0978669799392267 0.256654366373769 0.105085851682013 0.00853055314591129 0.0548561274156715
0.227422696532306 0.112118677922464 0.103414711800195 0.238347483463479 0.166872592195081 0.151493158818247 0.000330679268229677
0.0183449106670533 0.179388478775585 0.101948282567637 0.366357831469081 0.118984126331623 0.0167981798046882 0.198178190384332
0.230822788278335 0.0993138501695579 0.21115087985915 0.0551827885551563 0.304423666446515 0.0863535246465646 0.0127525020447213
0.185386606754091 0.17992422111902 0.0213667906638983 0.207287197284851 0.082830551889838 0.115562298554384 0.207642333733917
0.176052706569768 0.114856163742229 0.113835957802341 0.195341447294974 0.0974191187199988 0.0245896587481502 0.277904947122539
0.096590560380345 0.193781125984504 0.0214377394403775 0.170174888225543 0.168172462014724 0.19306496235939 0.156778261595117
0.227666573552094 0.0362583394620129 0.22489294920176 0.153142353807637 0.200740770478816 0.118484255599879 0.0388147578978017
0.077646807056885 0.203713842836808 0.113606557605447 0.17449239429888 0.169769421001025 0.0901295167449874 0.170641460455968
0.182835338288605 0.0397369767428556 0.0240114164831698 0.0311064483532405 0.323625041574724 0.0909098321897497 0.307774946367655
0.0283814020907678 0.140697451146869 0.113021108360017 0.158651103286916 0.0119507157074978 0.225844751985124 0.321453467422808
0.180589675292429 0.275274973626442 0.00436285679174819 0.0661018237708542 0.249840457120629 0.0204071271168983 0.203423086280999
0.126230876639023 0.251179361006715 0.189340221224321 0.250956249615409 0.0838465244014164 0.0605669664862764 0.0378798006268383
0.236614168258204 0.170250381837864 0.146814686688322 0.077277326766533 0.0263833878044513 0.113992948799768 0.228667099844857
0.193793416896775 0.101554615000457 0.113484320136666 0.100416966376097 0.142513211046779 0.151272626227786 0.19696484431544
0.0997246251905746 0.218737557153452 0.182209717313855 0.0881323109124663 0.137897020394023 0.0930005783318951 0.180298190703733
0.212265301243357 0.106543678506681 0.0146998482050837 0.0610717492211504 0.212286977987494 0.193906219917129 0.199226224919105
0.311693352406436 0.206939713548734 0.289028344679057 0.0495005215531718 0.0657450425077822 0.0699322582123586 0.00716076709246059
0.0962426462042415 0.176180539008266 0.132935102342725 0.180667579785292 0.158735323947712 0.11779604104315 0.137442767668613
0.152152703228494 0.243570002653663 0.160147648365813 0.0653966650628466 0.103809038403842 0.245084578916839 0.0298393633685029
0.054569211310726 0.103922000458065 0.1085123440891 0.283810750638606 0.205113230853821 0.00819836079339094 0.235874101856291
0.22454391955336 0.0339197415898321 0.158790127360097 0.230891134526525 0.13182963723338 0.0511554678929024 0.168869971843904
0.117996670977564 0.242207713254112 0.104009308787265 0.0812981052211423 0.0549128956356754 0.269168064634263 0.130407241489979
0.0811304349170239 0.288677416678993 0.19008067071057 0.13815451027373 0.182400795457071 0.0646828933184362 0.0548732786441765
0.215504211506102 0.0862701333252252 0.17936382871467 0.13548793218125 0.0693266198268263 0.147586257169612 0.166461017276315
0.107219765943274 0.274038707360702 0.0152569875874822 0.00790296550346596 0.220624384445918 0.21632152504582 0.158635664113338
0.0233478598311347 0.100985018614347 0.198149592007397 0.189273497703125 0.0761866491608749 0.234761207718925 0.177296174964197
0.163916349500533 0.0523850918894862 0.209616579380726 0.229302175612803 0.0856839636352115 0.236616299217198 0.0224795407640432
0.14493337170609 0.0639793488291752 0.148643458030404 0.111574123379694 0.154833023427288 0.0783536314959732 0.297683043131376
0.297423201506459 0.0841177932765897 0.0133376430417068 0.286740006245627 0.051719991469087 0.216273797638966 0.050387566821564
0.255200805520882 0.0517643270249193 0.283568022267617 0.260620617076728 0.135793325649731 0.00597224486940063 0.00708065759072262
0.151040982232502 0.183846320923837 0.0448595187223614 0.197961976089019 0.0820807144166552 0.161877330928387 0.178333156687237
0.160925091106149 0.185480490200102 0.0881542965443345 0.115983372496766 0.206523021416873 0.0369548253430984 0.205978902892676
0.116354684981959 0.192442015254245 0.269509105732182 0.241401052510481 0.0643249654905433 0.00226342685327582 0.113704749177315
0.275450427651156 0.0215889108034423 0.242878535145074 0.0417601507068867 0.177956111566507 0.0109489741985069 0.229416889928427
0.179801741222719 0.183560427498101 0.00902007344319667 0.0899834869537743 0.107689585391321 0.199951675023817 0.229993010467071
0.0840445406115597 0.276080643986095 0.174845220260376 0.119283703148843 0.0084064062872439 0.244236072236831 0.0931034134690513
0.143156576671258 0.134748314464518 0.200770650549946 0.195860695514393 0.0547962119846381 0.163917719152681 0.106749831662566
0.0399700680747454 0.067941081258687 0.0442674518837631 0.189356172493756 0.159613500235226 0.240273578521789 0.258578147532034
0.0625004182269293 0.277366184364785 0.0323582803869585 0.211518962426039 0.0657000934958924 0.172235346021579 0.178320715077817
0.102104716537523 0.145166466438652 0.013390421424519 0.204333891858651 0.149598735762972 0.214433591210322 0.170972176767361
0.261477192877605 0.0815211230710682 0.142347591452321 0.172409723301501 0.151560245301319 0.0868214055098283 0.103862718486359
0.176788823321312 0.0923397990850894 0.15064244336852 0.0254601883163896 0.196272547076566 0.176422341552863 0.18207385727926
0.259112566514124 0.173394976333257 0.012893868687993 0.101922219547796 0.19677646436509 0.213593900353663 0.0423060041980766
0.261761480298613 0.123476229357428 0.0281071861478856 0.221411294647313 0.0827782693692395 0.106036840689964 0.176428699489558
0.104322413865533 0.203070976988727 0.146483113606941 0.157029636752117 0.00289942734040824 0.0512418227997289 0.334952608646545
0.238126092512636 0.124101523920277 0.062298560109444 0.061896035517918 0.0923990299770428 0.236926770071804 0.184251987890877
0.204518925729795 0.196491356836142 0.147285298655245 0.0336090027615613 0.235372598436641 0.131903454936072 0.0508193626445446
0.20819174203674 0.0943581406289855 0.15538374178197 0.172534722816637 0.189693498831671 0.0703843855344221 0.109453768369575
0.106631226367858 0.249714274954942 0.14908246662022 0.100022199939538 0.184645634428263 0.127046978590153 0.0828572190990243
0.115495833631517 0.00442704070656174 0.29038744214703 0.0327802658500815 0.262755835932814 0.198509803923495 0.0956437778085019
0.0911604035997909 0.197874584702105 0.205739260113234 0.0931136075012606 0.230048198685932 0.0512900187956285 0.130773926602049
0.301211903881253 0.00973153078450384 0.0382974119395 0.222047142387472 0.0221773534835303 0.163022992815165 0.243511664708576
0.106306379606442 0.031185997140274 0.243971286432541 0.160278086291223 0.209752530609179 0.0861997624177132 0.162305957502628
0.188763435892161 0.0413304235564872 0.0833488895302899 0.292513389715563 0.0345454978327095 0.11672835611127 0.24277000736152
0.00307129270533009 0.299015395618053 0.196062130606532 0.0465728618663561 0.209731710472675 0.229689643583957 0.0158569651470963
0.0765631139816799 0.204870705745518 0.0263590898245339 0.143923646304901 0.218581409356447 0.140604507274323 0.189097527512597
0.102886913150777 0.189891427921068 0.161377973069039 0.209439146299949 0.0612139042837247 0.144833098208097 0.130357537067347
0.0107177766399791 0.224671738473473 0.00286044608408023 0.0850715146052876 0.323701985340146 0.0548063951572348 0.298170143699799
0.1597646155522 0.0164302460255283 0.0461764413866073 0.24997274657148 0.175177501674387 0.098216604987355 0.254261843802442
0.0320178000179094 0.0834783815658266 0.170483367510178 0.186880550547156 0.151742501787717 0.212926165900673 0.16247123267054
0.1386854127687 0.108494225597643 0.12481374760396 0.315590185447282 0.0308832777389774 0.247408937428946 0.0341242134144915
0.124255841855487 0.231882633515094 0.104619182566701 0.183696035892547 0.105605943841628 0.137495932569361 0.112444429759183
0.162905279979481 0.213892202974191 0.0857988374620334 0.301566839281407 0.154573071661846 0.0161617692070511 0.0651019994339897
0.355853097802851 0.141037665991394 0.181908115862368 0.0843248092436594 0.000863306926594603 0.168571938424457 0.0674410657486758
0.151580945755522 0.0369576664739431 0.112610648455787 0.212645718609688 0.18837145294687 0.0964396880707408 0.20139387968745
0.0937707457761248 0.155563172433083 0.000766885131852037 0.368576852804674 0.0324519523342164 0.129163104769336 0.219707286750713
0.330565579022808 0.0775721542026657 0.120061870302571 0.125260885523327 0.165081560079615 0.161401515649363 0.0200564352196492
0.00856955411466712 0.202983318960858 0.0908209639906887 0.208535046651948 0.194687746106839 0.22473051559284 0.0696728545821587
0.183122572332542 0.133818086931196 0.252535118597472 0.0987491577174077 0.0312698719367651 0.0429865664559912 0.257518626028626
0.146543826432784 0.194417313483583 0.193520807076232 0.195202015111918 0.112021353976826 0.0195914466195905 0.138703237299067
0.260862338319202 0.283660825210021 0.00269557318556015 0.0395433571104447 0.0526345995795307 0.241907229995144 0.118696076600097
0.0946716488113961 0.213053864861572 0.0949305538426346 0.0735908628763038 0.208720845034633 0.0800584123851898 0.23497381218827
0.006699696827166 0.0838473553257031 0.0110050365388387 0.31684519643026 0.349845298642823 0.0129120008703684 0.218845415364841
0.313091047728035 0.00572160336663795 0.0128093376244701 0.115301064280912 0.186659467110673 0.0991302985754681 0.267287181313804
0.115356976788101 0.165898152975476 0.245366784409635 0.0613750653684537 0.0412893730308028 0.202153233939109 0.168560413488422
0.169480748629182 0.186381250924891 0.191992239575512 0.0584268379419662 0.199075942761581 0.0736629885970084 0.120979991569858
0.299771318678202 0.0537373094975388 0.0583015441832228 0.0874706749568388 0.276703045562397 0.0907108100825262 0.133305297039274
0.195514848900535 0.0150816463513055 0.256334762981146 0.0797304742341067 0.26848074987983 0.115876542036332 0.0689809756167442
0.158237991339599 0.177271248961758 0.178004996414076 0.00389414718494449 0.190152872729396 0.201207006479232 0.0912317368909949
0.238634516972989 0.281186924104803 0.215407839167011 0.0846037967361824 0.0761039253008141 0.0599061648450015 0.0441568328732
0.0639487791985307 0.176475914165977 0.149432773115762 0.202547946022677 0.133976561816083 0.13229960147101 0.14131842420996
0.0874452571501132 0.202468566573758 0.117620074616259 0.0384676221796289 0.236983705971496 0.117494813143384 0.199519960365362
0.219033572832532 0.172122932831463 0.0455179738401173 0.145874666538808 0.0409910153895391 0.174055000671677 0.202404837895864
0.142553644978767 0.196988093953219 0.183371784995333 0.329042118671002 0.0713528288250318 0.068413072718984 0.00827845585766328
0.0704062207052857 0.190235434990832 0.147478584234536 0.224469301124698 0.209334360593463 0.0827468527464219 0.0753292456047637
0.105496887717615 0.0166245377421974 0.280844727247088 0.0320080186242887 0.0798565879194742 0.257633791534638 0.227535449214699
0.257832246860576 0.0776240600149386 0.253641399891211 0.0136529696393779 0.22242201704184 0.0965273094356007 0.0782999971164558
0.254110320183869 0.144389351534097 0.0962578391853608 0.0660856212399843 0.0676468422047194 0.172673146554074 0.198836879097895
0.146385809138719 0.12040771809083 0.105020881665233 0.157475988840231 0.120793210331768 0.193956182054864 0.155960209878355
0.106640409519713 0.237384943532938 0.0394038719512321 0.0158243276581141 0.237017017514993 0.251272802595251 0.11245662722776
0.24285462237897 0.000570408646142617 0.0496340384206629 0.130984195189024 0.253179573687475 0.167986956857467 0.154790204820258
0.13276532122449 0.0650760707767507 0.131543436817896 0.167600570454377 0.167134914894834 0.117005233649007 0.218874452182645
0.0875595153914458 0.0411802206583409 0.0659022130994318 0.220555465129544 0.22435723731098 0.250944823014268 0.109500525395991
0.252184869806304 0.150305089243972 0.12669020067803 0.237006062659791 0.065504872900474 0.122291985554161 0.0460169191572683
0.0970712773126483 0.0453483373744011 0.0624502114024298 0.224216738436304 0.378523954955369 0.183882076338838 0.00850740418000888
0.0881490504228707 0.0450809464126074 0.21351631932418 0.181585174646521 0.11793272830573 0.159204002856113 0.194531778031978
0.212524781401683 0.081343126710778 0.235790075749782 0.090128992108916 0.00314791602001308 0.0250220378851879 0.352043070123639
0.00349661042896931 0.0800729906646558 0.235054044060984 0.162947134303696 0.223589494096023 0.224641012061393 0.0701987143842786
0.293111429355811 0.0810577775060771 0.0994279720778131 0.11855636617902 0.176075141193341 0.199067342483383 0.0327039712045541
0.17539527255311 0.195538987476855 0.137187557144898 0.189767881535285 0.20240511297242 0.031678850136009 0.0680263381814243
0.223789217763975 0.0240321131878862 0.205427033831581 0.183796008453568 0.0787139887856591 0.18158880053682 0.10265283744051
0.00043164594358561 0.152576639849019 0.124863736070868 0.0352984845643894 0.288458099183069 0.141916184541325 0.256455209847745
0.168055108663052 0.205348490786605 0.0357319422935644 0.119595523383443 0.172361713831743 0.185432093416632 0.113475127624961
0.279983881041536 0.115369599745789 0.148085632993857 0.0676727812979234 0.275291529438564 0.102726232989549 0.0108703424927814
0.228415755931681 0.178228436883152 0.0471714400569303 0.0759658499440312 0.214120533599536 0.0319346082563138 0.224163375328356
0.132041989760948 0.132299644435176 0.0351659802265727 0.153158756221199 0.195729869422866 0.204242144378685 0.147361615554554
0.226250464065549 0.126982755563739 0.19554638298915 0.0538254985975065 0.163637522231559 0.161071387208534 0.0726859893439625
0.000937317668412866 0.288517735410493 0.00642553155762768 0.202955776607389 0.0310130475646657 0.243752841242735 0.226397749948678
0.206128962922018 0.0803142878242479 0.0978206903781675 0.224275113084488 0.0366764414014359 0.0752097995060526 0.27957470488359
0.226189117970372 0.277599636964381 0.113686822186506 0.138303105410103 0.0526431348037082 0.137358101192851 0.0542200814720776
0.0864157933620526 0.184736041184902 0.113409672717049 0.418063103498402 0.110672885593059 0.0364795427421749 0.0502229609023617
0.333737358109883 0.0735333010039092 0.153095804782443 0.167419696211878 0.0863351574074269 0.0565213336331898 0.12935734885127
0.0148225497134566 0.0231907119957876 0.0573658438277013 0.220919008520833 0.266064167169314 0.29359126234321 0.124046456429698
0.258399870570019 0.168161823298764 0.043750570814586 0.245577005887363 0.0130619068388454 0.114179957526083 0.156868865064339
0.260786934847574 0.232585166329463 0.219511638707839 0.0723517415912806 0.0950428605817682 0.0022315468000382 0.117490111142036
0.113870040321911 0.209969990195766 0.147630431397557 0.156109294659158 0.227399615056407 0.0764423915701251 0.0685782367990767
0.210531588343284 0.221829215359331 0.00915496925501011 0.0437155561478978 0.0562577655033146 0.200976062145812 0.257534843245351
0.0569238527430484 0.251068852395297 0.196391618775366 0.0266235440516811 0.06872676007471 0.251377356020831 0.148888015939066
0.244939123644127 0.0763639937426535 0.243339998211234 0.116551629347079 0.135705261016327 0.0416864832873014 0.141413510751278
0.0357729352435188 0.296158910254987 0.193867945245196 0.154334145428935 0.125863691140237 0.124782916110775 0.0692194565763511
0.0915436478862805 0.0135413873660554 0.24434496875179 0.245944252407097 0.0492823808120457 0.101572127667826 0.253771235108905
0.287383456272921 0.0228584701407725 0.0479058148322364 0.172821196594365 0.251817689242747 0.060017999614872 0.157195373302087
0.210714898598656 0.0329720460126737 0.258869981784683 0.266042343819932 0.0434687814660002 0.180864493380706 0.00706745493734901
0.167171066717487 0.0978171718631875 0.198394261501134 0.176215085361747 0.181601069497189 0.124545811493422 0.0542555335658335
0.0401653340057589 0.209750056304781 0.126900689146546 0.0385769951352174 0.243240540102599 0.192839832884921 0.148526552420176
0.106193261340087 0.0415052423181899 0.157596255882757 0.176172221731938 0.31503902392306 0.153575931808938 0.04991806299503
0.307459918087983 0.106436542343391 0.0479138534068257 0.0270934142693246 0.0696581789559446 0.266435948017144 0.175002144919387
0.264960261894749 0.234809058742157 0.161183211918054 0.0030281472445897 0.0617827746892854 0.181759347486369 0.0924771980247954
0.0173624274410396 0.157329218559107 0.205690351442234 0.295388649498554 0.057133028009087 0.142663834127806 0.124432490922173
0.0674818396668416 0.00531367771321981 0.138330988375281 0.224773774178586 0.336723832806184 0.073359314408541 0.154016572851347
0.0913790613567462 0.235379888905985 0.0260222735573807 0.208598877123886 0.0341624258388166 0.184408900674925 0.22004857254226
0.20891693571397 0.119225030931075 0.0862046760723702 0.119072223985534 0.227862685504047 0.223424505548621 0.0152939422443837
0.212339871225923 0.0377711387373235 0.215125305550607 0.213774209611591 0.0814435949318343 0.0672335132659289 0.172312366676792
0.0863759454107387 0.201657717479229 0.229728874772391 0.0370700804493023 0.12295820001667 0.145525804079329 0.17668337779234
0.209565191483078 0.0992804807355184 0.146052798670993 0.217535203621463 0.112679314365089 0.0892065087630326 0.125680502360826
0.279955415112333 0.0976032195428669 0.202127476584347 0.208941369684623 0.0173809078610659 0.190682287588673 0.00330932362609152
0.266605726050992 0.224773361626208 0.0703920912324463 0.156801463506755 0.00395058453031394 0.259344445203529 0.0181323278497563
0.15594317439513 0.105058973580035 0.0304722309572199 0.177488986795538 0.238352772566479 0.0903971330708826 0.202286728634716
0.166882623347296 0.156719570809174 0.0441270880777681 0.0578372437660906 0.213148792341752 0.0455192755821464 0.315765406075772
0.188662616126495 0.0073677640508559 0.199110396596833 0.178432561046795 0.18175388022211 0.191256993675136 0.0534157882817764
0.229756067070086 0.255482393211104 0.010464118086687 0.156223433745803 0.158082769824819 0.00880922876279289 0.181181989298708
0.15933055668395 0.139529243890581 0.1896172090577 0.126084444272151 0.0484406215834083 0.201106276344594 0.135891648167616
0.038365186065619 0.221599804392329 0.0575593018309375 0.234667615166083 0.195065300112739 0.0788475203862469 0.173895272046046
0.0945448266772882 0.144344098046518 0.268348961043893 0.140572577478182 0.00658832721700912 0.218988769106524 0.126612440430586
0.190093409836299 0.0840344665676541 0.115927177655802 0.0886902287576672 0.268573751346132 0.100463903117255 0.152217062719192
0.174813706120157 0.223696375602043 0.249372079803772 0.0900194535247018 0.00080214206411037 0.00988089595768675 0.251415346927529
0.163333752933146 0.0571283908226356 0.159435751681231 0.181299182105402 0.233268603699827 0.0971550162687833 0.108379302488974
0.0961194998978326 0.117400095682438 0.189257901676287 0.116511398045413 0.144361138161309 0.28650276936548 0.0498471971712415
0.0224696658759151 0.110710584764306 0.188881331781652 0.107364827824165 0.212237001101243 0.111461816327651 0.246874772325068
0.162726446174724 0.160088316219817 0.230268508095938 0.125128954378827 0.0753053142338723 0.0588479949474608 0.187634465949361
0.201361586577614 0.170406735303118 0.159478579009089 0.058024941454492 0.0666539484479215 0.200579295904167 0.143494913303599
0.0416450530973542 0.176831905207075 0.22001282570088 0.138491073684703 0.149066943446172 0.245048126520392 0.0289040723434244
0.0968601106247641 0.200374199972687 0.127485113150944 0.10365548537673 0.112265677839273 0.127654048795156 0.231705364240446
0.244438227933979 0.181365082074909 0.17819269192009 0.171895746718174 0.192140259431948 0.00913138942178664 0.0228366024991124
0.136817163338964 0.0721373271254231 0.0485651567504591 0.236474981194374 0.0743403065898014 0.214482287696253 0.217182777304726
0.0498760012323096 0.00553786006576209 0.177719673373565 0.189966941427738 0.244313108664311 0.279505748782786 0.0530806664535284
0.258171010096222 0.142928022565622 0.0915756331634199 0.144185464504221 0.109579115092177 0.037351691785211 0.216209062793127
0.119422201651977 0.0224188903398225 0.142040466951044 0.219471996677009 0.18102275472287 0.0947090569141054 0.220914632743173
0.173163216909488 0.0763476758736261 0.186933944373887 0.199416823450195 0.223221422130735 0.0535559846443053 0.0873609326177631
0.0383943788922108 0.127255292061601 0.00806015408601483 0.320406351185687 0.0314410018228255 0.0767736392392465 0.397669182712415
0.0323038904318267 0.0251817862541316 0.19174006976081 0.0814745880556326 0.173898063378727 0.223582771992533 0.27181883012634
0.127811141563971 0.222104815126255 0.0688228106683229 0.267379198186527 0.0800823516468768 0.0769569280289024 0.156842754779146
0.123065180500807 0.0882465864174229 0.222814744270102 0.106201921303411 0.236886018942921 0.0406410474084883 0.182144501156847
0.0219772441846106 0.067095616153904 0.204057760116608 0.116974609597324 0.229912285383439 0.121784126960004 0.23819835760411
0.0415192931327991 0.164917454421495 0.278675076320072 0.140757104465122 0.105442637144965 0.228218120884863 0.0404703136306844
0.15050876191946 0.14584600668317 0.116351961633011 0.101319201547134 0.166140686002415 0.139801141884466 0.180032240330343
0.170482026164258 0.107522905199562 0.217467304848842 0.086828177234707 0.176490524034574 0.016265127914525 0.224943934603533
0.127760720569683 0.165989486976042 0.194093777042992 0.17141966308909 0.0713465256042175 0.123252120656275 0.146137706061702
0.379258091247759 0.0980655788266593 0.0573572164817395 0.099453094013456 0.0466236217136134 0.287378804366439 0.031863593350334
0.0798351784508836 0.0690106567112342 0.118431691494244 0.1958869449708 0.160923716762023 0.193451605608681 0.182460206002134
0.118387830119126 0.224797443812581 0.198949289358947 0.0823022363219885 0.017269727504224 0.23342918296404 0.124864289919094
0.320083272936855 0.139023359557366 0.0759586222839331 0.12089258223696 0.305761317345541 0.0343094969232285 0.00397134871611634
0.21264608828858 0.0262545243270902 0.239008941358716 0.0712799076826269 0.291316857371834 0.00847245129176078 0.151021229679393
0.166526374670514 0.00466329387528068 0.159098582800005 0.108948129597238 0.050032706125002 0.303403099200248 0.207327813731714
0.0705297962297417 0.0675290918390394 0.158993149192902 0.052874274766041 0.063253275682329 0.282912270754021 0.303908141535926
0.0734830791555536 0.235482581370258 0.136034379627825 0.0362357593217516 0.201246244380991 0.092907607808583 0.224610348335038
0.0259848939773029 0.308151125481144 0.411264476366861 0.0136256292910406 0.0563328931470014 0.0514512409416751 0.133189740794975
0.215201080577981 0.148454314168004 0.144615076812749 0.046873655861403 0.223566606450163 0.139046046097525 0.0822432200321743
0.178672127764134 0.238699621917692 0.122308161745162 0.242599187321177 0.201833286144297 0.000374631121630451 0.0155129839859076
0.0840353547716212 0.183974726689469 0.111676107530329 0.0647690076712582 0.206019256103862 0.159984827957146 0.189540719276315
0.113701137955695 0.176373359143452 0.255341718780818 0.0236164340722283 0.131404096966307 0.160409961324595 0.139153291756904
0.0773252695274675 0.156386126856259 0.294043685501546 0.0104034415693229 0.324600122544559 0.058199039133506 0.07904231486734
0.184452179481119 0.17850924748985 0.117293363736053 0.173121922937716 0.164851738477436 0.0964438424827089 0.0853277053951179
0.05539529097036 0.0531740013737802 0.23832753376173 0.109491237331007 0.12412070444197 0.213924521209837 0.205566710911316
0.0737621216008684 0.0872897878089373 0.228341011558927 0.00857697971084153 0.0226952696875307 0.287796360404011 0.291538469228885
0.171658088433063 0.125982132257869 0.195328286369789 0.112046019134225 0.25117184523169 0.00262847866052666 0.141185149912836
0.121188344012716 0.190763022413495 0.0505945672472711 0.15653589401857 0.224131013084623 0.100329620147078 0.156457539076247
0.0477974341809687 0.249026308020447 0.228819942720234 0.0806970497955664 0.0870719795992307 0.111423493097504 0.195163792586049
0.170927050695326 0.0048239497362978 0.102193559676763 0.23149396404662 0.263918554822839 0.0304896440296964 0.196153276992457
0.0241850489285654 0.0261609920678881 0.243583868914933 0.125538723907805 0.181446076325824 0.206080945904729 0.193004343950256
0.0100847318839061 0.00106290546410941 0.131940215168767 0.20812981300932 0.175076703572818 0.19143244975399 0.28227318114709
0.195848872310722 0.185338141061257 0.120164142485857 0.0467388759208673 0.161623374897823 0.227025820800682 0.0632607725227912
0.158813327782323 0.169043622747267 0.0697558365501007 0.35039848625826 0.0018567638766509 0.226049674113139 0.0240822886722588
0.218205013491872 0.132410093777508 0.188037265054344 0.122783052710634 0.0993475863727928 0.169859726840983 0.0693572617518673
0.37791774787798 0.00222111839853622 0.012101149942248 0.241701229390482 0.128020338287784 0.145223325930868 0.0928150901721016
0.0838449493304911 0.246011078715945 0.146030774246719 0.0629291808289454 0.193187379068969 0.00502554373960037 0.26297109406933
0.00594243959497803 0.342629765765404 0.205757251038487 0.102971600464152 0.0110654243644621 0.248472162334783 0.0831613564377347
0.191844554329937 0.0304979696803523 0.0315480590267787 0.249837430583946 0.127044412586066 0.0914338068100048 0.277793766982915
0.0825979667824197 0.190934681976865 0.00812055895651887 0.244453083174904 0.182159421984196 0.0252430623768356 0.266491224748261
0.154697470087207 0.166057218987518 0.0661173619052054 0.0219638634077547 0.0532391981278081 0.285023520107283 0.252901367377223
0.0618464135332195 0.25728957085461 0.272096567986401 0.00543991461016645 0.227824281440775 0.163903252042671 0.0115999995321579
0.262438142088686 0.18693782019941 0.19371311163368 0.178498250167042 0.100683319238991 0.01584486819139 0.0618844884808003
0.141514898644834 0.149651180635742 0.159047231865846 0.220983883073849 0.0584649811300433 0.211172195712818 0.0591656289368681
0.0854236955087769 0.165815758969184 0.137491161337123 0.109503648902522 0.0297695167011942 0.266166227565231 0.205829991015969
0.225512679544397 0.0222024514555779 0.140375707464898 0.280790156555933 0.184540923643392 0.0685062000162698 0.0780718813195319
0.0523102793084038 0.174067456580044 0.139771774213264 0.197433690979539 0.197018344928799 0.0846934035424629 0.154705050447487
0.116901388977206 0.186893454635625 0.28642750610759 0.022062525380545 0.0510590717455506 0.208318779633911 0.128337273519573
0.0598969461437418 0.32555996096829 0.0694121500434012 0.22413685531434 0.046699792567514 0.0688178641008734 0.20547643086184
0.103140853382286 0.106674580226602 0.0797900528071596 0.28895373976358 0.0453388270549245 0.17346102431277 0.202640922452677
0.0340220359014658 0.120856107360011 0.208263511260688 0.275192345470925 0.140127656431327 0.0920330584748674 0.129505285100715
0.0622174767787892 0.150966148103952 0.121724572747271 0.218507743041799 0.0645883755040932 0.228721334805168 0.153274349018927
0.163201747885821 0.125226897765748 0.175378977284786 0.0344278701196078 0.221577036471909 0.123648447641782 0.156539022830347
0.203786716746805 0.166350359979714 0.134670042618505 0.191798944568155 0.170958530445969 0.119774169466456 0.0126612361743965
0.0575919418115854 0.0107424779742396 0.104626605142082 0.395899653344415 0.0244450554835442 0.40214902248511 0.00454524375902373
0.203186835294386 0.216565524872394 0.0113230916473555 0.000368229555553511 0.225523695639253 0.142126867916036 0.200905755075022
0.0187578182908888 0.221700756571789 0.233707040095338 0.0626267907952352 0.0966678812345714 0.169492924170284 0.197046788841894
0.110506923142233 0.155010759372042 0.0125704331873193 0.1705730931024 0.179128655348117 0.189714861711487 0.182495274136401
0.00704891439024899 0.0785243500282948 0.0410892979915965 0.29812860029036 0.257368568813305 0.136652499352349 0.181187769133845
0.209794308055164 0.0793926887443412 0.197775942957951 0.198060339668468 0.104324692417462 0.0579629976293807 0.152689030527233
0.232326540677245 0.0507217238690864 0.0867064145089475 0.230720859574674 0.196371690538052 0.109482545147574 0.0936702256844209
0.116024180320577 0.17599988275782 0.231587022715057 0.091666031080525 0.0731034189934662 0.237464324882845 0.0741551392497102
0.115044211015187 0.155101588287215 0.159849731857523 0.0830054258178464 0.246069912379068 0.216574514230388 0.0243546164127722
0.143078129335677 0.170030782889246 0.104643587120296 0.201222854727387 0.113954439017015 0.261591959906722 0.00547824700365779
0.172038946628904 0.100438254301711 0.122634222444021 0.149751631068254 0.130916780136727 0.158745066379675 0.165475099040708
0.212247410249283 0.0731577431095475 0.0871439965760846 0.0832603211065134 0.209199559173096 0.201625776755003 0.133365193030471
0.193428964775595 0.105496369262295 0.148506370592446 0.083688973155913 0.20439983868487 0.0747934520540566 0.189686031474825
0.1090014252412 0.178518291521233 0.116401301349498 0.0243080286766873 0.214722366283615 0.167274209494238 0.189774377433528
0.12541552840254 0.172756216987866 0.163709150340774 0.0520263775521983 0.183606057509034 0.168451171912291 0.134035497295296
0.106698460589712 0.122432321966591 0.21289106238092 0.17993900938242 0.0646669009679888 0.212424224554947 0.100948020157421
0.116786043966117 0.190526654644782 0.160337052592608 0.0825157222475721 0.111867072810389 0.129099770054955 0.208867683683576
0.226644376696774 0.0761928977971632 0.00938590495470216 0.102628092060181 0.148625809106436 0.329166531261006 0.107356388123739
0.120537487138972 0.124794588610298 0.163794496342686 0.159782284810302 0.0798625552423763 0.166847474068721 0.184381113786645
0.171028457195808 0.0935405536919517 0.0621279914304838 0.0570317283208578 0.235786683782912 0.0216202526853675 0.358864332892618
0.196576741250178 0.0968069635104155 0.179480866014427 0.207581920511529 0.0863587408023982 0.153074142404896 0.0801206255061574
0.0475547288557826 0.155774544857965 0.131853662813757 0.190886544388143 0.138401623220546 0.320531370178583 0.0149975256852238
0.216974205339669 0.00473468657099561 0.283446845936094 0.0756010797355428 0.265140564699074 0.0477970889679444 0.106305528750679
0.0825005199100372 0.274398769890106 0.241305609387904 0.195836977067637 0.0853678913411561 0.0164257988334934 0.104164433569667
0.163017675556023 0.178099912613684 0.208350451825557 0.0883179000553417 0.076535142813912 0.275017592782418 0.0106613243530636
0.135731504427122 0.153263870780778 0.211383585943739 0.0717022668291042 0.179797568666805 0.0953170872165309 0.152804116135921
0.278294605785413 0.112228863214282 0.268765176261335 0.117936204923871 0.0184243899353577 0.179565673800644 0.0247850860790969
0.162987024464279 0.137777320574822 0.0455051758408892 0.048597724167729 0.189826475590855 0.401797186650169 0.0135090927112559
0.184788010138931 0.195659485090257 0.145565275604381 0.209234049219407 0.20465661607456 0.0585361229423879 0.00156044093007724
0.0174516410720436 0.168378387241399 0.293605334469855 0.275367445133341 0.182471282128611 0.013058704260911 0.0496672056938394
0.163887682658932 0.144717117030276 0.160146656829156 0.1271950464731 0.168784171179312 0.0607340774088533 0.174535248420369
0.0239298271431115 0.227394212025577 0.3949987468863 0.00762020337339398 0.190332800760219 0.0334852167935366 0.122238993017863
0.224859251338458 0.0405698251257145 0.182239627109391 0.227285141798355 0.0203585721039685 0.120884400349198 0.183803182174915
0.1753600223404 0.0592598553882048 0.163789385373997 0.177835829212802 0.18945474199887 0.0154837584913928 0.218816407194334
0.254672205057174 0.0528092921063253 0.119485063617762 0.257028036857639 0.0900461291943238 0.0451587400197594 0.180800533147016
0.0369168165831607 0.0516140292168491 0.154866407655583 0.326432523745901 0.169907767784869 0.253612608934841 0.00664984607879706
0.130904669401626 0.052244330546475 0.204841731822972 0.0305700725312782 0.129247028578935 0.279296607287942 0.172895559830773
0.0905033890104125 0.163117836414413 0.15755434264655 0.195291673639242 0.0994835635382662 0.182589624056759 0.111459570694357
0.0327272558706487 0.260757376918737 0.198896605777544 0.122290053782736 0.164323588379862 0.186110250258023 0.0348948690124493
