0.249263101893492 0.0348709249636895 0.167206698757041 0.1717932872627 0.0538530477232706 0.0329128453132179 0.107996073744639 0.119161356155377 0.0324035625114329 0.0305391016751397
0.173356999948613 0.0403468353303262 0.127475966177228 0.053367827665276 0.0627286999816035 0.00217850438259313 0.135871149406191 0.111937056764016 0.133110937573217 0.159626022770938
0.0648412002778567 0.13310583105666 0.0968697326662783 0.114262367307565 0.150354646473639 0.137144463862162 0.0411972287249787 0.146014107705378 0.0166726057575475 0.099537816167935
0.137656480928941 3.54991765643404e-05 0.195562661973392 0.104741375323372 0.162063637517868 0.125288584618425 0.0145270608734276 0.0022449364750446 0.0487585436873049 0.209121219425661
0.140501391261344 0.135634098537712 0.152814292325139 0.075665947753093 0.138695332920217 0.010576933436992 0.0881846109356352 0.00550986897844561 0.0817840399540992 0.170633483897322
0.186669655416294 0.127208276391934 0.0062938072912096 0.121069781882495 0.0814679631153768 0.0501211836877522 0.128821269191515 0.13189143268377 0.128039370691959 0.0384172596476949
0.0760092197121973 0.104987596796076 0.0950604753852397 0.0904761496703586 0.0852637214169157 0.15794886445964 0.0222469296943408 0.110127733631484 0.109265765399389 0.148613543834359
0.111535981447103 0.108766754161379 0.159403300431438 0.0609121218238749 0.167073968534295 0.024490168251591 0.0862184250991629 0.0915314230438188 0.140628226588577 0.0494396306187606
0.0678535968839576 0.142969836543861 0.149465977346248 0.138030252294769 0.0189651144291691 0.0101131315023905 0.138309845516779 0.00809366120504628 0.144759605989004 0.181438978288776
0.0542141881297793 0.0651365578384606 0.207787092608912 0.167779688445995 0.0373975292605718 0.176758583619745 0.144902090058112 0.0393934928783636 0.0893264666177922 0.0173043105422695
0.0333446176315315 0.207042953953529 0.145572923246102 0.0805689952260181 0.185697083033149 0.0581831349249755 0.0383208575650634 0.138872350608105 0.0394527146449054 0.0729443691666215
0.0679188040996299 0.0847461809425147 0.0726271730407717 0.0828293310450302 0.173899792807426 0.126227526152819 0.0281188733309484 0.1002663344012 0.13178740490624 0.13157857927342
0.0786576373985789 0.0746351106678558 0.0178986509634168 0.148168107272379 0.106161689553911 0.0825385208884528 0.123530216146716 0.111519110181354 0.119444911331692 0.137446045595644
0.177188098882546 0.126334099613646 0.0456149730785704 0.116836256385413 0.0330634893815334 0.0274766057843977 0.0764730162932724 0.110889976346742 0.154523962583514 0.131599521650366
0.0687342092091566 0.18938950136625 0.157668345085548 0.202811271586311 0.0355268781341979 0.135949701819148 0.0704956345923047 0.0466261583650503 0.0122992885872898 0.0804990112547433
0.0175365052669998 0.163940935912554 0.0969093987154306 0.17148862631278 0.165776947626173 0.0116297572614005 0.13359147591928 0.0619503590563204 0.0578396607318365 0.119336333197225
0.200890312289118 0.0578828540036176 0.0669416785629846 0.177256182987988 0.0571009892103046 0.0700963725502488 0.0684059476520375 0.0736101668179371 0.0737472316999999 0.154068264225765
0.0973463026060709 0.00695375525121758 0.134246277338427 0.157609873761362 0.113743227976418 0.122034819528034 0.158091872228658 0.0737761553087265 0.123753248218607 0.0124444677824787
0.0696629867868902 0.144489784496598 0.183838577021285 0.0612068349767872 0.168020637346233 0.118690645970917 0.010320398327027 0.134970666284984 0.100134226803534 0.00866524198574306
0.0678705613955047 0.0969412638481997 0.0465048667303833 0.0873612989102381 0.233780630210125 0.245496004664696 0.00753538052809338 0.0405424467332195 0.0852479433016875 0.0887196036778535
0.151505255864168 0.0109691316962939 0.0839032951007875 0.134192325616516 0.127340862571338 0.152381861580385 0.0020318704191616 0.0951097474329512 0.134038776854163 0.108526872864235
0.0265036945813481 0.0211631425144431 0.023410048808466 0.202868744369462 0.242232861893009 0.044204176001299 0.31290209940042 0.0113471387149489 0.0460527512973371 0.0693153424192667
0.0837286405886043 0.053603060922717 0.0101197720657765 0.23796628408478 0.0871426635997937 0.0836792051548261 0.0564662900452847 0.171157893870475 0.216013517012932 0.000122672654810697
0.109564795931103 0.0788000145885594 0.114823172254159 0.108798725669754 0.106158799960043 0.0657988222663666 0.0750663792492993 0.0944732472719827 0.139167028789844 0.107349014018889
0.209374718788142 0.0493042651930756 0.0870333732337222 0.172508530703627 0.04959963532688 0.0450110989172525 0.111581761134229 0.179948630888855 0.0797455645222715 0.0158924212919447
0.0494324190781089 0.146940794255759 0.197584245864883 0.00915571803000827 0.181191132598117 0.0654538035903918 0.117012501527316 0.0869110414037045 0.12186196300671 0.0244563806450005
0.0139723049110665 0.186951627785339 0.129617278748805 0.0479396405900863 0.0561248579613664 0.113390267444644 0.195759116881377 0.11420230489765 0.124624145611839 0.0174184551678264
0.084213036112783 0.1516175893003 0.0168577964034889 0.069044658851096 0.11104427555137 0.158750749183547 0.0987244319509292 0.0719515818940264 0.115233838671552 0.122562042080907
0.164306854639171 0.0568882165044942 0.120987505639852 0.109642666954388 0.108585918682697 0.00985495076707517 0.109841755635529 0.109354997292026 0.175291451293601 0.0352456825911675
0.09849859223559 0.0499667478284748 0.10320111106994 0.138228091942504 0.0879104862640597 0.104900084895516 0.110618815265793 0.148739514734744 0.114726643889618 0.0432099118737606
0.0434738261939381 0.0320416091584584 0.131107556362912 0.159363579101333 0.0142942986787812 0.181178265126035 0.0817344537061871 0.0352706540275861 0.207101161790016 0.114434595854753
0.0396584748102089 0.0522997720259651 0.0729271030376096 0.157118199731845 0.136505486200716 0.105564229313373 0.135966861946064 0.0889890000433155 0.0999655986018043 0.111005274289098
0.0289220529637072 0.181540274567901 0.182960168070363 0.0985864982401939 0.0353083253012238 0.0222993290335745 0.117257333961154 0.174074823549243 0.0275037000500926 0.131547494262547
0.0719720028909992 0.153873662694339 0.0574678240526529 0.0789761248465299 0.159364328601175 0.00630891056596688 0.15575664923264 0.00358783686726242 0.0705524876638268 0.242140172584608
0.0702743372488069 0.124250099402871 0.151816116500633 0.126765878167759 0.1325964090457 0.113915255606682 0.000556611005964959 0.141472688962867 0.089403475661661 0.0489491283970558
0.143097645719452 0.156313741848215 0.130504085103779 0.137369874989215 0.000693133297352707 0.0735565328384589 0.001128982814692 0.151335253666553 0.0623716285043681 0.143629121217913
0.0115143879599979 0.0825222225741413 0.0318635429060361 0.135743713301434 0.13358164183475 0.121402717129264 0.1504948333931 0.146141703875174 0.171113375345429 0.015621861680673
0.0240984346110101 0.0137830036665357 0.100998956661263 0.0115465348812441 0.125177090504197 0.174084825349202 0.163075583299766 0.0794264577192767 0.1545712154987 0.153237897808806
0.130515927431659 0.0281974983259187 0.10796939317106 0.103898942934276 0.0380010850838595 0.0901788789443721 0.131433449476594 0.073899866231337 0.187164940347299 0.108740018053625
0.0565312986111272 0.0150791352107883 0.158422241019324 0.159016287182303 0.150795274741225 0.163962862753763 0.0917889300359486 0.0561221985283816 0.0338865939170547 0.114395178000084
0.12716917396989 0.166631401120654 0.119498431991799 0.166409371941057 0.061792383559572 0.00725932661952813 0.0338378017529666 0.182116012033861 0.00246685425501176 0.13281924275566
0.177434283678885 0.151989511792192 0.0178160447122182 0.0690946603862185 0.119732566425802 0.143599991096205 0.134055256580753 0.116176147819029 0.000766425294948786 0.0693351122137482
0.0333046838256106 0.171567452313398 0.0975953856873978 0.0901810949822866 0.147005756819832 0.121269071782981 0.0237603277803967 0.129418426167399 0.11433687214721 0.0715609284934876
0.0882486773136141 0.173485068528125 0.0072724649242882 0.094981640464619 0.122898692020607 0.0501649592308184 0.152844393630375 0.083261561669423 0.0531252143625748 0.173717327855555
0.108660849978916 0.041992741034313 0.03017633453609 0.178633532702626 0.00154504749612344 0.106832765206824 0.173554807828755 0.074301594912288 0.137100414162456 0.147201912141608
0.0912659597565163 0.108795163452411 0.200270082268083 0.12518353353786 0.158243482228292 0.0754102504684472 0.0634286403367136 0.0883447033300353 0.00831072835770631 0.0807474562639355
0.0748288169535493 0.0964697057484385 0.145462126109811 0.097952210782643 0.126865616647942 0.135676963176185 0.0282644860623218 0.0562839170608982 0.098711364060041 0.13948479339817
0.181759460779622 0.12651132261526 0.0489103786838219 0.0438754070800208 0.146589464335198 0.0130509779340304 0.164125049429092 0.0621327782555066 0.0791246022165877 0.13392055867086
0.139713919044657 0.163430962501111 0.0519577461683386 0.0808474767015854 0.159987479665416 0.138042974890873 0.0942462142492582 0.10442152502113 0.0388237443540657 0.0285279574035639
0.0144491095960097 0.153218849224836 0.130000694920151 0.155119973749187 0.043323570484178 0.0141924797699432 0.124179552749239 0.12192815920035 0.16185558038979 0.0817320299163168
0.0409034646515141 0.173613382814044 0.0926531629933012 0.157875837514771 0.0573317699880234 0.163419953835123 0.0694420252646487 0.0262003094473279 0.0662026824707659 0.152357411020481
0.114761972631832 0.0190754288219303 0.0283608561416495 0.0300375357148393 0.149200909841043 0.0678481775014901 0.169412515214191 0.156351845603976 0.100583058188231 0.164367700340817
0.0175344046626766 0.160561858833109 0.00724427862443919 0.0928473528158003 0.14484713355011 0.173761789515995 0.00367108055936081 0.0871470777593085 0.197473250413141 0.11491177326606
0.0600208504606575 0.00656523709898072 0.0227863462460997 0.0206241006062578 0.126569617145154 0.265317689532377 0.145165643321646 0.0415915532012078 0.203210189819231 0.108148772568387
0.0141511319477793 0.0148849509575583 0.206912321478846 0.0274659632773716 0.0954243959122128 0.122029339409281 0.0302216868727517 0.235607813743193 0.0101464408381845 0.243155955562822
0.0461209278854873 0.15525282258897 0.0467518176956604 0.156432089503921 0.14400896979258 0.0821681829521883 0.133842984997792 0.151320484577265 0.0356011808664228 0.0485005391397133
0.0763838807870347 0.151625812340552 0.0579939767852195 0.0944933033674048 0.0309771354985001 0.122765968447003 0.0745524316733103 0.130599971325524 0.187247674930587 0.0733598448448649
0.12533810673718 0.0300499721572325 0.157746302874051 0.102566013016127 0.0927680066135786 0.0822726624738562 0.0688108328331112 0.0874660936910839 0.0938928684589678 0.159089141144812
0.124757371888417 0.143403840472342 0.041024045503757 0.159162015355993 0.0110117299565726 0.115476114421338 0.0814556969744581 0.160798381195101 0.11627660273735 0.0466342014946722
0.0155083879275973 0.129418702352269 0.0609657459351563 0.125056382754161 0.191430356432209 0.0935060205394241 0.00265273495744047 0.181829867182503 0.182101548274825 0.0175302536444151
0.170556913462565 0.183256210320625 0.0929017856960791 0.0479206522924208 0.128781185382871 0.139324306144154 0.0896619536793692 0.0926201036431414 0.00496187916061071 0.050015010218164
0.189794343961182 0.0564456222598132 0.00899117723332126 0.0112546020226493 0.142103342443847 0.0431302617025947 0.146447216122773 0.244035312585722 0.0604783603939547 0.097319761274143
0.187735864434443 0.0627939366673377 0.113942958539123 0.00803218813254177 0.0937837682337255 0.142904640222284 0.175103100700725 0.102625367070244 0.0360425283316091 0.0770356476679665
0.0877168735826539 0.107421381973769 0.110800827721881 0.118074848694471 0.00992464788659255 0.143893644092648 0.0844257296342996 0.149085442627288 0.0444973514719921 0.144159252314405
0.0248525096110668 0.28637844882893 0.120848701057617 0.178677559432949 0.10722460479141 0.028432131908108 0.0422443394568763 0.0695238977180256 0.022164382840187 0.119653424354831
0.0565430257213927 0.147756201190559 0.10963755882901 0.138399552893364 0.18000349437816 0.0211399321110194 0.1048328331154 0.0656972814219376 0.138425287066814 0.0375648332723431
0.128530329864613 0.082007508921895 0.0400734571049688 0.0536266150553113 0.0407523490243419 0.12433767007903 0.108074645348615 0.120960885398369 0.148890910032401 0.152745629170455
0.110642656092675 0.116723448952791 0.1729314311599 0.102594804619304 0.109715000323683 0.0936370218938616 0.024032693324962 0.0944578432040062 0.020204177829953 0.155060922598865
0.0377599460658043 0.186141600322624 0.112952562694492 0.129385795689059 0.146983674726215 0.045022831580383 0.169953357713555 0.0794250930339534 0.0277302111865244 0.0646449269873902
0.145752437335853 0.0699785347684322 0.141550746097552 0.0429431246665026 0.0664049176573336 0.0811610542639909 0.0905292908729091 0.104250406432723 0.133441055599241 0.123988432305462
0.0412145814275772 0.0289751583336556 0.223960708244151 0.162073409883226 0.031180419620947 0.0931612866620678 0.215831369902641 0.0605095449202059 0.0532537836348095 0.0898397373707194
0.0229458721906316 0.158013331081211 0.14751480629808 0.0767537027638161 0.0416858440970886 0.133486450864264 0.107937903143723 0.111677036467107 0.0671411688743023 0.132843884219775
0.0744208830088431 0.0780905069621212 0.0250255309215025 0.123247907709338 0.168969373689573 0.102529753280862 0.152349405337207 0.0283930051910935 0.0933543726674863 0.153619261231974
0.111863036541051 0.0861805482524596 0.10764779772992 0.00505108479620348 0.0645537510296518 0.104055495714861 0.203238774274279 0.160115105597222 0.0685808664915877 0.088713539572764
0.0986555744163266 0.143584304381297 0.101395513187292 0.110225631355304 0.152928402819155 0.0365973620520702 0.125343835167325 0.0640058436684497 0.136362532931232 0.0309010000215474
0.00386077093696419 0.161429071553377 0.108999465607489 0.0530485819248675 0.0160685184085666 0.137811712365423 0.128112255347598 0.177487367546767 0.204763379764143 0.00841887654480553
0.0727666100720613 0.124542521732765 0.153061586196386 0.0856492494913287 0.00543612703210773 0.150293617898255 0.041839844488308 0.110179274296574 0.110465540761346 0.145765628030869
0.0632059474703994 0.151044621155641 0.00386558923349153 0.0911956890503519 0.104022372021367 0.150269177108394 0.211742220346679 0.0974824640096835 0.0616590179560528 0.0655129016479409
0.0833630921555721 0.0836283360999165 0.0348707644458279 0.0904299205973274 0.225641155734054 0.037571834482687 0.109901319926293 0.12062415218274 0.168953992550634 0.0450154318249481
0.0539791362626499 0.192567220605092 0.141773607959528 0.0781350657918624 0.0614833731036898 0.102556253836204 0.0391298288583796 0.0547981691937533 0.158190742933211 0.117386601455629
0.0772922243656815 0.0735346230226254 0.169212616091668 0.103282493316738 0.155962150073368 0.0865348762659396 0.0232132391875154 0.0443652228835507 0.110931216621776 0.155671338171137
0.114358789657626 0.133740979667631 0.155296409378163 0.00317604166477706 0.153622748842003 0.0518992336160588 0.127046260004799 0.126017807856569 0.0567756637603447 0.0780660655520282
0.086788654199579 0.0186706762373672 0.0688661319433197 0.0339530404394044 0.213615643388569 0.0557517973046627 0.0597025129102071 0.0363509165686033 0.200490821210835 0.225809805797452
0.153907146350929 0.0987407156757285 0.0515161222414446 0.0868768524987663 0.0930296859352392 0.0292053706645748 0.143398498836332 0.104774693040578 0.0610617761626038 0.177489138593803
0.109442818556985 0.0302249481753524 0.171275393265774 0.0878532133691726 0.0875262190499385 0.214229052030827 0.0295437580430543 0.0461916480472334 0.138676652950902 0.0850362965107608
0.134096304974908 0.120253570583642 0.105272499101026 0.0884730772169772 0.113855310262617 0.0303199510199234 0.0924377963252392 0.151849563860203 0.160094756833158 0.00334716982230681
0.0136496647953395 0.123333463374834 0.0141438717578257 0.0244298676312527 0.183727982604208 0.0162635522494345 0.159253686536349 0.153361832455172 0.159039458216595 0.15279662037899
0.133342213338744 0.0550187459744645 0.022642754751759 0.0462529490050503 0.138776661228657 0.129999752574114 0.170231425628868 0.0119337537212471 0.137443729954272 0.154358013822825
0.056620531354662 0.089642348722819 0.00866047556404374 0.195603430429606 0.0414573873262889 0.138082542255836 0.109522054754766 0.0252699021606283 0.190294075150191 0.144847252281158
0.193141571449669 0.0733551572990965 0.0365939752332644 0.0843597877795272 0.182235554458294 0.18519605890708 0.0586202378917379 0.0269685563886776 0.0152784286003223 0.144250671992331
0.140597265457233 0.0458775373261747 0.107592882125047 0.157984953395051 0.0253935745220147 0.163810943399186 0.106764235486727 0.0808406649209911 0.0865749341575012 0.0845630092100745
0.178442426381676 0.17086533647464 0.0350753375075368 0.0113042894987809 0.0593764540181395 0.102252198348302 0.164792779417838 0.00839475158018814 0.157848738172541 0.111647688600357
0.0906132272868158 0.00801290612001141 0.110572314773193 0.00285797789055887 0.171484439230854 0.02876800557328 0.0635436814696795 0.142354425144515 0.251808689886831 0.129984332624261
0.122326935439585 0.114409665346467 0.103367316646657 0.137336323571759 0.126385922438869 0.0486863303761353 0.0141230734278716 0.162927992791681 0.0050327804129287 0.165403659548046
0.0818642937617452 0.200068527727104 0.0881995910176311 0.15562895472725 0.0434246247530548 0.013305417633171 0.113494529663438 0.145906064103721 0.141421324437414 0.01668667217547
0.0381762305901163 0.086795701806558 0.0650413674196431 0.0457219630750397 0.172063730781341 0.0902060958001111 0.0340352005944029 0.1319753378213 0.176056504294588 0.1599278678169
0.0808384135049542 0.118033157270191 0.104933334474972 0.0752589069194482 0.119167082812002 0.0845538923165495 0.112303690247287 0.0110280515062511 0.143720250374718 0.150163220573628
0.140095434815148 0.0295498287011227 0.0051716645021766 0.0556903275326289 0.17241686961591 0.177387575146873 0.112997248417048 0.122430983358606 0.00499516461563313 0.179264903294855
0.102709075474955 0.0275454565591966 0.209484525873493 0.101401801144467 0.132670738610037 0.171645827007961 0.0530038718428492 0.00517322223572419 0.0514435645831269 0.14492191666819
0.0808853429691707 0.138728918058571 0.155763852412745 0.128139806065861 0.0345664575067925 0.0315327548894815 0.111688356436655 0.157590048966755 0.14030331104608 0.0208011516478894
0.226491180899726 0.0523818272000935 0.0863523537186405 0.0047499281943944 0.0858386761289534 0.148503111920843 0.0170367323588516 0.100007718374288 0.227365413243475 0.0512730579607361
0.14093979432723 0.0853509541221783 0.13936785925665 0.0552997196042547 0.0282398194155385 0.108783568596661 0.141189181582191 0.0694278312642147 0.130698064560792 0.10070320727029
0.0296440623409277 0.161874361358041 0.197010838858369 0.144513965607018 0.159285452557099 0.0695270627333469 0.00138344755285232 0.000512614448791896 0.0839770743910701 0.152271120152484
0.0786201905270485 0.0685990164023033 0.0920004202042102 0.121183583050414 0.014619448617527 0.132586981505144 0.120169235600201 0.121903102732169 0.0955321178730369 0.154785903487945
0.114008607408301 0.00800510651142215 0.0510182469305275 0.152155630437617 0.0846437477698031 0.157345457767658 0.0217209701886139 0.159034669762993 0.0383522197670667 0.213715343455997
0.133570244204819 0.0470863388695411 0.148082049036844 0.136587640489773 0.0202630706204905 0.110234507957645 0.140411030176147 0.137560523120182 0.0350716687718867 0.0911329267526716
0.0471331174339488 0.057356345137639 0.177888228493594 0.0363359518427006 0.119579893327169 0.149448079069245 0.194660847647576 0.046757424216279 0.02192911727222 0.14891099555963
0.120002473444818 0.140573698656277 0.189031009208734 0.10583631717028 0.0422691655386627 0.0994498737404904 0.140783360262661 0.0796060685842729 0.0656637768011003 0.0167842565927033
0.0819353915637131 0.0750898591069995 0.136113698359664 0.0275707714241813 0.0656534038163286 0.132257409318907 0.074703629652985 0.168791468056201 0.190230271233987 0.0476540974670335
0.0534277288405447 0.0607544968195366 0.160164790448727 0.0294490478583198 0.0444653300939802 0.0591476382509201 0.206591764782613 0.252719255492663 0.0431012961677487 0.0901786512449455
0.0268683048785262 0.136411967816005 0.00670592876754416 0.192992659243428 0.0537629758225829 0.111463334349169 0.159229494953844 0.00516611935425241 0.160194395128543 0.147204819686105
0.0937338780691294 0.0827442403747649 0.00969002805205604 0.104946865315045 0.0816103337213604 0.151695913612789 0.160266769058202 0.118044347139302 0.1665150776765 0.0307525469808506
0.0167216371727852 0.156077481817055 0.0581256463659045 0.137549449354706 0.0872848017152794 0.125407315021798 0.146773349896088 0.14225828135373 0.105153231301114 0.0246488060015396
0.0436282427963247 0.142159733320881 0.0449878209899762 0.00263624740312616 0.101240239769826 0.157848393111623 0.263791535945605 0.0484651908649473 0.0864895764137108 0.10875301938398
0.0628375507611019 0.0314058820879391 0.105556254791592 0.0651309072143781 0.0688922828678299 0.125253175035208 0.17710906037886 0.0228408787966228 0.169504596925879 0.171469411140589
0.152264731955422 0.0523590085085966 0.042575607247625 0.00469950339210653 0.119860505508011 0.188016668148548 0.13589255747199 0.0901548604937946 0.122138851351136 0.0920377059227701
0.0389431599408797 0.191750684718546 0.213370057031489 0.117556076337928 0.026361035827843 0.0287919887610016 0.146296712155699 0.0548316407537152 0.153563500436996 0.0285351440359041
0.142900401878965 0.0759741748563427 0.0854219418024029 0.111139642974144 0.181492234259944 0.050251326243744 0.0902883746785225 0.180829361397703 0.0133483209598055 0.0683542209484261
0.0345569231592151 0.0393940002063045 0.117646172406275 0.234025858389984 0.136548949253113 0.0619296168217876 0.0034894650586142 0.140303041079633 0.110148547351083 0.121957426273991
0.157600961247405 0.0140337096156825 0.155196187318634 0.0540942588158765 0.0675316927347567 0.117195783658203 0.145714376120571 0.127335157406174 0.0560512097989291 0.105246663283768
0.1250226208898 0.13251287402629 0.190276606145452 0.123509167551797 0.0113680988078721 0.0601393077549668 0.105491243255082 0.166657201292114 0.0692488705873586 0.0157740096892672
0.206537075547831 0.185950495805785 0.149587546279461 0.0133103107512286 0.131344836891055 0.0439920362751009 0.158969588367 0.0598830182785278 0.0259823368778233 0.0244427549261872
0.0925815799183533 0.0612831907734216 0.104976553853395 0.0488088698309921 0.0189975311970778 0.196662609004825 0.0780558717073945 0.19272955541492 0.112165147503761 0.0937390907958591
0.15861550111229 0.166063242414296 0.118101043980916 0.153408600555747 0.0467493071803143 0.174087973393743 0.038956249886717 0.0334113696157442 0.0345821398790359 0.0760245719811966
0.14824480058293 0.0816883214106297 0.13288887491154 0.0334582532129701 0.0682988741180064 0.152091690953065 0.0728357837936485 0.129223874137667 0.040254348290692 0.141015178588851
0.19538623225243 0.0329321394347601 0.0335542568966806 0.19068877598266 0.154878858119309 0.0269434290860813 0.0833013426074194 0.075851376618368 0.0899487873861613 0.116514801616131
0.0347972389370971 0.0602467113356582 0.142738509086126 0.0901817641249281 0.140348253350457 0.12032927838737 0.073658443367401 0.105533869657647 0.128277742692003 0.103888189061314
0.0232359197435901 0.0904078094678851 0.104233353053647 0.038839312901798 0.244282820503781 0.0894514348639834 0.12443014456548 0.0495250982049024 0.171166557285422 0.0644275494095108
0.0876849272000647 0.00434207588258647 0.10824950871451 0.174735053553768 0.0528282903588448 0.0358402322681615 0.176579344535064 0.178960561484409 0.00529587536679255 0.175484130635798
0.026378645126658 0.0405409570937505 0.0396772597641258 0.0650684849886579 0.0865972715459343 0.119547904245949 0.149506365005998 0.157449974974238 0.169126488995629 0.14610664825906
0.0940540145523117 0.0773019966986501 0.204196732804116 0.154401807395163 0.0721201171709158 0.138777916616588 0.176224931584681 0.0348844578914678 0.0205694108851995 0.0274686144009075
0.0577721927451668 0.0396881421268702 0.227617190584095 0.00720289626531888 0.186365966982628 0.0831884877154833 0.0447877744983023 0.00990225008782483 0.160063837969121 0.18341126102519
0.138644180438121 0.162598611396688 0.0222947844280793 0.0683842700737528 0.144145519782798 0.120817923568838 0.0892074130284502 0.0352978909829828 0.096458193052857 0.122151213247433
0.0800547935803541 0.0521007521998788 0.0435238388944249 0.078786294226457 0.127472319669178 0.194064652896335 0.130323979532503 0.188315652549592 0.0157744066610824 0.0895833097901953
0.00563097823339726 0.145742756700362 0.00851253945858452 0.00988205094052446 0.0112515328887319 0.190108279276357 0.119227455629011 0.214740281759305 0.115981753883777 0.17892237122995
0.0404248439949121 0.0231601892007907 0.112922488874438 0.163563308895176 0.0580594537722597 0.120206333650686 0.117645038554405 0.173029960370519 0.109404062934132 0.0815843197526818
0.100138746422249 0.0815374507793281 0.0403182143100467 0.191621325281463 0.00733331156516829 0.0889589714602702 0.184533131135185 0.0898191541102785 0.0345915469760895 0.181148147959922
0.155128970485637 0.127474299945514 0.165310270587953 0.0684388648587969 0.125095051052013 0.0468661544039219 0.05084650729372 0.0267431523991676 0.118352464364258 0.115744264609018
0.133575271958857 0.0557632324091215 0.177371615810417 0.0756863631120745 0.101046795968524 0.011619232059942 0.163464583524911 0.105338958959343 0.124291948902359 0.0518419972944512
0.143653134174184 0.0365394734552498 0.15874811029785 0.0758756430423264 0.152713594368271 0.0549612144933603 0.13382085238273 0.113941672337833 0.100001360999671 0.0297449444485238
0.108136724811694 0.0549319185968624 0.11129082367352 0.0768664299277024 0.0325106117797199 0.169720170364085 0.0112310995368052 0.15655925435348 0.176955899533012 0.101797067423119
0.0191520342117671 0.165298351602226 0.103511108407747 0.0640045226411726 0.194781301803966 0.167572666738249 0.0536207656160786 0.0277016264624444 0.186978614679383 0.0173790078369658
0.128084626101676 0.139597939427754 0.153410514002583 0.0279741743512033 0.161439749055461 0.0383995777980571 0.0909236955236988 0.0359114083875147 0.112804976054215 0.111453339297838
0.066163729355823 0.164361909168752 0.0136916259562071 0.212324635704089 0.0893292933304609 0.0157529865441999 0.0188884566505023 0.222787771302083 0.0115775192567924 0.18512207273109
0.0697123958244421 0.148189211644828 0.0410889783442564 0.0266226202168405 0.174510452852793 0.0679047521192036 0.14841265691374 0.0216130062620259 0.137877249327398 0.164068676494472
0.11791066331681 0.0509492461754667 0.163636605847359 0.0672388520146464 0.125733203265475 0.0982840360906994 0.10828237108761 0.156860712202027 0.0342138292140389 0.0768904807858667
0.0345928616621941 0.0678323555454322 0.0994408567278136 0.143704202908818 0.0844763245518823 0.19351755419503 0.134386638943153 0.0508061770570047 0.151740504587509 0.0395025238211636
0.0240929772422048 0.21686145117304 0.23566722731102 0.173949266570169 0.00883579438251869 0.0135335168112027 0.0615923682550858 0.0509888501818799 0.0602582709584208 0.154220277114458
0.0049169798330844 0.183649363925344 0.0358761667652007 0.181561831241006 0.145474762088419 0.159457159831965 0.157387288206983 0.0286805956292287 0.00567229768018244 0.0973235547985861
0.0195966958446013 0.181401993698518 0.196292264512499 0.107857286310205 0.209830895411761 0.0151795187799448 0.0397334172798618 0.0316146193987666 0.0518343899486713 0.146658918815172
0.101638444213733 0.2251007946508 0.00880330952582522 0.115226669874298 0.205220122630887 0.0586710254556487 0.0710544462692096 0.0630347974448632 0.111060929722755 0.0401894602119798
0.0826370272956949 0.0212228464934275 0.17448167455455 0.141538992480499 0.016730927293879 0.14328532717001 0.0998114498085296 0.100791132377525 0.0883815194231577 0.131119103102728
0.0365988676523476 0.137448687250826 0.0480516769828933 0.0240385381187254 0.13957115602951 0.174520939563253 0.161467266303019 0.179742464664147 0.0288753493190432 0.0696850541162355
0.0923781573614311 0.03112474793899 0.0663694323263663 0.12248495452879 0.126391745723624 0.14615873175115 0.148941862152843 0.171367793556716 0.0588705564730407 0.0359120181870488
0.0367825893490853 0.163067889091094 0.0245065120723511 0.195543536009198 0.0223207319425554 0.0142416240144739 0.119668273988999 0.0970257513400386 0.172683445040393 0.154159647151812
0.066355302673666 0.144119640013951 0.144977060608052 0.0518350079763567 0.145370584836294 0.0136535000825608 0.111814144746713 0.123056576001188 0.0758625028421279 0.122955680219092
0.0144922249910011 0.201336862956057 0.0740304068740062 0.109681739665717 0.204999576966151 0.125736226365907 0.0631039473100233 0.0350330881168638 0.00938973981398802 0.162196186940286
0.0502636412239307 0.191110999774113 0.126757822306859 0.0657070787352178 0.061777790071334 0.0264428965696356 0.0419750356510727 0.187265087850593 0.0969464290598664 0.151753218757378
0.0569665888094302 0.16742402577827 0.130134779837358 0.0208312918200242 0.126617316856613 0.131593314870925 0.0439648203994151 0.0898931310878472 0.128613240119993 0.103961490420124
0.126263355268707 0.0978408787167663 0.118422098600063 0.0259364134671091 0.149235264374687 0.0992290804161695 0.0557854655217728 0.0937537645305863 0.106419526810857 0.127114152293283
0.00392977365620772 0.123318659912622 0.0478604064444605 0.130808247551666 0.11990582189021 0.100556473644655 0.0531866644603115 0.158950254013145 0.0541782000625652 0.207305498364156
0.00994285335559022 0.0466154395518627 0.0552413860640645 0.259078071024927 0.114772254767875 0.0317112332344869 0.00869158758112404 0.159153288614535 0.198196148568238 0.116597737237297
0.160910491797318 0.0413348157925091 0.0684540043669277 0.00305998735737343 0.125151294948684 0.0278819574821131 0.102927232852653 0.179077252483617 0.202993521555553 0.0882094413632521
0.133075804031688 0.153173029497733 0.0696889279879325 0.0963029987619234 0.143835557738199 0.132429600015584 0.0401973023737163 0.0772245180267656 0.0389356855958689 0.115136575970589
0.110578906763203 0.135525290658304 0.0955773991212342 0.0955065998992094 0.125329460678166 0.159616685739275 0.0461642436875937 0.0533092624516711 0.0113316215038172 0.167060529497527
0.0186850638975481 0.179592023698106 0.144865366850482 0.0555146596560507 0.0259644204211741 0.12025146952345 0.136492279719273 0.0875897945829785 0.090027613536016 0.141017308114921
0.0120265956146588 0.0430782355978864 0.195970047575487 0.00145332970881538 0.102457479673082 0.0740797083434449 0.156925929115551 0.159525715498498 0.0879830206667868 0.16649993820579
0.0108699611339044 0.0655157348192095 0.168254067638523 0.0827810513081668 0.0854004096567448 0.125746254726146 0.0804718699445686 0.0629144102587477 0.134956404638643 0.183089835875346
0.0679387398986531 0.117117887509403 0.0981562151149158 0.187266283166195 0.0530002962512699 0.0978574467175292 0.0619120550807498 0.0637408592718917 0.11456168004481 0.138448536944582
0.0811581028320743 0.117447349958858 0.155747552294681 0.0583196806490414 0.00743073321590974 0.0567217288940502 0.0610960551091559 0.161581107764967 0.161028341335749 0.139469347945514
0.11212090511515 0.022572009003533 0.10380718571316 0.124547629023443 0.0743477162056106 0.0902899349648771 0.120613061041044 0.133120283136602 0.0925349633667955 0.126046312429783
0.14584588471157 0.176038925122775 0.138668450334844 0.106937185338482 0.145442907973175 0.0955726266055151 0.0947925429234836 0.0673176930821766 0.0019162684892311 0.0274675154187485
0.0454230014838142 0.174570629753559 0.00968295032301311 0.101877452220244 0.10832166757351 0.174651108559302 0.114419206707158 0.03984249725677 0.128282706517542 0.102928779605088
0.120201265837369 0.138685424828789 0.0367413240553458 0.115235660988598 0.201513310793348 0.0766210950571448 0.00944987905206047 0.110862459140207 0.071093584536538 0.119595995710601
0.123909894166478 0.111509701910405 0.02703285755181 0.133221444151797 0.0756015684340137 0.0858269588711543 0.0492455635894254 0.110008601731959 0.160618835001939 0.123024574591018
0.0983022655849025 0.143637383982761 0.147080892778933 0.089373214878452 0.0476583671975297 0.0960310101920438 0.123863877194766 0.0710182019796459 0.0344616016337387 0.148573184577227
0.0711101609174912 0.0226077842484886 0.0205321192456634 0.05360105221768 0.258906190943842 0.0632903909785416 0.147103134732667 0.185219138908991 0.173983360771801 0.0036466670348342
0.131856194882499 0.106941970383253 0.0668807419946864 0.0819641767680366 0.0396522530266059 0.00330784625860317 0.138623796798936 0.183388272598246 0.0409083269613587 0.206476420327775
0.173891700350101 0.143013992043345 0.117846940265876 0.0557333663767591 0.0695440279806351 0.0641574738610144 0.138839855875842 0.0620701460353731 0.120709907346277 0.0541925898647774
0.0171935643671121 0.0185308322340327 0.095437887451092 0.192095020164858 0.185408398208882 0.0383536386265852 0.166402622201143 0.133085270965492 0.0656273576088752 0.0878654081719275
0.141023716201256 0.174071734913183 0.0709897648293832 0.129919590069453 0.248397309729029 0.162365519450467 0.0122844745429076 0.0425889845807229 0.00297579863574677 0.0153831070478517
0.0273645335829986 0.0300348932523133 0.145708142627795 0.15133904731805 0.0764077829169435 0.0268287502460578 0.153245879675672 0.145049134494911 0.121766669647462 0.122255166237797
0.161154666774369 0.129571278694623 0.0939380516965447 0.0964376141831124 0.136635173352763 0.04956507160548 0.135016989105719 0.0661693028534196 0.0578413088822504 0.0736705428517189
0.0388900446857289 0.0110836932172343 0.120062672617879 0.171096312878312 0.165045667337309 0.124763069596074 0.0156869587820629 0.163702060247007 0.121565121022811 0.0681043996155817
0.136698810346298 0.178387314750261 0.00160515985235902 0.173710987317313 0.0154717226480327 0.186988061833737 0.18888366150742 0.0721438951974201 0.000528779343457538 0.0455816072037012
0.109834517126323 0.00369294138069219 0.0423493985702504 0.0228723447092857 0.0373037969175576 0.131389459311674 0.24813163288126 0.214205908514828 0.113422133281101 0.0767978673070283
0.172253298040622 0.0988131599381735 0.0515594531346643 0.00852618195234436 0.109564877650424 0.0297903049015372 0.146584965867485 0.00333214003884865 0.212929614488895 0.166646003987006
0.171475550174167 0.0486620083274166 0.0665188890290065 0.0924525781755606 0.184603263899159 0.0448425393029106 0.0208852475408329 0.0553497062495116 0.263362754557418 0.0518474627440163
0.151169843777889 0.0944228665825252 0.154664251339793 0.0805604552821915 0.137204627085853 0.0265489887226045 0.107109207350241 0.134408404088288 0.0381294692471116 0.0757818865235034
0.132087139346331 0.0410804480144528 0.138201780226973 0.0787305793875066 0.0228238395002534 0.119404004146487 0.189765532829114 0.0535063935035052 0.136414381796423 0.0879859012489542
0.146750555986476 0.0280097433011032 0.00553370382340071 0.204675760885073 0.192466283474617 0.0220685064521506 0.0186161748539494 0.243539945455554 0.137802274319056 0.000537051448620559
0.173970029512951 0.192228564324572 0.077397081720723 0.193976814299383 0.0974489072342428 0.195911604375115 0.0152866792360467 0.0341179746780741 0.00834066811801154 0.0113216765008808
0.0272734818626548 0.133786906516838 0.181596462940465 0.101452298624189 0.143278449525665 0.0932237743717047 0.114847569011101 0.0492643846635694 0.0821821838104962 0.0730944886733166
0.000252309486022067 0.0808772408655548 0.11831986524749 0.165817835810555 0.0588178971534435 0.0998288359345217 0.153161096425146 0.0727818111003615 0.158479074058343 0.0916640339185614
0.130092948373931 0.198396608100018 0.156175639112502 0.0550505643628649 0.0212308874236991 0.0848499383350762 0.0113257286730538 0.138293976338228 0.145727711389933 0.0588559978906945
0.13229664550812 0.108228762877081 0.137347613134351 0.0418290828204584 0.081019354314713 0.0230882834065828 0.166816149335013 0.155430570572712 0.136717173578613 0.0172263644523546
0.114351413098591 0.0106364174359099 0.14155581723081 0.0349110104281711 0.165905696625271 0.0665887022679168 0.124362908200046 0.161911254116376 0.173668169752808 0.00610861084410092
0.00121557431063893 0.13425655064312 0.166067171566135 0.180358488964169 0.1052343240727 0.007748241990289 0.0977881745171494 0.180803688145464 0.119798814501928 0.00672897128840695
0.0835633452125937 0.0503762092478648 0.0611041832389248 0.172917426264051 0.160333290757146 0.115691063894406 0.0566987976761517 0.10065547275677 0.116212266418576 0.0824479445335164
0.0275847911257226 0.0142749190140031 0.177141852662721 0.199877447212221 0.109137818726656 0.129938591052769 0.0279113655274804 0.065735316980823 0.109990321835474 0.13840757586213
