0.139217131020306 0.148830966094622 0.115340240175047 0.223035931728075 0.00503353786835954 0.0775554922501431 0.0869685283369903 0.187507700027073 0.016510472499385
0.108567967188653 0.0131093184091765 0.157642332097788 0.126292217286235 0.0953983520775864 0.0116562350177272 0.191879394153502 0.163740391960256 0.131713791809076
0.161034839859998 0.0426344930046098 0.028444370749127 0.186789896053869 0.120896806057151 0.0808069695725022 0.201174421859993 0.170914801931889 0.00730340091086191
0.173880216315699 0.144650416045415 0.0409507198776665 0.161806527812416 0.0910563769868657 0.0307620577024053 0.043553580932625 0.183785808542184 0.129554295784724
0.154331828348744 0.0756920618643127 0.134801785322547 0.105953143672085 0.124848493899165 0.0281324142199661 0.114176125781224 0.160214501434474 0.101849645457481
0.167153738705756 0.0748890092943479 0.207363522902418 0.0790016208443265 0.131997513576593 0.0358925162924734 0.185898271597228 0.0521132357716824 0.065690571015175
0.188769457433661 0.124692562598019 0.143457063054805 0.0961957295176462 0.15089523441117 0.0626547720651579 0.129001674216177 0.0569746427133314 0.0473588639900332
0.16947431524695 0.0440097714851773 0.125130903703683 0.193431966297653 0.0217216660507825 0.0930799198113019 0.0534668802577369 0.152472478037861 0.147212099108855
0.196880116839631 0.0968673478612472 0.167078906410026 0.0328360350610126 0.0671971380424587 0.126320675525093 0.145478745064671 0.0684381866318382 0.0989028485640216
0.145365603082557 0.114310343909493 0.134065936953463 0.147494990428634 0.0458527479627929 0.0659457272865068 0.125238913190684 0.122677567487595 0.0990481696982731
0.0170010395485177 0.101102029699704 0.109020851123185 0.135257307666613 0.214078699860694 0.204356628356582 0.120398466956328 0.0667475352746248 0.0320374415137509
0.130754335868749 0.0254243015509625 0.0157996869540907 0.113635189228785 0.147416710588801 0.0673924877620029 0.0519916897352237 0.217573019352404 0.230012578958982
0.0315580306106107 0.275070537942022 0.0347603464089939 0.0191665820596734 0.107223656168153 0.163174006640925 0.108270550251739 0.20943221835001 0.0513440715678729
0.0540252431510952 0.0268326656064906 0.081620503410521 0.161162635719363 0.190856900075297 0.0511286405527607 0.170493607001039 0.158174803280681 0.105705001202753
0.043276932579076 0.0646636589322733 0.310901223229908 0.0884772317119258 0.10657686922337 0.147655919169477 0.118641935565783 0.0177814455948199 0.102024783993367
0.0347170350814082 0.123459383991206 0.155342968664585 0.157236289824195 0.106124242930525 0.119056477403678 0.0784846859982687 0.140281886633107 0.0852970294730274
0.187376324367033 0.0147493046535024 0.0500060822246403 0.04318080578745 0.0377603014651504 0.17093848818734 0.155325280561213 0.131134947629777 0.209528465123894
0.0809005190057438 0.00794516327636905 0.16671305930445 0.154504134803129 0.121232284394033 0.165619856351677 0.0576907143120228 0.0799269211379956 0.16546734741458
0.231575097683834 0.209032002513492 0.0476565186207224 0.0108327746635577 0.0774774495821625 0.244427564891126 0.109866098455796 0.026244609154284 0.0428878844350252
0.0499628631833353 0.160241997264242 0.239727068697472 0.0519083803687622 0.152722765753089 0.150963310773656 0.13221161589806 0.0488575755275875 0.0134044225337968
0.173846927732448 0.0787895540862619 0.127757488942518 0.0962737668288556 0.128579057416318 0.131220648857682 0.186792605075695 0.0171382102935465 0.0596017407666757
0.048984478197548 0.15556754860748 0.0753317316012432 0.135184481384328 0.0302696432543245 0.175170495457202 0.181662164163847 0.0856503977604164 0.112179059573611
0.223820096199111 0.0713674344364676 0.127351982847521 0.102645752546418 0.0662884412835751 0.136498073902655 0.119973838468044 0.125167121741866 0.0268872585743417
0.21538954845168 0.122069676759844 0.0219146464457345 0.125113698722783 0.0879472601775386 0.130387905850592 0.196871684755861 0.0212460821417873 0.0790594966941798
0.154157617742225 0.189547040134155 0.00984410302654259 0.0638871582770046 0.182225339861311 0.107301872759777 0.179009024872739 0.0884686053686632 0.0255592379575813
0.191957605629643 0.194991623940195 0.113630204485876 0.181088604255263 0.0791521504137405 0.107510829798466 0.0379593127792505 0.067628483204366 0.0260811854932
0.0827360752567522 0.0857357746276046 0.164310385822753 0.151155288046506 0.160204674420483 0.0943899084495609 0.0100269927947108 0.0984757592163645 0.152965141365265
0.0369232765303461 0.0975684685130521 0.151053041416299 0.114472232819949 0.134045417961653 0.147187691372256 0.127939332625163 0.139627284447754 0.0511832543135268
0.134585433632616 0.0353204798513052 0.0599935456126208 0.128821386759393 0.11128792238248 0.199744927896057 0.145856478424896 0.0679172849455642 0.116472540495068
0.00641295764343666 0.0518434706842143 0.0984189027975625 0.121993092137297 0.1300136285715 0.161203178973665 0.114034892738908 0.192694535869606 0.12338534058381
0.186453780790553 0.0806689256443574 0.194542446447068 0.159392031607582 0.0403815500891393 0.0842431037305965 0.0736904093683413 0.0351001995989464 0.145527552723416
0.0634039672810995 0.166530542821089 0.0518081286389214 0.032806481155548 0.189894188415015 0.0295528303501168 0.17705914308367 0.136971627642536 0.151973090612004
0.142356719410069 0.170536329388072 0.0212611780441277 0.0279093328622424 0.160588165821155 0.208491897654346 0.0670126575190767 0.0969554273626139 0.104888291938296
0.232275723217874 0.0703242740554119 0.0508509597479383 0.188157730221077 0.132203260454685 0.153243032781026 0.146848130458504 0.0095415082135999 0.0165553808498839
0.0433721278053603 0.0780688637858026 0.170261660001994 0.0548803691856732 0.070382391709397 0.149253041929359 0.205490038298157 0.136549708985093 0.0917417982991648
0.204963904819278 0.0865513950172911 0.0593533127494076 0.047456455932098 0.0968905013681654 0.226929993804701 0.0108140704305519 0.168320921583314 0.0987194442951924
0.142050475742803 0.107613489976629 0.115784880891595 0.142582255669949 0.154181692508542 0.00755782283121492 0.0840946129447314 0.134968684931906 0.111166084502629
0.0594447959154798 0.06144864894351 0.165093176910806 0.139787519191507 0.194963005823598 0.0255429008908446 0.142066900953004 0.186273087297929 0.0253799640733216
0.18465694011939 0.177865735701555 0.118041834195578 0.0143912425724137 0.0192846711059561 0.0913823751553731 0.189764260272387 0.0162100803381048 0.188402860539242
0.0768090736993031 0.169431113813719 0.0494498497237825 0.151025984604522 0.0724923182214985 0.164958043633646 0.0963072716238703 0.141319666998227 0.0782066776814318
0.0786774944964363 0.177116234996702 0.175810545401395 0.116600549426888 0.0363199115238868 0.0900320611341988 0.144038297192285 0.0598115007500765 0.121593405078132
0.0819282624075327 0.124236553401688 0.258692068877764 0.130654897318173 0.161966359464473 0.0684783642388699 0.0263300512505652 0.140808833501303 0.00690460953963121
0.167514377780673 0.144246612197703 0.0730510211659215 0.0227318590570716 0.160407515670833 0.10051467766254 0.109445689561305 0.0496543375258114 0.172433909378142
0.180270698580377 0.0205817251465865 0.166836194333165 0.01470950654098 0.158150759417235 0.18416892129957 0.0979869561859165 0.0947320838713582 0.0825631546248126
0.139831250399725 0.153457986913418 0.0541756353919239 0.155230279159644 0.112125924491166 0.155675077560323 0.11368138359645 0.0464431350370729 0.0693793274502768
0.149985848843888 0.0646197356658428 0.0803269345998697 0.0377726494985007 0.0919072291949943 0.0529160704262147 0.204605794260904 0.175034137528831 0.142831599980954
0.151228228998716 0.159556786401964 0.124126923289257 0.062212829248796 0.0454240023387715 0.0122911178734984 0.107804430954068 0.159658126262368 0.17769755463256
0.17591800391459 0.0336715814995648 0.210468358712575 0.118405596848677 0.0381171905641089 0.00873544043174432 0.129467717162418 0.119074399497364 0.166141711368958
0.0522474654002829 0.0536478509358864 0.18525448312357 0.207214207763821 0.181185962562462 0.152000862813685 0.109466478212275 0.0155472527332385 0.0434354364547801
0.162018397620707 0.0783405445765104 0.0911691651205724 0.0265286504243621 0.141658837796764 0.185092369048078 0.107416579127694 0.125725791167109 0.0820496651182018
0.0317158651405259 0.041141502732066 0.104696529285833 0.0687946613833412 0.081353507365218 0.253678357583427 0.211954603989537 0.158447609829479 0.0482173626905729
0.117204341886453 0.137572399338889 0.00464566746543676 0.0456642057183015 0.097603226645215 0.17075412973665 0.241600264499684 0.147214516808093 0.0377412479012779
0.0738438006774297 0.0407938304070404 0.161032519648313 0.152647147133021 0.0684172345088817 0.122360847671105 0.0881041135627214 0.143792793824739 0.149007712566749
0.215596162619994 0.19203435173808 0.0257324712909939 0.0162648924361525 0.0770290686229242 0.216390419114123 0.0834296326125141 0.139252080370677 0.0342709211945404
0.167969336759415 0.150532029070343 0.0653980893784585 0.132694917965544 0.112558985228744 0.156015124392603 0.0059519969987139 0.0265890924058797 0.182290427800298
0.162720445524895 0.13382249565388 0.129084700621296 0.139782701003136 0.00737593771876302 0.09012224199307 0.129525542848727 0.135516452323665 0.0720494823125671
0.10842584936069 0.228220940099368 0.143643158614611 0.140472414635358 0.250900914286006 0.0343539517900797 0.0139421079072793 0.0452096781970571 0.0348309851095493
0.0621856537689936 0.144701410762849 0.139297529807395 0.137618994796672 0.0815735182968007 0.124036756739843 0.0825743983349875 0.225086196522114 0.00292554097034474
0.0795698812077472 0.108195221665748 0.163886071477534 0.277577872739696 0.0127515746386575 0.0444174261927607 0.0905047283614778 2.77308020158673e-05 0.223069492914363
0.185202758776938 0.0683606012668074 0.132581578523324 0.105325787409039 0.064951015790083 0.0872746401310247 0.0956388372982872 0.123794560429597 0.1368702203749
0.105873371809045 0.0842262070444122 0.283947949115865 0.0929714764222605 0.0389185231857599 0.0721018065856433 0.0827794040768225 0.231954466777463 0.00722679498272826
0.25079846503007 0.0630632637069279 0.157061897266701 0.0581113802058761 0.0267678253026758 0.205346741949871 0.0689296382934653 0.0737340490412026 0.0961867392032103
0.185032853779313 0.144223641195659 0.163598465864437 0.126561904655065 0.0484229785512476 0.0857828078156375 0.0232515103617924 0.13663662589523 0.0864892118816186
0.118874038660115 0.135890598761975 0.0539620194177352 0.0201842622848906 0.0133561051346303 0.0964799453286962 0.124166842000744 0.220313614817419 0.216772573593794
0.145317591214083 0.0102331153086691 0.015809230604087 0.0575204048292573 0.170238609173759 0.0899223209431566 0.180822319083445 0.140328444422098 0.189807964421446
0.19134780947772 0.183950590827704 0.10431052472926 0.0545549040775595 0.122099620923101 0.0169969830054576 0.100115446143454 0.126014436638334 0.100609684177409
0.281534958313987 0.205410885454542 0.0383385224486056 0.174583524082923 0.0350177899568355 0.149236290325684 0.02092001217606 0.0612394024559174 0.0337186147854453
0.0988562638690923 0.0864154867113622 0.0305942687414626 0.0381579965914876 0.317421854949307 0.102532332145461 0.030072054345667 0.247272045887127 0.0486776967590329
0.124886260923511 0.148306371050696 0.0955076500751895 0.00221357113554924 0.173349427870542 0.0490736068143792 0.139566747395311 0.145115431581467 0.121980933153356
0.0864613404299658 0.19868662413183 0.111223025921514 0.11261036409558 0.0423392512577544 0.13625283433453 0.0600765030390708 0.0995691316682868 0.152780925121469
0.303161026461329 0.100752551520536 0.0042368982675965 0.202210216330014 0.0600216850826375 0.261504832126032 0.0261789325759825 0.0281706512594188 0.0137632063764545
0.0686208266519727 0.0833841989370486 0.0485342277685415 0.0931873495472436 0.168491623749591 0.352811776254118 0.0691195532243477 0.0486770624080596 0.0671733814590771
0.0397914742547677 0.082793982510785 0.019000875659199 0.0850288600848799 0.206589595075775 0.0448354290989567 0.321699027108869 0.0303635103253567 0.169897245881411
0.12280112486274 0.178076836444588 0.0991959386702238 0.0613621630443419 0.0542215772094505 0.133813752697152 0.133524354195075 0.126436027304483 0.0905682255719456
0.0100826914697587 0.0434818848265002 0.0546918557119014 0.194967740092431 0.0616290921288039 0.274019895355379 0.00804533655752852 0.181826975612009 0.171254528245689
0.148648170687649 0.124150672470611 0.0236290077368126 0.118150233908486 0.115961440488925 0.128708564355618 0.134684805719434 0.0779117196011815 0.128155385031282
0.160039534456549 0.189510154232918 0.174546402063766 0.080168111153179 0.171482113363431 0.0352346721135586 0.0658077670420819 0.10116376272942 0.0220474828450965
0.112346361115247 0.0408232337282357 0.0341677689179941 0.0382243966617985 0.193492866568332 0.156040602213384 0.0412816929623035 0.174748543005855 0.20887453482685
0.238737317052554 0.0347998353025182 0.209895078173346 0.0841498013019625 0.134156258684422 0.0846683196531387 0.0725049204467001 0.047859593459391 0.0932288759259676
0.104570044545623 0.00644553624500383 0.120283680670902 0.198958453116267 0.135515468792159 0.14845219534658 0.0151175618436942 0.163878591902924 0.106778467536847
0.0819011531493601 0.0279926857359466 0.0696726413832258 0.061272884483566 0.0560800974850351 0.173245160937506 0.179419864300581 0.144633125889121 0.205782386635658
0.130906942279396 0.183293932135735 0.0252414615372635 0.048503035002404 0.0186923525664727 0.198442676161311 0.0575986763192384 0.157780698465325 0.179540225532854
0.0623855771853728 0.175876888983014 0.138384766845873 0.157271636842624 0.193408049931196 0.0486002359335867 0.150411270228636 0.0299164493286127 0.0437451247210842
0.0323129142671929 0.194614377974611 0.0968200318643739 0.17460858248164 0.0495929768210293 0.186836669334531 0.0457086868181143 0.188061034351335 0.0314447260871716
0.117596454178405 0.0507411062578468 0.121540155587777 0.0166443468837759 0.140672141277733 0.213948951296332 0.0428757924485715 0.123074217002719 0.172906835066839
0.170070988501512 0.0713746770270776 0.22891540371629 0.0295683308922338 0.0970333259282955 0.0581665261930779 0.126676330655144 0.171745702226961 0.0464487148594088
0.134853782049076 0.0947702429247952 0.0240364143233738 0.0341398242128235 0.244928771350243 0.1406969246146 0.0121060175207875 0.218157414912407 0.0963106080918934
0.0545204988411207 0.0500916716024506 0.0928889089836713 0.169167189976484 0.112778426035826 0.272222055745209 0.010847499336236 0.177825059144367 0.059658690334636
0.161424356367155 0.169002222739129 0.0128537443633475 0.0706807325447389 0.163009546494987 0.157771630527299 0.148837425630859 0.0966446792573423 0.0197756620751436
0.124332007133588 0.0483803753233317 0.117009217114488 0.150258042971162 0.126533427569248 0.214330196189112 0.0976318891202934 0.0316842697374064 0.0898405748413694
0.1999190331264 0.0402786599907632 0.006910708252745 0.224607046387925 0.00649492318444929 0.227282305437378 0.176571104686159 0.0598383754564069 0.0580978434777723
0.127599604755079 0.156875104708452 0.0800682182302324 0.183867823418508 0.016133742988041 0.154494077084207 0.0694703335122495 0.117539359226038 0.0939517360771935
0.0660566759577498 0.212673781577601 0.0420558378169849 0.220834261591399 0.134048212072221 0.113928136629093 0.0402450310426179 0.0657843105245932 0.10437375278774
0.0939355876932127 0.062006947890942 0.0800010565180409 0.0411526678712738 0.0430106298896166 0.138844751506195 0.176939462831982 0.242784067543658 0.121324828255079
0.185113291762859 0.114265481187819 0.132863224509711 0.0124522436319406 0.144811900375081 0.102815995922246 0.0178296387029439 0.161131596696925 0.128716627210474
0.159504738166048 0.16160269392195 0.000131904001403342 0.0166322494503535 0.143163237948902 0.169115345542171 0.0855058928159455 0.175426834988692 0.0889171031645352
0.220569627320281 0.132669318537118 0.0522114878134372 0.0020652575544741 0.163199453060477 0.222823089966999 0.114425749150178 0.0165004425748741 0.0755355740221613
0.0489546106114207 0.0691044499387198 0.211807883814291 0.0971514147980415 0.121935119558752 0.0687258791183293 0.0617215056496595 0.210854007790182 0.109745128720604
0.183600122677637 0.0861042030354563 0.00656260676133441 0.10867646121027 0.160787178354186 0.0865606151236301 0.137044152126334 0.138204293725822 0.0924603669853299
0.163682999017152 0.19121991429964 0.199585382598306 0.0866033302806139 0.153256733954455 0.0293012313441058 0.0737641903369047 0.0523158184778607 0.0502703996909622
0.126965052305868 0.0633569694412923 0.184007926114077 0.156456653971047 0.167983461900746 0.0786768115160002 0.0247338522751414 0.122643634945145 0.0751756375306835
0.138206282376178 0.1766582421036 0.014915442528785 0.1236445425698 0.0720430534051086 0.0463937720842589 0.173708624656117 0.0934584249481671 0.160971615327985
0.171070513663638 0.0514959227930208 0.181703702310924 0.113946009082001 0.0513303045233638 0.193097036872308 0.0544919489879454 0.091411487897553 0.0914530738692448
0.142416046197992 0.174235808960789 0.0615728390021437 0.149810361059789 0.0241413778269592 0.132490633206176 0.0757719548944547 0.0908833454711427 0.148677633380554
0.181009525879926 0.138018778525995 0.0273103059287484 0.103061439214522 0.176471571742677 0.0552095415379187 0.0180513695657998 0.134651464417349 0.166216003187065
0.0102790407336176 0.0306966593623234 0.130315523311904 0.131629824957292 0.143954661277326 0.178250577301425 0.189354827087301 0.146979270800103 0.0385396151687065
0.118592982795494 0.0304380060838078 0.142722163174099 0.117542244769029 0.132433233896503 0.103444893189227 0.0937837258853207 0.159027144042707 0.102015606163813
0.0431017554274626 0.117752893725693 0.0638920683435665 0.202881754795986 0.0176498524407002 0.132975686203616 0.0986412537866888 0.147604030082137 0.175500705194151
0.236216199388937 0.0727564909232381 0.193857261235178 0.00846556645013779 0.149611982935165 0.0405123211071709 0.0982028262653969 0.145283055915444 0.0550942957793321
0.1625542360005 0.240835444453996 0.130633069000638 0.0846420623672932 0.0555835407000754 0.189244875794794 0.0874600905735781 0.0297527961450184 0.0192938849641069
0.00553129840990794 0.025209055871685 0.320360517188212 0.187797825687899 0.00604370156590749 0.152411237914849 0.00494759343377767 0.0751687710740994 0.222529998853663
0.188233594298979 0.144154006487507 0.028192229504761 0.0416929255530807 0.165879685291598 0.0692894933113309 0.118938347582668 0.104253817939528 0.139365900030547
0.120064747184165 0.000671998019194132 0.160168159003168 0.157656111937382 0.179074867152715 0.00216394197789222 0.196485692977309 0.0666663058053037 0.117048175942872
0.0391880131234137 0.114507315740635 0.166099163093878 0.0369885169693927 0.0963345489240493 0.191943303417933 0.106164029236665 0.0547032728700444 0.194071836623988
0.151765609991894 0.168449901259682 0.0424044419719082 0.128066342110516 0.148353478958949 0.0548990512709151 0.0753256451475741 0.0853635323598096 0.145371996928752
0.108588927133613 0.224403144891792 0.0308025337361682 0.0269841810323679 0.1549960913441 0.180379043851889 0.196410460917933 0.057744976794571 0.0196906402975648
0.0509917945233652 0.191795888620863 0.0635753837381099 0.106271079798672 0.131493564502263 0.168103474937697 0.122932809729309 0.164516194134702 0.000319810015020026
0.122867441567844 0.132373563221207 0.0238869893052617 0.163510152596291 0.0932396796564281 0.140725954037921 0.106214971120173 0.114793839481051 0.102387409013823
0.021045814447892 0.165781012071057 0.0883398182776597 0.166940173267172 0.126474969515294 0.199996259840145 0.0934811590098347 0.0328640832977443 0.105076710273201
0.0319711394461542 0.150658407883256 0.0940028852847236 0.107964508500424 0.00066224537024118 0.0976494347765098 0.0408131922459323 0.238640921483204 0.237637265009555
0.183911156347879 0.0476432052667821 0.0907982191038577 0.129704569628849 0.0634042146293613 0.100634112945298 0.0836595686067232 0.202998859474411 0.0972460939968388
0.191490266613686 0.00988661328943922 0.206025537275014 0.0512617217930083 0.0649795029497343 0.0818512385151964 0.231041994260374 0.0861203324098802 0.0773427928936676
0.188084968104494 0.0287410562981434 0.186146421283021 0.0054212439114439 0.279699426305029 0.0729568147161824 0.0671519562646532 0.0977674301037436 0.074030683013289
0.246244123299821 0.0634164283869306 0.090009616861013 0.25249410701283 0.105289846782166 0.106453693357563 0.0779685509898071 0.0322531161553367 0.0258705171545328
0.00359407933923556 0.129246423367006 0.175321703679193 0.0668242313080915 0.27373016187852 0.0699998769361853 0.0547586612102686 0.0104078656813664 0.216116996600135
0.0565289442086224 0.0568719212244859 0.172954821350949 0.0384993620170348 0.0899043211730857 0.149756099753435 0.160886080306548 0.162847968158564 0.111750481807276
0.230611781850798 0.0350899934274995 0.121413083618623 0.0199495367220587 0.0202614739850293 0.0741408026849814 0.178422668454646 0.230347562420389 0.0897630968359743
0.0901509765599618 0.0232775484057095 0.104703948590403 0.136193157824398 0.139430720236678 0.147799534134509 0.193101296475245 0.0965200585761238 0.0688227591969718
0.146231467640979 0.0144190771842377 0.196779636495475 0.105122856814941 0.0629354927405636 0.0092918082772473 0.122672509199971 0.205276482652748 0.137270668993838
0.165477410005279 0.0409197388180579 0.00625878719517979 0.138367322719523 0.110072494759978 0.151062098464684 0.120312376996509 0.111619920187263 0.155909850853526
0.0097914155950652 0.0361029062076448 0.077400756489938 0.164481969210723 0.0323243164306617 0.0363606869928895 0.175491856226358 0.298305534959509 0.16974055788721
0.00681589043235051 0.179047329186863 0.0708351736962454 0.107666541246468 0.0877018725034502 0.20735253474894 0.0186735483090417 0.174093196059326 0.147813913817315
0.158165209805794 0.0851299488400433 0.151088668978638 0.0193314249419034 0.13067415336738 0.172045263312302 0.167653877058912 0.0827485890333156 0.0331628646617113
0.165538693812594 0.0395977163094844 0.220809965890716 0.119639630588336 0.181343745812386 0.0950181230527521 0.0282956691377096 0.0891179670896731 0.0606384883063485
0.113651935604192 0.221562082644365 0.070177981845789 0.211259546116402 0.116194627906614 0.0210659194109599 0.148552742112359 0.0804793037192814 0.0170558606400374
0.161970303738637 0.0395534464408893 0.0544776875904124 0.13554810764345 0.0150004146775876 0.178494185192838 0.116275976843191 0.170329550583433 0.128350327289562
0.171804336240224 0.0225484004989302 0.168933641359416 0.152824122922208 0.0883903910685363 0.0508167200833416 0.115551457746323 0.0353984977996647 0.193732432281356
0.00827556499853958 0.157034061877279 0.136987064306187 0.199203473335299 0.137595732193972 0.114468012643805 0.0537776914167286 0.0363896861105386 0.156268713117652
0.0415188798449841 0.0602315640294103 0.167723764717602 0.00840752912578622 0.0939225834465701 0.155443640508364 0.190900264449326 0.164905105509414 0.116946668368543
0.0589952688186983 0.172734361347144 0.0428301438055597 0.0421223988250016 0.0336514284912637 0.229290669153378 0.216984163739601 0.170655114796307 0.0327364510230464
0.0251990513402371 0.211041328160951 0.275621725031591 0.0649432187655118 0.130447387538009 0.020857794242206 0.231542820504304 0.0216096084175482 0.0187370659996428
0.112345283683896 0.00119357658955021 0.0474274276283976 0.153339530854321 0.148642308027605 0.162278575580456 0.158155224702651 0.125617602534199 0.0910004703989243
0.130364375575826 0.10331391565214 0.0916392911699333 0.0508813354819675 0.0598881223099014 0.151776189016319 0.146985622927525 0.126980619707107 0.13817052815928
0.137246354797564 0.151978979689783 0.0677525359679557 0.144432318493731 0.123167229362845 0.183375798888902 0.170209190837653 0.0194413598160124 0.00239623214555239
0.107455210213899 0.184924675668088 0.0164448325727299 0.0264944229008325 0.179823262809634 0.0367250384031291 0.247023318398807 0.189906083589031 0.0112031554438497
0.124273695336071 0.0549348695365625 0.112324338927084 0.148239693443803 0.179452725598874 0.153620431179981 0.072548277026181 0.0581954893594062 0.0964104795920375
0.0389892679543639 0.0782732581035329 0.21585718952216 0.164143587896339 0.0795987890447319 0.155440703784217 0.0954317933154051 0.147955894347117 0.0243095160321324
0.228815912216478 0.0413864522833909 0.0598603304790926 0.0835880150756329 0.236231237493063 0.191823428837989 0.0970788294916476 0.027268418499855 0.0339473756228505
0.111416733317632 0.17673889588571 0.023710636794365 0.0986731147976493 0.061487031771696 0.194698104753856 0.0825657899588912 0.0761067344707118 0.174602958249489
0.103484180959505 0.164593843605593 0.145937830323329 0.054357986633126 0.0564767978154325 0.0819407530507123 0.158952446920347 0.123096971772528 0.111159188919427
0.105462026812374 0.132462039216404 0.0857717845349219 0.105357664550188 0.0904948643366914 0.0417257637092 0.0328809826301459 0.161554277964232 0.244290596245843
0.0449589451475996 0.185030745862946 0.100862611951358 0.0181106297704122 0.0557902237261856 0.112917897513368 0.227258500334808 0.0960837269483314 0.158986718744991
0.0553517921586091 0.26224890894822 0.141528757233192 0.0528214443788245 0.113291242860662 0.0564561270494119 0.0860231405794127 0.122088885606612 0.110189701185057
0.151085330247531 0.148034689381463 0.0920642580221849 0.112969751994235 0.125847629281549 0.139312946208538 0.0892092567871191 0.0698519349277139 0.071624203149667
0.0827873937010334 0.143432728920556 0.0885191280510209 0.079900022413265 0.106503337053291 0.104000685381595 0.206731529793175 0.0411712659841649 0.146953908701899
0.194451324422158 0.131925843100715 0.0578082824687758 0.214699073591199 0.0733815299601311 0.101361486201448 0.0519115289053157 0.149598301820501 0.0248626295297566
0.0981175413032861 0.140262534043172 0.151137832095448 0.135271184384276 0.0858975687423477 0.100520910538607 0.126508138663277 0.15226303418947 0.0100212560401173
0.0082098910386068 0.034199309292287 0.0191580026735228 0.146504704400214 0.140742076629028 0.23599781263406 0.173833577676588 0.188760192692319 0.0525944329633744
0.032529391247115 0.0867430741966526 0.0449238294815025 0.133073271256533 0.115878576757599 0.169264597026127 0.196476720648518 0.153803847141548 0.0673066922444046
0.173007539808221 0.165572986131837 0.181514242336271 0.0792412599437955 0.0281085357897969 0.058130962762379 0.175103991431953 0.0169781255926913 0.122342356203055
0.0960849194114128 0.0357137922117631 0.0950030742318902 0.0214388868622187 0.161310166422878 0.170928256619075 0.10054862333719 0.180863799965733 0.138108480937839
0.0914236489160177 0.105708738789423 0.0619555325455728 0.166930789201389 0.0678045795604448 0.157215143569182 0.037140352856112 0.238525159929336 0.0732960546325225
0.0718430399974073 0.192794394765262 0.0939098449602774 0.133302290983333 0.158959722548788 0.103640246879898 0.0189841869838053 0.0756841362342865 0.150882136646942
0.0128936727178049 0.116892012705975 0.1985939547514 0.115866465197262 0.165237238912781 0.13065686916277 0.115177244073439 0.137129341770232 0.0075532007083363
0.136207212503993 0.133614702887435 0.119581871937163 0.124985303846754 0.0647518902838031 0.186081999593811 0.0740687688962652 0.0924859988394044 0.0682222512113715
0.13945117056899 0.113746671030346 0.0513125505442618 0.0234336181116482 0.105153165771382 0.0934841538219137 0.196385098746903 0.0663830110337193 0.210650560370837
0.0726032738079415 0.14785665959184 0.0111868723321229 0.12707628185539 0.163587131380437 0.141664725716507 0.0339362493906453 0.131890130031272 0.170198675893845
0.0147415630842191 0.197007589604876 0.0525000620362202 0.058172852484981 0.210833023824538 0.04744869732863 0.182206374501751 0.00106990670103353 0.236019930433752
0.177342143170134 0.14145687484475 0.204503730919693 0.0140604366714376 0.0833024172657466 0.05031217215612 0.165906420597 0.0576963766314202 0.105419427743699
0.134133396409265 0.0150431512394336 0.0482179625621742 0.113709821598149 0.115859277588338 0.176776392698562 0.14053653775759 0.210847075661956 0.0448763844845319
0.0204462826563604 0.0462047933942168 0.137406734902257 0.193316221874612 0.126689940660463 0.167724770715824 0.135027778119088 0.118188293235802 0.0549951844413764
0.149270909186721 0.108375983246252 0.0523709782849592 0.156968734615146 0.0292638822819682 0.0490996247654655 0.197558893821863 0.186222605168277 0.0708683886293482
0.0661473635389047 0.0260751556307829 0.0603206484879594 0.0550914832600931 0.14515635325845 0.171706761303398 0.100181746418341 0.154467075568466 0.220853412533606
0.0507213928728197 0.125685116439251 0.0601900500155148 0.0971119318453411 0.111226977504025 0.120929098224637 0.171691659736085 0.0974007115958536 0.165043061766472
0.039557401772343 0.163831647663442 0.17933755893384 0.232535387295794 0.0681179291650512 0.0679449776223249 0.0593691833007758 0.0461812294636841 0.143124684782744
0.011373254795701 0.167490035532423 0.176997766385588 0.136210196383289 0.0244951095123683 0.0335891194860374 0.120383560800719 0.165606370815343 0.163854586288532
0.0861083030811508 0.123926695487153 0.0703317016619749 0.13315844514998 0.032405399584175 0.164002410368167 0.120156863905769 0.139911327048558 0.129998853713072
0.199817348774215 0.0314299112120171 0.0685933552404621 0.174470215186643 0.0897428093086974 0.102808196413831 0.150955178227372 0.12753554816353 0.0546474374732321
0.285767714952368 0.0434190450594893 0.101456902138946 0.0343395922521052 0.20332834354233 0.0782873162427952 0.13369348632311 0.036491409416469 0.0832161900723874
0.0756660494715361 0.214210364579059 0.158845346901453 0.0600211469727158 0.0403790660152425 0.0879371016564832 0.0244411026206042 0.18439984660925 0.154099975173656
0.290870181890942 0.0617839889253171 0.0679285037714605 0.113649710462992 0.0335835296674078 0.0961162901051864 0.0787538165242479 0.247024815948416 0.0102891627040302
0.0104304676688338 0.234516477864031 0.201878965674152 0.0191928905496042 0.192296755652052 0.0635310206669515 0.0864358439670413 0.0892048714978412 0.102512706459492
0.0968534998018083 0.00551806171071665 0.0766805269594515 0.237483342430053 0.240121326148044 0.0665054593855379 0.00609730467715635 0.210434294928799 0.0603061839584332
0.238464919635911 0.110041093056051 0.0313182042700758 0.026261595310819 0.0168005034171573 0.19861589122836 0.189249529266857 0.159035019050537 0.0302132447642324
0.100671527581403 0.0630469504574037 0.101060272467153 0.050981003910612 0.108765615082853 0.151930958541098 0.112586645837715 0.0951445802904968 0.215812445831265
0.11702063775704 0.0692921339031775 0.181666497712752 0.0640713182038772 0.0317336668503978 0.286261921160201 0.109124750404857 0.0102476232844294 0.130581450723268
0.0944084847813901 0.137567781787955 0.0993285183375305 0.0478931635639815 0.0379344005175082 0.0491110070451557 0.249169807666384 0.130992109699143 0.153594726600952
0.0655345189237937 0.104979291024723 0.0870433705986913 0.160417187374931 0.0108660896665935 0.186667045319024 0.127290911110158 0.101164783161673 0.156036802820413
0.145767361418618 0.218012533494398 0.0690178915163701 0.108985947132679 0.0610112161534897 0.000189267731355742 0.177025808303551 0.112725303871711 0.107264670377827
0.127068275153483 0.162723373724526 0.046528953159475 0.180952265923192 0.184231980524568 0.0622145717461663 0.0924731912127296 0.128507524286433 0.0152998642694269
0.0217031167434121 0.0849845438905667 0.0239999388912943 0.0957643127022435 0.232011931641916 0.148157500783426 0.162114597229612 0.0468431780507351 0.184420880066794
0.0254279357268263 0.164558347199062 0.175429911182246 0.144403739445264 0.147551448175721 0.0510941418724325 0.0116883475632391 0.165213876272101 0.114632252563108
0.0422478069603503 0.095583263350192 0.0744316555364367 0.0616055150360062 0.167261348576439 0.148101075218502 0.178438193325996 0.137042081288406 0.0952890607076715
0.194881527523909 0.106326403176504 0.197947159634542 0.0128609772851586 0.120919973348812 0.197081201840782 0.0230988395059014 0.022541532515584 0.124342385168807
0.168321330638008 0.0742418518828163 0.0422008549149147 0.152294573702541 0.0553576050434371 0.0172851444715095 0.233597299671451 0.210430385235395 0.0462709544399276
0.179167620326773 0.0822230534268702 0.0354852886277575 0.184085403081228 0.0357766524541172 0.107764333283297 0.193350039192524 0.0776370670241805 0.104510542583253
0.118080961526463 0.0886666873394265 0.0664089649713829 0.103059886477543 0.0332329900491508 0.0183455166539278 0.177326859610495 0.212917921069598 0.181960212302014
0.103676520449089 0.193661453204151 0.0717223252225621 0.18207881382507 0.0904364068363444 0.0115822567596011 0.015040219169474 0.184362428211766 0.147439576321942
0.140911443777965 0.25637971573591 0.0172297709364169 0.167654194194019 0.038530508557092 0.108434555654012 0.0397055244828751 0.106423755959335 0.124730530702375
0.139437472446369 0.080000346448042 0.181302952088883 0.206099268305762 0.0334100955226169 0.0480166588652218 0.198866834841415 0.0824088035461811 0.0304575679355094
0.0663919588426444 0.0675501302521432 0.119221012726103 0.0613015797879635 0.188376453155651 0.213071007525037 0.0713318597055774 0.0794221905667037 0.133333807438178
0.203666856004444 0.117991537426375 0.134853280480344 0.0459150801486191 0.0490986227956539 0.0349814063177372 0.121233475646262 0.054385448179032 0.237874293001532
0.0980231496829936 0.0484995392856812 0.185949565933282 0.159800884914402 0.0393639332553645 0.177773517122238 0.0827460057019249 0.0861207272431662 0.121722676860947
0.0537015758985984 0.0674150440548263 0.144731911510034 0.108992487767104 0.139373748312453 0.156883057416716 0.158348273856601 0.129148061648819 0.0414058395348481
0.18576120167805 0.220186528877149 0.00730380789169426 0.1961142028796 0.19969723144263 0.0286260506266136 0.0199302484026781 0.11342822680139 0.0289525014001962
0.0505825824386049 0.183207230732029 0.219066230189765 0.0946312611578694 0.11179931015799 0.151407737963345 0.00380856863601326 0.161432539374344 0.0240645393500393
0.0765423081578142 0.0648216063210952 0.169227426614559 0.128860846580562 0.173958745480776 0.00650969470489921 0.0506261147605527 0.164993675840668 0.164459581539073
0.126868724537127 0.141967009438684 0.0505146572522261 0.121119238132493 0.0600328473021244 0.2115135526203 0.0319328485056118 0.0599002407687484 0.196150881442685
0.178856621231943 0.0927919785686646 0.0110423231438623 0.0982229333800858 0.14815951198746 0.107687796336121 0.176685792434971 0.160717789376568 0.025835253540325
0.0552183149990016 0.107379198475133 0.0842904571435722 0.164383669003115 0.167357203036831 0.0660732847083478 0.0814972857579019 0.139916813673071 0.133883773203027
0.0149171474698436 0.143244211953759 0.136242991955405 0.14520018824196 0.108514208080991 0.0800252899966023 0.104368732538587 0.137968496069703 0.12951873369315
0.146854430142678 0.0359443579525215 0.163369501850819 0.127903968804555 0.130720293092254 0.155106718030686 0.108677078128186 0.0716255108746647 0.0597981411236353
0.107527974223439 0.0670656787594845 0.061763113287627 0.145936573548249 0.0918563649321827 0.138844444481818 0.197516234353927 0.0756152538642276 0.113874362549045
0.111838543292546 0.0320101961956107 0.2365778629697 0.0374965656676262 0.119306329138968 0.106709846243607 0.0214511144014759 0.0903157862956171 0.244293755794849
0.03610871244778 0.0872469516626851 0.218351186120429 0.122537041350005 0.16573954196172 0.0850421180748744 0.0723325431663692 0.0606596648474841 0.151982240368653
0.106674144411713 0.120727275335754 0.123886408379986 0.117084083294278 0.188392649864946 0.067029668653239 0.0711399611349274 0.0995930054059095 0.105472803519248
0.120566478452707 0.214886997186957 0.175024651268752 0.0996895672272777 0.0492734104578427 0.12755347383663 0.121475501297749 0.0573407855652874 0.0341891347067969
0.149587080675827 0.141170642674919 0.117937667120259 0.129750081039199 0.125058995549489 0.0257486454777929 0.00925716932700576 0.217527395070551 0.0839623230649577
0.143442835327625 0.115749106026354 0.0827866923924493 0.147618252125787 0.00474628397987689 0.0904494568721875 0.109519314842427 0.103070234615856 0.202617823817437
0.13757326922267 0.187308075754909 0.0296506859355527 0.120638166688822 0.173632263329452 0.0644710354493061 0.128353856674534 0.0127871904512647 0.14558545649349
0.167377908987248 0.167574926875906 0.174409248063078 0.0366788056192886 0.0215680437540435 0.0354687008191688 0.185696433186848 0.0637466378287337 0.147479294865686
0.0851056473029846 0.117126236137258 0.172635707132895 0.0817387854880003 0.107917276516898 0.112472211450927 0.163068558856086 0.0549775097570163 0.104958067357933
0.0143691986656804 0.0255712874858227 0.00013595086726041 0.165184745646124 0.190178715444954 0.142181620929278 0.115578664781278 0.182309671954429 0.164490144225173
0.0231880854784238 0.126464182407881 0.142502926302342 0.0889252841958983 0.233796216980159 0.00818426295494602 0.134845811285011 0.119314644358673 0.122778586036666
0.0208332812657638 0.226868062912213 0.0458766126360797 0.137268411220828 0.0984094348233061 0.22317156322349 0.0991460798117208 0.00141327843896918 0.14701327566763
0.0110994478185018 0.133055471998432 0.0742003134982429 0.157607384292243 0.0576976662256032 0.155588998749073 0.161454036238513 0.11191417651816 0.13738250466123
0.169550776508669 0.161936582050494 0.150335968547789 0.10513554241378 0.107144314354041 0.0156454995735486 0.115341344666806 0.114833235925449 0.0600767359594239
0.0125974960854532 0.00648061767840426 0.0459139262106349 0.131572684027915 0.0339498427863136 0.00152294916432422 0.330550683648903 0.225166722868062 0.21224507752999
0.15092902331777 0.0969966173120298 0.12394299204273 0.0583611243563645 0.227071252313522 0.048324247227913 0.0610795125156318 0.150518933604689 0.0827762973093512
0.00543586307503304 0.020027176866201 0.0133497509865189 0.19660214873772 0.207537217783082 0.179910265018813 0.122850079187318 0.128472609190474 0.12581488915484
0.206552495089052 0.120517911447526 0.00372188540487896 0.0401195944885932 0.0499182026450268 0.140808336806666 0.167947618224585 0.0507360103514737 0.219677945542198
0.101571626516369 0.147872267765546 0.0679449876142019 0.190256904603211 0.131381766279968 0.18320650499053 0.0853540330604306 0.00730568624374909 0.0851062229259952
0.198557678903817 0.0598277910102356 0.0581489386593974 0.162017802710902 0.00691489585632657 0.164015152374094 0.0307613394002132 0.126076129107602 0.193680271977412
0.0195014592479449 0.103936417173073 0.139243639326328 0.165798549488933 0.115217122013378 0.15967559170837 0.160665297442645 0.0987579194192524 0.0372040041800769
0.117354611781259 0.150509412155693 0.192569486715158 0.0885387513221717 0.0404369174616026 0.0846494127974051 0.0916900853762683 0.15650184909034 0.0777494733001027
0.0126558161575539 0.140822623481245 0.0230154182426954 0.0184084209917284 0.159231192621961 0.193951588219658 0.204964852980211 0.195012529671784 0.0519375576331629
0.0327687761761218 0.112893017538649 0.108786345392876 0.219865408886113 0.0681625533162968 0.176214995132547 0.105243641660312 0.128696768746912 0.0473684931501731
0.0825133276236656 0.122446834427288 0.00329924314133907 0.216574836627493 0.146105703989393 0.157406587870177 0.0149344555959898 0.106599279076239 0.150119731648416
0.0511812837529687 0.126492719749051 0.00320894348428915 0.182457576879708 0.0832421022877068 0.145233383309304 0.0958858356653657 0.183239521293587 0.12905863357802
0.162510495302131 0.0635920011739228 0.203982088668455 0.126896497592568 0.13401168963998 0.0152855728818175 0.0910442698413719 0.00686168962118519 0.195815695278568
0.155488763795924 0.0981715599952376 0.161730146496327 0.0667197042787605 0.192346085832509 0.0469818560504962 0.043946305304328 0.118984990770105 0.115630587476313
