0.0349061987210794 0.170756520106742 0.209162874054727 0.187662175011329 0.0848679671421658 0.0501263816953853 0.0490875669324893 0.126645880200325 0.0867844361357569
0.25392471370763 0.0827265171138977 0.208430489389526 0.062242142887465 0.029332517247805 0.0036357808323412 0.0601958970995982 0.186221817590496 0.11329012413124
0.00956628020328231 0.187186008229668 0.144199606890744 0.0888433431809962 0.128984295712057 0.0858303680956602 0.0936616167413555 0.184673580682007 0.077054900264229
0.089133326459395 0.153497080076452 0.193785504433533 0.115412075683591 0.131817218212298 0.0325866752550013 0.169767638196131 0.105481430982968 0.0085190507006299
0.156371901519177 0.0527749301052454 0.0586766297611343 0.0994580538941167 0.0703031351150891 0.101133532677884 0.147171839848104 0.156836801280609 0.157273175798641
0.160589839722276 0.0155943495028027 0.072910579612169 0.157247545415422 0.135023170639494 0.0880797392822549 0.203653986135613 0.0441480188927246 0.122752770797244
0.0331148070119334 0.126107688580874 0.234934606757313 0.162392695024709 0.09803311079966 0.0098502428713903 0.0119863679608856 0.0425543319656691 0.281026149027566
0.186220398766768 0.0461857069881054 0.0650337106803596 0.145569807651786 0.0827704325836294 0.208803888937349 0.0740540118151375 0.0469378149807044 0.144424227596161
0.0318656689351547 0.00637152125771549 0.0450326933641998 0.0660616570535256 0.0449866510690532 0.0295212056611864 0.279871396465036 0.308421495953719 0.18786771024041
0.117787626439625 0.0390870917974301 0.0564825976133261 0.295174596697942 0.197620153436642 0.0539258628532086 0.0346478202324653 0.0333936209015497 0.17188063002781
0.0548632575608423 0.169571376030954 0.0817421726389263 0.186980486221517 0.12862594881603 0.0716055506609353 0.0393410022938833 0.0173495979253115 0.249920607851601
0.00990111110020548 0.0584470398624237 0.138028442613793 0.156348595299511 0.158587323067832 0.0143389704293638 0.13583796448364 0.157668571731624 0.170841981411607
0.0842476260578679 0.107445998341048 0.0723179967843176 0.182748462758949 0.170157797988723 0.146669068932041 0.122108242406097 0.108307878688085 0.00599692804287076
0.119029528822059 0.0622890848784673 0.112402093653634 0.154180920331113 0.106732807564197 0.0928445121709374 0.117454132351208 0.0877004918696527 0.147366428358732
0.0297099672481838 0.140519622841906 0.170823374692804 0.017911213621841 0.139577655240056 0.000908557771093042 0.19547543546529 0.198757452738938 0.106316720379889
0.109483673939962 0.0635290954116339 0.141975691009272 0.137158155980473 0.102663717146774 0.135784263141025 0.119426394900234 0.0678765750457084 0.122102433424919
0.0654365623736804 0.190899675526082 0.16261913088509 0.133858149581968 0.116408837790797 0.0142443896982475 0.0918020488446971 0.212972418025664 0.0117587872737743
0.0941885947708204 0.0595399442477865 0.195749944162553 0.123185250848423 0.124506458281206 0.163866228906372 0.0984734279581745 0.104023717121698 0.0364664337029663
0.00323827618573714 0.037824151990353 0.191509012000607 0.153734930190793 0.0566584720620736 0.0726297049492182 0.1218283543727 0.215194749611664 0.147382348636855
0.0906717834851581 0.133812625883673 0.11725304587177 0.0366640304342986 0.0771652388747588 0.17912942925607 0.172381607760426 0.0155277405939333 0.177394497839912
0.0447073476108753 0.131009755598102 0.217021123922528 0.1998624767092 0.249966403890109 0.040453442400945 0.0363036103449214 0.0677262482989795 0.0129495912243396
0.160441753126029 0.0891404822878374 0.0660778638368336 0.0381833145613791 0.148637483813566 0.0354273830566988 0.0495756624359961 0.19726915116631 0.215246905715351
0.150757942772599 0.174518685958972 0.152561022112346 0.131679000734063 0.20176575126982 0.0252367436110857 0.0619229675451518 0.0510357376224246 0.0505221483735382
0.00676196262991128 0.127050869530798 0.0778218455753666 0.161666417467159 0.132076177807491 0.122222384792233 0.163131630868936 0.0998997500775521 0.109368961250553
0.0664788425546329 0.18429510512885 0.164065329889437 0.0533493501689506 0.0632931431899096 0.0125847260606892 0.162379422838683 0.133656309635687 0.15989777053316
0.00321086352369105 0.101844983188358 0.155190665972226 0.192502482689203 0.0537874781132252 0.0625832462670411 0.199503487803938 0.152331701313932 0.0790450911283855
0.0717753255785008 0.0851552984295058 0.17677755917589 0.125189961481989 0.128265094451085 0.0771894385108634 0.165810980754557 0.0520674144492249 0.117768927168384
0.168254507400353 0.149678383099197 0.144599620810907 0.143476073581991 0.104387004131707 0.0458708736700911 0.0751042060375604 0.062009918328976 0.106619412939216
0.185546692000849 0.0757638235357261 0.0436296508856997 0.0228552129946912 0.0454266306828062 0.234761941070726 0.191451405978791 0.109597784935396 0.090966857915315
0.136496637893421 0.184615928455601 0.0821844937290066 0.141706261423635 0.129645397953311 0.0449170173235139 0.149248617756241 0.0462170851598706 0.0849685603053999
0.147183970887059 0.103307158487737 0.0772367498944148 0.170146492734331 0.0474343207785135 0.0650854636853373 0.102801866404765 0.146711395195308 0.140092581932534
0.167947344445716 0.207180962999548 0.196723013725587 0.0264717713453657 0.00454993416978495 0.0345864385019636 0.196614577677852 0.0774491190444749 0.0884768380897081
0.0602257288556422 0.0137596675569254 0.0767224853970447 0.0362640111937184 0.0925050119712871 0.218773826278828 0.132601812450758 0.204340746535713 0.164806709760084
0.0232732634910464 0.186360547217208 0.150929469135839 0.0610244315265938 0.0241570586598771 0.209829138137189 0.0494438113144877 0.207581882762278 0.0874003977554807
0.181585832436324 0.191922699949488 0.0790102812227909 0.196993897972288 0.0909199149820828 0.0117890510245036 0.0327739026737998 0.201701728302427 0.0133026914362957
0.203886083488599 0.0582193808060917 0.0253260391316172 0.148990749125427 0.0197214894983674 0.22541809436401 0.0467725687135689 0.240274878024386 0.0313907168479326
0.0249297538100966 0.125877514305998 0.158783555024098 0.130616045675786 0.130741825436742 0.0402492025241609 0.105292905863761 0.12826454406887 0.155244653290488
0.140582075033434 0.0250335453419556 0.165195983516047 0.00818514005276213 0.172589235573424 0.0753554619394413 0.12015365534781 0.151316116911685 0.141588786283441
0.0850682816644954 0.121246876444119 0.0740939359332438 0.0624022624847704 0.165900186897432 0.038672538609587 0.127493181248632 0.1512287660386 0.173893970679121
0.0195366741434554 0.0531176601399145 0.0208843739179204 0.185476316802442 0.143711301804749 0.0335113813847279 0.212751829908036 0.231346387681052 0.099664074217703
0.00477966016047152 0.137724524568269 0.142709203520288 0.145715558372602 0.0800721535846164 0.113795993008275 0.126371799882835 0.120611610977519 0.128219495925124
0.16353574536152 0.192806763950825 0.0158758395033922 0.0331900135376958 0.210525265395357 0.120105212516054 0.071056952769008 0.119879560439994 0.0730246465261535
0.10705573206122 0.0702390268963202 0.00330254119812261 0.0251324680868447 0.00830491617768696 0.0917490049631576 0.221405171582831 0.253425539534336 0.21938559949948
0.031212524289544 0.0298741149199891 0.251728069812142 0.142842871733807 0.0417882323903603 0.0429702956706192 0.19042537012672 0.255808135915858 0.0133503851409615
0.19549129601246 0.128289914274157 0.0878873936060263 0.000984993690155313 0.0870949500759006 0.00680102284509839 0.0898584578284877 0.186311968930951 0.217280002736763
0.21382975865548 0.143231767657069 0.0159331987753191 0.0740766660098976 0.169408133181757 0.00481273123777337 0.22515809948704 0.06822920319202 0.0853204418036441
0.0213076156192946 0.19954925516179 0.0476878469819199 0.295124742797328 0.00186369825955212 0.12725658192405 0.0535199201888541 0.221018804197579 0.0326715348696319
0.0709228933979501 0.105330283931439 0.23766555386068 0.17441358659441 0.0395231970766131 0.035063048646879 0.00809927147496702 0.138826361735863 0.1901558032812
0.132869324359794 0.0166640834891068 0.0486309036785954 0.197493625313306 0.160521363157511 0.11788439300368 0.0692218237369363 0.137819684933088 0.118894798327982
0.0178403497408685 0.118275399251376 0.105724042842793 0.0168932465920327 0.197893904404082 0.0624521519953053 0.0978319609600133 0.212076831780391 0.171012112433138
0.120958744996705 0.153480692555309 0.189234306747291 0.046718855739732 0.202656698407398 0.0269772001336348 0.0330128705109991 0.0490624475810819 0.177898183327849
0.112449712856421 0.126392171240994 0.10161564942577 0.0700509716923193 0.144819819087355 0.0944359881201195 0.141163394586526 0.0970648434245795 0.112007449565915
0.0548757870062285 0.0710925315167061 0.0830589659891221 0.138613370670406 0.0174450791853447 0.161860568665195 0.102860181813278 0.190865451441532 0.179328063712188
0.130371899958381 0.0296693543328628 0.20199422261756 0.112755563216011 0.157148733704663 0.00111052107098243 0.10521571717119 0.0733516923515647 0.188382295576785
0.0715124790299458 0.0414394225511987 0.0561521340222098 0.193716582503758 0.17771704412401 0.0808820026081304 0.0215767712259073 0.166134753431762 0.190868810503078
0.146255920487063 0.153614974142955 0.146912181147692 0.10278965526105 0.158157000869114 0.112027545785469 0.011211823770914 0.111341354649289 0.057689543886453
0.149462606920994 0.0695794442945941 0.0100419022233464 0.132998561919549 0.0821915939337678 0.0922445029039847 0.116292374836859 0.185697549478553 0.161491463488351
0.0338628020196633 0.104573297856308 0.0504025925744098 0.0478141711163532 0.126905216135641 0.0591830252042202 0.171290814127026 0.200562858353265 0.205405222613114
0.100441934209248 0.168807649452928 0.154683711699754 0.0630906752089781 0.208380761941768 0.0205671328080618 0.171101293650917 0.0592834918856081 0.0536433491427366
0.14524419246987 0.102906487396239 0.160995348810727 0.171651686195486 0.0134513809487752 0.101362620037437 0.108810008892614 0.137914415649631 0.0576638595992201
0.0776125479556806 0.103815551378103 0.171636678136022 0.110633930203953 0.0290419842445496 0.171931956954783 0.144067797115356 0.0870824321254707 0.104177121886083
0.0580509255542008 0.0275127457933345 0.150021129568214 0.0898033604249099 0.194298757117403 0.170016702359007 0.121224944130492 0.11521456292922 0.073856872123218
0.227604946452552 0.0744639707967283 0.12607550824961 0.15908371067912 0.0327402080254169 0.133184316041935 0.00335582797651937 0.0896072601656229 0.153884251612495
0.153854659549564 0.149614879324535 0.132609823068044 0.0602405855728117 0.0371016141210745 0.150636499078541 0.0468303522499756 0.0882894524454613 0.180822134589992
0.0165993471711502 0.104153744612252 0.0944277321725826 0.196549972365363 0.174049261336167 0.190060451061893 0.0414559367171577 0.0497322608708115 0.132971293692623
0.18416985702971 0.179760086224197 0.00676142841812146 0.0474864287320365 0.20440157718445 0.00806697833699187 0.137720916314133 0.16605164684695 0.0655810809134114
0.201125474844649 0.152592597093456 0.100404227968667 0.0509879460630372 0.082307980132133 0.08306284670525 0.0555492650525369 0.222815006713117 0.0511546554271547
0.00716585575940694 0.0139041162707615 0.0382299252003609 0.103368947945395 0.238541585959002 0.11591673448797 0.00637175089126158 0.22694430971707 0.249556773768771
0.210489634969779 0.0501887993513385 0.287377887046209 0.131690624626543 0.0226317304319015 0.199788013138564 0.0240144407582881 0.0681997042416847 0.00561916543569212
0.15259435366309 0.000717998296208704 0.2094896942804 0.0660009126762622 0.193485456577141 0.0759610197099817 0.106417111997502 0.153871683718511 0.041461769080903
0.0458687079019199 0.00731341586595916 0.15009528216541 0.250742821016022 0.00456387932007277 0.0776319235439169 0.156725108805645 0.0395912778485846 0.26746758353247
0.0970584132041757 0.302365960311228 0.0691488712189262 0.25627574096023 0.0073962556734733 0.0559052706876317 0.00303673899761577 0.0272429094638822 0.181569839482837
0.118776053763179 0.142325648196346 0.107735253005611 0.12223671467288 0.0974017575654127 0.086978611136396 0.136985714966932 0.0438277024455304 0.143732544247712
0.0577041463777173 0.168370068862875 0.0761050971189732 0.145652994637953 0.0848024722893958 0.13715084898022 0.136645621402285 0.113656342135328 0.0799124081952518
0.132803851038053 0.123132416711474 0.0963823541302159 0.090074699139286 0.12819311284114 0.0705004963188732 0.0927384605928615 0.140734711067616 0.125439898160481
0.0824137308310842 0.11372721576185 0.0662649647133454 0.152537114126135 0.0817486853610016 0.0189899894695044 0.161444066498126 0.16532683728331 0.157547395955643
0.141839628463813 0.140209671746907 0.201598973845644 0.149524081719524 0.0552649773403098 0.0506425361367521 0.160334320359841 0.0522144798791433 0.0483713305080656
0.0901156507412589 0.0427665601528285 0.106315564915643 0.157937912214644 0.0965518523847397 0.127012801894161 0.114756401963525 0.152221800999782 0.112321454733419
0.0915614037493135 0.146713024605303 0.0392327459285063 0.239162799978076 0.215905788696472 0.141632415881655 0.0495270684123821 0.0273696976285512 0.0488950551197404
0.19690238200891 0.168156580581332 0.0726056285584677 0.139493809623321 0.0589870397304795 0.12621744705746 0.00719850451496923 0.0358847150670475 0.194553892858013
0.24174395582063 0.155117298123279 0.12028739167301 0.103366198612157 0.00874582763136372 0.261282554818332 0.0837718423339729 0.0146976506673196 0.0109872803199354
0.16585856321252 0.0916487810808032 0.0818552014805771 0.0357196224209257 0.147881640087669 0.106983632511343 0.171355657450234 0.16071154444656 0.0379853573093687
0.146391725557683 0.0517643009583071 0.142926276869407 0.0833148821727538 0.0592550071387276 0.227618869966288 0.0902048327469946 0.115525818840241 0.0829982857495986
0.278368080815257 0.0470427006967194 0.115998301421392 0.139251010145748 0.0758937757418047 0.0931436088353251 0.0634100881164423 0.0703598557683465 0.116532578458965
0.0436701129161182 0.125334104052436 0.179038704407636 0.0905659882346297 0.196947032777066 0.0765535182701405 0.104902663219964 0.0123070952616807 0.170680780860328
0.222544906337701 0.0116800719068185 0.125465438547798 0.146765035225564 0.226925384546572 0.015474770987793 0.0650123665012905 0.141841952876908 0.044290073069554
0.0773480145320234 0.0213975751659507 0.090525123377133 0.152632975225573 0.201890705739198 0.148251852617581 0.0752889961736908 0.0285778871171338 0.204086870051716
0.145748043127738 0.0442143011129635 0.032037905528458 0.0966714629172226 0.174828811558614 0.00040374104639121 0.199504170902691 0.148509815820913 0.158081747985009
0.151988667304367 0.0849737186955649 0.0442583163921591 0.152747743678251 0.158236618490272 0.120248160173438 0.0775570373549882 0.148097329138089 0.061892408772871
0.232392825957533 0.0909961189282942 0.101820585743364 0.00713783413373752 0.0877706558386534 0.0282445725760281 0.0131385443544877 0.305865363838417 0.132633498629485
0.110304023814126 0.156239088686317 0.148541833038559 0.00536913805167189 0.162128234888521 0.0604278809039369 0.107974898112068 0.137176368511778 0.111838533993023
0.124016122065322 0.148704434352042 0.122330526124497 0.0648755442549336 0.102870428734002 0.162449362338811 0.109681350976308 0.101926054560559 0.0631461765935254
0.0554564911714921 0.139711995583583 0.133199842309725 0.122480881625227 0.0834427937491534 0.0648991510678044 0.0722044523420026 0.147866105484033 0.180738286666979
0.208801408005474 0.0229568770147837 0.0972722139974775 0.0622007628506792 0.0493161584704793 0.110505073577701 0.102228052456562 0.186045992295739 0.160673461331104
0.124650368701785 0.0734751654259473 0.185846698300939 0.161102340797839 0.034195185498707 0.135925031792231 0.124904023694004 0.0495675219184555 0.110333663870092
0.0758790572431985 0.0965267036893599 0.138936979135458 0.234836676150775 0.115211018233444 0.0658053470796562 0.0839605762061803 0.142226689478223 0.0466169527837055
0.100683841567972 0.101095887939341 0.0330007572160601 0.134914676289318 0.020232596899019 0.0754729201821503 0.191509026023063 0.183781860246894 0.159308433636183
0.0113323404448711 0.160033863647989 0.0695887934000273 0.115521324218348 0.00977692598065375 0.151969276679399 0.039400824073611 0.220738806607876 0.221637844947224
0.24135695732984 0.181568904438404 0.0393263253470888 0.0777326122273497 0.218786732054941 0.0404833707749133 0.0105437341292772 0.0182062653898493 0.171995098308336
0.0887968757265574 0.172979513628006 0.0443273901712532 0.00474161341472111 0.135026874905694 0.231180497001102 0.139378557357232 0.0274992999071799 0.156069377888256
0.198609357195665 0.234569255704413 0.066344280961221 0.0384097747162743 0.128885724998828 0.12310647560226 0.0191012385203742 0.185575911638736 0.00539798066222876
0.294258376108381 0.160298399484257 0.156960967890431 0.0554173432628133 0.0280364516085171 0.0870006067533929 0.176963634917875 0.00852340699233923 0.0325408129819946
0.00241214420322602 0.12364923764523 0.0993623915040382 0.0633611511679621 0.207288596145813 0.019132809757957 0.205341815777132 0.169969187827339 0.109482665971302
0.112801057765918 0.0976541454909508 0.0383942482440002 0.236067763395616 0.117516386207945 0.19664512770173 0.0482497185400551 0.0374243776248302 0.115247175028954
0.0952673005351575 0.123412517907289 0.137331027214894 0.135996676876914 0.111737962872667 0.130202064756648 0.134153194301257 0.0689689706731052 0.0629302848620687
0.23117327297891 0.0411959532108401 0.0144278772264374 0.217053103182205 0.0519357434384988 0.144226425445592 0.0270711509174427 0.203645879352672 0.0692705942474019
0.0225046432012209 0.260871008718546 0.0229104916445072 0.124522805843979 0.0549686790651055 0.0736881739770748 0.0563398352053114 0.189837294938432 0.194357067405822
0.21840176733534 0.0921199916904572 0.0143132699384966 0.176354808806448 0.155352128036289 0.0323783343178786 0.0327562272152197 0.113939352551576 0.164384120108294
0.219712574186998 0.18106853469648 0.0167335328779855 0.118457864914848 0.228290517267613 0.0258751061285114 0.0555910380655342 0.0373433935818491 0.116927438280182
0.0927567579256805 0.103838407251679 0.0621235931894052 0.148949101750812 0.156030799906449 0.0787083743478556 0.0141879664241944 0.172601578339156 0.170803420864768
0.116106720868714 0.191441388746883 0.0492431658342632 0.178027748113439 0.0396289091195482 0.131116916820965 0.0792580453855493 0.0634381821869814 0.151738922923657
0.0779651249351315 0.027934272478439 0.191201080997683 0.0561635310723029 0.00908399046004728 0.00917314066386389 0.258849333659184 0.131972626907122 0.237656898826226
0.0173943005452837 0.125585563192412 0.111770179929668 0.0319714696331875 0.174797555093375 0.192765155453781 0.0827454845218143 0.162678004861009 0.100292286769469
0.0362877276955399 0.0926899383139887 0.15011973339098 0.105639885561503 0.105316719174514 0.115411456222126 0.114665314282402 0.0719205967491938 0.207948628609753
0.00443339156386811 0.0501004612476984 0.0505037406452934 0.192417852616857 0.187035448873537 0.0381423213808296 0.14235902076471 0.135830852834527 0.199176910072679
0.172371114927497 0.195335049598278 0.0302652240946591 0.202665282315278 0.0915978576943217 0.0116113156227678 0.11115026035247 0.0261357581545256 0.158868137240202
0.0123997956732952 0.0886891962833226 0.127051361479099 0.128910714169601 0.130370604918754 0.122703072985407 0.117145620664701 0.125960400868008 0.146769232957812
0.174425529464453 0.160560796374069 0.0959413351521232 0.0949446453007846 0.123923782215845 0.0942031424578466 0.141425095568742 0.108144101988186 0.00643157147795132
0.176266245440106 0.0807091913750254 0.184630516058059 0.0791360816806526 0.0733771526907694 0.17125902178863 0.0238563186784461 0.13615946373206 0.0746060085562515
0.0178857967840165 0.0463481852836145 0.163719750969834 0.212296690819527 0.156133206160165 0.128500826613749 0.220270323269476 0.0196557236460907 0.0351894964535276
0.164451706652369 0.123541413974686 0.0240306527374862 0.145832222082752 0.0445838490931178 0.0699789712335932 0.109341528204035 0.195126401659201 0.12311325436276
0.0880279674031235 0.0864376370398547 0.0349767810206259 0.136972221241658 0.181020424290685 0.164871435063307 0.126483553090565 0.115857532556481 0.0653524482937008
0.180556041374116 0.0505805225197024 0.184665292250397 0.0394388502513523 0.145166881872515 0.0518548821180547 0.181245561666296 0.0998435188939016 0.0666484490536648
0.135533234588934 0.147608439036537 0.0250285901275457 0.0369155877851882 0.234642511605379 0.212914460283013 0.101664938911637 0.082831354665448 0.0228608829963187
0.102937101939552 0.101940004476684 0.0762283774151309 0.262711516592896 0.0629261322396484 0.0268801046659815 0.00903847370194182 0.245293782146055 0.11204450682211
0.183162295188527 0.0630788475955458 0.208655618629315 0.0954922194611598 0.145941873800387 0.11183754755741 0.0159043377099403 0.00603461430094855 0.169892645756766
0.133582088420943 0.220569528932034 0.0507721597584337 0.068030127221824 0.0599434041240381 0.0697126591011205 0.130852941336421 0.0936486811973273 0.172888409907859
0.105390277471495 0.157171452191135 0.0910011028616881 0.177382932249869 0.07967854726233 0.125303112493632 0.00737072713704886 0.137207244460228 0.119494603872575
0.136981060961762 0.0941695951459085 0.0326526827407843 0.119463003547359 0.0394010646453523 0.127012394198235 0.186661878107645 0.214535203835244 0.0491231168177095
0.206621421147879 0.00382097932081437 0.20978954306082 0.184877565187855 0.102096717922425 0.210216354595894 0.0315268451835429 0.0227942518371001 0.0282563217436692
0.000575699247374911 0.164605748384709 0.0825343914239009 0.139236526001695 0.102107979813037 0.118241564771766 0.0912037724374267 0.168164242549147 0.133330075370943
0.116080749133582 0.0616058405981857 0.203967545568386 0.078425317977404 0.126954662008539 0.0481302348140944 0.223807405710294 0.00327342727780322 0.137754816911711
0.123269171664689 0.177820252173019 0.0370041251421011 0.0216015822874908 0.215369517374568 0.106931240157514 0.0320338574814431 0.0737954699550833 0.212174783764091
0.0682106998687397 0.197102319985923 0.0624647033605925 0.157456115983027 0.0460371581740023 0.174288512040462 0.0299800860447622 0.121169121597078 0.143291282945415
0.0508533171317281 0.0646754000360252 0.12984008537921 0.0556796036865687 0.178332871694211 0.0535320856198122 0.180056396372179 0.167938679405109 0.119091560675157
0.0589711912540826 0.117383101487315 0.0784092457336456 0.0300271371603033 0.131157026048556 0.185845839086198 0.135838547559345 0.13704516718361 0.125322744486944
0.138534935294783 0.00674450204948199 0.10514293902808 0.0974570293267043 0.14425049497395 0.108630159895978 0.152246648484499 0.123596319834527 0.123396971111997
0.131893781650872 0.16273199161023 0.0815763255537271 0.154199125897319 0.0549726783045186 0.0530358310693957 0.0481731364739007 0.283826140541068 0.0295909888989679
0.0350777482731717 0.122534053851731 0.2355079252072 0.112331095148322 0.0108671673081639 0.129074022604783 0.0473426241215019 0.103979400978644 0.203285962506482
0.0284751851605326 0.0931094093669003 0.111322520066498 0.0440953787382874 0.148529999236182 0.152235348839385 0.156053090652563 0.132224238612474 0.133954829327178
0.0197622578030995 0.0285578279609513 0.0695896025116995 0.181790187233781 0.130859518294802 0.224020120878744 0.066953401433786 0.236600895352606 0.0418661885305297
0.113548477941157 0.197248326786185 0.215922830083995 0.000398281796315717 0.0335591688361369 0.0659976865003921 0.119400481110012 0.137090703119913 0.116834043825893
0.0033407167134225 0.0606600493040395 0.0723876326300887 0.135662521947994 0.197480015744956 0.0551147802258716 0.182133103357273 0.125569412519765 0.167651767556589
0.15091980939445 0.0398908680723651 0.0551538703028296 0.154714350531197 0.069426532813958 0.0884698555389421 0.203406594007535 0.169437181106298 0.0685809382324253
0.187194286337912 0.0432594586995156 0.0733502629194661 0.203141669295206 0.160361998836482 0.103096522590449 0.0631334010582427 0.1236271341572 0.0428352661055256
0.0501533849490092 0.184178089426172 0.0974505498705737 0.160233319578896 0.173622360145718 0.027293600139018 0.0831487392052942 0.08122663061504 0.142693326070279
0.107724392201973 0.0969604282945471 0.17058818288406 0.0915460633298002 0.0670986549472814 0.0426839723759855 0.159944216434535 0.0581725140653949 0.205281575466422
0.0474497628210202 0.143299486493758 0.12863906803442 0.0776663468923498 0.0459719656720127 0.104576785253457 0.15259320777066 0.182013651347771 0.117789725714552
0.0268102894920297 0.221609107899482 0.123327318874813 0.163737043815209 0.220349305536256 0.0778142185043191 0.0116145716202084 0.0945559998206276 0.0601821444370548
0.192915406806505 0.191991184901882 0.181581035093025 0.0310932812390202 0.0410209797772943 0.0144124015749535 0.21487388779991 0.0438223387118984 0.0882894840955118
0.196972349738237 0.175993655347418 0.141486166545657 0.0377074086630954 0.208031608881704 0.00365032562917916 0.0130350239601549 0.0779986449604031 0.145124816274152
0.188540257624551 0.0156852848931122 0.104234688075549 0.121459422323963 0.0451582867655819 0.193270169026864 0.129829635399484 0.118466379666352 0.0833558762245449
0.11034453564669 0.0550849108305982 0.134239569203698 0.0339530833756257 0.0778513237726 0.309452650056605 0.0697039240495971 0.175036357896373 0.0343336451682127
0.0522043739716354 0.111652227424529 0.258346254627792 0.197589976570504 0.0317471049950749 0.036185924117731 0.0106861120033057 0.122014853377496 0.179573172911933
0.0312082626915558 0.166021502966555 0.16632122529296 0.0841518301123994 0.0205434244818546 0.151918059014614 0.135378268857801 0.00811701343627461 0.236340413145985
0.161705639297411 0.0931560053927069 0.163605911836308 0.140796152971285 0.12203355633174 0.149364708200971 0.0307659286171428 0.0495574277018383 0.0890146696505967
0.0835008559183508 0.207442124522143 0.173579890731804 0.141246779782192 0.142335091168898 0.0544948223849167 0.148040057211567 0.015381554674338 0.0339788236057902
0.122009359091926 0.03013179366364 0.0774793578900842 0.153969300891217 0.136928854711735 0.165918720023103 0.120773501174646 0.069970897136235 0.122818215417414
0.210601201437162 0.144477278906384 0.00535383607445418 0.0944350545910351 0.0196553287547881 0.0718313283110628 0.0677569365011624 0.214017607661043 0.171871427762909
0.0520576221596209 0.0333652474432173 0.205377200383216 0.224345230770734 0.0755991575574707 0.0756679190055688 0.0932040204424648 0.0885444572296068 0.151839145008101
0.0268791811752344 0.212722563898152 0.223267922135042 0.15703719727655 0.166990141357345 0.00375947565512943 0.0305977679869404 0.0856786850229815 0.0930670654926249
0.0143489044062142 0.141946830274105 0.177597620779286 0.110036200571759 0.0424000963814139 0.230716758196842 0.0206873159468363 0.207375397582321 0.0548908758612234
0.05929013275535 0.248657881711654 0.156682976192907 0.0114458939780697 0.0199587174325403 0.00632161859328542 0.186811901692551 0.0985127811428135 0.212318096500829
0.124732361824439 0.168300458502211 0.0959730190603075 0.0551306134309893 0.114144697999857 0.0754197032402965 0.180148843789262 0.141014897883031 0.0451354042696066
0.0443618739768287 0.198261529294983 0.149582351527938 0.0693740090036973 0.0612845877981295 0.0210812619103502 0.180640518078923 0.139461605922818 0.135952262486332
0.0239132554462931 0.0962352891709711 0.160794836658144 0.156104252657223 0.121901994951535 0.0719851898756224 0.180131368316712 0.0154463972102091 0.173487415713291
0.147485652169667 0.146625720505923 0.163787320221634 0.0067316196422835 0.128633308516101 0.0392437879524211 0.152404302138154 0.0431446064398249 0.171943682413992
0.0894563026328818 0.142130004266887 0.0414542916964421 0.174240624068007 0.171452598463845 0.0184895528454228 0.18032235127285 0.148327128261712 0.034127146491952
0.0375534804239583 0.11534934419896 0.0834184147381363 0.0830741980600452 0.151617643989503 0.185468856039514 0.0361409295717526 0.16903827006969 0.138338862908441
0.091831787695722 0.179249560060831 0.0604088643511363 0.195656037250719 0.143757695844895 0.0618214112005234 0.166446167421693 0.0683908228593466 0.0324376533151326
0.0645645809448125 0.156247252955232 0.164253330687213 0.0725450744982517 0.111442999141764 0.158823794302804 0.164694518278539 0.0376954203326308 0.0697330288587534
0.0124046428300869 0.149867784532875 0.159392327753226 0.17210875766107 0.215158793227242 0.0568384501786037 0.0769826750879328 0.0634860355169669 0.0937605332119962
0.0183853031844301 0.148369387850613 1.52859537881539e-05 0.106013196969638 0.253308557525521 0.205931469435385 0.00943740427502062 0.0244363467121984 0.234103048093406
0.139916388252314 0.00851839421422447 0.167371173860126 0.178740547214455 0.100383223420102 0.158382944500925 0.0125974172437205 0.151409752819102 0.0826801584750313
0.0633081462058062 0.109802291492178 0.117525451822194 0.153671652416065 0.151914125229341 0.112124000541287 0.120542776073682 0.103462968608843 0.0676485876106029
0.186673068475749 0.106761572818719 0.0999554591545823 0.140226982675431 0.0372131659781539 0.0595700703810055 0.0882336032945388 0.112826662919194 0.168539414302627
0.174858316837998 0.0895723546219793 0.136307223172786 0.0702142947704515 0.108766073868033 0.156484297574812 0.116893829683498 0.0583128299808432 0.0885907794895998
0.019997591649574 0.216298893437986 0.08326709510573 0.177408503815722 0.0787007209142175 0.0570274105087734 0.0662522756759633 0.0318804776329641 0.26916703125907
0.104427261472433 0.170087764902032 0.133382601026121 0.209789155018597 0.092605902495848 0.0220824298771172 0.0431723331351683 0.171445383655668 0.0530071684170157
0.123581528646872 0.0215199787032267 0.248668678780994 0.109598525202209 0.0160130511767687 0.123742631485116 0.00705831834818284 0.164720582955504 0.185096704701126
0.0480006797162427 0.125217539088628 0.170009809403483 0.0532664388307894 0.179704949665133 0.158646879978041 0.14221458440743 0.0730600791599193 0.0498790397503329
0.167273907859844 0.0568530085851311 0.0492931103127388 0.142055541081084 0.12970912428565 0.0743492594385319 0.0873787649504026 0.158293654763968 0.13479362872265
0.121589524856789 0.106101826504407 0.00333604803547797 0.118014499691088 0.13338225478125 0.0639284634986858 0.112056147998172 0.171788447206374 0.169802787427755
0.00681593280842375 0.232340591857247 0.0174819912431454 0.158934945903281 0.27987197822121 0.070179633175432 0.0318842753421863 0.171548445158889 0.0309422062901864
0.0732064796951774 0.146245983972106 0.106077695783683 0.123065131759036 0.00640951736469151 0.0845550151010539 0.142016244231636 0.186559216824425 0.131864715268191
0.276729117389063 0.117651419436497 0.0967085145131169 0.04739459266922 0.209637687494035 0.00940363643983439 0.00260988484352669 0.0595116601821465 0.18035348703256
0.115924967184112 0.109977288059492 0.150132357401516 0.121378794780779 0.0508983287766507 0.0619421768000713 0.103436933897981 0.135971800331768 0.15033735276763
0.123746877719447 0.141395150955282 0.148942095561257 0.112333449362003 0.0676828234920097 0.0726670543932654 0.126093547527658 0.0491314094143082 0.158007591574769
0.0850988038851839 0.102188286206488 0.141625597878954 0.0929446867864764 0.146549977618368 0.0360468115316255 0.100655934372286 0.134363440738851 0.160526460981768
0.0892662387051174 0.140443509304889 0.047250180231711 0.0896548761989419 0.0839169773715223 0.200369670923023 0.0575775270901556 0.151209178144522 0.140311842030117
0.079753317138915 0.050910840378678 0.169750459415425 0.174523582833527 0.0769919407091396 0.010354633478653 0.12833425422555 0.149387917383675 0.159993054436437
0.0156987333336831 0.195130248306815 0.289572800152542 0.0588369398148484 0.142414743965434 0.151636461974719 0.0954606506007454 0.0471633079225816 0.00408611392863188
0.0602154148560676 0.155904866558919 0.175252440017014 0.0816403795793436 0.0536275576605221 0.134423671281617 0.0351840107182645 0.181086336976187 0.122665322352066
0.0432784056583099 0.0340080010678556 0.43573168401287 0.0280596753344673 0.0249375816433755 0.176669422726983 0.0864809444614467 0.0118175455112468 0.159016739583445
0.171552394608249 0.0978344003621318 0.101086964803009 0.0154436824377438 0.176830437413922 0.00701064483160259 0.0983431331329782 0.206589810232791 0.125308532177572
0.0484616760296899 0.132734861384896 0.0364920181862469 0.175219784944049 0.161900178083823 0.143722527552295 0.0284325502853605 0.151952879087047 0.121083524446593
0.164881489339799 0.144006852607577 0.00757739241104639 0.0523448402087344 0.0813580491577362 0.176495461143283 0.130623012528563 0.0757246679324531 0.166988234670809
0.0672081904014237 0.209638686670353 0.14443514714311 0.117088704003963 0.0321424541265904 0.114911446849632 0.163018821646878 0.0187856250594936 0.132770924098556
0.0722308440975425 0.123945314152199 0.194860429792642 0.19906319447737 0.0587079656132203 0.107890576400692 0.0893353153603164 0.0546708632828425 0.0992954968231754
0.0876143022236491 0.152515390131091 0.0862073123857537 0.18233052629879 0.11313645185279 0.187260063081213 0.106272892470163 0.0432253142155688 0.0414377473409809
0.0506570240374965 0.113636478928683 0.0343483688113124 0.157553812379709 0.144786435659857 0.105362358396302 0.190071052157371 0.15728205835293 0.04630241127634
0.183470758245114 0.117899838721041 0.0135200857659226 0.0853370218466286 0.160493707716841 0.0929025448345579 0.115134351664588 0.0784096799555594 0.152832011249747
0.0431653560068513 0.0403855716626597 0.186217821872141 0.0537188547789746 0.0908858692047558 0.247551499857233 0.140437810887736 0.197532698837486 0.00010451689216301
0.100138288910881 0.193381324059747 0.0226845025066026 0.117080033105608 0.238128537661293 0.0932648105547121 0.198164920492505 0.00350633475168126 0.0336512479569704
0.192765413446899 0.0546417611902828 0.068665371718884 0.165226339090682 0.119059703011575 0.181641019683396 0.0732465887291064 0.0117263670109417 0.133027436118233
0.1196329086504 0.183338511950919 0.0757184933549984 0.127818783550047 0.00645952158292095 0.11747602186699 0.0972589350642174 0.200261667313556 0.0720351566659515
0.106164018919518 0.219431693914619 0.0258292679065298 0.0552539770170912 0.133466543183342 0.0460575100515318 0.281437899963261 0.0709789210721545 0.0613801679719525
0.0466327063527124 0.0598956343612345 0.00519444194580497 0.0459142917331713 0.162266259557412 0.0303803380099242 0.299843900735292 0.235084014293029 0.11478841301142
0.166607000676662 0.200912282499529 0.100517618084598 0.0988769932325819 0.163941733264229 0.0525131172321922 0.0283775516488049 0.0889301461492803 0.0993235572121226
0.203238268391403 0.00143661585197072 0.19133884257315 0.0832779314557314 0.0258139947191858 0.208549947724734 0.0346738656020044 0.18542039628556 0.0662501373962602
0.177288473212182 0.0314756086022376 0.0916334592132744 0.163850947611163 0.191256211508716 0.0679814702235332 0.189133479507848 0.00855252117931547 0.0788278289417298
0.143934971078975 0.109111018129931 0.0743575142860769 0.0343804125362212 0.151795121319782 0.138152803662736 0.13767159575466 0.052802206110764 0.157794357120854
0.0725985652902329 0.0609903980492257 0.189199504734022 0.179864553521563 0.0770202463580852 0.0449953496942068 0.207253594885786 0.117459630055564 0.050618157411315
0.0780345807047141 0.0477109059938113 0.0530546040640417 0.148726375937937 0.136949613506994 0.213347111377808 0.143689974581964 0.143171830075568 0.0353150037571626
0.0313427748039984 0.109818612451717 0.0354341264967821 0.067202318714879 0.363782805646481 0.164116619736741 0.0507086802642811 0.151709920893168 0.0258841409919526
0.217463911323597 0.020350232240686 0.0873003087977361 0.119932480026582 0.224125868932368 0.113089056594327 0.0066408367749406 0.158220544017488 0.0528767612922754
0.191502026584895 0.0270678443760776 0.153135473228803 0.188638319028135 0.149664700948774 0.193820427950351 0.0270739968057311 0.0219972788284982 0.0470999322487351
0.106009848338855 0.0313201391248827 0.114445176287433 0.11788920039999 0.154188741786607 0.142169197277032 0.13788110858429 0.0533877573603695 0.14270883084054
0.0461063392178584 0.228779776721082 0.0668259653452594 0.122485173333259 0.0162823740719502 0.0206664622016455 0.0602152036012485 0.215811720496186 0.222826985011511
0.158231131332045 0.104304387688988 0.0407513763260648 0.0530651323230178 0.125177421575322 0.107785707264844 0.0645570537881172 0.254639426080973 0.0914883636206292
0.12748519590397 0.130086410771619 0.00922848339127724 0.0800507348359913 0.0718807713786158 0.190357016290041 0.179808762682754 0.187136653404625 0.0239659713411057
0.151553269335516 0.030544920340431 0.102598078685976 0.00434040925822744 0.191152420612128 0.200581825494692 0.207589438067712 0.0211237051444874 0.0905159330608308
0.127597674871133 0.138475113090976 0.033767248999491 0.140440134811353 0.0255942917161629 0.120504287176191 0.124039367214599 0.157982795090894 0.1315990870292
0.127279857197281 0.100499882831532 0.0360659827768988 0.0821043507469719 0.144123132143059 0.0673801509221717 0.206184464147216 0.160527708178107 0.0758344710567629
0.106700961253185 0.065440980791452 0.111445574964357 0.0997908421933218 0.174294735368017 0.131965233817002 0.13982598645549 0.168506295881526 0.00202938927564941
0.0238728733598624 0.020848806299708 0.25638087768234 0.0710185648443782 0.097958460753057 0.22216234628842 0.0693248416330807 0.0840587090860315 0.154374520053122
0.0987379381878355 0.196427373934785 0.0495003248832539 0.117357438593915 0.0196310037895269 0.120310639437252 0.0551026637375471 0.163209307767003 0.179723309668882
0.135603670363525 0.0575879714358849 0.0949824829272211 0.0946253990789966 0.141919863038472 0.182317467281215 0.131476384045551 0.117841595111372 0.0436451667177625
0.0919143973997679 0.0869289495919952 0.0584373883485937 0.11135915770387 0.102514627846214 0.140884362497131 0.1367235724404 0.117849043266742 0.153388500905286
0.049852188445637 0.0960698983740857 0.107041855097024 0.0776351158306578 0.0681661051645103 0.172837738519241 0.217205161887668 0.0461041357415157 0.165087800939661
0.149033923837717 0.104371966882958 0.0982297160289428 0.189822740082686 0.0176514273731015 0.0547309556992823 0.199865999962934 0.0354961624386464 0.150797107693732
0.0898756734385386 0.224115033504583 0.100918688603339 0.0521854375977112 0.060176021661832 0.119023504453361 0.110134404271359 0.0400915653157555 0.203479671153521
0.206547692268284 0.24625097018017 0.0640787900241711 0.0112249988950705 0.167664842848908 0.136206100222734 0.146651197084889 0.0070929052837982 0.0142825031919751
0.120676764589367 0.112835423740466 0.166933308701906 0.103068310271389 0.0746228936530748 0.0377345445411228 0.136060973090693 0.117107088194614 0.130960693217368
0.108024248681358 0.0551632841070565 0.062702279217371 0.0018196531589581 0.12050867569198 0.285721408765967 0.201223943695156 0.0710693918467006 0.0937671148354521
0.211066570921889 0.133555138385847 0.0585916802247009 0.141351470897215 0.0737686068027658 0.0231512381192806 0.128124335575865 0.211985538941513 0.0184054201309238
0.212770579469632 0.105995678729031 0.0235528534457934 0.210308654119532 0.191569031351614 0.0359701265301145 0.015861846950353 0.147277676246253 0.0566935531576764
0.147175969685238 0.0642796931158079 0.131489975951736 0.108788291042262 0.0931013704865557 0.139608511350721 0.0737128033870272 0.110010042904936 0.131833342075715
0.16459792403252 0.163915771028639 0.0903422525385677 0.0801310723919894 0.0617071633357888 0.188003307596667 0.00876644027600164 0.16960598496402 0.0729300838358065
0.0226828691576792 0.242286512164022 0.0563859091569098 0.0154586231462482 0.0835667903060907 0.135765232191364 0.0988737383434851 0.164854965158234 0.180125360375967
0.0488908935200514 0.164981949748537 0.189192443264347 0.0177163507831989 0.115025361757445 0.030209829534195 0.268530660880944 0.117835105309152 0.0476174052021299
