0.162411579132236 0.195131848476191 0.0577898884536606 0.161634235837548 0.0554785805890967 0.190425505750535 0.0818495785336994 0.0952787832270323
0.185849194813878 0.155818922952105 0.124607477681151 0.0507299075821488 0.254053814166239 0.0450492736406396 0.0641948178289982 0.11969659133484
0.192349523647318 0.0449707531690226 0.0822567219655294 0.115135353741038 0.0923872383487941 0.14536676493311 0.135687365287299 0.191846278907889
0.19373098832321 0.163584870350411 0.18156176544629 0.0365132562076747 0.0214917433265901 0.14904886696515 0.07040053931997 0.183667970060705
0.213061336899988 0.0952672486532795 0.204488055022001 0.232096143302988 0.0281127909801081 0.105002665885119 0.0682240885415731 0.0537476707149424
0.353134672138112 0.00641519477368303 0.132273988125131 0.0103541461756218 0.0687213107306433 0.123970983445631 0.0854527525079486 0.219676952103229
0.130677633796321 0.148783648343485 0.108635795419216 0.123152967572827 0.134380932660445 0.0145340689769648 0.100716426180514 0.239118527050227
0.18447581404859 0.179295148609162 0.164350177474335 0.00497627635951026 0.172211167137593 0.110825852963276 0.0702548113701613 0.113610752037372
0.201939071136258 0.195440711157729 0.110209060180865 0.00434629969986828 0.186422258903665 0.182680104228141 0.00284751073485011 0.116114983958623
0.121690940709759 0.130520357906465 0.21478328123985 0.0630973771620085 0.0217084609909618 0.179309706203149 0.0589488346578392 0.209941041129968
0.0381702447083725 0.265533615719143 0.0530801890703292 0.162780135244037 0.167615362887624 0.0359392788955904 0.191382562446026 0.0854986110288788
0.154911923568098 0.0795363356097319 0.0470607382917176 0.185223954353432 0.109023404516271 0.16502818262193 0.116432171208795 0.142783289830025
0.229888678375766 0.214309604951326 0.121835054799193 0.0533071361810023 0.201251809357341 0.160150246048776 0.0177259237805085 0.00153154650608823
0.108468446220847 0.0875850084082136 0.210097966132634 0.147827333915074 0.0416602185044494 0.12332677038455 0.0617742643875753 0.219259992046657
0.0455607630191271 0.138683456763162 0.200982529815288 0.0495190721179618 0.152420039921965 0.154214559378014 0.0673359691695433 0.191283609814939
0.174633565412976 0.101921335234756 0.0718964383932965 0.0614603340767716 0.0110409979047801 0.150568717990165 0.222388208536076 0.206090402451179
0.097309143036744 0.221813081059135 0.129866350262613 0.162122063002081 0.0373170803197743 0.160884569582371 0.122307231491337 0.0683804812459444
0.0861591840783704 0.116357767854235 0.178089998776954 0.18077411611583 0.140800678137883 0.0596559704039836 0.0998232760261572 0.138339008606586
0.129854994811489 0.13410756179967 0.153457837790913 0.167548743727508 0.0625147237535801 0.172389099142373 0.0300959343718778 0.15003110460259
0.231185955095492 0.0179175279115933 0.148275632991804 0.0128401703281072 0.0768375602286105 0.214752395428924 0.148820089297805 0.149370668717664
0.064699244856803 0.197641262196676 0.161670513157973 0.0108764051412751 0.137458609845559 0.0313691769868098 0.122191022589037 0.274093765225867
0.0614248862283805 0.188154963397196 0.21763632659959 0.0499058745304831 0.0888324703862813 0.204544203723891 0.0606210027265433 0.128880272407634
0.0868040983899524 0.118368265689686 0.0811924250327686 0.185709054121157 0.0902632984609421 0.0597188442489824 0.147600351958486 0.230343662098026
0.16475640435906 0.042727223569034 0.200871701148699 0.102766879649017 0.0995526576875445 0.139396438822283 0.247111730169426 0.00281696459493653
0.0190381321881018 0.0496823184207829 0.273591546309408 0.0592009919877668 0.0715299200373831 0.0435386289471862 0.225246063430211 0.25817239867916
0.0995257707368804 0.0428067860173707 0.101974869912627 0.228234012374832 0.203063507696979 0.0648659234697507 0.210230041797353 0.0492990879942069
0.170286286945602 0.126843313523955 0.161780034355042 0.0391721797802172 0.124221005992752 0.101431589735468 0.110387790735362 0.165877798931602
0.0418814511361086 0.186049798514407 0.131758459961561 0.149712623784445 0.0255821959225285 0.000738351756390683 0.204478201965853 0.259798916958707
0.118600085732221 0.0269928302935404 0.144144180884034 0.15381660780343 0.120146538117607 0.196987739245475 0.116073011725944 0.123239006197749
0.269933418623384 0.223536240276485 0.0161789560697313 0.00932221071096279 0.0571452338012 0.106196254659706 0.0488555226794007 0.26883216317913
0.0862786353872338 0.0162659202042493 0.19657588020561 0.154916175548804 0.0569054079217709 0.113525350453852 0.192729524302052 0.182803105976428
0.0131166950912589 0.0334750422108969 0.0183474786833748 0.143704440300607 0.162307342134241 0.236609396884259 0.152131237991031 0.240308366704331
0.236398619413256 0.0310612788626136 0.220824298727849 0.145443678376392 0.147288910770602 0.0833502473258882 0.00279116705905194 0.132841799464346
0.153869768946928 0.129679331118582 0.214749066567233 0.0697545347085075 0.24025787327215 0.0794592654366938 0.0989617298822862 0.0132684300676195
0.147149991101888 0.164783477144811 0.0603102974216921 0.108591641423299 0.145413524558976 0.161054589382864 0.0927167727864488 0.119979706180021
0.273115026229532 0.213084225988342 0.031530729068971 0.113471186469364 0.0846055921798347 0.128927027756432 0.113218448477315 0.0420477638302083
0.0629230643824252 0.106426709197893 0.144556776862925 0.0818869697438124 0.152740995006116 0.183697932985686 0.0880216114662428 0.179745940354901
0.15231336906451 0.163729141961681 0.0992377558869971 0.177516402999467 0.113468165811982 0.117418104318191 0.148057693084661 0.0282593668725103
0.0812096422242772 0.0153552691017712 0.201405519201866 0.00989115307853336 0.118574273151469 0.186914938722935 0.143170733067015 0.243478471452134
0.206980833689256 0.085931906531565 0.163387211257037 0.0478047595943739 0.0735449177102065 0.0165159384541552 0.153483647816784 0.252350784946623
0.0377818589590329 0.239898435191667 0.183722744161208 0.0363048935050629 0.0965330347738466 0.0507688685699248 0.142793887267908 0.21219627757135
0.149064564891038 0.0679727853348342 0.129505174007601 0.141556540076493 0.179927696458023 0.0815619053649712 0.194897108344757 0.0555142255222836
0.190203914498745 0.145234710221712 0.0788069944140952 0.142517863929341 0.178323456987293 0.0955894550798286 0.0753872248252419 0.0939363800437433
0.218763098946684 0.225361449010388 0.0413898419430161 0.0708307269779119 0.0527957146629398 0.155648628488534 0.100945292506277 0.134265247464249
0.118105864311767 0.0206120513504089 0.20458937474449 0.0968611613763277 0.224796526989981 0.125859578518918 0.0227958843242483 0.186379558383859
0.114247539476735 0.0790003132902267 0.0772502481278738 0.184963005699106 0.162204484288112 0.0233583343178393 0.200438204737657 0.15853787006245
0.166588063855426 0.0182794254953304 0.0370417490978208 0.16957824285137 0.187165085184903 0.109769458135032 0.144503851202423 0.167074124177694
0.142667388400586 0.145580374633038 0.0281872455004083 0.00571145745701793 0.202855242212188 0.190353600244127 0.151623711360108 0.133020980192527
0.0873127681791777 0.123816649961521 0.126692139909248 0.0952032761787177 0.26861785385851 0.174405175884684 0.03671262703357 0.0872395089945716
0.0361171748926965 0.260511925183279 0.065750947923854 0.0747029594616679 0.0395838675184404 0.131386077648175 0.283027244210359 0.108919803161528
0.193869225792459 0.149891629505255 0.10572403937365 0.0864365156089269 0.0273491822260748 0.176624155366738 0.139077943601138 0.121027308525759
0.0711396613021603 0.00876057349108729 0.190376402619957 0.107004064458092 0.104580499338779 0.237529853871187 0.237124787701926 0.0434841572168109
0.175773723463023 0.163369785287261 0.173674180048777 0.173046382306243 0.0381825242224768 0.0257430214270018 0.195736559920643 0.0544738233245744
0.132027428121015 0.121983806323097 0.146252962328778 0.110932827834973 0.130219729835899 0.127264588570301 0.147868322144316 0.0834503348416201
0.180470990268163 0.143653618265066 0.282273841591252 0.0248567463262205 0.204099797480958 0.0408775761305787 0.00652658317773677 0.117240846760025
0.144525703178003 0.0861252682972592 0.13032939512261 0.00232512349311248 0.222112942230627 0.0451413556093272 0.184658361524032 0.184781850545028
0.0970655113234874 0.158231517383334 0.0156433748479172 0.124611224556937 0.280370966697445 0.200613361641266 0.016551879754275 0.106912163795338
0.145123800057773 0.20453897636867 0.0723893110530899 0.133452441337077 0.0583042390008332 0.100232827599484 0.0923236468875008 0.193634757695573
0.143349615533649 0.139851927147256 0.0862765643418146 0.14952289578005 0.0857499049756695 0.0759674638345529 0.197431325492023 0.121850302894985
0.0190394904667915 0.0824959308865089 0.234315400446806 0.016582308010048 0.0150919805364591 0.228871996995641 0.252938796184874 0.150664096472871
0.0528448430526361 0.0511111524840265 0.212539603132581 0.0106197443702394 0.108077146284716 0.222029573343367 0.133759181882275 0.209018755450159
0.246549836819065 0.020300731015754 0.222418258517927 0.230335263710107 0.0575061902022593 0.033775146418477 0.0591685931523705 0.12994598016404
0.10107297237814 0.0570563903410557 0.0628488322501188 0.183907637434891 0.144157831711303 0.153187610674285 0.18649222730806 0.111276497902147
0.0920370612678564 0.0915721084719773 0.149792279583585 0.254732249103108 0.0114551325645867 0.0314791391969415 0.140000137118252 0.228931892693693
0.227362374229913 0.103656623835053 0.213301813481929 0.0286013145352688 0.153818005229167 0.035471176216202 0.0675959642666937 0.170192728205775
0.127543790869051 0.216343670106754 0.0953425427613074 0.0743223087538267 0.0641404083457359 0.121349588189404 0.0462797719466004 0.254677919027321
0.114038431192957 0.0300413000311212 0.187597045074804 0.0494294371006462 0.201814850759771 0.0547188481208256 0.20327094751886 0.159089140201015
0.111841664103024 0.0964218558393037 0.114577406195499 0.284115149447101 0.101160992420171 0.132564954183626 0.0678322814400139 0.0914856963712614
0.130302651674647 0.023217027022836 0.193676706082387 0.286847080080161 0.181825868288718 0.0201637534425304 0.061995159796915 0.101971753611806
0.271301778450161 0.172125623795757 0.0194768836038788 0.257497813654868 0.0677372148515755 0.00381304175241535 0.00832209101513917 0.199725552876205
0.235246197551908 0.0898002705436318 0.126112938550276 0.0154598333987963 0.147394847104171 0.0708005763911537 0.146093594695472 0.169091741764591
0.138214815940254 0.119238234512887 0.0330638041435531 0.0682634981755548 0.184243244714084 0.158908076511703 0.087549838691366 0.210518487310599
0.00655804867742202 0.187280634770556 0.114944483160255 0.0107024117656629 0.0891732618466893 0.190282171632523 0.210082511467373 0.19097647667952
0.12137048172625 0.197676000520573 0.0534648232382447 0.0420504546011632 0.204562107831218 0.199124823967618 0.153877601204043 0.0278737069108909
0.151650760667482 0.120395172224195 0.239224523585223 0.0620697753946061 0.0190686086714692 0.146941114892886 0.0649780925419906 0.195671952022148
0.021217792359734 0.00768036524404436 0.302019328670647 0.138477934203214 0.150270437930969 0.166795655769898 0.207105466146346 0.00643301967514755
0.1078595411139 0.0750843846674739 0.113239472468495 0.0173734588768807 0.0975397878486328 0.250902700801783 0.197144387799042 0.140856266423792
0.179282709002471 0.175552576744529 0.125457069309474 0.0472977557745625 0.152090914947734 0.0681109625523975 0.156942650308567 0.0952653613602649
0.114591718384204 0.162537660224566 0.0585639676556193 0.0841514542427166 0.150098687186375 0.0886947065468831 0.138494048349941 0.202867757409695
0.214041182737779 0.259414615302616 0.143887203496708 0.0112234205313737 0.0186734957705983 0.246791863941973 0.0440051503605543 0.0619630678583972
0.0125588543615427 0.18998764705505 0.11903103307648 0.0950145856992952 0.131906079764686 0.156531547993205 0.196927936904041 0.0980423151456995
0.288238994509434 0.127626306481584 0.116765354606445 0.00886655569851672 0.0115885686047956 0.28518554639655 0.0540340290956922 0.107694644606983
0.109421090473572 0.147126906660905 0.184953805010121 0.132921925014386 0.0750469079313135 0.21517886742451 0.0851871364664901 0.0501633610187027
0.212599104174709 0.146760462151268 0.0955135703285681 0.125358841203017 0.132000892202584 0.146267562773547 0.120658257105626 0.0208413100606815
0.0967527153540031 0.191440568945682 0.170435096783094 0.136071245319924 0.0913735921152325 0.136583172099222 0.146577333050646 0.0307662763321972
0.139301236222325 0.0373444744499992 0.120500013027878 0.121948366260152 0.165059633871311 0.188955639611366 0.108230224287012 0.118660412269957
0.209043590204576 0.0496815384158605 0.197760022781695 0.116134953397163 0.0572977502816704 0.147849412681191 0.13907328709178 0.0831594451460644
0.0100507083407048 0.0624941862010826 0.198873959302553 0.0870577225095105 0.292146836798123 0.074663454206375 0.206166654255025 0.0685464783866264
0.182661322354027 0.101133643893545 0.0212258190925451 0.176282920783413 0.0966052774225767 0.177973809564391 0.101753211575562 0.14236399531394
0.166749352094527 0.0945355351288719 0.0221011111174168 0.19829160143252 0.000206056681461793 0.233515653876021 0.10781167162021 0.176789018048971
0.253608226777724 0.0276868663978175 0.24708356416153 0.0689004037348408 0.0151691033155639 0.0856809836947322 0.0815045377364626 0.220366314181329
0.116811009173459 0.181180597903252 0.18829718222768 0.0315765867868091 0.176721762241157 0.18362026188103 0.0217407487606384 0.100051851025974
0.277881779837073 0.0502405211544706 0.0488142273358967 0.0235399812897843 0.0170130896176118 0.466227544861845 0.025041867746793 0.0912409881565252
0.168806941011109 0.131609546858053 0.0289950325826904 0.143860348094239 0.146793291336559 0.0832979964315571 0.104569769543464 0.192067074142329
0.155444688847152 0.0187630922033003 0.112583473943497 0.161583583665731 0.0974827261169377 0.106265381451459 0.17846064456884 0.169416409203083
0.181050203111602 0.0902026231845016 0.143886246634066 0.118918461967928 0.161059203697047 0.00924337091756386 0.19396704239854 0.10167284808875
0.189821661322264 0.078770895599339 0.193665427407018 0.132580354999383 0.0978333983990134 0.0061422028742444 0.144951956423923 0.156234102974816
0.224274394613728 0.116281037127791 0.13627762062944 0.124328557203616 0.208885120572749 0.0258051109997182 0.029807662214252 0.134340496638707
0.180013262734406 0.0482239574712846 0.174209876159854 0.147944247057094 0.115217754025114 0.113615692339909 0.185083926220029 0.0356912839923095
0.0140839657764416 0.287931532370756 0.25753416508098 0.109151675314955 0.0927396539329204 0.0111342521522613 0.220432524988842 0.0069922303828436
0.0859785028137405 0.172100455021421 0.189728599716351 0.0193047795283921 0.0853566876160086 0.0734828808727812 0.224550579945518 0.149497514485787
0.225661231172033 0.0421034327103643 0.118843330258605 0.137521570259194 0.20078325107734 0.110116799514192 0.124396330855041 0.04057405415323
0.190954089010139 0.048959341967568 0.218549163963399 0.158761769627025 0.0916486453924504 0.0209043211218514 0.0762668770254189 0.19395579189215
0.137643397743194 0.143005964034149 0.113184379707567 0.125720135274171 0.208514799776022 0.083460610990743 0.0615296616678552 0.126941050806299
0.242740655902482 0.130792197152081 0.00911639106624053 0.00980558294654224 0.0224453095926982 0.239177841559298 0.162963966207213 0.182958055573445
0.153784812137652 0.051181808297654 0.134583646529358 0.115977289110703 0.167520995669448 0.213054358802628 0.121464575928563 0.0424325135239926
0.155021361065456 0.111963117683108 0.233218544512428 0.281094439387069 0.0692265801651289 0.0490816247853742 0.0210126178489245 0.0793817145525111
0.0205451385487356 0.188891382759026 0.0476166347144433 0.026721905011041 0.24290289139411 0.202346449232228 0.0605663948093247 0.210409203531091
0.0801114065606708 0.13786026742156 0.180750857346409 0.183074819071653 0.0564667461756898 0.0989748522931134 0.0962304458374723 0.166530605293432
0.117985013578814 0.185354856004898 0.0943434301382783 0.0845860094889217 0.171021832291825 0.127869180933794 0.0641171389646974 0.154722538598771
0.205408697806707 0.137521499421976 0.182414758222147 0.0934148520493133 0.0891098555930455 0.132160647394637 0.0844155751955687 0.0755541143166054
0.281816392207295 0.109771390889522 0.00635670867579052 0.045469294241974 0.0996699630959509 0.110389424106738 0.171751930989359 0.174774895793371
0.232331824183067 0.0530451400215334 0.128742493825104 0.0929939024088323 0.0793562062931502 0.0846232838163936 0.241765290033047 0.0871418594188719
0.0565513088962392 0.104871441792776 0.184355119805002 0.281845718172878 0.119486951801134 0.142708444455202 0.0798577863617049 0.0303232287150636
0.235299583595789 0.062478644918257 0.214388229417017 0.0436514496785239 0.121563642580316 0.106120663540593 0.0608347593202312 0.155663026949273
0.0641623395188288 0.10484746566867 0.0313344027706888 0.189303702259522 0.0912858179060398 0.243712013614367 0.133581164963191 0.141773093298693
0.191918362853388 0.13659430325394 0.106087794632407 0.0795200854164294 0.0209384577629623 0.0628606897016884 0.18812292700027 0.213957379378916
0.168563451268045 0.143096443739308 0.0952191191158899 0.120620460322642 0.0202813652974961 0.262097999113145 0.000438735559204836 0.189682425584269
0.190387063022415 0.0667710774628442 0.146308554238408 0.214610191859322 0.0806094937612912 0.131463386389022 0.162159709561098 0.00769052370559982
0.256516321414403 0.161594372452738 0.0867643600265887 0.211429843043937 0.0306800589872624 0.1618492022709 0.0360003541500414 0.05516548765413
0.190423649842579 0.119827976639276 0.101097712235233 0.200139784935006 0.142237399145772 0.117541366234065 0.0507344139143866 0.0779976970536816
0.0432057850394738 0.0110191597153942 0.179836249774981 0.134338139006073 0.145941021256973 0.130828723824476 0.192124326053523 0.162706595329107
0.0818824012033603 0.263888600239917 0.00995830797327404 0.206756973191594 0.101155459476876 0.0905510154148632 0.0454689603093272 0.200338282190789
0.1414542327784 0.107561580385773 0.210890503635494 0.0778981845855144 0.178353906793947 0.152572873839958 0.0758970135847691 0.0553717043961449
0.103304740198421 0.165418191277516 0.0771898692745716 0.171400239864359 0.0828332297417836 0.0429295971510016 0.17444467307062 0.182479459421727
0.0660404847700601 0.188136985258059 0.0310726346778239 0.240379799596876 0.0851176143537845 0.189013398665654 0.0458233739976226 0.15441570868012
0.129621628386398 0.229217255364438 0.0693336545616867 0.198834233438648 0.00342702417821265 0.182054548151488 0.0227864171697672 0.16472523874936
0.0732753708473244 0.164292349551627 0.00352315123884888 0.200151430332196 0.230221506299123 0.0331881594269578 0.177272718875992 0.118075313427931
0.186546766141577 0.0487585932769786 0.118549878420899 0.131873420513622 0.167625526932421 0.045805495145981 0.201686253878371 0.0991540656901504
0.10698469259299 0.123820759412188 0.120016653557158 0.0595215411829975 0.141421038584906 0.0952709469491932 0.107776688150414 0.245187679570152
0.105880356315263 0.135002588161224 0.0422306021393074 0.256965805591144 0.0995508935262343 0.0128053372120643 0.206694274006766 0.140870143047997
0.218087312156881 0.0494614551461983 0.138174304731882 0.11819247763968 0.102548209219807 0.137129534685715 0.121031864729176 0.11537484169066
0.11659765353895 0.021358822765687 0.204403955450414 0.198136127010995 0.0611218914483782 0.172573253767966 0.172834363206972 0.0529739328106381
0.00669443099629473 0.177474284426427 0.0351021338523507 0.119761331819811 0.111295208273909 0.188990151703913 0.149517501130108 0.211164957797186
0.083547536357783 0.206290399189443 0.0768008103075706 0.123459585194874 0.119695642203923 0.115552764705223 0.184479045533608 0.0901742165075758
0.099789707022896 0.00411614508554584 0.216814645816796 0.0988706547330862 0.20460116598921 0.15040679757407 0.197451260439788 0.0279496233386069
0.0492950906329002 0.0945054656083635 0.066741050505441 0.169922250889425 0.020141820433046 0.173888535807666 0.20718231075564 0.218323475367518
0.119123960695038 0.110648788573155 0.055399693079706 0.0106426921700545 0.189137475619779 0.185605181174786 0.167771280157794 0.161670928529687
0.016342727878807 0.0764592229650176 0.229648533502577 0.0334093886672272 0.0482650852556819 0.325625898592151 0.268089259323075 0.00215988381546344
0.067870310503219 0.156207466141449 0.21707213559532 0.233825074632767 0.116320891806104 0.0617374465516952 0.0471179714414157 0.0998487033280304
0.117413099406239 0.23022115753526 0.117528688088716 0.153647409909644 0.107102905234299 0.0155780301279166 0.0264509383996437 0.232057771298283
0.0322782653819188 0.203470644270041 0.0245893367851511 0.184823770472757 0.126587158265417 0.0817781652234814 0.155570951506473 0.190901708094761
0.0818865249167387 0.344629440258205 0.180344341282336 0.0753627682436228 0.0909531067471274 0.0682998571430036 0.085825299223526 0.0726986621854399
0.164699889680426 0.229376378012564 0.123417670410895 0.0299065000164573 0.05823976017712 0.135697670234795 0.0113705449021755 0.247291586565567
0.190908348849228 0.0936901689694568 0.15690938756232 0.0245963193160494 0.0354400245402927 0.202278029385807 0.122618732427813 0.173558988949034
0.250229967327688 0.101935402400371 0.00569671611456417 0.233847186154908 0.174446453111647 0.16743635515404 0.00977852667003828 0.0566293930667439
0.197250693235812 0.0685213094643669 0.0176271425862895 0.0186150302490261 0.00835321985173387 0.231870228434526 0.240815787666423 0.216946588511823
0.165334783906546 0.0609440769351974 0.200224927784107 0.0537715943014853 0.104776555744553 0.134694709579796 0.0946631777148648 0.18559017403345
0.0237879005292437 0.0134806692481821 0.0821511643642889 0.179328629271067 0.235210041534062 0.0994983046772498 0.194540439829639 0.172002850546268
0.166340418659755 0.100758766685848 0.135182072232772 0.0422645386108267 0.1462955347796 0.187662726101977 0.0798974028329661 0.141598540096256
0.248394121719427 0.118334321633461 0.144020406668151 0.0111477796957851 0.136813208746532 0.0960988836233437 0.0989732137006434 0.146218064212656
0.0587641076464602 0.153085579036164 0.0583655170065436 0.159041448538878 0.0575167589374892 0.192632990969706 0.220546573016878 0.100047024847881
0.131609233241529 0.0247180882055504 0.0737135258342578 0.109355432297849 0.0145925459068231 0.288977969990103 0.191332569484473 0.165700635039414
0.0643562268817785 0.0143992035620604 0.223772349209467 0.0211995523448871 0.187610464615611 0.207547990236529 0.22448968267729 0.0566245304723773
0.224103959237185 0.214337179992798 0.0949257155999175 0.072300433765878 0.0704320359353496 0.173103484767468 0.0375834957779591 0.113213694923445
0.245772586593425 0.111692431711009 0.00378859113995133 0.0542280653875884 0.0326629620309045 0.282431788807924 0.24638210816213 0.023041466167068
0.0684244603381982 0.107148366567578 0.0223063600598115 0.204222161554261 0.130702748638645 0.0917974760177118 0.235148822457729 0.140249604366065
0.172523830923563 0.18810986216869 0.130278608014024 0.0688537959556592 0.0147823069194282 0.176187417181138 0.133507657559435 0.115756521278063
0.186889067983907 0.205654430130966 0.128424291920346 0.0131481795907867 0.044943823444742 0.216555197925019 0.0415086962056612 0.162876312798572
0.0359686586828875 0.0611927484846939 0.195098276752746 0.213316174714292 0.238795764578083 0.00201639257197764 0.133582952772391 0.120029031442929
0.162986556615538 0.141116776854641 0.0659510064944637 0.105383225805214 0.201792360755087 0.083380758519123 0.194830222214782 0.0445590927411511
0.130878043546834 0.154028527768804 0.10680224471823 0.11075427422146 0.0174261397913107 0.183344608538208 0.183475795714464 0.113290365700691
0.0569560852001433 0.0275829127496091 0.21575792754977 0.192276591084315 0.189210671389741 0.121855553497459 0.0537283833976671 0.142631875131295
0.195933942518481 0.117155185862877 0.157309999142054 0.055557110834298 0.183112383279151 0.00336641232685995 0.0900846280280532 0.197480338008226
0.219252643677024 0.221026066579058 0.0705599909262548 0.112094469713645 0.216932728235718 0.0965190411340212 0.0371152872298824 0.0264997725043964
0.209738272837788 0.105827880479542 0.201898148381197 0.0840071203714381 0.180391113552396 0.0542286394269633 0.0599802303864455 0.10392859456423
0.17345938180606 0.0957895705237284 0.0393851024766171 0.128297623652503 0.0045819165827442 0.180078416593802 0.196054683987681 0.182353304376864
0.00781923822444346 0.0544521117055842 0.219146137215293 0.190462928623381 0.106902344951433 0.145392697648466 0.204411251457222 0.0714132901741774
0.00136715386161208 0.115082338907902 0.141890923962908 0.160935207489232 0.134351999210393 0.0485149711798186 0.112630789341289 0.285226616046845
0.100452961393927 0.199583799612481 0.0136796596341745 0.118759470336597 0.258445269332168 0.225602099543069 0.000539369348275225 0.0829373707993072
0.00244846638948758 0.172714327503385 0.201050053699325 0.0418868381394443 0.241189356826815 0.0497115309988858 0.0926163489947656 0.198383077447891
0.0845867762771041 0.117672575573345 0.0347200675162344 0.0275226046380516 0.00793683353328514 0.24071006141695 0.110391405562595 0.376459675482435
0.162118315678816 0.160434417754147 0.0768067945829278 0.0122882676056416 0.204631586540002 0.0031109303861288 0.115341703953289 0.265267983499047
0.171393817392568 0.139695046286778 0.0829273689357371 0.222755869073835 0.217282305502664 0.0963714062805 0.0620861808271215 0.00748800570079605
0.0748249735207356 0.292696699881902 0.321727216035625 0.00529537111033951 0.00388727572702471 0.0894049661470875 0.0856861646256103 0.126477332951676
0.100555792158855 0.0102848473625778 0.29209851246649 0.000475389610858503 0.0425650687574557 0.19015803437019 0.0326627883578149 0.331199566915758
0.213987193495469 0.186700816212092 0.124297702249599 0.0944469911840597 0.125300369942083 0.032146632659158 0.17840972545626 0.04471056880128
0.0923047439595656 0.243720520362533 0.0788055182078711 0.180100362841662 0.0880231312838848 0.0756280094091378 0.134745016750507 0.106672697184839
0.0834390403429521 0.0564986375998161 0.262352695290098 0.141100033567796 0.129372715241842 0.0745680458958205 0.221741225014937 0.0309276070467388
0.240127493518744 0.0344814185276922 0.219056482444406 0.0514351603746546 0.102205975068055 0.0021215298817128 0.256051993703409 0.0945199464813264
0.182849774895536 0.128161175917194 0.118138573876608 0.114635944675015 0.111280266511898 0.0104732660949305 0.15210721537057 0.182353782658248
0.149877048693966 0.173129345495327 0.156046988461874 0.112882809884311 0.054999983858563 0.0381986821111166 0.308958409645844 0.00590673184899808
0.0816591615610843 0.222046412068245 0.0519301882937772 0.122867240351735 0.176324615176747 0.0142985871718948 0.131375175321983 0.199498620054533
0.203409638143265 0.06571355558328 0.0672081601147366 0.189449842142558 0.213087587343482 0.0231981660205942 0.117861833782597 0.120071216869487
0.0924996155609771 0.0410117222927139 0.204858664820584 0.0502561359180611 0.0855597610682426 0.269716330595052 0.231486975380311 0.0246107943640578
0.222248830908314 0.248759393581744 0.1530063228122 0.149770884730681 0.0481102192180199 0.013625364087346 0.0630807338271743 0.101398250834521
0.0280433708077286 0.327582955220557 0.137950537532123 0.00627377645302044 0.171340241889134 0.0605722108714219 0.167210243349941 0.101026663876073
0.252128702233485 0.15685096957316 0.0378581275491543 0.0597764205933986 0.011330248900153 0.162834312412461 0.198498934392788 0.1207222843454
0.0380056324552726 0.135211046000464 0.14895610622419 0.0136847842483251 0.165886082118714 0.219694895528036 0.179544442459596 0.0990170109654022
0.155400626655568 0.311064169756709 0.174985970326105 0.0636255661836548 0.0547176203775632 0.0166308049520297 0.104764228381563 0.118811013366807
0.106646864224829 0.160512635538182 0.197658752343452 0.0510254045639311 0.0398803862418007 0.161873461052657 0.0885649665894974 0.193837529445651
0.0445870057513209 0.130108387083974 0.0775090817687522 0.185695809976396 0.0655142097058266 0.129581707974534 0.202163799711804 0.164839998027392
0.133845594455765 0.0274658287096071 0.0723089348057174 0.180069870075198 0.153638051002306 0.0182838556398186 0.174641368976382 0.239746496335206
0.143017209410267 0.106332129661394 0.0961998697233817 0.167116192756556 0.11768951761568 0.117607355975727 0.095877103746596 0.156160621110397
0.214184645161027 0.0960430235226878 0.0226271339405531 0.0436051693228141 0.0553849722036706 0.214030871673508 0.0945129219027431 0.259611262272996
0.110903174857102 0.140498597206256 0.018002867778196 0.181473628462628 0.0831545702632661 0.208427581480387 0.0752651646674923 0.182274415284673
0.180559373528366 0.156725667508803 0.1058894224146 0.153108441264763 0.00666453100389866 0.0826540435198038 0.14043902826965 0.173959492490114
0.288000436277586 0.103615323397403 0.0184798887690947 0.0144900074389764 0.0247961783499736 0.0803726611574246 0.300958062946653 0.169287441662888
0.13295461032778 0.237000927200899 0.0495632702697945 0.115029795066504 0.0571932372753672 0.0438697210686254 0.135229521989396 0.229158916801634
0.149948734913824 0.136020830870827 0.0548583687922478 0.202643455324971 0.0164912948875689 0.190266460646381 0.107592404780755 0.142178449783425
0.0490744417731977 0.196455330239115 0.0982828229516409 0.187140107428221 0.0229922107827146 0.155574833915291 0.217394200622251 0.0730860522875682
0.00921855902378382 0.187503318167174 0.187657708974189 0.119067785717175 0.10141293869944 0.129169357035207 0.0716068387272978 0.194363493655733
0.00111423045765622 0.235491753693934 0.0348780981457851 0.0186604073791741 0.171537881454104 0.143030724709186 0.234963795466638 0.160323108693522
0.120029222705542 0.157299991265733 0.119290881996065 0.276288379734199 0.109945283611697 0.0837355751239917 0.13316650764825 0.000244157914523628
0.104646271697373 0.152611380828933 0.154741697988458 0.0836618710021647 0.121876780309065 0.202810361693529 0.0210836286638375 0.158568007816639
0.0625580142977662 0.159069776488364 0.18071288252281 0.0625108866921048 0.146246159725058 0.179032478265242 0.0201726689814584 0.189697133027196
0.139400789798784 0.00566580298390288 0.171945274526693 0.17451958378567 0.16437307157431 0.0399157173592934 0.153526452398908 0.150653307572438
0.156377340901436 0.172339300173335 0.195756090977383 0.0293494332562408 0.0901212634472771 0.122458494742389 0.0544233181387734 0.179174758363166
0.0749835778537353 0.0395402113585536 0.215920871668069 0.108840858227234 0.224961631242735 0.0700973179739768 0.154191398871714 0.111464132803983
0.0302504937890945 0.309386527063514 0.272810595866287 0.00330816434625984 0.174009356860675 0.053437576048929 0.110103598449385 0.0466936875758554
0.183844153178243 0.043565203789793 0.174810069043653 0.137446612487053 0.154919137881539 0.0641713307995583 0.137418183555681 0.10382530926448
0.136339307748406 0.174044572097529 0.138699381402209 0.181754853779766 0.0270760742411576 0.175029085803693 0.0205485082720527 0.146508216655185
0.0843645215057808 0.148208928887541 0.0687359107208427 0.112347822499378 0.207700598190575 0.154481624998607 0.220528596537942 0.00363199665933419
0.188869360089696 0.1113584969873 0.222450146265776 0.230107076018099 0.150898048120601 0.0714184714255376 0.00982196903305264 0.0150764320599368
0.0910337911489353 0.126030857651961 0.06101011094972 0.177799204260659 0.156104853876986 0.168679257055859 0.033829650699207 0.185512274356672
0.0591673173916779 0.0818187983769578 0.23121373885765 0.176696888684778 0.155366956860844 0.0158283255381502 0.0370410533046976 0.242866920985246
0.203508358876017 0.129093436627873 0.0707098054112571 0.307944146100998 0.148431380926436 0.0534382750857735 0.0629943390672792 0.023880257904366
0.10726265732872 0.181884433746458 0.122939800669645 0.0209204770687408 0.19569995999505 0.094901252528669 0.187815669805609 0.0885757488571079
0.266087384013875 0.15356042823878 0.102546384943126 0.147598561837258 0.0573959231462245 0.0876208046307293 0.156912735394852 0.0282777777951539
0.0813140549894953 0.165809231865764 0.223408651698539 0.0565780890262924 0.202416312717864 0.183958378859259 0.0178545520602073 0.0686607287825792
0.0772523563824107 0.136239666119268 0.0945140518272708 0.140601709503104 0.125597411523663 0.0363614666912969 0.0650573938103144 0.324375944142672
0.139090585138583 0.14761737870147 0.229294184633767 0.0558131213181989 0.0256663341259221 0.151849044856674 0.197634729794109 0.0530346214312753
0.0219442800342777 0.155317680318446 0.0010703040458435 0.0737271090968828 0.111170924017569 0.262459748871106 0.213018288230211 0.161291665385664
0.00156530582926335 0.141972384041802 0.00695750384839384 0.318782976566754 0.142659779109899 0.0793576145156843 0.00448196705520368 0.304222469033
0.183779200449805 0.0919831769715256 0.0695235811128386 0.234152514841772 0.104041894504838 0.0583408914521192 0.213368303208954 0.0448104374581471
0.135263865652477 0.123105633735784 0.0127490161481721 0.196475182724668 0.0909979313938792 0.185243311288491 0.0689486950446934 0.187216364011836
0.0999516727321911 0.207437214172117 0.155271628402624 0.0942383618283735 0.222295767982394 0.0427762213169831 0.011963540715772 0.166065592849545
0.254383467550907 0.0385268141553671 0.110062901674049 0.190424450669941 0.0466982209521759 0.130544945108392 0.136781447248433 0.0925777526407356
0.151350991142631 0.171059099163974 0.161686010227043 0.0335635061226405 0.0971396988526353 0.126345350423202 0.159348598695337 0.0995067453725378
0.0984613478164534 0.218603475596495 0.0823333460344011 0.046324877147997 0.0255020906824118 0.225854599236511 0.165198981184362 0.137721282301369
0.166696837269856 0.244863273015484 0.0961887320055286 0.109512462400709 0.0857846339519817 0.023276846834211 0.253590550924486 0.0200866635977444
0.00668052554621094 0.207747716713601 0.246301002232911 0.260580995615409 0.125150780691087 0.0406053067573692 0.0166520060538425 0.0962816663895696
0.204160760020472 0.0982686330880037 0.0770823781632522 0.019952018539069 0.149840074073812 0.097378854979338 0.14021506965205 0.213102211484004
0.159228370951151 0.181928044681243 0.0513378176394779 0.192572444979665 0.172559245288731 0.113691421356125 0.0995068390221357 0.029175816081471
0.134771043157823 0.324215715254704 0.0928794983645912 0.0522943143407156 0.157723708870456 0.00548419425345822 0.0236104150812455 0.209021110677007
0.0387486281174718 0.146478253486584 0.208315205956923 0.0202905630010807 0.1315792877072 0.137844570351937 0.167555120291835 0.149188371086969
0.0246571237682725 0.152216528167587 0.107377164166455 0.132341702539271 0.0861655804528281 0.114562140567646 0.262940623701 0.11973913663694
0.0754099163664717 0.160529897947073 0.0809832719966708 0.141374664620372 0.19796715962493 0.102404347605233 0.0557942551311929 0.185536486708058
0.16497225219107 0.0125183431186795 0.0431821257833596 0.121752241849789 0.0330918856306527 0.306298221906381 0.297949693840031 0.0202352356800367
0.174335841938985 0.153820514039378 0.148843590368202 0.0364962169057495 0.055354252554877 0.235152350464292 0.0112902808114598 0.184706952917057
0.20606222674408 0.0431674584996651 0.227560206552883 0.00239506362747541 0.221957550781344 0.0840900388255745 0.194680223512155 0.0200872314568229
0.128757912771626 0.118096669363802 0.192587552251555 0.136143757674585 0.20071634032881 0.0455748389574371 0.0650246957125687 0.113098232939615
0.0507990618010608 0.0235268009718642 0.214756138163952 0.230943826956711 0.0728342048135846 0.119816188141146 0.0497526255888136 0.237571153562869
0.0626918026606383 0.215118076641765 0.0222501194799513 0.051420373556236 0.0491825869926917 0.348225190771073 0.0412722974355929 0.209839552462052
0.102265100291504 0.187449949998809 0.193987935717459 0.0992662052216281 0.0497538151037268 0.102811559280297 0.0813853373626619 0.183080097023915
0.186490273713933 0.184354364032847 0.0615841684347355 0.138017836488593 0.182202792141932 0.0935656603507845 0.0388551689337476 0.114929735903428
0.19520394165666 0.0989024166430511 0.0722956934744678 0.0945791117281235 0.108217151154979 0.105528095798076 0.164504077718881 0.160769511825762
0.164430337160156 0.04984323969813 0.145282767076426 0.155751058991089 0.220565441562139 0.0242198214374431 0.0442917016197107 0.195615632454906
0.167444329627019 0.164481875737057 0.154484733292496 0.135847282919163 0.175929330136789 0.016358383809029 0.0215447090621431 0.163909355416303
0.021426238655631 0.186083710507903 0.160319337973014 0.058417627407017 0.136703184683426 0.163052323069252 0.129982555838843 0.144015021864915
0.176662025872343 0.0695948084721422 0.133336523708953 0.188068746267967 0.112768423898466 0.207441806881231 0.0433046699926925 0.0688229949062055
0.174543957302891 0.192801912095256 0.0446012962552783 0.209533353720958 0.0786236454880614 0.091543755885734 0.143889913505167 0.0644621657466547
0.0910646489306537 0.150799120987983 0.177942070948273 0.252999161906053 0.0596660488043503 0.151713687514859 0.086874673117107 0.0289405877907213
0.132338136206097 0.171023457290951 0.110475428375971 0.157181913584429 0.195809954827442 0.0486141424578865 0.1457802516095 0.0387767156477225
0.0344652168624358 0.0949570420869094 0.166679180441473 0.190994883199201 0.165891616198373 0.0522774537158072 0.0347662012845574 0.259968406211243
0.22326644109041 0.210879855768407 0.044960629719285 0.0369555441174908 0.210210234690438 0.255326200792551 0.0137793576967429 0.00462173612467505
0.263016242988726 0.23312270777199 0.0269016260981177 0.272177363348821 0.0405963416560362 0.122169468931605 0.0240244007267327 0.0179918484779706
0.00327871453434465 0.21983197302253 0.178973667936019 0.0878159439475354 0.168813582308262 0.0997744812911465 0.0250302087282651 0.216481428231897
0.122919370881022 0.204875656012844 0.0908661384900403 0.178027625659379 0.0305550220179074 0.162713912201618 0.0918845551175152 0.118157719619674
0.241685441532315 0.188160272340627 0.0695290311551021 0.020720093312326 0.110390727953709 0.0893741850780461 0.0494921055161522 0.230648143111723
0.0417496997866058 0.229936106265328 0.160749016398046 0.0473537327721446 0.131173429511696 0.265229818147937 0.0243888967987786 0.0994193003194644
0.0823394177847907 0.112804437967815 0.191704851798869 0.0791859617680643 0.00981215800039853 0.169480410369336 0.201394052867273 0.153278709443453
0.176128069318171 0.0730618603565221 0.0870319329103147 0.0787704091919263 0.137915762726062 0.160913424424299 0.174362049698202 0.111816491374502
0.0950361071966676 0.13550146724092 0.0774798700590852 0.168920423730423 0.173180679791732 0.0577922217191006 0.115696668725526 0.176392561536545
0.175188192026514 0.199283390669952 0.0597264576975843 0.0656927824645985 0.0961322189786916 0.133557180999827 0.0387572695484859 0.231662507614348
0.316695988616425 0.143417526183829 0.0125368151502239 0.0397589760433152 0.223659313655455 0.033863137305545 0.193375322059018 0.0366929209861879
0.0816110501403771 0.17890874912332 0.0159717397966587 0.167658712020857 0.109920371674025 0.182028069572054 0.146104591617631 0.117796716055077
0.192853557195352 0.133167051263944 0.199936393856982 0.0429608260214435 0.159972659469284 0.18088655294078 9.80556103181568e-05 0.0901249036418959
0.0569007381722039 0.0131144015415892 0.0634220390064203 0.206654920071389 0.0183837429449058 0.182300939996086 0.252919022546001 0.206304195721404
0.180643295963332 0.224819607055066 0.0349574456159174 0.121270542802187 0.0750818364274614 0.0621917279226758 0.22371119898173 0.0773243452316308
0.062162898276067 0.0564203659199656 0.278319809817417 0.0435736427418026 0.045360525812728 0.00747456965112896 0.0772914913015373 0.429396696479354
0.126054606667974 0.108066018740918 0.0631584237377648 0.145069528399999 0.0892428228697697 0.213746279369975 0.204557346177352 0.050104974036248
