0.24330695222492 0.298900540549732 0.324275321297338 0.13351718592801
0.174311272360025 0.395176007018187 0.276297739792538 0.15421498082925
0.12539581272433 0.35902494395792 0.188251036023714 0.327328207294037
0.0676025067751388 0.224519423416434 0.468648259416198 0.239229810392229
0.319218186701562 0.369257423889122 0.255928224213215 0.0555961651961019
0.077862918915578 0.343417006279157 0.17440375157279 0.404316323232475
0.162310062453235 0.340730575680928 0.3454395309298 0.151519830936037
0.0847411130019902 0.247040653895575 0.399937675136852 0.268280557965583
0.221342585872881 0.162630303770711 0.506111480046243 0.109915630310164
0.106268894494436 0.165862862242089 0.411761806239349 0.316106437024127
0.226249725594848 0.271864280741874 0.261745962319014 0.240140031344264
0.359185821636768 0.179272991309065 0.256511553467043 0.205029633587124
0.243222421050471 0.362564030988018 0.178457894312266 0.215755653649244
0.168672371021788 0.286829129706889 0.22427112627384 0.320227372997483
0.302978192700355 0.16909650228307 0.230553635577429 0.297371669439147
0.233887275614177 0.209030970992384 0.272986345284056 0.284095408109383
0.223060296556818 0.26065173343396 0.168563087685879 0.347724882323343
0.192654609582024 0.22409135786697 0.235513174797269 0.347740857753737
0.101142404600314 0.423867174401445 0.182224604642611 0.29276581635563
0.154481736512359 0.1608779118373 0.0784822739842425 0.606158077666099
0.145061820406101 0.189815193575992 0.359002218413141 0.306120767604766
0.313014580483721 0.385213130968169 0.0803859720384878 0.221386316509622
0.3580134663868 0.168805178337972 0.0675713237050146 0.405610031570214
0.268135972447235 0.0882914965185308 0.404608209176613 0.238964321857621
0.0895537442160918 0.549437750001515 0.115111698628402 0.245896807153991
0.0801182479464262 0.388261890367854 0.36542023960713 0.166199622078589
0.21558089599636 0.66294586478463 0.0153177030693633 0.106155536149647
0.148178730419394 0.180764629510496 0.347135221539817 0.323921418530293
0.291153795458945 0.461386756775691 0.2274083080063 0.0200511397590636
0.345710063313136 0.103311909920657 0.408732790829012 0.142245235937195
0.264812278356262 0.366769989248985 0.249946947902851 0.118470784491901
0.00698037167922869 0.234070581596491 0.452703904415774 0.306245142308505
0.0518602579927856 0.324182776019729 0.319912167764055 0.304044798223431
0.428166043852067 0.0608497254527245 0.421960107654338 0.0890241230408704
0.298195825761005 0.224091845756095 0.30535155422787 0.172360774255029
0.402719439190831 0.311655552598459 0.181236607598268 0.104388400612442
0.171019902081313 0.194480393606783 0.33261742887221 0.301882275439694
0.241549224895471 0.196281539314171 0.336509624550197 0.225659611240162
0.0416052077864391 0.152074114437141 0.464180232347514 0.342140445428906
0.242843143015318 0.385194725669893 0.0529722965336493 0.318989834781139
0.324430674824083 0.00640501176496207 0.496607793106622 0.172556520304332
0.258579579274496 0.119515141939898 0.00184896203846338 0.620056316747143
0.235694129073581 0.403349551697251 0.134387613453511 0.226568705775656
0.211792083554595 0.211762053076424 0.259815300089897 0.316630563279085
0.477047303567939 0.0110401538629256 0.447960549352539 0.0639519932165962
0.253910296795493 0.215262561602278 0.22029778756739 0.310529354034839
0.31055411324355 0.00875263342542014 0.2292610495466 0.45143220378443
0.0924996469493819 0.2678329724161 0.43617819404007 0.203489186594448
0.344681635029499 0.0164324605845253 0.258871798039556 0.380014106346419
0.0473513678809704 0.339098458538088 0.500902024806437 0.112648148774505
0.0612090717219224 0.319085924348216 0.271159126359136 0.348545877570725
0.204903311125104 0.39457016913064 0.320729261440345 0.0797972583039109
0.105835704913879 0.32348911972965 0.16087805750561 0.409797117850861
0.197363544774846 0.293023530021732 0.0512057529449917 0.458407172258431
0.342338647821196 0.162684034753681 0.385439309568559 0.109538007856564
0.0564366514056592 0.033045479639997 0.360516940795026 0.550000928159318
0.437573238592102 0.248373795565944 0.249865648841475 0.0641873170004787
0.190718874201135 0.26726831497567 0.2911073709518 0.250905439871395
0.132399509242774 0.300519896529084 0.283950622138082 0.283129972090061
0.0643943779338413 0.269246058848744 0.326272258520646 0.340087304696769
0.310542678410943 0.256061330559863 0.217545705293459 0.215850285735735
0.283164984803829 0.193581026643371 0.268032312979845 0.255221675572954
0.23877483961667 0.292339677352166 0.265370684606315 0.20351479842485
0.0589284980558555 0.416038571694426 0.0538852102771135 0.471147719972605
0.202544595081197 0.258673500021694 0.223072584205148 0.315709320691961
0.0885087445852802 0.188766032807878 0.367043359558629 0.355681863048213
0.135523332863002 0.311423190975517 0.352494674788143 0.200558801373338
0.310437966907251 0.191449295346259 0.0296487830541373 0.468463954692353
0.0965843879475786 0.324976349607799 0.0187243633873455 0.559714899057277
0.227426777575508 0.0599021211629201 0.3440848017763 0.368586299485272
0.257303223616691 0.167884118198234 0.265643206357414 0.309169451827661
0.130132812871958 0.288059915281748 0.297331880517404 0.28447539132889
0.0922982489341693 0.213131208058618 0.235612688979112 0.4589578540281
0.39708312384527 0.443546646099665 0.117342173887657 0.0420280561674085
0.366275983187377 0.235552234031902 0.173493984795262 0.224677797985459
0.372992843241256 0.0324737405097752 0.171664615215261 0.422868801033708
0.073243942010631 0.282066591855247 0.216655188784129 0.428034277349993
0.318344910732578 0.192027952120221 0.246414318018997 0.243212819128204
0.168577286851006 0.286192608628834 0.275298464997786 0.269931639522375
0.206467762760096 0.356516260891245 0.230271635970818 0.206744340377841
0.307401224628052 0.356101943460039 0.323413509819637 0.0130833220922723
0.250245505949896 0.268026659085219 0.0780354476951816 0.403692387269703
0.298658470617615 0.291738545436749 0.0726510478579056 0.33695193608773
0.346823126253553 0.207950082599553 0.28550713548029 0.159719655666605
0.302934961673152 0.203524871720444 0.218921875765035 0.274618290841369
0.402548676129258 0.28751197651428 0.125927029167086 0.184012318189375
0.239348457279399 0.156631811272223 0.0859814495790509 0.518038281869327
0.0719242793239419 0.390783040720064 0.402392897685109 0.134899782270885
0.148934865386683 0.325253212401469 0.308107352638625 0.217704569573223
0.156487786056066 0.132140833305016 0.317217832680311 0.394153547958607
0.174679679299981 0.326532498823523 0.346594318118432 0.152193503758064
0.290110262409658 0.57907437138119 0.115762102528427 0.0150532636807252
0.0186569302062524 0.13583331291258 0.397408609753209 0.448101147127959
0.381504577272823 0.183903269805422 0.372473275677727 0.0621188772440276
0.00294522627500142 0.670417277765769 0.113249388861179 0.21338810709805
0.127117948933503 0.295421545632067 0.326156097674949 0.25130440775948
0.335723925427674 0.295202535436922 0.0391038008775366 0.329969738257867
0.374366669328728 0.24347600746892 0.262540060244482 0.119617262957869
0.000849965009969373 0.552302453192046 0.321426239150857 0.125421342647127
0.165742580091477 0.173389616654147 0.344881528904103 0.315986274350273
