0.209655802114761 0.292855400758817 0.284774762348897 0.183813735944566 0.0289002988329595
0.0121498425657744 0.1250132885883 0.435194558678064 0.342137657279216 0.085504652888645
0.0782541178544056 0.235945983683221 0.339945675421598 0.1973732356521 0.148480987388675
0.209469596225834 0.309121094478145 0.18306586208626 0.176843460586875 0.121499986622887
0.126562148371685 0.0838503730390181 0.114198716861734 0.389120553631906 0.286268208095656
0.203904211611353 0.146148237743818 0.152396870715251 0.160334436532833 0.337216243396745
0.241705448458747 0.225538896516109 0.140665608982827 0.130359977044609 0.261730068997708
0.296478745159586 0.274164396822227 0.0683145662722264 0.255055341770091 0.10598694997587
0.0281423222608104 0.242778068337096 0.271576475552675 0.256571897824983 0.200931236024436
0.0374059287468218 0.323475765785968 0.299785415797794 0.0707121801229724 0.268620709546444
0.270814439426115 0.28681421334862 0.0793937748073089 0.30226270402677 0.0607148683911869
0.0116039554582648 0.388562186228021 0.255988640536806 0.0643033024736349 0.279541915303273
0.191955746298316 0.130229458954693 0.289504749802968 0.0369670336001518 0.351343011343872
0.223171069867183 0.224413931053122 0.0271360773903857 0.279000611985131 0.246278309704178
0.238862479771831 0.131826816723884 0.188512580155801 0.264780423529964 0.17601769981852
0.0176740072667452 0.136132826999197 0.169680724438736 0.42373699128373 0.252775450011592
0.319269938554432 0.176917533032325 0.175487858344611 0.0758694339121674 0.252455236156464
0.273413135487888 0.360057071670993 0.128188830957484 0.00098341881460409 0.237357543069031
0.310739503785053 0.123704431632349 0.271240787023386 0.198388114257753 0.0959271633014588
0.238780575527701 0.246976205839509 0.27574623661628 0.180592566336556 0.0579044156799538
0.13687207103017 0.100719989556921 0.330021799733693 0.158555892063896 0.273830247615321
0.239945712642989 0.178710427945367 0.127170251949636 0.150059440525312 0.304114166936696
0.147346021460882 0.206948259596704 0.291640803966535 0.306029988681867 0.0480349262940117
0.297739770576974 0.0876187082598336 0.204512650118512 0.184033231332681 0.226095639712
0.117614140844705 0.250822283785511 0.235648824272266 0.383144529311801 0.0127702217857168
0.437808451996052 0.187313473823196 0.00707688970524397 0.0918458656257178 0.27595531884979
0.283197763977357 0.104217195634463 0.361289625221984 0.170908027027899 0.0803873881382971
0.467492074888073 0.237653733910609 0.0981957507179727 0.0345182483773286 0.162140192106016
0.0414733485500357 0.427916112222063 0.080366226092911 0.394712220790746 0.0555320923442451
0.268215663596655 0.111011715904371 0.100364678906915 0.242167919443502 0.278240022148557
0.318141038473706 0.125258131036123 0.201105231190094 0.0171880745125973 0.33830752478748
0.349325417616782 0.112660356283148 0.147473855991715 0.386489856556448 0.00405051355190633
0.121952465331093 0.146235330673729 0.410574268269579 0.0636795816987735 0.257558354026825
0.283855190283915 0.0592627419122069 0.0548878976079616 0.430989204191266 0.171004966004651
0.129223673380008 0.344993842347154 0.0812356864343053 0.0509783828043701 0.393568415034162
0.0139087793683387 0.394723350538167 0.348855788647084 0.0803340556326841 0.162178025813727
0.10970492105321 0.155550589701116 0.323411866474003 0.019956085901153 0.391376536870518
0.249120911585626 0.308348321787361 0.316828017238504 0.0115767508752431 0.114125998513265
0.33856256102757 0.320698696000824 0.18545720450709 0.143988528527504 0.0112930099370115
0.112349306935968 0.383469075529822 0.386037129301294 0.0703621616912472 0.0477823265416698
0.173292023086043 0.246656746900691 0.25647629039324 0.218633456036449 0.104941483583577
0.240858844693769 0.252275175374823 0.14765396932204 0.355804458120963 0.00340755248840543
0.122757359611815 0.46020984385042 0.221446958361825 0.191837210488047 0.00374862768789228
0.331867825735857 0.0390468236130566 0.144669065960526 0.174854120475032 0.309562164215529
0.144751182250103 0.204463288689712 0.138410099198598 0.245068140861636 0.267307288999951
0.145844916866646 0.237714027577889 0.0124986366661186 0.178740543535574 0.425201875353773
0.177087052739637 0.233440689688124 0.135195335584879 0.21997468805163 0.23430223393573
0.125909618099025 0.34323757718756 0.114359024176569 0.277547340890307 0.138946439646538
0.0202505726401739 0.106525151758409 0.306600493917196 0.331519896196348 0.235103885487873
0.312201696806925 0.45107216158044 0.0391263096590819 0.175976927612851 0.0216229043407016
0.251320734474267 0.197350393783924 0.23420450122882 0.161008339933391 0.156116030579599
0.290502085991179 0.255166453446845 0.157420251988066 0.218550492592214 0.0783607159816953
0.0289658787950903 0.0955382456506217 0.126034478613161 0.35240580394841 0.397055592992717
0.321966994268008 0.316519318252332 0.145341879965036 0.144963727989721 0.0712080795249027
0.381319911602505 0.180671370202276 0.0574207618333896 0.183016740074749 0.19757121628708
0.247986836111757 0.266093421778993 0.125625744918651 0.198338672940336 0.161955324250262
0.29605939784742 0.0721491893272286 0.259627576958588 0.127313722023632 0.244850113843132
0.13290378000257 0.218331766650605 0.142029578659324 0.462934799060393 0.0438000756271076
0.220474398279011 0.315084839137145 0.0598301510437119 0.122462432645799 0.282148178894334
0.234648998290219 0.440945101862309 0.171267350628628 0.0818301941016144 0.0713083551172295
0.314565689745523 0.283604501139903 0.143937171828569 0.239743106643783 0.018149530642222
0.121520216153461 0.339627982063695 0.213569576010578 0.0495913896007867 0.27569083617148
0.342281483427765 0.1150849975479 0.0634217009458617 0.368742551677594 0.110469266400879
0.0881963239219841 0.00609224575862326 0.212636796961181 0.143685396574383 0.549389236783828
0.298754715829549 0.102297273251311 0.137629243572404 0.304347423741154 0.156971343605583
0.17800731924684 0.27993349898347 0.102995019042197 0.339672606564224 0.0993915561632699
0.157966448858999 0.284777718100783 0.218552002843258 0.156638585231829 0.182065244965131
0.076140245213649 0.262267500500487 0.0970570334549902 0.326198498806465 0.238336722024409
0.341339280200373 0.201419851571227 0.102342985973478 0.176350621229628 0.178547261025294
0.0770997719035583 0.326637641600891 0.0376809342481054 0.258695541414055 0.29988611083339
0.299814258397911 0.0247422720708521 0.274114095220817 0.285521435437096 0.115807938873323
0.327879935319755 0.0565589282088214 0.160973871873467 0.172104917178863 0.282482347419095
0.236724932425407 0.198275250474277 0.276922838882924 0.244796532654609 0.0432804455627823
0.0538172454424845 0.339794262748293 0.251736482607549 0.142741767330555 0.211910241871118
0.362614595236224 0.140351967394728 0.168184857685589 0.0190813934037323 0.309767186279727
0.0222938555115078 0.352416392151892 0.247128793116547 0.0962902270396448 0.281870732180409
0.214130715506118 0.233609667904933 0.14753243935645 0.305716881953037 0.0990102952794622
0.155592297526752 0.397269635110756 0.0237156404063652 0.202941966350227 0.220480460605899
0.248021012897558 0.290865553492021 0.0381741944889063 0.266233161384341 0.156706077737174
0.0863051313330633 0.210967024933546 0.183864520481318 0.323981359273689 0.194881963978384
0.356712188458704 0.0837165777338388 0.244243815457458 0.12310346814447 0.192223950205529
0.239584674319786 0.336570785457194 0.255024854131766 0.0439332533858189 0.124886432705436
0.0657149585955606 0.435223870243447 0.315672970589169 0.0458319756633729 0.13755622490845
0.16015190989727 0.342691468933862 0.140086786717396 0.215664930601787 0.141404903849685
0.314232834412088 0.0243349053533528 0.0954731831800469 0.408282369064019 0.157676707990494
0.057480392613094 0.381480222919153 0.341978981850993 0.185203346660108 0.0338570559566513
0.322655310613462 0.0477535898525706 0.139963727367171 0.386414689723665 0.103212682443132
0.271176264706824 0.286553658194996 0.174689391948435 0.260828263195313 0.00675242195443187
0.062330274295979 0.00382761248901454 0.151252704733428 0.713944834245031 0.068644574236548
0.129188418311875 0.325090128723146 0.0138619529343275 0.2205903460951 0.311269153935551
0.418064468523783 0.172197575847309 0.0304173028572987 0.123699326680595 0.255621326091014
0.281394036210273 0.142507828903383 0.304036413055331 0.082419686360582 0.189642035470431
0.154028589871614 0.21707356565112 0.234688453021498 0.0704091248294846 0.323800266626283
0.307018260210679 0.0324895456536528 0.250133768521323 0.235396999888033 0.174961425726312
0.0622108927947106 0.235283068610061 0.18701680429734 0.269955171164973 0.245534063132915
0.138515771578576 0.308814628440751 0.0639953167887242 0.361263513373377 0.127410769818571
0.0729492148913861 0.29520406390195 0.14499086203876 0.212711356656118 0.274144502511786
0.145868398864849 0.19857673904851 0.300956195805848 0.098289645753774 0.256309020527018
0.167994370817622 0.183118888430788 0.223715805948031 0.187486518812211 0.237684415991348
0.201275851358602 0.0180993720571059 0.298953290137457 0.464202865897717 0.017468620549118
0.0804758489378065 0.23019780360248 0.148132836710114 0.413771500798715 0.127422009950885
0.657102674086779 0.00374161506608863 0.193450264674006 0.0645331788239227 0.0811722673492034
0.0635683883393857 0.205999119618439 0.0708892936457729 0.145744148632622 0.51379904976378
0.131534269395305 0.299616917644188 0.179938954235464 0.32159512633795 0.0673147323870928
0.2632266285579 0.280501134389391 0.0866665326633067 0.256652577157357 0.112953127232045
0.300719457170694 0.158297652210814 0.100060114785853 0.150182130540318 0.290740645292322
0.213506364710346 0.173916236672519 0.102091315055404 0.397198016238423 0.113288067323308
0.078289065138157 0.202917848560634 0.232545804993409 0.317371234884547 0.168876046423253
0.310835340016775 0.0415858689438844 0.276607193723871 0.224517456443116 0.146454140872353
0.0692512162411603 0.37090880816947 0.0147291146626333 0.32315769940644 0.221953161520296
0.0954435013956372 0.11517758968083 0.240552412625663 0.396948205835315 0.151878290462555
0.25999915117243 0.310505835959009 0.0206771386039621 0.257323031567721 0.151494842696878
0.216894449273898 0.103723825208785 0.196293001406996 0.239491673917036 0.243597050193286
0.0211842341529614 0.340950292796507 0.412382464031801 0.0188798286848302 0.206603180333901
0.378735456883137 0.388809041098493 0.0634500862389049 0.0422394137590563 0.126766002020409
0.183481772801648 0.0991369010294868 0.0191166623459378 0.466171732367627 0.2320929314553
0.092473804472897 0.300179983353284 0.249317907074847 0.0474109268136656 0.310617378285306
0.130048707037886 0.237320621379754 0.353578787591178 0.0051718122290016 0.27388007176218
0.116355212099674 0.262181522601441 0.173889552258119 0.284395907158474 0.163177805882292
0.284332125486863 0.426611148919204 0.120044968343002 0.0891218498476333 0.0798899074032971
0.249861139611339 0.059682402288795 0.00497764530439397 0.350802756129017 0.334676056666455
0.231571802702675 0.0890101328022797 0.0286159699558116 0.328745014337398 0.322057080201836
0.191205177924832 0.000923110205388845 0.308668227034443 0.222649297293647 0.276554187541688
0.283762050440604 0.129868906706334 0.185926780274446 0.337651576306818 0.0627906862717987
0.200910793770499 0.244613146658148 0.11931042733995 0.265936928515536 0.169228703715867
0.146525085193838 0.266021313913046 0.206359477384224 0.268479498943637 0.112614624565255
0.114315546068629 0.111606788784764 0.285364679739985 0.345827511815381 0.142885473591241
0.398976378271911 0.170710897982759 0.0713543735112678 0.155669757199467 0.203288593034595
0.199093324471485 0.171690220785808 0.268370414235933 0.210613770150267 0.150232270356508
0.270005469036746 0.0104687933540334 0.0977161689650998 0.302000819902795 0.319808748741326
0.222699212739972 0.11449041819676 0.163763752053746 0.251533867328315 0.247512749681207
0.0120828289755351 0.787857194932148 0.0343828883584371 0.141017513700367 0.0246595740335121
0.1308631671836 0.342348442721846 0.0489237142400141 0.413906710985199 0.0639579648693407
0.0787345024991107 0.185328300060793 0.221773984976401 0.306742068179984 0.207421144283711
0.293029563302372 0.310839063415404 0.0574611906199496 0.328668413710317 0.0100017689519571
0.571637689463074 0.190708638071887 0.0169987095259102 0.15462247092368 0.0660324920154484
0.0876028295463633 0.0222031253971043 0.255811521674016 0.296748342397253 0.337634180985264
0.373925939955882 0.0938342130383787 0.334884748797494 0.135265150968184 0.0620899472400615
0.205534899144977 0.28981282121938 0.159664908966195 0.142537801139326 0.202449569530122
0.285942560847121 0.258884532258472 0.177202277434748 0.10919193653354 0.16877869292612
0.195602605220467 0.354240098976465 0.356301918099318 0.0599539173305157 0.0339014603732349
0.270680910601178 0.239839133262564 0.0736423733631393 0.237960944974194 0.177876637798925
0.16108746071663 0.322852844012637 0.312251235796067 0.131426189343629 0.0723822701310359
0.02957458521921 0.313259852417321 0.388439520238028 0.0830040691378859 0.185721972987554
0.276644722733864 0.0506764863667712 0.231266396020037 0.2003728339823 0.241039560897029
0.190822006208983 0.18408559435449 0.211096350959359 0.232098766769714 0.181897281707454
0.261111182337254 0.281173026006082 0.0848767706796788 0.172132830124726 0.200706190852259
0.0224462098568556 0.0470272991551944 0.389238222716259 0.336246669826916 0.205041598444775
0.198313655111434 0.195958788198114 0.00204454310400497 0.189869976160175 0.413813037426271
0.256240851707155 0.277862657650941 0.213208515798686 0.166630098050173 0.0860578767930447
0.147886546129494 0.333572098262293 0.257619492429718 0.154524422424642 0.106397440753852
0.0967351534415458 0.0971275791508628 0.0804861918549884 0.365715538090138 0.359935537462465
0.051909146957212 0.274225702016961 0.045914944478204 0.448923497826362 0.179026708721261
0.0638583784796052 0.326271520010425 0.304340478892393 0.190152245827582 0.115377376789995
0.00312582854683719 0.0284644832527335 0.257432078894024 0.344646812747014 0.366330796559391
0.0930573941315436 0.210868289733361 0.270390279072773 0.222524477712532 0.20315955934979
0.364727921124417 0.140141155095036 0.352065372549418 0.102795230379471 0.0402703208516583
0.329734110525894 0.217646535525251 0.224752764806322 0.213522375435621 0.0143442137069116
0.233842388365581 0.00486257149964373 0.0161263548540455 0.236178005834063 0.508990679446667
0.0316844464594417 0.124573443779822 0.26492573342489 0.406464360344593 0.172352015991254
0.152357689923966 0.212009562684052 0.173396389992996 0.165854418129827 0.296381939269158
0.227798110886471 0.267163259203756 0.258961608563972 0.185747463929241 0.0603295574165598
0.24535643116594 0.22251157932605 0.0957574600474013 0.260109960340486 0.176264569120122
0.214798557181982 0.252201710274163 0.178956729014848 0.26740195089243 0.0866410526365773
0.168612313686848 0.4208888994539 0.328344403989334 0.0202019431446909 0.0619524397252272
0.0331064289682578 0.409490200642052 0.163724836901991 0.208939217460594 0.184739316027105
0.254186901099354 0.255406780724162 0.213351569314544 0.0669197681218183 0.210134980740122
0.108235357690633 0.350089910059496 0.225342057226805 0.0796367308147528 0.236695944208313
0.116195330511079 0.374088565990433 0.0466024608762219 0.135442183428922 0.327671459193344
0.199153401323707 0.236692223574783 0.290738031522272 0.197307288979261 0.0761090545999778
0.258766734620487 0.275842202733923 0.0890220872385769 0.185514304923703 0.19085467048331
0.448580865684593 0.0899185721236363 0.210871300529063 0.0248656577649534 0.225763603897754
0.0458196347441168 0.0552502969722439 0.221455225696044 0.13857393367147 0.538900908916125
0.19431624144875 0.112343881639767 0.171181469026775 0.193931558053594 0.328226849831114
0.255613631672032 0.150811677395621 0.319427291586791 0.242359959395342 0.0317874399502134
0.0982454274035036 0.0665157153811631 0.28653223118878 0.270265268693712 0.278441357332841
0.390821678724884 0.0909015309782563 0.246561486777436 0.10904281116427 0.162672492355153
0.349882308067665 0.313919491310837 0.0241602243587157 0.168561896208107 0.143476080054675
0.328784306476205 0.108054082844631 0.347713405263102 0.170680248171013 0.0447679572450493
0.142488003191378 0.0945612817365453 0.443159337890813 0.306122589308222 0.0136687878730415
0.271074633155575 0.02275175301328 0.291745640125317 0.227382918777057 0.187045054928772
0.213753961119163 0.216693692126886 0.129266836543949 0.337875203744261 0.102410306465742
0.355977405477461 0.350405712532799 0.114813439438644 0.115257824148187 0.0635456184029086
0.296172767550734 0.0191739322669569 0.125522596643115 0.227514232176887 0.331616471362308
0.272440579968185 0.310854321021091 0.253768078343038 0.089012325682271 0.0739246949854153
0.190248495233317 0.378007864104349 0.0709078028484873 0.00567418124814796 0.355161656565698
0.297750024475711 0.266462583024249 0.330118616819168 0.0795551383730987 0.0261136373077724
0.278279320862115 0.479626426991013 0.0930498007117796 0.0943790435966998 0.0546654078383925
0.251892444281117 0.354574948912883 0.0580925898775164 0.274579477202448 0.0608605397260354
0.216751961836732 0.283318682055989 0.269795899148377 0.0319967197703344 0.198136737188569
0.313168493929854 0.0319953192306438 0.243532807890133 0.337865712686636 0.0734376662627343
0.230429947772385 0.136160653873855 0.235801659510834 0.249894574779077 0.147713164063849
0.0536673370840098 0.314906313625443 0.124251402327212 0.283344450025566 0.223830496937769
0.189745244189649 0.378456487032586 0.110632835728928 0.0467859466657388 0.274379486383099
0.303875448394868 0.203074637275921 0.187764937613875 0.0268838346576535 0.278401142057682
0.283957420500789 0.0611204057849496 0.00209391443903937 0.573126893175481 0.0797013660997408
0.11760993179109 0.200010203466998 0.186438659416002 0.277622536274767 0.218318669051143
0.208424718071769 0.180120796427185 0.0425867645254137 0.17552123965906 0.393346481316572
0.217475467489693 0.144665510609803 0.0258445098011358 0.299507805116397 0.312506706982971
0.277143637366073 0.167641094129037 0.116967448805506 0.289787425779196 0.148460393920188
0.0993203883396018 0.210734158931571 0.277298289954697 0.27910593066665 0.13354123210748
0.103547961219294 0.270892203705285 0.118893974606597 0.242601972560919 0.264063887907904
0.0835068994553118 0.393136343398094 0.192659244742295 0.0452141799517793 0.28548333245252
0.187442527113016 0.216583487140138 0.177240148758851 0.175587632423557 0.243146204564438
0.0562824995162788 0.422513918019166 0.0928922531212319 0.273248964313923 0.155062365029401
0.171899406900728 0.109743035723158 0.3065541971218 0.0352311844245459 0.376572175829768
0.242342524621596 0.289717492829376 0.119727415347792 0.0853812640438665 0.26283130315737
0.138007312581415 0.269297354108627 0.328948027478353 0.237270161560716 0.0264771442708897
0.0983915816471966 0.225387206610614 0.201103522667975 0.24244699676992 0.232670692304294
0.152742047349482 0.0282156640516679 0.403772068351173 0.0263233835747315 0.388946836672946
0.125122828234539 0.250744239775744 0.117447926408282 0.381872572040903 0.124812433540533
0.139677823189231 0.112110871406021 0.212486133983223 0.274047272896469 0.261677898525056
0.299646938733794 0.22899643573608 0.0480380071627383 0.148713952154603 0.274604666212785
0.235495751046013 0.0643994148662858 0.266840077661617 0.179224156487359 0.254040599938725
0.193579512420535 0.209090918283824 0.230447651007549 0.161509317330077 0.205372600958015
0.32952355092937 0.104150598955615 0.330381934171442 0.10392258755059 0.132021328392983
0.238463783082318 0.107864073629355 0.248412365498704 0.178396913558802 0.226862864230822
0.165684750965271 0.137095772316291 0.207880722697352 0.203955092981524 0.285383661039562
0.0760738699735735 0.295382500885521 0.120265382737815 0.236230308396347 0.272047938006744
0.0328363424026792 0.0120322008598557 0.523262451575158 0.279271334855557 0.15259767030675
0.450440330507725 0.184060253349845 0.191412834424611 0.169386068321018 0.00470051339680128
0.199117085312825 0.273980635548769 0.262461653932686 0.252821530964808 0.0116190942409116
0.461032693478928 0.0126414482304741 0.132898973482443 0.228080991092144 0.16534589371601
0.27285641875233 0.165083342708911 0.131397217101382 0.246241354620277 0.1844216668171
0.189596257058862 0.148243792506501 0.00339520628891916 0.355649181172536 0.303115562973181
0.163406418578197 0.246325778207662 0.0633365144316609 0.25804785474958 0.2688834340329
0.00286277058892571 0.3167514959944 0.340581748996405 0.265109109531374 0.0746948748888949
0.145235747792193 0.0188610454332599 0.420961569745108 0.0794692878038016 0.335472349225637
0.333525767425778 0.166617187622827 0.119817327514871 0.359805442462065 0.0202342749744589
0.155324310066428 0.253979723767381 0.0739184012503543 0.249433131226226 0.26734443368961
0.127034774290426 0.0664160337914113 0.300105412498027 0.452126727252599 0.0543170521675362
0.0631101944365686 0.208823976785139 0.133250358552816 0.100524111562144 0.494291358663332
0.0912207415669473 0.290983894725359 0.146388361173417 0.0493339719766367 0.42207303055764
0.0896876887710041 0.108540982641079 0.244643153623428 0.391975956453933 0.165152218510556
0.195107627463791 0.121330231047093 0.302908786857391 0.199369530609969 0.181283824021757
0.235189244905321 0.00179180636100844 0.413539272292565 0.172186043786981 0.177293632654125
0.119363037488802 0.218472482407823 0.402648326523863 0.243340687148687 0.0161754664308258
0.176783642219872 0.0391969717846079 0.258963814326894 0.228281676835267 0.296773894833359
0.265912695188299 0.064782535272814 0.0918089502236686 0.2711785824593 0.306317236855918
0.00570350310749856 0.527714477906989 0.199440353274712 0.0647023497935199 0.20243931591728
0.174746318222907 0.0193413161322237 0.36514019616235 0.412397328440586 0.0283748410419338
0.257669897157154 0.153712862705727 0.0608432494869534 0.318283851205689 0.209490139444477
0.0787898989507865 0.303294811386324 0.34309339958409 0.195153237696944 0.0796686523818554
0.23951083983252 0.156607379406368 0.252832546795271 0.0501369129171695 0.300912321048671
0.234989326839682 0.224490685124565 0.20466955222729 0.215812588145846 0.120037847662617
0.0867482146143141 0.254449553135798 0.197036598340304 0.254009362096813 0.207756271812771
0.608196723138327 0.20893471708259 0.0283436239353075 0.12582482356777 0.0287001122760057
0.153431473743773 0.0669328376625995 0.0829147352586892 0.24128554837767 0.455435404957268
0.126562661452198 0.0594525837948589 0.354716136931125 0.0667092932751575 0.392559324546661
0.142097912221469 0.213395474195207 0.256029795953286 0.10573090900915 0.282745908620889
0.346889770317261 0.190386092064283 0.210622451515783 0.1565938889999 0.0955077971027731
0.132090123171339 0.250452975190944 0.276247307051535 0.226965603576545 0.114243991009637
0.201296537143833 0.667250613278663 0.046148132515985 0.0322291584969484 0.0530755585645707
0.446486751963551 0.0609197113708372 0.226029845863296 0.0681031227589557 0.198460568043359
0.217130627567566 0.0574862198901257 0.404100007828913 0.272164932131382 0.0491182125820143
0.118830534949026 0.0956214556693525 0.247210712635877 0.208931351581551 0.329405945164193
0.243118134209834 0.126152072351502 0.273962073734637 0.276443757384529 0.0803239623194983
0.470618297409175 0.144566319667636 0.204105293967396 0.12023086342675 0.060479225529043
0.191756253657972 0.240046422484483 0.233629780406576 0.161245803793562 0.173321739657408
0.251712823369183 0.30852734302066 0.181615764958131 0.088235368266556 0.16990870038547
0.236061882509103 0.275784602049055 0.118282659927383 0.225005754324984 0.144865101189475
0.137621875971271 0.137914917252862 0.0411349961741026 0.296188661700602 0.387139548901163
0.126599018520736 0.221561043555493 0.502879256952079 0.140759668728392 0.00820101224329862
0.219311268535306 0.438935758619408 0.0725405520388803 0.167465996761593 0.101746424044814
0.195960632038404 0.267932346295128 0.231418057094806 0.168018055356481 0.136670909215182
0.0938265804686188 0.404900366638515 0.281367388642335 0.0040737039172485 0.215831960333283
0.163355515467739 0.455224860019072 0.00197960209499512 0.319229034036827 0.0602109883813675
0.235271824970257 0.314370275885886 0.00448062847772773 0.175751327795674 0.270125942870456
0.24667499179552 0.140036882222327 0.319330619940396 0.124200645032593 0.169756861009164
0.0299296024704532 0.24880478114241 0.224348372497566 0.162474148815778 0.334443095073793
0.0593623094569331 0.175764630042086 0.341420774700044 0.268191575226818 0.155260710574119
0.186725578731387 0.274611580656822 0.280467172296386 0.181498639477722 0.0766970288376836
0.217397681659679 0.171624510026151 0.513649314361812 0.0707068869732105 0.0266216069791464
0.233693729965106 0.262962057448316 0.0606531848770146 0.268804040586248 0.173886987123315
0.0984411371875969 0.0954194940500933 0.108819217921246 0.344330198257102 0.352989952583962
0.216588468171809 0.103052245803107 0.324849217970561 0.202642706158864 0.152867361895659
0.155273902786042 0.258992821072791 0.121998932351401 0.165073803391535 0.298660540398231
0.418376437924004 0.292778798070472 0.08456591131497 0.143190002775788 0.0610888499147665
0.128866880191096 0.183275485145301 0.299835674100521 0.341621902399694 0.0464000581633878
0.209468972612725 0.0615824060852442 0.21383960319525 0.00313275173923253 0.511976266367549
0.339658073708068 0.199004293677777 0.0254329245816023 0.309274936815437 0.126629771217116
0.287358174239251 0.146804155450447 0.221912566382963 0.0976982462065543 0.246226857720785
0.148064294997207 0.199675312321657 0.112295595437615 0.210291529116716 0.329673268126805
0.0891511249960424 0.131260298972166 0.244490201962633 0.287944379006815 0.247153995062342
0.136700405065558 0.207657703403697 0.310279375019227 0.0634026587699375 0.28195985774158
0.254417495807298 0.010723649101353 0.0765539515987221 0.276374242781545 0.381930660711082
0.224854038489179 0.117481034631678 0.320944006788619 0.00272494272780537 0.333995977362718
0.205372078402805 0.343846468354159 0.145690206618965 0.0733779233141613 0.23171332330991
0.213885511812322 0.154491891314352 0.367130740595426 0.118560735979319 0.14593112029858
0.218505131813919 0.168334266000713 0.240546745039481 0.163882474597101 0.208731382548786
0.299999120462517 0.166981639147857 0.0110174179307079 0.217013556958581 0.304988265500337
0.110033324469721 0.275223253795373 0.0974940315799869 0.224431682015979 0.29281770813894
0.123805529210093 0.129251811871228 0.27335208024704 0.261378093960751 0.212212484710888
0.283744623680455 0.112331405360453 0.110350917438055 0.341285716453865 0.152287337067172
0.0340493565676847 0.0475865404557094 0.523876537370221 0.35606324562464 0.0384243199817444
0.203003285858861 0.123361936202339 0.235223278302252 0.284743432550762 0.153668067085786
0.0709200473013252 0.0880423042369186 0.406244562434772 0.116758628674554 0.318034457352431
0.116977898702778 0.0750773261486597 0.431515939196755 0.338901869715241 0.0375269662365659
0.281140777824033 0.0631069042094291 0.18088580009584 0.439239830617612 0.0356266872530856
0.188210718348762 0.316806311622756 0.189809255912787 0.258116019783922 0.047057694331773
0.25976353421701 0.130313297960907 0.252705506510113 0.221532717391842 0.135684943920129
0.0287110048545293 0.103813651426751 0.319732545159388 0.330018918170325 0.217723880389006
0.232022692522853 0.244819944487007 0.125851357925005 0.127475143960598 0.269830861104537
0.0636984833272074 0.272604272962334 0.0638649258403072 0.206097797848308 0.393734520021843
0.0472733575580418 0.00156311773246876 0.517984402377096 0.384758230124669 0.0484208922077246
0.0969324262541841 0.0981201315791565 0.296216542514201 0.368925181427496 0.139805718224963
0.136734794283744 0.189488372015514 0.213434529145658 0.159186937253328 0.301155367301756
0.0461331255205073 0.0376903584927055 0.187390968760393 0.233128559655729 0.495656987570666
0.157968143384236 0.05820861613255 0.286561474660431 0.399836321048975 0.097425444773808
0.212798950398159 0.545964835747368 0.138792665333357 0.025561685607646 0.0768818629134707
0.00559927770704433 0.162428033188658 0.249606963589727 0.295611814070521 0.286753911444051
0.225065402385517 0.257160028497903 0.260066513597735 0.0241477733844815 0.233560282134363
0.23161096811404 0.110539921012572 0.148667893361501 0.336079891884707 0.17310132562718
0.279974163762472 0.278075794841575 0.219123476581704 0.160515399858098 0.0623111649561516
0.209890711354168 0.385410861447251 0.17243608510396 0.156412114148381 0.0758502279462392
0.0215873855138066 0.141265035252831 0.413633548808497 0.291188016264723 0.132326014160143
0.160600045170023 0.204603290727262 0.168624950281 0.349304084501936 0.116867629319779
0.0218507565415844 0.440023553269851 0.0203883339449424 0.0575652227030465 0.460172133540575
0.227931084126333 0.00134176523655499 0.289270846126177 0.383318367987541 0.0981379365233937
0.0775652139728206 0.253759297487017 0.219266457758845 0.417689446396211 0.0317195843851062
0.435463359240122 0.0892200124142414 0.065268053847113 0.200008147282527 0.210040427215996
0.160896500374387 0.313245459855584 0.0377507403935992 0.280898059352056 0.207209240024374
0.238541185917511 0.114025771450398 0.196381490092556 0.236291801021433 0.214759751518102
0.380693334092132 0.310042311416625 0.0402902777199979 0.148341799685195 0.120632277086051
0.0170677337760961 0.128006994781528 0.418771268732295 0.276485580961409 0.159668421748673
0.0985649952255032 0.195118704075289 0.206580993230864 0.289880623186957 0.209854684281387
0.271723473223892 0.204861648984315 0.248215666908315 0.201205639713494 0.0739935711699834
0.300955400406321 0.137027197438319 0.158048033543961 0.274768194564297 0.129201174047103
0.28020639503327 0.29524473918033 0.245985715249265 0.0728891867563773 0.105673963780758
0.424679222985505 0.19607865073479 0.197642068686993 0.161319552296331 0.0202805052963822
0.24942519624713 0.291026063674975 0.163575064705258 0.0963884287590445 0.199585246613593
0.401498398548482 0.164250519096077 0.0306727054726226 0.303425480668791 0.100152896214027
0.137492434648653 0.104750752807195 0.392801268892209 0.228042158704524 0.136913384947419
0.214835109278647 0.115614735616789 0.183823770818096 0.416515134219156 0.0692112500673129
0.013850857114032 0.568743218295807 0.199572755342792 0.129446196776414 0.0883869724709557
0.203196214206512 0.313359369204593 0.0626713634212932 0.272318197271147 0.148454855896455
0.139178094750522 0.190408667321666 0.198305395726344 0.27151132485139 0.200596517350078
0.322454369864026 0.0237539101430047 0.101520849706055 0.211407527468482 0.340863342818432
0.253038472174935 0.290071535043597 0.266042243993928 0.184025412233433 0.0068223365541057
0.177845831794813 0.289623782502203 0.100095248453331 0.116352136939882 0.316083000309771
0.411101731167285 0.0169178912374854 0.173323791029591 0.0454979878260366 0.353158598739603
0.126189938691528 0.233856526164772 0.189620455972991 0.197097369487525 0.253235709683184
0.119483562962464 0.00870965795595099 0.362203988607198 0.0988727298949144 0.410730060579472
0.0874275560879851 0.345371922188741 0.126920435020289 0.209425070126121 0.230855016576864
0.03141744693756 0.173595345782897 0.245508118406575 0.293402682280358 0.256076406592611
0.176083703827909 0.120397704959571 0.234880445670519 0.423997086096566 0.0446410594454359
0.244089632942735 0.196320654421782 0.238316837844137 0.281812844701034 0.0394600300903113
0.274752555299284 0.228654644929393 0.136383434784744 0.114664761659561 0.245544603327019
0.186653016888621 0.278831107842903 0.310631116304024 0.129475365767864 0.094409393196587
0.212834864332153 0.149026529793729 0.25897548331049 0.251661303834233 0.127501818729394
0.22792617879475 0.355332996644291 0.0652430276537302 0.163088210906644 0.188409586000585
0.0146170788667605 0.040204998640118 0.183746994615955 0.370272552480055 0.391158375397111
0.128046243370396 0.233609737804776 0.0703693854403064 0.368444726226362 0.19952990715816
0.22861489493585 0.459112724878595 0.144758417400652 0.141476106825221 0.0260378559596833
0.208570816003669 0.188049880164613 0.0247242197199096 0.293702294763882 0.284952789347927
0.334070659011417 0.0538487123348767 0.237666141828468 0.309037872787415 0.0653766140378239
0.313554576074441 0.0940847704898035 0.00335250835715033 0.0253465662072563 0.563661578871349
0.271532385279554 0.206220133512382 0.181781007788179 0.140327325345146 0.200139148074739
0.150951679130718 0.0777699174691101 0.275648275291577 0.202548811922483 0.293081316186112
0.202858946092913 0.20855092783325 0.25885406744835 0.0731270111166085 0.256609047508879
0.0503121353058653 0.202257417594219 0.248409607379475 0.387251020307053 0.111769819413388
0.299322598796181 0.124224481855945 0.188410780973838 0.195347818739169 0.192694319634867
0.174309625435289 0.304431716152409 0.243423460470589 0.0602522384429904 0.217582959498721
0.331752788275555 0.0322513899068391 0.181594518054411 0.373141269642457 0.0812600341207376
0.194918422165627 0.310686034622023 0.392929859469901 0.083681874015342 0.0177838097271075
0.288339017838152 0.0469578894266864 0.109621828992511 0.322325332584798 0.232755931157853
0.241787124914253 0.237752601767065 0.222719437339318 0.107083641162284 0.190657194817079
0.256888243641507 0.279301781056089 0.263937854062369 0.121264075965424 0.07860804527461
0.0639423256346169 0.4257981077095 0.166909065680788 0.340093996543523 0.00325650443157242
0.0341409944547249 0.291693658342138 0.047789846415126 0.0471920506288516 0.57918345015916
0.199157620375752 0.106913279988564 0.218844629036359 0.240451673832027 0.234632796767299
0.0399238508155117 0.309112496303671 0.0511652427920326 0.325287200908344 0.27451120918044
0.314906618228636 0.196655415453518 0.0278615938511341 0.404890488636006 0.0556858838307048
0.131279416176857 0.227811818067531 0.321677650498555 0.145262520692356 0.173968594564701
0.125257471010065 0.116966690909453 0.300788845100208 0.259420116306074 0.1975668766742
0.203212655457439 0.191747345528099 0.341064797858507 0.132496716640549 0.131478484515406
0.0318599665087708 0.278824460865173 0.298162887379006 0.210526894405217 0.180625790841833
0.397882169822514 0.116160873137875 0.00426418181012734 0.296787885907644 0.184904889321841
0.239482676581829 0.127653725852457 0.281336002528301 0.211789478849437 0.139738116187976
0.210073252824875 0.274276506326622 0.0211522417151518 0.221790957147405 0.272707041985947
0.0181754301926951 0.15890240790443 0.294823073002511 0.255560289605895 0.272538799294468
0.249993334792674 0.239447819928501 0.0389286944482994 0.204673256968654 0.266956893861871
0.490209011444867 0.281843496242634 0.0552765987866498 0.145415016215788 0.0272558773100617
0.330028266985219 0.0265063405109339 0.466826612809261 0.0537972342908282 0.122841545403758
0.244929400571696 0.0587261252071214 0.194684608691272 0.203420247543527 0.298239617986385
0.258548314547871 0.210136108208616 0.0876848798690383 0.168351408922479 0.275279288451995
0.262423924354834 0.104586955167779 0.298546493472165 0.223233687048632 0.11120893995659
0.221676970428067 0.139481590691843 0.183618377817131 0.136643844723188 0.318579216339771
0.033336867468175 0.126902698903428 0.293369323174991 0.357068898192515 0.189322212260891
0.0865425287052579 0.304126278303619 0.184313621895773 0.294554653862761 0.13046291723259
0.243326266861052 0.0258574249763035 0.23719168194571 0.242153606843989 0.251471019372946
0.219854496603604 0.0270587394572838 0.157579352848718 0.0994999810836138 0.496007430006781
0.246210564123973 0.0599300925450362 0.256320591524269 0.247545440835051 0.189993310971671
0.198581914980199 0.088643752270355 0.392059571452697 0.198784863194992 0.121929898101757
0.175334754146494 0.218708666742772 0.315089188298732 0.247808569925605 0.0430588208863979
0.268980980148983 0.241576471067811 0.0467340922919539 0.182858455669439 0.259850000821813
0.150087514414165 0.170586304839313 0.306850553948161 0.0583262172979823 0.314149409500378
0.041923856838134 0.0257346983505147 0.334981459044913 0.312207571572319 0.285152414194119
0.223765767343017 0.108928055394849 0.201356767550224 0.253465823801826 0.212483585910084
0.270769702128508 0.00451158236445058 0.461580433672877 0.228058795976052 0.0350794858581128
0.276171748941858 0.0387493299568074 0.231655002039573 0.160412959421148 0.293010959640613
0.0348238729246217 0.178426023364517 0.417210338079821 0.259310845327687 0.110228920303353
0.27548103998465 0.244261855150823 0.0819892450189586 0.118958870612922 0.279308989232647
0.19428000875873 0.260392823919894 0.153292723247472 0.31189584689831 0.0801385971755948
0.25829035750159 0.296905778036396 0.0213119961073332 0.259834436943433 0.163657431411247
0.346359678924987 0.120348792120442 0.0750286859539849 0.0873173908741638 0.370945452126422
0.306835755088666 0.177671558984034 0.226778873402954 0.27322098408311 0.0154928284412355
0.191246307862924 0.137121168093794 0.153632854069956 0.203298351156735 0.31470131881659
0.224571205397519 0.115177527797279 0.337368635865118 0.113254721930173 0.20962790900991
0.0705343236225305 0.0510400312463016 0.396772647350703 0.167872421920492 0.313780575859973
0.167590099381098 0.222799227686841 0.227965614616412 0.244824037250312 0.136821021065337
0.169293387047154 0.0772057288764306 0.235273751633852 0.285790414402883 0.232436718039681
0.0359452999183712 0.212985427573066 0.190238079341967 0.546826577043879 0.0140046161227164
0.277535643311668 0.226014052424803 0.352944097052321 0.118520241618912 0.024985965592297
0.0728275281847273 0.162583259272345 0.0466236992345671 0.305796681668851 0.412168831639509
0.0674379719618734 0.312870000743208 0.19756644730262 0.210035929967215 0.212089650025084
0.318865979160355 0.185401834415876 0.0650559519730954 0.0971060019162603 0.333570232534413
0.17120475671394 0.245685521273143 0.302344736854157 0.224933255890708 0.0558317292680518
0.307774119107578 0.255176450622307 0.235086302759785 0.0645185536486139 0.137444573861717
0.150240467346481 0.187285807383672 0.247494925253855 0.14837014648859 0.266608653527401
0.0942737877073055 0.270252295157098 0.333564808608058 0.0817193075134712 0.220189801014067
0.309134520228188 0.0598961177252444 0.15391029038085 0.460749276099965 0.0163097955657531
0.251251964322593 0.328673853119413 0.108619449074784 0.300725253688268 0.0107294797949421
0.131295311163021 0.106267919980875 0.25727739638537 0.321660185998867 0.183499186471867
0.152634759507917 0.0973197272026294 0.34039232876372 0.255264158294623 0.15438902623111
0.307766558924487 0.0915586610736103 0.0300003168876178 0.185286796213866 0.385387666900419
0.0998789575737008 0.23750826495643 0.364295426382583 0.253604389799769 0.0447129612875171
0.287327849162458 0.161930728959467 0.302251698630868 0.147687504327846 0.100802218919361
0.06137462819855 0.253314581215552 0.183398896902365 0.224248157052995 0.277663736630538
0.116050273226147 0.282585302297957 0.231940544778597 0.0767999200179289 0.29262395967937
0.364489968333862 0.155110378796617 0.3137619748939 0.0516510770184947 0.114986600957127
0.336161623307547 0.0575491838843436 0.220099021376102 0.0701352419079092 0.316054929524098
0.108703907986087 0.167912430621845 0.0760004159406028 0.0469303637616065 0.600452881689859
0.259169153119635 0.0595688968381569 0.330889867893647 0.27078818324683 0.0795838989017305
0.0762354522944819 0.0840975499567248 0.409557775171135 0.301149971081173 0.128959251496486
0.35292848152637 0.102769977029127 0.0582279730060745 0.185315502105784 0.300758066332645
0.044087832059781 0.411236282115726 0.159999802057029 0.275703521831428 0.108972561936036
0.133387862058136 0.0954823969558787 0.297445841917848 0.0710699873708305 0.402613911697307
0.265084446762964 0.228079689214961 0.28891638528653 0.126392938389467 0.0915265403460776
0.288943603986667 0.124452576628296 0.28306554380623 0.105491848905458 0.198046426673349
0.109889226726325 0.0548603930813297 0.279486067394216 0.468247719868331 0.0875165929297979
