0.166019068191365 0.177696073349591 0.18965401248904 0.194418107952692 0.155370581202858 0.00588931453469814 0.110952842279756
0.0106987745868214 0.258279982551299 0.214807028638915 0.135159033377724 0.171739226270686 0.196012659240317 0.0133032953342382
0.0774305753206622 0.209023875548374 0.0168121256521215 0.151816085406787 0.205672990908428 0.111965652479983 0.227278694683645
0.122535654508089 0.155499688540955 0.138844799900439 0.224770077845974 0.179630746783997 0.033030619089665 0.14568841333088
0.173391446202467 0.09796709718121 0.0360195342256925 0.0866266110001236 0.0983940221400391 0.223841918800717 0.283759370449752
0.234047197916426 0.191482376489509 0.139962569113174 0.12859464022346 0.167451862362528 0.105179802692621 0.0332815512022822
0.111451742728346 0.236746354363354 0.181462339932312 0.134802814499243 0.0739934741090932 0.0675178791380642 0.194025395229587
0.147601966879515 0.20673936710401 0.0483900384589925 0.181304442037788 0.200447492388086 0.0542368570785945 0.161279836053015
0.127914739616304 0.095699899809685 0.31154085578674 0.109682355037382 0.117586261112198 0.220052420920171 0.0175234677175203
0.145704673318582 0.257766742837688 0.0990445207300171 0.0646426205588964 0.205176670706515 0.0267456620997546 0.200919109748548
0.102727391076651 0.0778643603057358 0.0369746968674402 0.0750489230610962 0.343590219758608 0.334939793645797 0.0288546152846713
0.195478362220636 0.108462189476979 0.0904183726202324 0.208666889524541 0.151276548875222 0.18039820900526 0.0652994282771308
0.110308762201534 0.129917846354397 0.026863638897788 0.0176654228921845 0.215469922934817 0.239059795690262 0.260714611029017
0.0646688139162264 0.290328836938678 0.246564526531686 0.170499503180338 0.0694614341975085 0.0341437080191135 0.12433317721645
0.169245270184194 0.0304808553880955 0.269309034020582 0.1376779496106 0.252453160556635 0.102339656596512 0.0384940736433824
0.0367713141140338 0.127713752061308 0.094630763572473 0.163793339863785 0.314157866845841 0.0724438800674536 0.190489083475106
0.135011413919681 0.169850622854267 0.18127756931352 0.170726921436895 0.0845665239322139 0.0727786497116775 0.185788298831746
0.058721013200384 0.0728344603102112 0.151086287659803 0.0320157920544346 0.0386991301664373 0.372044524280332 0.274598792328397
0.184928855390484 0.197477518650418 0.0804159209367041 0.0340586877657028 0.0446454265914309 0.206253819259416 0.252219771405845
0.0772073501377453 0.247785490211323 0.240756496123877 0.198515831625334 0.1814000475725 0.0206802433844902 0.0336545409447296
0.110141638102507 0.196829843105223 0.189078029313183 0.261817505594796 0.0399522385539733 0.166417874265005 0.035762871065312
0.196407696967558 0.00237537397066522 0.150933219738003 0.037500093037515 0.235194082929063 0.168247561785262 0.209341971571934
0.174424918964642 0.193333293540806 0.0665582095932662 0.143878439998017 0.0382485748812944 0.188118828688849 0.195437734333126
0.199350536737957 0.342062990903039 0.318692053249895 0.0659696405585274 0.0131763153423128 0.0586565794533609 0.00209188375490767
0.12565215132308 0.203776725000352 0.0692098360693555 0.1245100633479 0.0708866004248766 0.159250449257917 0.246714174576519
0.0994252647528959 0.0538093196203979 0.0463999694157074 0.241366962871174 0.149861536873824 0.231292266227631 0.17784468023837
0.0950654439226709 0.00923388487185989 0.137424212629651 0.025721903958564 0.285238688310145 0.224908473766367 0.222407392540743
0.0140889475967024 0.198268133245771 0.269920650235676 0.159297762877759 0.128392649232933 0.130313455053566 0.0997184017575927
0.296903444312626 0.0824108409263463 0.198944733939422 0.126438318096035 0.0967651850206093 0.0532042066187801 0.145333271086181
0.170848616695678 0.0611630968306676 0.0540276222815128 0.304323213164154 0.0185036371054314 0.150993094046333 0.240140719876225
0.107756085341815 0.207196586499876 0.168981634612066 0.120019411056803 0.0869785643017329 0.0485920404307111 0.260475677756996
0.153806311896227 0.0586960392147721 0.244556710537681 0.205330573287883 0.0809400214395653 0.147100357678193 0.109569985945678
0.203187067439236 0.195858314518961 0.197137910560562 0.0199172768028453 0.123595655918248 0.131100159817734 0.129203614942414
0.114182691959596 0.246058221450111 0.215415313276373 0.245269003784189 0.104480145610541 0.0210033000646244 0.0535913238545665
0.306667155367723 0.309728294044536 0.0408948298909424 0.0103238736974527 0.309868889833829 0.0168558476582677 0.00566110950725015
0.227467666655554 0.0976673368384653 0.145424510412962 0.0909433875698583 0.076684262320029 0.147988104538531 0.213824731664601
0.242038427292583 0.161189091606738 0.0355647191469438 0.186181765340735 0.136359479898562 0.105972928848392 0.132693587866048
0.241991385156776 0.13159150199242 0.0572500588674146 0.226797809391421 0.0541357923529628 0.0367766591857932 0.251456793053212
0.120588479156736 0.213189054864053 0.0344439802936423 0.121943694511791 0.192536770880112 0.0816678945053149 0.235630125788351
0.0473345701235119 0.0632824052331857 0.0424882169476123 0.163560648614349 0.0477538945871607 0.522758926082876 0.112821338411304
0.398553952458 0.063577523849096 0.229017517765693 0.182870743534631 0.0104100156512352 0.00808712662411486 0.107483120117231
0.0728587555371293 0.023751846561635 0.272966956691933 0.346684766539153 0.147044134158825 0.0254146688791601 0.111278871632165
0.23788378411633 0.178247312547384 0.116819395559476 0.135088904563364 0.0701159935810776 0.164439070707126 0.0974055389252427
0.238016091499596 0.0930013739430233 0.0883903641537432 0.171839444221561 0.10880892615096 0.156391796689945 0.143552003341171
0.187139853206625 0.231780961072336 0.0731256956152377 0.135045525728257 0.241780704190138 0.0198394260915653 0.11128783409584
0.204661181318799 0.0291711096628191 0.081674832610084 0.18188307211266 0.159548111980934 0.107922395242638 0.235139297072066
0.0141562460889909 0.10622806139359 0.318701675833128 0.0124702846158364 0.31403227674671 0.126201756427886 0.108209698893859
0.185604978992067 0.110404289458314 0.251858050620546 0.200620856199644 0.133281973009743 0.000970757906456771 0.117259093813228
0.233499460334401 0.0368948728633841 0.165910404634737 0.0171835395017439 0.267362919903521 0.0871092769641987 0.192039525798014
0.123878504397279 0.242206684894264 0.19878412304943 0.195887000425461 0.0237923570177612 0.120231950548766 0.0952193796670396
0.0694082746451614 0.212427235675514 0.305555376098886 0.136653203782859 0.0553098315290436 0.195890335273089 0.024755742995447
0.120946642682092 0.249774604542003 0.175295422530093 0.269112966028276 0.0463688796191205 0.120903934722961 0.0175975498754539
0.0999360752448891 0.170627615867683 0.137514667997018 0.201095512116416 0.119183915370022 0.206801965127142 0.0648402482768304
0.0621506482387229 0.120005537123737 0.0967806605907937 0.140225346345711 0.292116747279957 0.248062370979792 0.0406586894412871
0.202413510833563 0.0282661420554158 0.307560629303482 0.0405269244577682 0.155860003170072 0.0191098306329236 0.246262959546775
0.0778430741205836 0.145743404318438 0.00658761398867247 0.156666760434876 0.215002507859392 0.225594174997288 0.172562464280749
0.0514945967242806 0.0920717527514709 0.208120451638668 0.100956851989807 0.15666803590147 0.216549065476928 0.174139245517374
0.107340076824608 0.2371331771511 0.192699616806358 0.13316349913098 0.0123925935076047 0.0415119333269119 0.275759103252437
0.122975191536845 0.260259823320903 0.0990603837896375 0.0988898027016145 0.0229831446572494 0.0904215967005405 0.305410057293211
0.00970511102250525 0.0398830573802588 0.416022269250797 0.207660120837135 0.123897436074487 0.054391966694452 0.148440038740364
0.290140494206198 0.163174281269677 0.0334212821387514 0.09044788012176 0.288519443532047 0.0100523057530536 0.124244312978514
0.00538518423056869 0.144652945338209 0.262179265059096 0.0368751944462922 0.312553131297933 0.205465004731953 0.0328892748959494
0.222482793910746 0.0327333957460731 0.0974346557633376 0.238989760115642 0.124384286490629 0.0711556172089638 0.212819490764608
0.175844427616033 0.146999967895798 0.226627176251411 0.117394668042213 0.0775964115978674 0.063693312863509 0.191844035733169
0.240012818612775 0.172498196551802 0.123329044595661 0.167839577025779 0.147743268154822 0.0337798152147967 0.114797279844365
0.21311534219352 0.199796832016838 0.0800971480912903 0.0567152975727546 0.140060297173587 0.152487416637404 0.157727666314607
0.0151531632754463 0.178411093318272 0.0590143817860557 0.157531560112986 0.275430047318675 0.159050602607951 0.155409151580614
0.0949136217896001 0.196344672858871 0.201310085526412 0.274404967272734 0.0639495976150114 0.0901530074322027 0.0789240475051694
0.246790391914958 0.180255468085866 0.184706519853751 0.0759529152906708 0.0590701351036028 0.0332230063618914 0.220001563389261
0.00762944500201516 0.174865237264984 0.0253872889149329 0.215969199703897 0.181563882924371 0.211936543905165 0.182648402284636
0.203894440840657 0.0466425963202556 0.118332908902834 0.107923035317644 0.236032762476941 0.0488956247018061 0.238278631439863
0.134905229890227 0.02442536251283 0.0993547417212196 0.207270734462549 0.210523798287246 0.220518546760728 0.1030015863652
0.1192459852264 0.200362254324965 0.16693643818217 0.135630903211452 0.168694180087239 0.125659264459435 0.0834709745083402
0.329962844241179 0.0110410136616695 0.0336365108218504 0.110757300838611 0.262194406280418 0.198127371507909 0.0542805526483631
0.0825675592981956 0.038555112780201 0.313780194664786 0.0498849530807099 0.15315121245995 0.0894620921433492 0.272598875572808
0.165624627370472 0.233772949176863 0.132640892652312 0.0746614677576805 0.152114939714452 0.0546165368019711 0.18656858652625
0.230159060791032 0.101854904396349 0.0723885840731064 0.0915688855750742 0.103183182050768 0.0535849088227717 0.347260474290899
0.178376916102546 0.0144812588170677 0.0814626144074692 0.217379770494605 0.212006279298045 0.181068850202994 0.115224310677273
0.195055379239959 0.238434982362897 0.0982203756193432 0.119518692978992 0.0114905095079524 0.0715064163246832 0.265773643966173
0.0702467649841251 0.196244471018376 0.0716671582713145 0.0626235961152296 0.206183370378026 0.197645193627713 0.195389445605216
0.271847296907574 0.189909916529078 0.0143248911519459 0.0937098119724134 0.0397206605089784 0.249256782472104 0.141230640457906
0.217732965312979 0.0991633041151703 0.170782080841432 0.0159771113305293 0.221988045303095 0.184896487814492 0.0894600052823017
0.188907881660724 0.0423835172114226 0.0583853801791363 0.0250552453409045 0.418648457165839 0.15471038145708 0.111909136984894
0.176386010699297 0.0253110877551077 0.159177220996978 0.128967119586708 0.13837413122582 0.222880429528302 0.148904000207788
0.0825490808075386 0.0249660434491046 0.281963597153505 0.202532237126153 0.270343883023091 0.0964302688194664 0.0412148896211425
0.205540261123444 0.0896175020860041 0.095738982325972 0.110750457357218 0.136323038179092 0.18583873787739 0.17619102105088
0.166043952943421 0.151014036988347 0.229730693302694 0.0897720223724267 0.101117005539782 0.202455321317647 0.0598669675356831
0.1829458460254 0.0545810617612856 0.228090755851191 0.211853849985363 0.00719294506447694 0.103626882879556 0.211708658432728
0.0428663847552744 0.218959341983517 0.0885094886300825 0.238584925329241 0.132534702836468 0.231134114218756 0.0474110422466611
0.192978375464708 0.105833362467818 0.0499621787433714 0.200644048225863 0.189060511888913 0.114514095495114 0.147007427714213
0.155686636217958 0.142834850430215 0.124609261483451 0.16106675415525 0.164830634446076 0.126921606725963 0.124050256541087
0.0112163263020965 0.388764233470188 0.0650187377505279 0.00785182716367241 0.418988993783127 0.00108056956944235 0.107079311960945
0.157191608861427 0.18588314107438 0.00196062078625984 0.0636468627343463 0.199537743617705 0.209568043463016 0.182211979462866
0.20809386185709 0.173128442048735 0.0462972935050508 0.28157045204681 0.201414803895263 0.0158421172832116 0.0736530293638393
0.185430572983741 0.144927500309393 0.226362306164931 0.24575430340169 0.0963061914267164 0.00809636430747736 0.0931227614060507
0.163456406009983 0.166901308624292 0.114050401827682 0.149414730097604 0.0694517093100877 0.157990159002104 0.178735285128247
0.20018256197027 0.0924364553080887 0.129302297554454 1.61182736374693e-05 0.299726003863324 0.206826562058224 0.0715100009720015
0.145575359945966 0.103724734513114 0.0852653319344101 0.0520036507935665 0.18090826361403 0.248535008408548 0.183987650790365
0.0937307419609724 0.168035062983888 0.218367448737747 0.09514667566394 0.145544133271208 0.14706821815154 0.132107719230705
0.180242680817346 0.0857522357444205 0.224450169232598 0.190200643654961 0.0699772503138295 0.0635816484970348 0.18579537173981
0.135908793505887 0.114471749210228 0.0308021039527488 0.237881252135227 0.0697608843749465 0.187232568342927 0.223942648478036
0.294243555262406 0.0983541076503171 0.0200399477398101 0.175661022444148 0.191207325090753 0.0747640976536203 0.145729944158947
0.191678043707134 0.0603221888409323 0.188417830344128 0.166854519176972 0.22787716166411 0.0442312936218952 0.120618962644828
0.0198991184017849 0.20392636892816 0.0371541547213114 0.207943688722823 0.219140970516355 0.124648584587533 0.187287114122032
0.109626412170487 0.254857050288059 0.260166209047097 0.00261092167395609 0.185275989122844 0.0754248424887209 0.112038575208836
0.225070763077172 0.130969454839574 0.119019986413332 0.12291381645525 0.0507426768963956 0.118087547769282 0.233195754548995
0.0833313140772648 0.00124912707786347 0.0873324042075476 0.245872004260937 0.268249568391097 0.265548042630121 0.0484175393551689
0.219825102756347 0.213770865327431 0.00710580601629871 0.182743772300857 0.099452046312154 0.144343296076026 0.132759111210886
0.253176820239832 0.0937453196646656 0.1224435324446 0.22820877027109 0.149382588907563 0.0966439096472243 0.0563990588250247
0.185826191532675 0.0601244982832875 0.204461751520111 0.131474167164592 0.199685461434947 0.107647165746283 0.110780764318103
0.0469203686854389 0.177567850923106 0.138395834579441 0.0471797981208954 0.248362097851071 0.0561208807898345 0.285453169050213
0.0954546872143811 0.0724520681660314 0.196238555414787 0.249846684356084 0.00166089543930987 0.156729096719167 0.22761801269024
0.213433636428432 0.0954178880737544 0.0228957965107589 0.28762288580711 0.11560377995857 0.0845542153247621 0.180471797896614
0.165992922574948 0.00491182945989035 0.206619166006042 0.205777873896902 0.167476584452411 0.106128083234734 0.143093540375073
0.025136970220633 0.114236579406487 0.301082493830435 0.0635191575491815 0.206069455171867 0.207886392348781 0.0820689514726158
0.176609219582121 0.252995396609067 0.217851493533553 0.0779340410100195 0.155426277730657 0.0589112921477267 0.060272279386856
0.0504276774156002 0.231079278793068 0.224373759955932 0.203619710044878 0.0140837551831825 0.0971304075674945 0.179285411039845
0.0125195910845175 0.189609241331379 0.137160339076532 0.161054685634379 0.231986466760589 0.155426536231754 0.112243139880849
0.102823743274062 0.0456474128529434 0.122406528834391 0.209105498371056 0.18169041648756 0.153454468451142 0.184871931728845
0.208338675021344 0.211281851316205 0.235594471621196 0.0121673569858101 0.0669255644097083 0.162836699377334 0.102855381268402
0.208333640903606 0.177112457826726 0.123728822494286 0.15703351324085 0.0771495055046093 0.0449231364551108 0.211718923574811
0.169958508912115 0.158124217397234 0.0612905898407074 0.0531629087266687 0.204771206413757 0.226078570370264 0.126613998339254
0.199312257389055 0.197652947831326 0.128537503642923 0.101128370269769 0.18614328977289 0.0753950971139415 0.111830533980095
0.200463972530118 0.161492096463977 0.189216504254845 0.212701908302845 0.000206336010607109 0.154949903916709 0.0809692785208996
0.138835669411493 0.169134388557835 0.0827985160301046 0.191323847365213 0.135636170221093 0.190704113458776 0.0915672949554846
0.180521601349992 0.194974718138991 0.135309903959488 0.144899080988815 0.0821606648044272 0.130959314573178 0.131174716185109
0.0792914004550706 0.16411354098629 0.12040135502915 0.0185565783616947 0.285125962777702 0.0112980970200285 0.321213065370064
0.116978720613621 0.32727712968351 0.110993049174107 0.0428309768624833 0.0321122085909887 0.128212797841988 0.241595117233301
0.180255934844851 0.164435385273126 0.192470042955364 0.0463225447166526 0.0736616418352039 0.245601578571244 0.0972528718035589
0.0978148440642869 0.143797137557385 0.157029215954375 0.151050431130467 0.184800771166643 0.133314345518727 0.132193254608116
0.20707449203923 0.0568032943506636 0.187348176207057 0.100705315632138 0.138807993061524 0.15331119477724 0.155949533932148
0.152671143282286 0.128806065744363 0.152789903531287 0.0256418279580343 0.14858622662641 0.201329375940328 0.190175456917292
0.238755030971685 0.0471919588992861 0.115296414107341 0.169603614088066 0.235120844129517 0.130446754020773 0.063585383783332
0.207745296082009 0.00881700895036517 0.210118203609631 0.292837775920616 0.0384384593500019 0.229922140768432 0.0121211153189439
0.0227022685860478 0.118244972909981 0.195088092653669 0.161153222654195 0.102546766092958 0.201190220842619 0.199074456260531
0.0124129586362965 0.12749656745884 0.167941881859729 0.212958884841271 0.213977526968032 0.17513353119086 0.0900786490449708
0.0888586312186796 0.223028849986307 0.138871186395864 0.231806088739518 0.0962096836420338 0.112106728414659 0.109118831602939
0.0113285949966591 0.182883839564733 0.126304293278995 0.167416571710943 0.134552970576069 0.151958074959298 0.225555654913303
0.105571185445154 0.054458337293143 0.000907142010552828 0.237211538075175 0.243504836588237 0.300179322265753 0.0581676383219856
0.201337391452712 0.149412626754184 0.146455262434 0.0507930086182814 0.1930668376009 0.112261195315669 0.146673677824253
0.0911280034270546 0.0631085579483706 0.0794472129575085 0.0699282740290569 0.30728317701009 0.109161892521423 0.279942882106496
0.153535425058544 0.296509114892422 0.184530628779846 0.0518631649264594 0.0129877868935241 0.0677906786188397 0.232783200830365
0.214126023843028 0.106508736604985 0.0782640278111498 0.132377064181618 0.125441554521858 0.220851559221012 0.122431033816349
0.219876561009375 0.0618034031600563 0.193060629304022 0.173195246980878 0.0194641182931788 0.173707255530145 0.158892785722344
0.16617671936693 0.095338673771503 0.189700249109608 0.0300319704681884 0.263955366328122 0.118668015071465 0.136129005884182
0.165002229510849 0.280158094794591 0.077689084449659 0.0509210288649136 0.170022453490388 0.14578671833553 0.11042039055407
0.131611074161338 0.0956368232825134 0.14470216828831 0.254387495416929 0.154502450661108 0.0922937619787761 0.126866226211026
0.118874069236343 0.0414763835155197 0.110418763848523 0.240598977916217 0.262100803770147 0.107461073686266 0.119069928026983
0.104539876353518 0.291909445973633 0.145331668407598 0.285353781967284 0.0479340843070915 0.0730482200167321 0.0518829229741427
0.149017631442397 0.188809524694414 0.12764161442278 0.0099033378165108 0.141528426989491 0.209052548435724 0.174046916198683
0.0255032774456456 0.00905456186425243 0.242498684997827 0.0275945484131221 0.209068303134231 0.311298868327931 0.174981755816992
0.133011261495443 0.199222503808544 0.217496524614564 0.152260176106894 0.162287402056435 0.122699772758714 0.0130223591594052
0.0440450952553708 0.104042526035142 0.0861076755169073 0.134810989246032 0.270095179182709 0.109180767742777 0.251717767021062
0.0585389857991723 0.188865815714401 0.177532104417941 0.0519941393942736 0.148079821694867 0.171353414819902 0.203635718159443
0.165806252195055 0.0133985586137342 0.125260627561859 0.210583687519739 0.113841543492607 0.0681446407917185 0.302964689825287
0.0194445485427622 0.250412750793508 0.210292024862282 0.22191283170371 0.0358749280079399 0.114418382311056 0.147644533778742
0.244307287399898 0.147288567532923 0.245795359216708 0.0149519820993303 0.255077458301299 0.0414307823949257 0.0511485630549154
0.00544850184824257 0.135695834352524 0.100074621164042 0.255629199083191 0.154953148611127 0.143715548258245 0.204483146682628
0.175907280028922 0.184950715886675 0.039221087743362 0.0720393718984499 0.172933070718418 0.182680579736289 0.172267893987883
0.0896784326554461 0.185382880607851 0.288900189238394 0.0128271210877133 0.139766115407373 0.0225856861132082 0.260859574890015
0.255192884399645 0.251119510871217 0.142829408794521 0.0283732989299464 0.0694561114306213 0.0895608362715616 0.163467949302488
0.138479006002507 0.202218733256199 0.103605466218198 0.200242060160921 0.00350622487108287 0.170487312719363 0.181461196771729
0.231324317555874 0.198657157972395 0.00923462356585315 0.148539602599312 0.212385886403142 0.118450403416854 0.0814080084865692
0.155654030885496 0.0111131518492173 0.194301808197193 0.166248219548714 0.138698746651739 0.148802053830015 0.185181989037626
0.0730716272109821 0.16725720765941 0.160271750998839 0.144984106174844 0.131716906167218 0.084906789236845 0.237791612551862
0.161393172422565 0.130323656769241 0.21183126640547 0.120064309741773 0.200929516001761 0.0937541672231294 0.0817039114360609
0.0220348643504418 0.227618424911015 0.139758066836622 0.0583906978545067 0.345324454249972 0.171735795010284 0.035137696787159
0.142946261751088 0.149916405771698 0.200674993851809 0.233393296102231 0.0781580567013312 0.0580100378427519 0.136900947979091
0.0369750433678405 0.211615695479918 0.190839411376573 0.231206994055788 0.166902709112403 0.117725686762063 0.0447344598454151
0.147402488556408 0.151612089282273 0.168105105621747 0.304958233640591 0.199730283006695 0.0261311967183161 0.00206060317397022
0.0361701168200729 0.184000456317926 0.0479405801661682 0.000154379731303286 0.0662919274057653 0.245895434899943 0.419547104658821
0.0565236747577509 0.13026909164234 0.0629121383040737 0.147805269166061 0.227422127402986 0.228406992418297 0.146660706308491
0.151873642727743 0.196019740431498 0.118031103901144 0.10562466949453 0.264959765431532 0.0905468810899413 0.0729441969236113
0.113776764809587 0.0147211732133538 0.367310994733142 0.252270404134873 0.162438685555083 0.0849587121431377 0.00452326541082353
0.00800238880407912 0.0556520198522505 0.140753608536123 0.24696588747426 0.178386659107513 0.210802563897087 0.159436872328687
0.0221572712974658 0.077472248860912 0.032759652771663 0.326999695149166 0.189316144475558 0.0453860962175663 0.305908891227669
0.0392951445480859 0.0640550724395321 0.355944537826324 0.0567427774921309 0.274924929891066 0.0392192031331223 0.169818334669739
0.0993192048682695 0.200097267272794 0.0842617145008875 0.169765386403095 0.134018291374871 0.115971139503537 0.196566996076546
0.0169314507166432 0.00117200014233569 0.0745158252022482 0.060477801246473 0.193414372656268 0.280343776565075 0.373144773470958
0.144011687473884 0.0567960721222052 0.210148761988503 0.151022915460334 0.171741128110373 0.186648790201866 0.0796306446428347
0.208007375151921 0.161702682629171 0.0535223156229749 0.104438301025927 0.211566839984616 0.190570008459464 0.0701924771259267
0.204264922203245 0.249834325531486 0.228801471645283 0.1099709840279 0.170076283415094 0.0308926018633989 0.00615941131359294
0.237413396096974 0.155768164403057 0.124926715029358 0.156524419232173 0.219590257852404 0.0996759791283418 0.00610106825769268
0.149372736863801 0.151512617494682 0.155267166392123 0.166460686566068 0.196460904430983 0.0413847924903719 0.139541095761971
0.330912056484691 0.19370474055664 0.00825739600280384 0.0960720227068865 0.262374725305434 0.00661867507293647 0.102060383870608
0.157855925249549 0.11192673708719 0.293104820993108 0.136466789113667 0.241212041647977 0.0353891784364278 0.0240445074720808
0.262940043126762 0.263748641665576 0.114337585575907 0.154951007574211 0.0663192426048437 0.131212158768597 0.00649132068410353
0.0740762966396482 0.25738298384027 0.0376014122160531 0.104567285741046 0.120876698626088 0.273586546220748 0.131908776716147
0.136064000615228 0.169069110981364 0.215992555330107 0.12184868784398 0.102470261321041 0.1429914043896 0.111563979518681
0.157977627783806 0.0937134820840356 0.125288427667325 0.191141435260599 0.119071810634011 0.180828001784445 0.131979214785777
0.236796946137907 0.123989178153676 0.00302672525802712 0.0698962643670547 0.201046155057438 0.227235819154114 0.138008911871783
0.133603997735075 0.0256732953916353 0.215097932564355 0.202404050735376 0.241937442780704 0.180975457813402 0.000307822979453391
0.0344067819618889 0.09833166481077 0.0556773996713716 0.268627704701121 0.269544833095755 0.129920390773508 0.143491224985585
0.103288919392425 0.135445034841901 0.078417650227573 0.0548961794398993 0.135693963435039 0.230349699253305 0.261908553409858
0.127114329085814 0.0865094558931309 0.115459832195617 0.10154043552031 0.302371779843725 0.260528779439329 0.00647538802207409
0.0561223652925405 0.130992407622276 0.15736752552381 0.164207452331232 0.190052287917098 0.115556703846274 0.18570125746677
0.0338586720777005 0.136381804791018 0.277026233051312 0.0578113229833655 0.168749817117661 0.323205342777749 0.00296680720119368
0.266250959163641 0.0478363256243743 0.205802713044592 0.0957602949905765 0.107846743900282 0.131309771300536 0.145193191975999
0.0571023676058485 0.130376650735112 0.225753476734358 0.120916419633917 0.151069343589167 0.143687932379587 0.171093809322009
0.232777782033903 0.0459376435323489 0.201315812268854 0.0612279228292096 0.0280119786100825 0.220151807108637 0.210577053616965
0.230183767057732 0.362991637944012 0.181689731291829 0.0428552962267906 0.0648265306869049 0.0499301023873465 0.0675229344053854
0.163715036790551 0.104466142981533 0.124935363548899 0.183445836612833 0.142330944710618 0.198301933471244 0.0828047418843219
0.0904022053737323 0.167337247771627 0.0913834881622197 0.0195499165949645 0.152816417597459 0.212164283918894 0.266346440581104
0.172635089945426 0.0274474266544585 0.184219642949475 0.0487899749498144 0.173270548609984 0.178876463711305 0.214760853179538
0.254598284111077 0.220587005486588 0.0551912640014025 0.0356775004156327 0.272628191979004 0.150847705450814 0.0104700485554824
0.106154312699755 0.0937169493078908 0.238942235981228 0.0917556963756923 0.150663881346744 0.12720013117235 0.19156679311634
0.156228672186775 0.380921390532797 0.107241183727459 0.172981966190239 0.00969993761043137 0.0172389221465586 0.15568792760574
0.0641806131072944 0.188172962262594 0.0239803241455065 0.00358072979730994 0.318525399564825 0.375307761813436 0.0262522093090343
0.24758195574413 0.206533958249627 0.0897342868666312 0.116229631970408 0.189646245061848 0.142737625069804 0.00753629703755133
0.175620240229656 0.189374510425762 0.141151729146424 0.041802586449599 0.122169504842797 0.0274537719653895 0.302427656940373
0.0339240596577746 0.0623604636482921 0.15484499946069 0.123306983521464 0.244910070654383 0.128313798230994 0.252339624826402
0.170897218222499 0.165079116873195 0.173269140454562 0.0752924347107409 0.0308100385024509 0.181760982872932 0.20289106836362
0.296322826322479 0.036005317847934 0.304449597215804 0.143845486621298 0.0716387220407882 0.0911514123645463 0.0565866375871506
0.183455765134109 0.0325754699071855 0.242307326994789 0.150654124976617 0.250605325893623 0.00668953862546876 0.133712448468208
0.134139724908791 0.0130841301795537 0.00492342165925369 0.224223586270676 0.0999187039418083 0.234132469626142 0.289577963413775
0.201994213895029 0.0127107220838904 0.247129509537484 0.159652082398839 0.214568877299988 0.0810104622570881 0.0829341325276824
0.0412660804285644 0.32251965562817 0.123525392128723 0.244374231527887 0.0473245400593677 0.207734587927549 0.0132555122997376
0.183070421224338 0.195920105689426 0.000305534161603739 0.170970243948386 0.167215305900944 0.196309788285361 0.0862086007899405
0.17621355717801 0.15048197378444 0.0940209515657963 0.104043158588966 0.117244185284836 0.189004150438964 0.168992023158987
0.300334733468904 0.0761131883048899 0.155207316191195 0.304888574983543 0.0264940197219124 0.0247127304404155 0.112249436889139
0.24358497223973 0.0442188664842197 0.115930986654403 0.086760904932615 0.126917602425086 0.25369953956969 0.128887127694255
0.170969177385922 0.0732348682822074 0.137233082945776 0.103666483048598 0.110633638218102 0.192686612843914 0.211576137275481
0.0129561714762429 0.275541401635359 0.0886212586365493 0.0589534933263155 0.214183915191371 0.0871615522881305 0.262582207446032
0.17174761522808 0.174858828461037 0.147611507229265 0.0712558595931802 0.0921594985688434 0.166149365689285 0.176217325230309
0.1976658958371 0.228867052147588 0.0977229512869618 0.041994772843735 0.103842224449584 0.216717504012144 0.113189599422888
0.265395161995575 0.0224381494109496 0.151191843252613 0.113559174359211 0.205009992311861 0.144066142477022 0.0983395361927695
0.188433669645426 0.152104908393063 0.0974404442957172 0.0835518804615895 0.188294183422962 0.126805237826498 0.163369675954745
0.0860383893722236 0.0507284900542405 0.206634758538148 0.0547544307842256 0.311750705620035 0.196266440344332 0.0938267852867959
0.176737768450816 0.270937482576422 0.0544764569679071 0.148389799778963 0.106719357354535 0.0290132154900142 0.213725919381343
0.0828599309249708 0.0826057419114677 0.235863384666432 0.225523881853007 0.0524335243416001 0.119625611067447 0.201087925235075
0.100934278285367 0.11234881362426 0.197553230291914 0.152073777149767 0.180727609045493 0.184700901572673 0.0716613900305261
0.136722960091045 0.114679932551263 0.188589361807133 0.0704751063532315 0.254341432735206 0.151849318770221 0.0833418876919011
0.368096333621482 0.0314777462828107 0.0622585178630785 0.0787929465170483 0.0556921166192079 0.065131608350263 0.33855073074611
0.0115961656321951 0.27481886773843 0.0283674275987394 0.22151690307347 0.156906824288866 0.196695981109901 0.110097830558398
0.0716986427559259 0.166823746893488 0.180433731242865 0.199002857271252 0.190309111549078 0.0023144927243743 0.189417417563017
0.0274201987428082 0.0992815294155437 0.297522759080419 0.208800175725602 0.0528445701963955 0.245117106955117 0.0690136598841144
0.301889734308489 0.0970361874214703 0.00625968367322109 0.0654676752326085 0.251386393475502 0.240094277644435 0.0378660482442736
0.157830044583686 0.15762436280435 0.148746836657104 0.15630394453097 0.0955109867381913 0.202557040607783 0.0814267840779159
0.238480902681585 0.27309648687666 0.0201018859392701 0.137345356039548 0.173559947858224 0.0915059373411973 0.0659094832635167
0.0996484823258588 0.00736164552385011 0.13650887126478 0.155512658578107 0.261088387901233 0.199614247283171 0.140265707123
0.297479116254964 0.340896984879545 0.0150838596797683 0.0646277254584017 0.0284151834880479 0.18567779742193 0.0678193328173425
0.248938854521671 0.233825568562848 0.0169578573590832 0.296715511532369 0.0891691749816823 0.00152406426470734 0.112868968777638
0.212943894335496 0.0209500945063511 0.100264143996792 0.0220883982895922 0.276079554150805 0.242356605379556 0.125317309341408
0.207846747650674 0.113414455558425 0.24949264193391 0.298444446327491 0.0301020443192505 0.0681206174827336 0.0325790467275167
0.0995141796600402 0.144101274178211 0.105644061765402 0.0599774752520969 0.112459108966735 0.157961434934073 0.320342465243441
0.242930838895566 0.0339675271118136 0.153480320642107 0.00715532090785484 0.117229203536351 0.238735010459454 0.206501778446854
0.101291980387616 0.0371876679589748 0.0632536736410663 0.271984646201785 0.234313080594929 0.0354703309026454 0.256498620312984
0.0273306945353688 0.260299466398347 0.268498201210888 0.0258549853604615 0.127632473684916 0.146423907796429 0.14396027101359
0.11623870632417 0.205140569878588 0.232447659665414 0.30100057977393 0.00108664936025173 0.000696935133013286 0.143388899864633
0.0524463551591393 0.263876632567392 0.121542386270812 0.170321512746888 0.00516363888000382 0.157579681031887 0.229069793343878
0.0797163969716673 0.2144351663714 0.182778239637662 0.164241124585595 0.036400653858968 0.101991200562602 0.220437218012106
0.106753830310957 0.053508698601803 0.109608121725817 0.244189241416735 0.118278816534188 0.123995026102146 0.243666265308354
0.0528027656056344 0.0827167046961395 0.365951741633337 0.0585308121166278 0.192934131508888 0.174407088125773 0.0726567563136004
0.0142932749767535 0.0640845788930695 0.017381267067776 0.263087383153973 0.24987743620905 0.164575443525635 0.226700616173743
0.188237004788136 0.134635948242824 0.203169907578756 0.00247465540338456 0.319490551059111 0.122739237152907 0.0292526957748827
0.221186546044832 0.132867865781279 0.0265440487078364 0.249473458218572 0.291315909922074 0.0404283943376321 0.038183776987775
0.292333526623069 0.0165471994351031 0.121827287680316 0.0482136532790692 0.217932378116322 0.143937366521858 0.159208588344262
0.117905816609042 0.0934713529567355 0.0975871361796113 0.285167066290938 0.0152412499165447 0.131456845993767 0.259170532053362
0.223098332170289 0.0454773575971744 0.0304408115910499 0.176274434129663 0.233337537185286 0.189904011899613 0.101467515426925
0.0115947439732815 0.209565582616519 0.232399620178201 0.223818671989967 0.164564227034422 0.104288114259376 0.0537690399482333
0.0817156150171853 0.139052828038304 0.399074608769615 0.0780898657752258 0.0771480962099438 0.0364893338738799 0.188429652315846
0.0175379652858169 0.217452557464012 0.0646111213823871 0.0813050147090319 0.157496977115137 0.22110816772619 0.240488196317425
0.208047731983819 0.0275146000715258 0.256537289752612 0.00858522039712684 0.154924640605866 0.0961890240535696 0.248201493135481
0.100770513077391 0.0979501691871996 0.241144538277971 0.0724339082698138 0.176593873800531 0.170695073440066 0.140411923947027
0.174562543347625 0.0491972036645084 0.198136091264258 0.210162675352774 0.0247235192663022 0.187021084361402 0.15619688274313
0.10585756749178 0.0349455080441867 0.0384529216122004 0.367759684190607 0.303901119093952 0.143116200560536 0.00596699900673801
0.225510447976874 0.110305826202217 0.151085221598332 0.0515251372424264 0.173741115927569 0.109572689406799 0.178259561645783
0.0559539943283244 0.133252028761945 0.0844900617272945 0.13178705915068 0.299696619390069 0.0682657519670495 0.226554484674638
0.183164030129926 0.0844731592241785 0.0306655201299391 0.245459992437225 0.218257317662907 0.221693438712953 0.0162865417028718
0.0439030878644248 0.329218497581555 0.0684787697568284 0.00412651088777901 0.31915096423101 0.166720622014704 0.0684015476636985
0.184473110859757 0.0845500190433162 0.142897929789945 0.208555757612937 0.188689192581588 0.0465472912247199 0.144286698887737
0.200721723659437 0.170865034295548 0.117724339581482 0.138931988099007 0.0199889435437426 0.243624268378101 0.108143702442683
0.191541034985213 0.102175884922187 0.227123056406974 0.073558000213886 0.154574458997547 0.250651770754325 0.000375793719867151
0.0131491088461148 0.256849038605281 0.162827158724395 0.160084086766728 0.154561308829769 0.0370046456401183 0.215524652587595
0.192636520492712 0.0118250620040968 0.178788922362093 0.184699288479922 0.183805477446307 0.2477055007777 0.000539228437168842
0.238484650082802 0.175850896698011 0.19721884948741 0.0975934024626741 0.121052759343967 0.0650022099505083 0.104797231974628
0.0582319300621613 0.294996204068296 0.288872664419293 0.0330501503810969 0.00187263385281367 0.277971799017885 0.0450046181984537
0.186149046082601 0.0733087152322811 0.0901286521504949 0.203544458402909 0.192303637201572 0.0866168820185604 0.167948608911582
0.206485445140098 0.0838200262968752 0.161909729439838 0.235607767737639 0.171112942139214 0.13419882896502 0.00686526028131565
0.203645893969133 0.180745739189749 0.183098843463302 0.111613067350639 0.0479484040616589 0.108995504810278 0.16395254715524
0.179130432393411 0.158126266229182 0.106202261876927 0.157933672595774 0.11143210709501 0.150682126957134 0.136493132852562
0.271723480054036 0.296408425241021 0.0240264259888472 0.111194506823903 0.0826728035812414 0.150133143229847 0.0638412150811044
0.237952936656548 0.00777132671495287 0.276103977872099 0.239182379577471 0.0404405968055253 0.133987425235371 0.0645613571380333
0.164216260612862 0.0452738069534008 0.0903268536562431 0.216872748329504 0.139592775072673 0.244424329348341 0.0992932260269753
0.227183158546426 0.276780659165409 0.0740406156468458 0.275628529388499 0.0233403873862291 0.0921899413197365 0.0308367085468547
0.0300395647291015 0.2247652476811 0.1761289482336 0.279616859159045 0.115315099062039 0.14712051067595 0.0270137704591642
0.21441543957159 0.0651903847866602 0.0260547094869628 0.240004218142788 0.195395810018356 0.182807168680194 0.0761322693134486
0.0589693239064741 0.0932792569291321 0.2162532087341 0.21047230884529 0.123574275978555 0.0287636337474727 0.268687991858976
0.148588133098248 0.00172896049299606 0.205450006448566 0.272917347440041 0.0597792952814714 0.113702520622316 0.197833736616362
0.21677933109799 0.238343234333708 0.0355604797296931 0.0397038723638831 0.204013248163238 0.114770549970395 0.150829284341092
0.0424947399750153 0.309687957165797 0.144031630358995 0.0278892910740641 0.0480854184151978 0.214406896011428 0.213404066999503
0.123145178133555 0.198590373518942 0.162012928621579 0.103646616683913 0.213994610933337 0.0565890799575955 0.14202121215108
0.081387360256607 0.177298554314596 0.0107402004962783 0.142722100951494 0.322691244446376 0.137722112453589 0.12743842708106
0.00206028898206926 0.0411294025284428 0.218959926703486 0.23023358608193 0.39954092989489 0.0499460824308818 0.0581297833783005
0.15483564899415 0.0370512863117421 0.153162447933886 0.192085182272265 0.0871114127223131 0.199600593015461 0.176153428750183
0.171320240394594 0.277299184351192 0.0764421213151576 0.0523195176193543 0.14076121388589 0.192010646641058 0.0898470757927547
0.2461837834065 0.127240168970242 0.143275397900911 0.186276250054937 0.241194933566816 0.00406759294377969 0.0517618731568148
0.0814614353626036 0.1375808361239 0.0446572633043518 0.152732678079024 0.236834672178838 0.140473093295762 0.20626002165552
0.153785190550192 0.125343690502787 0.16355350217296 0.181305942065233 0.113772631791272 0.119201688886849 0.143037354030707
0.240365941853745 0.100085507214947 0.17728144428507 0.179973907623182 0.00334474442791953 0.181818480101388 0.117129974493748
