0.257356945794526 0.242308205602363 0.116042283495134 0.384292565107977
0.407874972388969 0.032497636549435 0.464366782438912 0.0952606086226841
0.0289443160386347 0.0431823712274654 0.317660613513336 0.610212699220564
0.233351115949127 0.201492615025841 0.275439469253684 0.289716799771347
0.22438313461944 0.122384396702253 0.39608970735471 0.257142761323597
0.464880828928671 0.245560750821306 0.175377674177385 0.114180746072638
0.341809889725806 0.345361549855206 0.260143024806671 0.0526855356123176
0.268713845240492 0.117683879505342 0.137538948299857 0.47606332695431
0.0431527555300119 0.437013680714262 0.281703264181784 0.238130299573942
0.255877238816326 0.292719479392137 0.242445208036725 0.208958073754812
0.264063987489969 0.349523541539522 0.0629078171643414 0.323504653806167
0.113235712976526 0.288649905732998 0.321488364390291 0.276626016900185
0.536210319653695 0.0324497593490451 0.150681021121085 0.280658899876175
0.587136709511799 0.150214505213925 0.112724777672708 0.149924007601568
0.0364042241112899 0.341099923946246 0.333820217213361 0.288675634729103
0.0197395613014682 0.119296929974751 0.643384426060921 0.21757908266286
0.194319459450016 0.0605573963633213 0.504548438453759 0.240574705732904
0.622731016611363 0.148987967687417 0.193711341578414 0.0345696741228053
0.224694430290928 0.438511993053285 0.323377062005613 0.0134165146501736
0.280337284901361 0.16004885159667 0.331357246748868 0.228256616753101
0.3024411798211 0.43255896284136 0.123527247107387 0.141472610230153
0.248183522487223 0.287190934734509 0.235623333932784 0.229002208845484
0.25207960942082 0.00210697017078183 0.406029424097789 0.339783996310609
0.189552390135372 0.0922179165846278 0.635182943676481 0.0830467496035198
0.315809590716175 0.168710503190828 0.386880023445224 0.128599882647773
0.356447458790215 0.176364727247184 0.108262407469153 0.358925406493448
0.404467759697638 0.175540692282959 0.225956215841356 0.194035332178046
0.127766031794267 0.22298252234417 0.0792128274824793 0.570038618379083
0.388273161215869 0.0260754387042734 0.378693503430285 0.206957896649573
0.235846158802188 0.501850269843381 0.25771208945882 0.00459148189561078
0.171924748654873 0.30645196902386 0.217385472674275 0.304237809646992
0.325291460623596 0.409895916222134 0.149151844391636 0.115660778762635
0.128940921623674 0.412786168962479 0.0412164723939749 0.417056437019873
0.00540578650592535 0.41297200433071 0.370115213229141 0.211506995934224
0.194576811680459 0.268260542648123 0.208905137071984 0.328257508599433
0.0711917829142898 0.316442690101381 0.311943489987451 0.300422036996878
0.00911880561659197 0.533993380961415 0.16010697683381 0.296780836588183
0.29998187094248 0.291829049014628 0.0914905602034633 0.316698519839428
0.14404473847191 0.270655675163544 0.290992066590584 0.294307519773962
0.222267745892926 0.178084135664426 0.332876581556367 0.266771536886282
0.237597377023768 0.255708013648193 0.411258704535455 0.0954359047925842
0.153881360489832 0.237847906226558 0.302766202068295 0.305504531215316
0.299021504444625 0.2656233808439 0.214855445808549 0.220499668902926
0.218581063537094 0.402784982662174 0.0167868111809106 0.361847142619822
0.329591732920078 0.0637472925504487 0.194054642571797 0.412606331957676
0.291259301267573 0.337470628876677 0.123358149766497 0.247911920089253
0.243236059460745 0.0405990585880132 0.33414000731267 0.382024874638571
0.123160235334125 0.287321311685391 0.146474888523869 0.443043564456615
0.348290871309291 0.194570867393959 0.0530879711202076 0.404050290176542
0.0698204885347205 0.246997039883356 0.316920705375575 0.366261766206349
0.11341094566495 0.36046411947795 0.319346778589526 0.206778156267573
0.138234948148541 0.352973503275289 0.274299303880761 0.234492244695409
0.338989728358713 0.0705291471940507 0.288678123279354 0.301803001167882
0.286969212191435 0.196094134648789 0.219182792509646 0.29775386065013
0.297950320035857 0.110009202813578 0.268650454278037 0.323390022872529
0.29525977673811 0.237863932002959 0.301004444105751 0.16587184715318
0.307687175845289 0.304644050726361 0.0926881363577757 0.294980637070574
0.147062060002643 0.0799220102067579 0.350332058761261 0.422683871029338
0.366075512299317 0.129471813302964 0.231679044094003 0.272773630303716
0.0182384830028625 0.593192766533203 0.254305857291674 0.13426289317226
0.244043159746866 0.280078817148954 0.128293759790841 0.347584263313339
0.153713993485175 0.399965039390316 0.12907105153408 0.31724991559043
0.0367781043917757 0.0491650933903469 0.534209468586019 0.379847333631859
0.0282429277548359 0.438684002421928 0.244319840717045 0.288753229106192
0.558012902773841 0.0252696893329064 0.182907255226981 0.233810152666271
0.220343952357876 0.00242551810473111 0.380152807339 0.397077722198393
0.280445965945337 0.403424381940566 0.0369738680186288 0.279155784095468
0.216445932351491 0.0247395136514727 0.401754233552151 0.357060320444885
0.387401619668294 0.305102879717354 0.301076263589916 0.00641923702443626
0.0428068120377312 0.295638413837509 0.321770794533831 0.339783979590929
0.539111812865774 0.0376999364820452 0.405154026464763 0.0180342241874185
0.044017804750358 0.467354418818303 0.357279227432142 0.131348548999197
0.339438597120027 0.0554809887608095 0.371708721433116 0.233371692686047
0.222726896730961 0.472138989184067 0.113861059632576 0.191273054452397
0.354150156934017 0.0715631578978488 0.262437672025793 0.311849013142342
0.154350224260236 0.327602005859436 0.278288844978809 0.23975892490152
0.254777357480782 0.521945495603893 0.00731610859949508 0.215961038315829
0.230151173841185 0.0489044810531752 0.346056326150363 0.374888018955276
0.163839654775657 0.28532171400202 0.169083568510723 0.381755062711601
0.362110494830801 0.19078534460149 0.330783132899198 0.116321027668511
0.347852031603492 0.182451758143549 0.178377199902026 0.291319010350933
0.389891032540101 0.0458722040132024 0.327995508454324 0.236241254992373
0.0772077352922163 0.0556845733875503 0.330673907635733 0.536433783684501
0.338793529452101 0.361846655580635 0.10615527207386 0.193204542893404
0.436305698594409 0.10331201187617 0.0589430573725765 0.401439232156845
0.209736407071904 0.426726663173465 0.000100903657881016 0.36343602609675
0.0809432057179782 0.37060572399118 0.336906425484592 0.21154464480625
0.12629540857445 0.197358312712973 0.341184228522331 0.335162050190247
0.15914654439687 0.171524580261995 0.33717286012363 0.332156015217505
0.226898508915572 0.42818406879544 0.308156237455406 0.0367611848335825
0.306897521842416 0.32264314070872 0.0920732742687754 0.278386063180088
0.442328825816962 0.126649663885521 0.188157863377806 0.242863646919711
0.130610757518637 0.429469879803801 0.279025950512252 0.160893412165309
0.294404823171855 0.0886443805057133 0.396310761755835 0.220640034566597
0.0833012918483908 0.366885277809639 0.243604659526375 0.306208770815595
0.20483240790425 0.219867866806968 0.135165457755143 0.44013426753364
0.370350099753005 0.313094367908488 0.105098918133134 0.211456614205372
0.038728443507251 0.406209079289803 0.413288351064902 0.141774126138044
0.414521462304922 0.175235563625264 0.146612044683065 0.263630929386749
0.128807100241346 0.471624075343771 0.143496703587042 0.256072120827841
