0.0806167166851779 0.149488019656973 0.113053850294054 0.173708790455122 0.155932065455539 0.134548869041161 0.192651688411973
0.159327154158562 0.0288843632162867 0.192764090187312 0.253188525316624 0.000296185650051758 0.27224369650772 0.0932959849634443
0.10496854253485 0.148319451003853 0.0273855590426464 0.238421654558891 0.307253270275992 0.165139041389502 0.00851248119426538
0.0162221544884985 0.125860799007504 0.0399197083741461 0.260149130372493 0.0532244506959853 0.275103832937471 0.229519924123902
0.202674174955594 0.154098878699169 0.185826885906887 0.0219914976272761 0.104228874071486 0.114148194012716 0.217031494726872
0.214074965047123 0.109121950538361 0.0768106285076975 0.131203558775404 0.0662073448792883 0.194851285643762 0.207730266608365
0.0223059571674759 0.0822432594720146 0.188429514183107 0.134574709675296 0.263973980999952 0.175877144566682 0.132595433935472
0.0540934377479416 0.287057299606819 0.156395323701501 0.132487736474418 0.0165956343035027 0.284005224297248 0.0693653438685693
0.0946717065285887 0.357972658462682 0.0485727292541908 0.139079592424785 0.201352186988584 0.0135101080541077 0.144841018287061
0.140138039090628 0.0880164353871955 0.0361004051035567 0.115956378486952 0.28244780705378 0.0431553608291455 0.294185574048742
0.0574745585257415 0.186714695631334 0.0622269303268128 0.164841357710385 0.0441402868515284 0.216522967936679 0.26807920301752
0.0490149839937234 0.136887604694604 0.192233100253987 0.123251692830491 0.220371676659902 0.0525852470943603 0.225655694472931
0.152643400093253 0.0336394948115066 0.122409132191937 0.0561666597136339 0.218262883147784 0.188059197846678 0.228819232195208
0.0662018059359592 0.0605482240953776 0.212954540719722 0.269450471234839 0.0251838129731883 0.101534926647398 0.264126218393517
0.125702397145942 0.0799600269194631 0.162454355426303 0.171836959970281 0.166529433060071 0.123777404765138 0.169739422712801
0.0155317993252634 0.239359646317565 0.0593338535183101 0.24265312546717 0.0997187936586948 0.18462129111692 0.158781490596078
0.0256013010377641 0.180271157765309 0.0401712047878078 0.244285788847027 0.197724282921826 0.139376514833625 0.172569749806642
0.285061482559474 0.241303820312245 0.105605347449655 0.0438357453401472 0.108525078961613 0.175636599529391 0.0400319258474751
0.111223893610577 0.210164672307144 0.0524834917640855 0.166690509629186 0.10019149577015 0.147900636253605 0.211345300665252
0.169914986420515 0.250534590747189 0.097053079152975 0.21770157613311 0.233099949283231 0.0310351688882948 0.000660649374685188
0.22581945580574 0.252607226345331 0.0892247326081023 0.184960077531732 0.117883509256247 0.113416327530404 0.016088670922444
0.185206477686338 0.190860925636604 0.090293260432238 0.117977838833774 0.238404174319852 0.107313752118048 0.0699435709731457
0.168766079664045 0.188929500409705 0.147243841179578 0.0662424867325502 0.140202849429649 0.166651872637173 0.121963369947299
0.0882105025304936 0.0479643924407784 0.0703628296493 0.30313254860209 0.116080145416328 0.0712024748072759 0.303047106553734
0.133695827654786 0.239503145621661 0.0251662158995265 0.232388811965992 0.0983507461327296 0.249255602957306 0.0216396497679985
0.171222839729731 0.191113835646555 0.0086895068767905 0.234068310663169 0.167604766287262 0.0885100964584851 0.138790644338007
0.0449875979657354 0.181279288940653 0.119561108840801 0.173865452817112 0.0620073913369768 0.275011416795021 0.1432877433037
0.0694656259276446 0.258861432128696 0.198645004469893 0.0774942362124404 0.00561194942628329 0.239526405414602 0.150395346420442
0.0731497579928873 0.120910929409195 0.130908080794725 0.0881147558273324 0.211296467965355 0.130543750782897 0.245076257227608
0.0888221347719586 0.0310459267575043 0.188852331252655 0.179881453391054 0.0778391625009204 0.197250736891849 0.236308254434059
0.253510952897998 0.0332632781752998 0.134480922188603 0.158819344924963 0.240482783379358 0.0888153562614802 0.0906273621722984
0.149802976164863 0.173834849665757 0.0129442571185524 0.104209165968265 0.247365278372986 0.207190919987092 0.104652552722485
0.0167580687250459 0.251596065511088 0.107964233070114 0.309808279307669 0.0366036627079193 0.129516073937735 0.147753616740429
0.129236557938517 0.0943276187320741 0.214900022347709 0.260737773312359 0.0925287884010631 0.10454055866168 0.103728680606598
0.133029100382497 0.143734275987453 0.176874793356506 0.0753538754147155 0.163227531579571 0.17341335665661 0.134367066622648
0.180617670127374 0.0622024323583246 0.130387093309627 0.223360606711144 0.112188413611234 0.167745369613115 0.123498414269181
0.171831468962369 0.0109413954621167 0.190696968440498 0.269177923404574 0.124808826229333 0.222309430468262 0.0102339870328476
0.316729545344067 0.0517990098422525 0.199409662607191 0.212549949396168 0.103887185298354 0.0740951621695025 0.0415294853424643
0.140458335876501 0.0754435768719227 0.129081143265152 0.108961728210337 0.171358524212375 0.196709515799417 0.177987175764295
0.0497562204341126 0.201479712872489 0.217508646267992 0.239732185561446 0.169340801099284 0.0154508380860094 0.106731595678668
0.21570926447143 0.107089227073492 0.155925243751535 0.101810825656229 0.145149817373796 0.0794815194449789 0.194834102228539
0.120421681468964 0.14916228177554 0.104123333852629 0.117950932968021 0.19376386253784 0.129150286310878 0.185427621086128
0.0344053197056135 0.156510989891974 0.180312826988273 0.180186775647762 0.167543307261881 0.167041951309299 0.113998829195197
0.352595203141975 0.280422033779647 0.0399984107799399 0.00329583146684126 0.118427310135246 0.0872839842368006 0.11797722645955
0.0766029547821637 0.114078500674948 0.154152945500774 0.0322000701661632 0.191891095662682 0.226345253929541 0.204729179283727
0.150226085973728 0.128719866422964 0.127885973577854 0.147500491088663 0.124729899518946 0.179599896478087 0.141337786939759
0.147004185854487 0.00993426542316685 0.240987120002035 0.0100705585411831 0.167489832051704 0.162776822677831 0.261737215449593
0.217444673860549 0.105138686981285 0.221683229494718 0.0295124244035984 0.181630156505764 0.202208274716155 0.0423825540379298
0.202415532781917 0.155598599754602 0.191672392917392 0.0789426435338396 0.137752667246591 0.229616747223766 0.00400141654189213
0.0960427225402973 0.08866635762492 0.233377794279123 0.175536461900157 0.262388314626159 0.118879143582374 0.025109205446969
0.150483075637115 0.301964800633465 0.0909578461766987 0.0326714408272392 0.0528603490435582 0.277655417253714 0.0934070704282102
0.193754779319043 0.0819481834038771 0.227277898162834 0.242887890942176 0.036388975249456 0.157300705480877 0.0604415674417367
0.19183928954031 0.0891641942045693 0.134145251411451 0.209525937638873 0.154680311009821 0.0640249009175919 0.156620115277384
0.0459221766349514 0.145031447747783 0.270337247392329 0.122844380249202 0.1550436230002 0.224165215649465 0.0366559093260696
0.175987422984799 0.063001881125745 0.196819106966102 2.86161170292413e-05 0.239932810373625 0.129315638428944 0.194914524003756
0.167145821657654 0.223977999427163 0.21796836675515 0.0636136563768984 0.0974387357453252 0.020947097128967 0.208908322908842
0.0473600408066168 0.17978575874237 0.216296396602573 0.0485535078455652 0.291149393334686 0.155796748729922 0.0610581539382669
0.131674650076325 0.105284214339709 0.269831704003972 0.00939457908125406 0.110376048808909 0.242011433790205 0.131427369899626
0.0984440045943337 0.196013385240791 0.243477832799324 0.0831508528252253 0.141863791120106 0.0277760307812379 0.209274102638982
0.343691612512378 0.142102385024325 0.270488674930855 0.00692148558305219 0.0840407822875024 0.13636112237629 0.016393937285597
0.436036672505557 0.161089456089931 0.0141383831061474 0.290741412085492 0.0235108806771081 0.0636004992531671 0.0108826962825976
0.0659944794301167 0.156538597320844 0.220982331788949 0.184229640282147 0.0929562817344291 0.0987069988292915 0.180591670614223
0.0109743228415283 0.282821216055632 0.126464246090537 0.13679792540866 0.15795910083613 0.161698481276777 0.123284707490736
0.363893520825147 0.138069970196605 0.257478435256678 0.0193701920493592 0.0358172108630788 0.115781571624154 0.0695890991849785
0.169760354674642 0.184058877469866 0.120131543459932 0.0476294779556477 0.132899005743964 0.0946988635810036 0.250821877114945
0.191223062265358 0.186631401634484 0.164417897566798 0.0438845118851319 0.16095162104489 0.123725026925783 0.129166478677555
0.144117483369127 0.249433958631114 0.0648621305205114 0.205976478150594 0.0207622742134487 0.239117437784076 0.0757302373311306
0.243066566830244 0.215050198993371 0.0779942678220998 0.0605739509753371 0.105210595398475 0.202716482506289 0.0953879374741841
0.181276906731968 0.177758925329386 0.152388833856396 0.123466137071902 0.1741532205256 0.0587933631775735 0.132162613307175
0.223268058924579 0.0728957449957002 0.21511565402771 0.117170785426052 0.145121952249455 0.0855335973514148 0.140894207025088
0.176308190491596 0.0666313078078645 0.188751688204812 0.0697141851678996 0.247155357663787 0.216096623666321 0.0353426469977188
0.0585225419036969 0.221754873213501 0.176860985017306 0.181049935969487 0.113134042209449 0.221090025539022 0.027587596147538
0.181578181796838 0.127032447360062 0.045221152778664 0.240193988710419 0.165543996473929 0.0489950553803266 0.191435177499761
0.0312027141678529 0.158697891126364 0.139697905932039 0.363354462277998 0.254927486200669 0.0497441388852877 0.00237540140978912
0.190347749267462 0.185299804653166 0.0669737010250464 0.219961205014344 0.0123476453604695 0.233061616629059 0.0920082780504526
0.172387271551565 0.198252738866811 0.0847150617100402 0.0354466504343375 0.103300973896538 0.150677174832667 0.255220128708042
0.00401648941248941 0.138226647320735 0.127038304359594 0.202024696025875 0.230774716160006 0.25884880635515 0.0390703403661516
0.360724546214076 0.251263203355246 0.00739625985912813 0.128104088181765 0.0759679361116612 0.120895026912246 0.0556489393658774
0.20573912809124 0.188119296752972 0.313183405243523 0.0155886468850281 0.0782434279752104 0.178318574271482 0.0208075207805441
0.180290806934267 0.124804108340641 0.223294304888064 0.182787370867698 0.0296310899208393 0.0519098548568063 0.207282464191685
0.0245394222061164 0.390080168148586 0.164922982545998 0.0629250504485078 0.0375367022492044 0.00459405781353655 0.31540161658805
0.0991996126055274 0.29757135531625 0.207145944509503 0.117381387015437 0.0321663995943706 0.0950206220335225 0.15151467892539
0.0283275503195698 0.108101475693622 0.0108118290118821 0.0195177861849345 0.378508016762411 0.0627061088163108 0.392027233211269
0.157489559423744 0.0165204867983753 0.231148687334917 0.0789378512451247 0.057439630333695 0.130596702613641 0.327867082250504
0.137927861639556 0.143172340534122 0.233683051008317 0.283494253258953 0.0836122944809962 0.00916196143222893 0.108948237645828
0.173398006813191 0.161062261345965 0.121607646151054 0.240649607134521 0.0438373447536149 0.130422816644665 0.12902231715699
0.0248048123698922 0.248653376484373 0.134439350493975 0.117984083528648 0.0498184993469461 0.209877954814292 0.214421922961874
0.148570980639416 0.106817763184265 0.199408083969085 0.0255026775774597 0.21047286221279 0.133712000026193 0.175515632390792
0.102236162224037 0.129167393600886 0.163684949547497 0.127175748602756 0.209512778075863 0.0508083102706248 0.217414657678335
0.157596597897185 0.170243570723258 0.0665762537419297 0.202426722085152 0.114933895805318 0.210228591599935 0.0779943681472231
0.103164063359801 0.182832189542071 0.211349904181035 0.075429122325963 0.162798291751807 0.00773062881584634 0.256695800023477
0.0927638266639663 0.240560433337672 0.192392808743765 0.123011502186886 0.0584092560387818 0.196968853488048 0.0958933195408811
0.254251324624135 0.145031422122128 0.0726811462984051 0.110442997220118 0.0567012916859614 0.213045311987664 0.147846506061589
0.187272931987227 0.0245060436025244 0.0501672341343797 0.217844931949038 0.223312042919742 0.0673051035906753 0.229591711816413
0.246127885174017 0.144814349971028 0.250458742845697 0.122808099467038 0.0330243421227368 0.139142727504114 0.0636238529153692
0.155583860167047 0.246902230284813 0.0129967589181588 0.198117539629222 0.131151215716797 0.0355764212164616 0.219671974067501
0.141936087421697 0.0924574105126351 0.251294743698968 0.101590904482366 0.176189225206529 0.186243766428542 0.0502878622492629
0.233216367240947 0.0267256080837175 0.198434836569677 0.239753733388554 0.134319520736243 0.142348738747336 0.0252011952335239
0.0919142607775298 0.195697042914274 0.054888166419185 0.0673354270086973 0.261329466737494 0.122012620060067 0.206823016082753
0.114304408019088 0.128877490667773 0.178141434988277 0.220103168143966 0.0924078709341773 0.215738456972438 0.0504271702742799
0.210223873491975 0.0432177214262623 0.363383599360125 0.00133059215686046 0.127851271587644 0.0927692852096945 0.161223656767438
0.127695537820719 0.169340192249925 0.143436371665204 0.182054891450346 0.152181477427308 0.143807744149545 0.0814837852369526
0.0344814213924423 0.204007036954615 0.188397031225826 0.0386652506618109 0.252676245189163 0.105380993547919 0.176392021028223
0.210447135421584 0.170841880750156 0.118503561408672 0.169406880128316 0.150576667362904 0.137641880800209 0.042581994128158
0.216581480926846 0.067207294334662 0.168573244930661 0.0170720076579047 0.0580591284897363 0.247607244557456 0.224899599102734
0.165698734995234 0.0373525042767513 0.101143607864449 0.115943608343042 0.164394114049003 0.194790005719522 0.220677424751999
0.136072014706525 0.169787428018836 0.250149621987622 0.014205290258397 0.10826066939286 0.0652141032422455 0.256310872393514
0.121499788412221 0.0685818345576517 0.225829254658447 0.16744389710593 0.097224835132561 0.171308338618754 0.148112051514435
0.195959578200613 0.238759548210883 0.100625694322637 0.0152980490018703 0.306035966077234 0.134784354413896 0.00853680977286567
0.257486979712061 0.184157263714703 0.212030703951385 0.207128580789506 0.108231274311116 0.0284660150345911 0.00249918248663806
0.159479084145518 0.222390495185405 0.156994541128425 0.23423229844981 0.102064461694159 0.0026226965599854 0.122216422836697
0.169686297667847 0.0452587298160782 0.188115499996244 0.159409486596774 0.194376563811994 0.214676388008824 0.0284770341022387
0.120166062619345 0.00651647552298374 0.093623127619462 0.178321649494047 0.18478968326003 0.116342836738921 0.300240164745212
0.149807415508308 0.233818497437416 0.04052743773055 0.191736902576393 0.127720278428942 0.203952396072371 0.0524370722460205
0.0780639391401397 0.18395046784765 0.118425476490681 0.155758056549701 0.118710854428984 0.172367944084035 0.17272326145881
0.154349118311286 0.0402721062844977 0.272275262186703 0.208945654975465 0.0690190087945985 0.174789903659566 0.0803489457878833
0.265051641804127 0.12851857034232 0.180613160936788 0.0174201203286933 0.256078224337074 0.139605818125324 0.0127124641256749
0.192213780313519 0.221242261305422 0.0155090768929877 0.0733819563793366 0.233399196211212 0.0913683145874172 0.172885414310106
0.164446023718381 0.203363007592744 0.233390239679177 0.151370111821814 0.0519857462897226 0.163659902556436 0.0317849683417246
0.135730035688722 0.0457565038557563 0.217932756015896 0.235979248056446 0.162332214777295 0.177659067101673 0.0246101745042132
0.144067319391605 0.0310574201898931 0.0496217807682086 0.321076751385931 0.127589356236295 0.298164297287558 0.028423074740509
0.0491803303306806 0.0865768289646381 0.189497931416 0.189199483352858 0.277851310430636 0.00161747006577461 0.206076645439412
0.261939693936192 0.182180274111781 0.0543368414058071 0.223320154136672 0.0500064842669594 0.208752518652569 0.0194640334900198
0.0309814596955644 0.103554307672471 0.252163098029236 0.0654570073368314 0.129713724771183 0.236500947667327 0.181629454827388
0.013233684608181 0.0880671215258472 0.122948668295397 0.299202852490222 0.110903842847239 0.334147265974702 0.0314965642584103
0.240503934105385 0.0810468894929622 0.233785108214892 0.171788864715642 0.0884870963004796 0.161397306788373 0.0229908003822665
0.00271501105265992 0.14190107373298 0.234533498531206 0.142173993481056 0.230163729060363 0.00210009521346984 0.246412598928265
0.0525890265041919 0.30565989412915 0.0990228082472444 0.234198396142933 0.051082114283544 0.242380750482021 0.0150670102109153
0.0382025567348427 0.238365029039579 0.0300595581922813 0.177763873528531 0.247252777312282 0.00603403301239142 0.262322172180092
0.168247782873502 0.0751579658469485 0.179283123586183 0.198728308859153 0.102595800397055 0.0669701416555831 0.209016876781575
0.221948023463203 0.178055931882965 0.236858374526966 0.136900505425866 0.0737323975260415 0.0941330994938015 0.0583716676811573
0.0626951263628665 0.149672821225271 0.197827051147642 0.0589320645616599 0.173865149822668 0.211758694697151 0.145249092182742
0.250690542044792 0.14285323548371 0.0362226077732549 0.0617330408708425 0.259708607749901 0.01507934440125 0.233712621676249
0.245938484979821 0.121046221699423 0.322111351345837 0.00164126758582718 0.0861940550919495 0.0955207696988551 0.127547849598287
0.0567779609944065 0.150409203456378 0.052058974697707 0.166983740125305 0.199288680116524 0.176535103529114 0.197946337080566
0.188833467109612 0.191897605404741 0.197612573016707 0.0167613321288476 0.219564716436248 0.151317500362594 0.0340128055412512
0.0630281203008637 0.191697600643415 0.237494238428769 0.178041669617257 0.125128382167826 0.0966213416123369 0.107988647229532
0.217849576966205 0.141146692732216 0.147450712274268 0.0658171755963332 0.207950126752751 0.151572640627496 0.0682130750507317
0.00765570247513211 0.212023850766127 0.253851251958818 0.00759337382959179 0.136922533464828 0.108641425695307 0.273311861810196
0.415080278531796 0.0104236530429298 0.102424458067743 0.133377898054869 0.163830313021252 0.103672479905813 0.0711909193755972
0.0572093097199921 0.145879202416375 0.22940348393152 0.0395128551318909 0.00137431556050384 0.249030433791931 0.277590399447786
0.250282649507218 0.0645411502782233 0.242634115038046 0.191133957565865 0.0341789778764426 0.0428795867072578 0.174349563026947
0.147179049928731 0.0684628830834005 0.237244047030794 0.198997992235914 0.131649498352194 0.13162089361266 0.0848456357563057
0.237640575616021 0.0325877662026925 0.20402920775528 0.0216637098987923 0.244782381985003 0.190003133959073 0.0692932245831384
0.272951420952868 0.0143476100186427 0.255354332073985 0.187244305240833 0.00718529182159427 0.108774287225607 0.15414275266647
0.0401808137140889 0.180546984273018 0.128776232705511 0.22515522125464 0.0273233330577893 0.143698920149186 0.254318494845766
0.0177824184626055 0.182295058214204 0.171972781520597 0.195037702254366 0.0994538516539636 0.107138040640703 0.226320147253561
0.0918560067425145 0.222096565939489 0.0406457103956505 0.454772563015115 0.013493137468061 0.119292950175266 0.0578430662639033
0.0761395719503169 0.0731047047820797 0.270850693714031 0.232151927029989 0.146301858276422 0.168114115664355 0.0333371285828054
0.0686626112712597 0.148186316049424 0.123724534547735 0.0225498324860506 0.209566240692136 0.327934948916981 0.099375516036414
0.268849005023918 0.140938131451117 0.220875599785891 0.00551376763881749 0.0423545741573744 0.246229171577435 0.0752397503654466
0.172845830857461 0.0875291725561249 0.173591553713809 0.0662307466489369 0.243943980552651 0.241931790834309 0.0139269248367086
0.224065720896912 0.0780722816884266 0.144199097306635 0.104869871616832 0.0338386800895503 0.214226404601597 0.200727943800047
0.0810201389733729 0.121748053730063 0.154826218957722 0.208316958214059 0.165164692685163 0.094304998890261 0.174618938549359
0.212657044808478 0.338586607090047 0.0106284186382918 0.0793337518729032 0.0570613015224593 0.251781859208193 0.0499510168596287
0.138244188440549 0.137261476271339 0.114635097302294 0.124211294546337 0.17857741769879 0.124134134954733 0.182936390785958
0.232393886489052 0.234503972765033 0.128365485995827 0.108210194535506 0.0965101467076514 0.191742363884412 0.00827394962251866
0.127195769166945 0.233953903086361 0.0736393604124468 0.0222140748032649 0.0805259489922757 0.227433789137163 0.235037154401544
0.167796611393425 0.184134820913478 0.165472472226502 0.163756676990572 0.125369120172429 0.165123974279681 0.0283463240239135
0.0814835418212132 0.165873429967775 0.234900006781967 0.135629586603555 0.0203278297378251 0.113000881186901 0.248784723900763
0.154158584814312 0.211043318972255 0.0416686452472691 0.149523614918871 0.175078960056658 0.196077818492838 0.0724490574977971
0.0403803065207449 0.0205936475361753 0.294246749650254 0.0372103328454347 0.160700207768007 0.180001953095365 0.266866802584018
0.105857216234552 0.0283144606142755 0.103858002858282 0.211136647743502 0.183971348269297 0.206171663579324 0.160690660700767
0.233514969608869 0.100434224915189 0.224145889801057 0.276295331837654 0.0416552239506893 0.0522363731238967 0.0717179867626453
0.081287132502771 0.264076350146796 0.054334457491141 0.0890517249888439 0.167593885574963 0.147678343666953 0.195978105628532
0.048294178129952 0.202004097330295 0.193674262640809 0.248359285684572 0.0714142539374437 0.174997561709931 0.0612563605669984
0.200797931228554 0.0653596872547127 0.140170730895765 0.184097427116386 0.0838354076721837 0.253917117899622 0.0718216979327779
0.00845486146045623 0.330484640480818 0.205833452659691 0.179655477729145 0.145073638212746 0.0652712893830713 0.0652266400740729
0.229583054718657 0.197605173875095 0.0228643602204488 0.0110577304708932 0.187536691285006 0.220428044116956 0.130924945312943
0.218669673430848 0.0654089417586973 0.221187481955083 0.144045433489659 0.131939423052157 0.0718768833168327 0.146872162996723
0.191907774772794 0.23938430746206 0.233137887441562 0.0148301179361024 0.00198208433603866 0.17889882264434 0.139859005407103
0.128179010508611 0.241282458511287 0.143432184669339 0.128434299241947 0.0317841448115454 0.155982649552737 0.170905252704534
0.303995657143467 0.211984504065306 0.105160498639087 0.0227454696869307 0.0600718747482092 0.162610121011973 0.133431874705027
0.127718134849787 0.0313483494410866 0.0899285384523341 0.0990318341223077 0.247318913222837 0.124085875561469 0.280568354350179
0.091266376686771 0.2670447005033 0.230012089926513 0.082943631527356 0.109437265761215 0.213012822803608 0.00628311279123722
0.212062802730779 0.217135021352754 0.267364057714287 0.100948921933396 0.145882898892534 0.0376150758157034 0.0189912215605459
0.0758695037762989 0.198486011499732 0.298303736879716 0.0933025245480452 0.135911596498455 0.0122946683579386 0.185831958439814
0.206702128460832 0.254443919179392 0.0693219447516146 0.153941343886746 0.17235772835176 0.0929560409680847 0.05027689440157
0.105855966697335 0.00817936980712889 0.218991099551336 0.0331039775565527 0.299347388434737 0.0007573533052353 0.333764844647675
0.237626682324672 0.0901483865667435 0.0460454620235771 0.0457521836815247 0.0669652018164159 0.237426732442918 0.276035351144149
0.151196800663301 0.0568265199264967 0.403977036833198 0.00191681080159554 0.152466706959091 0.194281854459064 0.0393342703572534
0.166858609308129 0.0235692817510649 0.192449763859537 0.171934338414386 0.179654332264265 0.174341436731626 0.0911922376709926
0.292479769935723 0.0653386112633878 0.0991111260324979 0.17255298084989 0.0629007108155186 0.0736676882175639 0.233949112885419
0.0307995159016722 0.161824135445939 0.190002131580888 0.196804388645703 0.0155425659849811 0.160550370814566 0.24447689162625
0.00220606747832948 0.0820342654384109 0.360339487840666 0.125327882579177 0.0684240872430854 0.0787703361426847 0.282897873277646
0.239220582526092 0.125796538597661 0.052895669456848 0.00651158694703034 0.134250797056115 0.216296881195752 0.225027944220503
0.193669799378731 0.0738145570557522 0.246819401692631 0.0391267224328777 0.246340149948151 0.0659768005923085 0.134252568899549
0.182571744843968 0.162022679120635 0.0922007627648772 0.146792471720096 0.108922320947595 0.168399588444409 0.139090432158421
0.136009062204389 0.24665748150866 0.175105358122387 0.208175814643266 0.0127873425304426 0.0197152881363207 0.201549652854534
0.27959383653579 0.00571166516218248 0.309930352422803 0.250271933142975 0.0377424443219923 0.105384660098985 0.0113651083152723
0.127811163461453 0.0722771824426738 0.196037497355487 0.11869184298014 0.225328543954383 0.0792682031726012 0.180585566633262
0.234157348179573 0.0898285593635792 0.104150154718713 0.154818211812132 0.205486910297404 0.109878041823503 0.101680773805096
0.0850355868884009 0.229665925766042 0.110843506620888 0.315780115566423 0.0879231028724792 0.104994610559899 0.0657571517258672
0.196174046006051 0.0599707829322979 0.100054056051961 0.171848805882285 0.2357140541428 0.0921650819550512 0.144073173029554
0.0818266312555787 0.0313842729492792 0.195101178739718 0.0916861661212479 0.278829847629632 0.318439592177023 0.00273231112752127
0.077104509029701 0.0792510254839052 0.224728843328593 0.22658942800479 0.279479537216324 0.071827965575347 0.0410186913613403
0.180782751704975 0.0427313211724012 0.0377079135645588 0.210372244070697 0.249181153859129 0.116471540102626 0.162753075525613
0.0627172260971008 0.184315902960738 0.275167800791257 0.261936214906416 0.0959118889552406 0.11874087499158 0.00121009129766696
0.229938834268405 0.218822910951428 0.180225191760316 0.00155886364649297 0.138156466057711 0.187008016221854 0.0442897170937937
0.284313244503697 0.146024740205091 0.136377741362854 0.185211546509013 0.120420666815596 0.0604806975905982 0.0671713630131511
