0.343362416332534 0.0783818879112663 0.0361595258607794 0.105260408675074 0.11812333373508 0.318712427485266
0.370806372637247 0.0379074386415333 0.170516801621717 0.239732033186866 0.138154816487732 0.0428825374249043
0.192444653023834 0.0888184580616641 0.188138628265671 0.0795670219438682 0.26942235213851 0.181608886566453
0.254633495297408 0.154997073942493 0.189950163751729 0.269505226119939 0.097235604395201 0.033678436493229
0.0544270747259851 0.113581611362157 0.238506519848495 0.297037647151331 0.00671438633918641 0.289732760572845
0.293507900779037 0.0836738896348286 0.208775175452833 0.0483418512473731 0.0987732252048878 0.266927957681041
0.120495568383382 0.204171407374478 0.176706781172012 0.18164042184069 0.146702871188316 0.170282950041121
0.153881647202733 0.215928155065876 0.222762896092578 0.204367755359897 0.0512553099121179 0.151804236366798
0.190212217092483 0.194015651283257 0.20417398231728 0.199320035651194 0.209675115593994 0.00260299806179105
0.165940610582654 0.0561265886967969 0.189180331375847 0.28526480462841 0.199968586596289 0.103519078120004
0.0290815242759535 0.269927515171602 0.334139702044882 0.0616059816220966 0.000377595499826282 0.30486768138564
0.312862355388975 0.169198503852679 0.292362403651539 0.0186237791116421 0.00104241014759609 0.205910547847568
0.23364557917849 0.169000184400644 0.275156193199394 0.0306062257980076 0.0954818381632852 0.196109979260179
0.26467216787968 0.151185736778653 0.0330249962774684 0.226174654660383 0.171196209106634 0.153746235297182
0.220056510262528 0.182495666894394 0.194083250591632 0.238863136416415 0.0121057974721276 0.152395638362903
0.166635250161723 0.227013085058011 0.176605460398868 0.125150001870514 0.137754222313588 0.166841980197295
0.025034776559313 0.219502855800012 0.222147166821956 0.261281751381515 0.126773892336376 0.145259557100828
0.0834548141623536 0.299169332055632 0.293054285877176 0.133541544450135 0.116662017287014 0.0741180061676904
0.203971225661603 0.0562412809145681 0.154786765235251 0.264970718562096 0.267018954172303 0.0530110554541784
0.0266629177074043 0.230505946714641 0.256955094029307 0.0642719833682374 0.27841295670893 0.143191101471481
0.277480538058758 0.178422296171599 0.0296216018225241 0.0941004255054681 0.30568495586928 0.114690182572371
0.218381166853121 0.204792744372469 0.024334262169738 0.239448945821654 0.142692660933448 0.17035021984957
0.255300519214092 0.24203784147253 0.211158397381183 0.229088579299942 0.0363280020928148 0.0260866605394382
0.0916047324133802 0.246946471513782 0.214615030806531 0.172044283415751 0.130249309607426 0.14454017224313
0.0178441649708205 0.323511138030074 0.0463420236628412 0.259144956713966 0.243094598053909 0.110063118568389
0.00710136304395351 0.196866434865912 0.187016179736686 0.18534154935942 0.205652056795685 0.218022416198343
0.173883041633159 0.443926017114808 0.154548554022709 0.0722907597412118 0.131343134811607 0.0240084926765039
0.0943828417815222 0.189910192418092 0.0279069565668383 0.261613297017958 0.299068641369733 0.127118070845856
0.119518611869328 0.0840471583992605 0.244039425698872 0.0176872052479489 0.284133493496162 0.250574105288429
0.155983811591474 0.377174561128031 0.219220259135404 0.107110059885526 0.0576551761693138 0.082856132090251
0.0395832974089404 0.151832104549371 0.367753381962747 0.152138527700603 0.145718919982051 0.142973768396288
0.286606314374383 0.167746398597662 0.241254625946878 0.00250859373987323 0.0387321266120637 0.26315194072914
0.231287100622411 0.0335184025486748 0.238809664858236 0.199097687482076 0.2339094195239 0.0633777249647023
0.264732558277952 0.176350735914708 0.120930925885652 0.0907916956789234 0.265653116079181 0.0815409681635841
0.143527013075353 0.157443024162469 0.277428288503317 0.0140339586198491 0.257713296682273 0.149854418956738
0.113260481209925 0.219478782467657 0.250416945869193 0.0570313771172185 0.153290666954009 0.206521746381998
0.17737497182853 0.175350927205816 0.0978591041893581 0.189754890375381 0.222721027261876 0.136939079139039
0.0885062922409293 0.0812213099497745 0.239984716984206 0.0831642570878351 0.25528817224393 0.251835251493325
0.0243968674909355 0.24131717323012 0.103680951229772 0.141654652942058 0.210217599546961 0.278732755560153
0.202658617709457 0.116434405498574 0.0706251818783806 0.190131991616343 0.171762294235077 0.248387509062168
0.245913825255406 0.125679888308018 0.237438935689825 0.107048391027526 0.122619547615084 0.161299412104141
0.247083468792795 0.184719224903872 0.0484730150513706 0.0483423537659831 0.318703839503134 0.152678097982846
0.145174483399448 0.0112688918321701 0.264660585905516 0.160336435581124 0.260813815107842 0.1577457881739
0.37241827456443 0.082233355343744 0.0707236201896779 0.0919240842486723 0.0860354344175939 0.296665231235882
0.194256505275183 0.0152459401339425 0.253947649836534 0.191821238389074 0.220652448705649 0.124076217659618
0.206759845554172 0.150618927188618 0.0352537450927856 0.243862751561832 0.218879883004198 0.144624847598394
0.133760967825626 0.098961406193921 0.236366573629201 0.17670097585 0.228165505083867 0.126044571417386
0.171000816784804 0.0926422525698968 0.100312636243108 0.0531246186839961 0.286315390727929 0.296604284990266
0.186002509669398 0.281015377007114 0.222386251690395 0.124905593406972 0.103217484422188 0.0824727838039322
0.311082299238206 0.0459325754510075 0.273151120319187 0.0618462874839247 0.094598814322644 0.213388903185031
0.169130837303959 0.131518066278508 0.0619803505034668 0.205294030379961 0.213052185985244 0.219024529548862
0.330427063944439 0.154043192127675 0.20935131355577 0.00651406826571022 0.198792103611241 0.100872258495164
0.176054177037866 0.00386130481454082 0.29366292811657 0.0932851466234877 0.192322943321956 0.24081350008558
0.197126389885833 0.125443269300146 0.0767505874387632 0.232573927412909 0.246968226729341 0.121137599233009
0.254524683241068 0.0258599960416423 0.280138369961993 0.126268212702549 0.22692122053643 0.0862875175163182
0.0398591783728088 0.0250822357287806 0.295067567238536 0.299342063219011 0.153307798810278 0.187341156630586
0.213872371325438 0.217194586625502 0.223685013118817 0.210620892567099 0.0808807273191221 0.0537464090440218
0.0371579283044506 0.271731422923782 0.0236417469117968 0.269119755683262 0.391390585734544 0.00695856044216523
0.123791752979111 0.111987930029973 0.161078218812877 0.0949449129181409 0.198597898084851 0.309599287175047
0.0460342802953581 0.363127180377211 0.227396166204303 0.169420008930038 0.136695097849209 0.0573272663438799
0.287695104889832 0.00375896831676404 0.253580048527736 0.236546304122871 0.00101677672029779 0.217402797422498
0.188838023327871 0.215715717714874 0.0747969036335248 0.148455376315375 0.114032095938858 0.258161883069497
0.00618387448141429 0.126306704012736 0.211895670785604 0.24522382306523 0.205301200660118 0.205088726994898
0.241921286623971 0.249968613173813 0.268739909471588 0.035132395704065 0.078009615049966 0.126228179976598
0.0256773730559979 0.13173534618576 0.126563027025605 0.267001979570511 0.402378002498459 0.046644271663667
0.194456820310209 0.0363227389910808 0.251821544271331 0.318623870392413 0.12237637461306 0.0763986514219064
0.379437098123921 0.00538914256480122 0.421641140601824 0.0348237536326243 0.0397454847957869 0.118963380281042
0.168269904639083 0.177163825730169 0.0804512038890646 0.148834429688402 0.120634468406566 0.304646167646715
0.135599091070701 0.242120953386459 0.191622023782865 0.278622634339973 0.12949351094064 0.0225417864793624
0.043714760787654 0.260629135574544 0.0348212571433391 0.0756225525808461 0.317043504928716 0.268168788984901
0.321113733827702 0.141230008686808 0.0021639279737718 0.166008835244466 0.297868272100659 0.071615222166593
0.326805846389548 0.00122913169751648 0.125863745830661 0.270087727802183 0.174863342747491 0.1011502055326
0.0198355144689269 0.363319636142959 0.0364328329087582 0.237870039765441 0.00433740507419025 0.338204571639724
0.300514027516535 0.194977904275746 0.0443182530804517 0.262681580952033 0.110358237453147 0.0871499967220869
0.0288666959381991 0.254924761921842 0.134075872695145 0.174346315503892 0.196398787983278 0.211387565957644
0.322413348321612 0.411131987104274 0.0300967415838618 0.0556448821858043 0.0414681606808294 0.139244880123618
0.290884169254342 0.202087316648127 0.216768466996172 0.198102937746241 0.0273074366790927 0.0648496726760263
0.447691768598602 0.0317860112515544 0.327269459759743 0.0329789192573298 0.00451713798046208 0.155756703152308
0.111742233582728 0.147922988601793 0.0324466216640129 0.220479213880502 0.186550014063294 0.30085892820767
0.280320577648152 0.217391642380141 0.13744489754152 0.194282455527719 0.112132207404638 0.0584282194978293
0.129272469956337 0.239277270984491 0.153623729331606 0.268114404479569 0.10659279664407 0.103119328603927
0.197785715170397 0.270229094939038 0.195878266203651 0.0196655506238827 0.16288479404899 0.153556579014042
0.117362015805974 0.0607225226096788 0.299716451572666 0.265971141471676 0.0123300903225649 0.24389777821744
0.194874894679166 0.213500364227428 0.13595864871397 0.0128573288484637 0.168226692813673 0.274582070717299
0.194599129506747 0.143544768775854 0.0290037865806124 0.0489037310753502 0.297110875927486 0.286837708133951
0.249273863636609 0.186407958678033 0.0303033031210175 0.201819956843907 0.0669818478594159 0.265213069861018
0.0875246460639525 0.122942561932146 0.212011388405189 0.367499097112506 0.191675024151727 0.0183472823344796
0.111619265213019 0.186715354650195 0.0359820293133076 0.246326387669559 0.31059505635307 0.10876190680085
0.0136194276870053 0.252444349298793 0.258148741518993 0.189003636851074 0.218994940370802 0.0677889042733327
0.0065694848661101 0.135838246806806 0.47060008464123 0.257146016557221 0.0442517893552514 0.0855943777733816
0.247898780863983 0.230830532065702 0.155805666211454 0.13075038944689 0.0780800939327619 0.156634537479209
0.218820337025351 0.0648109630025417 0.185458131325598 0.172811720278192 0.243599742003271 0.114499106365046
0.130608427123595 0.167408510375197 0.000194951247726434 0.244054539661663 0.214211783991452 0.243521787600366
0.00505359624898037 0.0363947132980709 0.360625594083657 0.288489744345421 0.0844477462577806 0.22498860576609
0.241602713089089 0.0454506938429112 0.00548120571568251 0.196605471145014 0.387195087482564 0.12366482872474
0.254195112551457 0.298137013386468 0.00946360110967529 0.0792189626052641 0.143097084028086 0.21588822631905
0.221970912275539 0.15275889368529 0.129966164725148 0.219953071672074 0.0831780607052603 0.192172896936689
0.269603106470568 0.0515722918171487 0.162752943369397 0.228639326080942 0.0965503335609272 0.190881998701016
0.260764490669548 0.0116627479381442 0.247566811111335 0.234529733153253 0.183168047714963 0.0623081694127569
0.307738592521293 0.191500663897238 0.213454332990342 0.123323372571405 0.0918731051243871 0.0721099328953349
0.187971274671646 0.0533242397417027 0.0782229949450473 0.323526457874039 0.179870767181465 0.1770842655861
0.0814940940736267 0.301160592291157 0.18438199316767 0.0116919163146995 0.107432880752033 0.313838523400814
0.0119157896331045 0.328811191152672 0.174828717046257 0.0443467157808656 0.130769415281509 0.309328171105591
0.178029402478992 0.279603347065378 0.0638060534866729 0.365673313098703 0.106240443253775 0.00664744061647877
0.0470323719756282 0.263221733309392 0.071231619562603 0.263640520315202 0.290613848840382 0.0642599059967933
0.303439819464337 0.104981955870726 0.0509349121677418 0.0551513904678891 0.229868856140706 0.255623065888599
0.077907120895391 0.0254013604056439 0.364675788141525 0.157770342428751 0.363349435899539 0.0108959522291509
0.125794327027575 0.203348644770574 0.0911075272176081 0.0434235769703468 0.485878112489565 0.0504478115243318
0.20891174882943 0.212296940382898 0.0947870795547213 0.0228985056109036 0.261226538626797 0.19987918699525
0.13282691605875 0.120982270293377 0.214904726300211 0.0367669878158156 0.241457960660049 0.253061138871798
0.014676899169199 0.278193782640643 0.0206652124977688 0.245291175873174 0.37670175133592 0.0644711784832951
0.0246777469881592 0.0920028740657873 0.24562014285001 0.283255314195504 0.23539694616545 0.119046975735089
0.184112448693967 0.299437530160011 0.208907157036648 0.142861476970531 0.142084574825497 0.0225968123133456
0.0314249242009101 0.188452291594719 0.333615015687602 0.0653410545544085 0.0485864256625008 0.33258028829986
0.153989778620453 0.225784252335916 0.187718756858568 0.0868193804461752 0.224758317754193 0.120929513984694
0.0350603946515017 0.191767930591082 0.146399321297476 0.233028828773338 0.179348198977578 0.214395325709024
0.27294238013754 0.129574373542879 0.0867294114601033 0.292470185427222 0.17067975841392 0.0476038910183362
0.0399665979025479 0.131809937696758 0.230893020977331 0.235432879745857 0.230067545998279 0.131830017679228
0.180030125864433 0.0219452560225951 0.216119574327934 0.152592881103847 0.244108840337705 0.185203322343485
0.10529194609299 0.273341523504176 0.0487640874481544 0.217444064705214 0.176335667589145 0.178822710660322
0.0261756141355843 0.276180682246047 0.108153831624031 0.0582391140854322 0.241652368194967 0.289598389713939
0.246682808356803 0.21850444831875 0.0775861190042059 0.0921056046068457 0.12390511871204 0.241215901001355
0.185676181673573 0.142681275700624 0.157521548177456 0.194980179981608 0.154470589536483 0.164670224930256
0.362159491292656 0.0232218642908294 0.138763447282998 0.150689537725471 0.104198359106668 0.220967300301377
0.119529644584817 0.00489207674491331 0.249699894877105 0.163299413398049 0.256320312140175 0.20625865825494
0.0509206801480758 0.290021774653889 0.427603536429553 0.0933397902312443 0.111921395729169 0.0261928228080688
0.0385172449659951 0.237671721473331 0.230784889634293 0.201784264530029 0.0580585609315276 0.233183318464824
0.115283315361411 0.249791334352361 0.146853697392709 0.0368952200189687 0.213269209755013 0.237907223119537
0.227254729946813 0.0596645174131537 0.157082249717848 0.127818390888356 0.240953666641534 0.187226445392295
0.135153848105041 0.0186826218593329 0.0541790790314221 0.331032641128517 0.154030166725113 0.306921643150573
0.00443020670001554 0.193289994999048 0.224011848684308 0.244436001869887 0.111877644775704 0.221954302971037
0.141062113109969 0.0821442526060169 0.254112619666545 0.131203950630161 0.326029744487997 0.0654473194993108
0.279460919706625 0.138819058889387 0.347039453626845 0.149075261486746 0.0747797609522844 0.0108255453381122
0.0760881902395229 0.00758028474866431 0.188014228052746 0.318375201537811 0.263205642842566 0.14673645257869
0.0958906832509417 0.203336905296506 0.0665235196917878 0.213725401394225 0.22908301206604 0.191440478300499
0.0841829827879028 0.084732483071456 0.242733826387068 0.244660724417795 0.255517470766643 0.0881725125691355
0.0502389308420108 0.140560445057 0.350091468446093 0.101846919261314 0.342952322133881 0.0143099142597012
0.245418378256141 0.182653272095867 0.201297771856059 0.0989121283205658 0.12736463327967 0.144353816191696
0.226580678043827 0.252505405672053 0.172125284262003 0.199422565434937 0.0772016792316794 0.0721643873555002
0.0931144385424764 0.0621027213943878 0.158954919163851 0.218944540686419 0.243254380327282 0.223628999885583
0.338536995422881 0.339440509578782 0.0868234498492438 0.0799210320333644 0.112128103255375 0.0431499098603534
0.265558995073745 0.272440027878033 0.0685692098978651 0.0212434801493677 0.204347677518043 0.167840609482946
0.264493087024636 0.32826306307465 0.0934937714309097 0.00643634108194937 0.277876647106379 0.029437090281476
0.124226991913717 0.237391476488536 0.235274513754671 0.126673561117261 0.00990139006511489 0.266532066660701
0.287350087906635 0.209152632179683 0.114394285292443 0.10681094871343 0.220859571883294 0.061432474024516
0.231649355225832 0.114154106554118 0.18603631927547 0.254894096590855 0.196589123982147 0.0166769983715778
0.2227422939392 0.199780573084784 0.129403218807795 0.184764408673877 0.0308340215193584 0.232475483974986
0.162740534772341 0.192748763616194 0.166804260640979 0.237310080574637 0.223792802951204 0.0166035574446451
0.273997808908284 0.379368387052438 0.0465763172604385 0.0256538722514432 0.139158752163303 0.135244862364094
0.173896745837691 0.16483296795069 0.215659595262389 0.148435941063802 0.192982768743189 0.104191981142239
0.0069168531546823 0.328585648526047 0.0774718308813105 0.28962909322977 0.239560315987091 0.0578362582210992
0.181627305515389 0.0905549545163951 0.00422514261936042 0.241821053508767 0.246291107232646 0.235480436607442
0.188269680965687 0.116105893388399 0.268262813684421 0.124115490503284 0.147032534355948 0.15621358710226
0.205302924874394 0.107359585083663 0.200518823155129 0.154327422277485 0.163832792089652 0.168658452519676
0.00896051515197952 0.314517433705686 0.060037301508172 0.247062837252215 0.147567543251259 0.221854369130689
0.176562660093427 0.145509561193541 0.244736830068666 0.106028011806029 0.0614232403246053 0.265739696513731
0.0365022154142183 0.172600213787139 0.239091048638687 0.297331495606363 0.0681336573609291 0.186341369192663
0.441232171892119 0.150199002760441 0.0916592808892897 0.0415899464761593 0.0314714073552177 0.243848190626774
0.273563973676796 0.172418716489417 0.168361452706288 0.253107066660249 0.000602381675961359 0.131946408791288
0.020993267421618 0.208953224616026 0.237784016442526 0.0824749404652749 0.275470927438691 0.174323623615864
0.0104733013038536 0.12536280121108 0.288484412138699 0.0252192317942132 0.242760584509565 0.307699669042589
0.106084598163751 0.141750299731908 0.210545374332843 0.192587534649942 0.180063548533366 0.168968644588191
0.188262346607868 0.0210064672849552 0.192048810070994 0.157025090151954 0.226061459794271 0.215595826089958
0.184192357224967 0.168061637415956 0.153664753116058 0.250477640583737 0.0456658322082775 0.197937779451004
0.266744625809406 0.103698340863562 0.132815627628156 0.051396094942675 0.272480227482397 0.172865083273804
0.0728804478679143 0.242311062072184 0.0978969274672571 0.0781749138318172 0.13639800647694 0.372338642283887
0.101347908391627 0.0747427707798055 0.187948806022983 0.120004903037544 0.3154431238993 0.200512487868741
0.24646390335543 0.00659116309296754 0.297307182992245 0.0518575740893246 0.29760576864239 0.100174407827643
0.0609900790058626 0.0541897347458962 0.194522945483195 0.289764220858044 0.176638889807077 0.223894130099925
0.271337008379065 0.222643947787985 0.300479430511906 0.0679296963042636 0.0245954394915448 0.113014477525236
0.0421224844455589 0.128373531883171 0.377019063290308 0.36479564591613 0.0623765152932463 0.0253127591715862
0.233093966916455 0.147522884810704 0.288943257654299 0.248640345814762 0.0594379246975123 0.0223616201062683
0.33735255092127 0.252327876063715 0.0803593708777034 0.057146986889365 0.244599322248704 0.0282138929992429
0.185969394338985 0.400498553835601 0.0250052369327005 0.167298904072263 0.219441431423687 0.00178647939676312
0.207787141323363 0.191237341412478 0.198614525648043 0.134465848687532 0.106176133064917 0.161719009863667
0.03557146777405 0.396142603635405 0.135226961714663 0.226354331580084 0.158072662484136 0.0486319728116624
0.188680262665544 0.282350998383954 0.236511618277327 0.0490909573135098 0.177108592772768 0.0662575705868971
0.0423790184977793 0.0344453660413932 0.289945963288039 0.415513595468177 0.185379454172033 0.032336602532579
0.386436416803683 0.0382497108537028 0.123559397849933 0.368276501721671 0.0501787012894313 0.0332992714815785
0.0306691308011464 0.295931431600034 0.13825997972936 0.151178188757504 0.296222268396851 0.0877390007151043
0.0871902059478836 0.209792919031342 0.163689450783589 0.299769957630561 0.140105765710032 0.0994517008965918
0.273532334747438 0.297944029853039 0.133527039009538 0.21822198440171 0.0100623287495766 0.0667122832386978
0.370066251603509 0.164398978144925 0.228679070466111 0.11665667564653 0.11809764457704 0.00210137956188578
0.114104851101777 0.224864488555022 0.237413891450669 0.0598969402380321 0.216189243984705 0.147530584669795
0.2426319913017 0.298894858175845 0.218507804448122 0.0827832484527584 0.081910891636253 0.0752712059853214
0.0647549383131166 0.180230370492019 0.177015380459407 0.230015165782806 0.246181419156527 0.101802725796124
0.318210232712415 0.256232098760847 0.318663850622841 0.0655360427697536 0.0282557260585241 0.0131020490756185
0.112938050257473 0.202685910138903 0.0671079311055046 0.180158856338455 0.172902586315056 0.264206665844609
0.0828564500200434 0.219314563036186 0.173304825223636 0.0528532330792086 0.227083355478777 0.244587573162149
0.190381258377563 0.00440102497989471 0.149435892490039 0.0665807804852454 0.288630412780518 0.30057063088674
0.247683298321243 0.0529359929131148 0.161142473655554 0.147320713016996 0.359484629587692 0.0314328925054007
0.112051435618236 0.233692673532333 0.186572060168146 0.176068498651867 0.119009895856022 0.172605436173396
0.302246307009865 0.0367497672307121 0.247740260669518 0.0535061460945835 0.0944267248484838 0.265330794146838
0.233143698508605 0.0617938550029442 0.15739374394188 0.215731858119967 0.10067656178476 0.231260282641843
0.24068845068016 0.0716388987851139 0.216964483411232 0.228528066902826 0.0109102622264712 0.231269837994197
0.216147469560504 0.123277858108528 0.072350467894187 0.277985120915701 0.153972125966533 0.156266957554547
0.363207679208096 0.0893440799532166 0.0688409068048624 0.35346815118771 7.26874313685587e-05 0.125066495414745
0.19901061001545 0.0243506069793042 0.143310785186913 0.277148483271957 0.130814635870797 0.225364878675579
0.215465512047024 0.0395382223546838 0.155365242226135 0.216735179795727 0.199991929842388 0.172903913734043
0.292350377275463 0.265751841437306 0.216482134171516 0.122458475232532 0.0478149113569443 0.0551422605262392
0.206272195000543 0.0295452669233025 0.224601384083987 0.149419148069995 0.0935793132943842 0.296582692627788
0.0945840097528517 0.0548560539240008 0.313825502401839 0.13796026446926 0.148293564981157 0.250480604470892
0.116080233464331 0.138675163335008 0.112454475468419 0.129800289657975 0.299261553400267 0.203728284673999
0.101924950164001 0.175461478085146 0.0541063903937839 0.26041116260285 0.0112110407282263 0.396884978025994
0.0437154276489067 0.201209001081028 0.350618467111994 0.15230088294496 0.0815226164778532 0.170633604735258
0.0286957377662333 0.179441138193561 0.272708217540203 0.238670174543181 0.247583309051415 0.032901422905407
0.229488744777635 0.012451398488828 0.253387990000758 0.0658537671489759 0.196089488287848 0.242728611295955
0.0680463894336702 0.205044351880852 0.224084699144318 0.210924837742119 0.121947266874498 0.169952454924543
0.22249606390721 0.141152071809261 0.280947054326146 0.284030409965364 0.029454155466426 0.0419202445255935
0.0983177732503691 0.103013579171686 0.179830331038929 0.0589266029788269 0.327379429984472 0.232532283575717
0.228643120122984 0.0215448908645233 0.227712054619803 0.203499219572948 0.0836794060569536 0.234921308762788
0.327304506888793 0.214319479987197 0.02991063425753 0.215663339460471 0.205751684487868 0.00705035491814078
0.107363038978996 0.261618807346483 0.0569863524782445 0.219337995032316 0.191226012579643 0.163467793584317
0.264727854822513 0.285252364668443 0.0420001170585939 0.00339037091499816 0.183743425845362 0.22088586669009
0.0571901598025548 0.202429752797687 0.236458344094988 0.175804438748754 0.132839035645555 0.195278268910462
0.0321251400169669 0.249989173679585 0.132029703402055 0.261502077116374 0.310704510623724 0.0136493951612956
0.157018692079279 0.287375953968185 0.0151314896624978 0.0642423519121006 0.0809374597305544 0.395294052647383
0.0928306017469919 0.155641493007859 0.111393294469768 0.236415709700988 0.231344804503912 0.172374096570481
0.0539087142224323 0.244085893013555 0.0980538707240355 0.214402389524784 0.116209589233699 0.273339543281495
0.203610380409029 0.0893736810146691 0.191120823776729 0.0767483666045613 0.203732322904815 0.235414425290197
0.192113078923797 0.0810735876169459 0.179940062094847 0.137921056856943 0.199141479132564 0.209810735374902
0.259473610514151 0.0847006980727931 0.119129566534483 0.203744318159342 0.073696698153168 0.259255108566064
0.156071053425118 0.236142902166573 0.139788773822625 0.12807300489753 0.110649329149124 0.229274936539029
0.00731052730703209 0.218842855570825 0.251316876106926 0.151017727247187 0.324063581401538 0.0474484323664919
0.256233175711929 0.166010150103702 0.179744632742476 0.124217585386823 0.240027933907885 0.0337665221471845
0.190052966447914 0.15799821146607 0.0332574845196949 0.0626148198160353 0.355435732330288 0.200640785419997
0.0399652177200794 0.17284543254439 0.169350730219695 0.190643557155152 0.202058924025747 0.225136138334937
0.158007950670674 0.0402905809682113 0.137205351393963 0.242411162286942 0.139332240893605 0.282752713786604
0.210661076191196 0.258354835365264 0.0642703304721192 0.278678716852069 0.168585651912863 0.0194493892064898
0.162016229094469 0.436991219907709 0.114619591782459 0.0382733580576964 0.134726787158392 0.113372813999275
0.127106976279064 0.0486053079391852 0.118050494680935 0.160156572963118 0.270752966381147 0.275327681756551
0.299419039782808 0.0203383199446463 0.114382086386721 0.385057825683934 0.017096049237638 0.163706678964252
0.20568121803564 0.109152577990243 0.000416106253087609 0.163657254862595 0.118706969400784 0.40238587345765
0.238394282225917 0.0737492857095876 0.0573129557598892 0.116002119960936 0.235504800967318 0.279036555376352
0.0920010000332704 0.176813721767083 0.171229227121697 0.0194046794253335 0.329617456800436 0.210933914852179
0.200066199455867 0.185215975920417 0.135395114860141 0.216581206575956 0.197547945713487 0.0651935574741318
0.241399680577372 0.179408102152542 0.192150472964636 0.20002893925019 0.0689731373765534 0.118039667678706
0.133801915659931 0.000296036057765187 0.157269647686864 0.211074258314409 0.247643220470994 0.249914921810037
0.222363694738816 0.116545945750194 0.0493206173664755 0.140940406624035 0.237434907449334 0.233394428071145
0.255542250498687 0.058256034435912 0.064059409832666 0.279908837448413 0.275574756676288 0.0666587111080333
0.166192470628529 0.127265237081482 0.264358773229947 0.0405230568139145 0.250332584370207 0.151327877875921
0.167453113761067 0.144549138517682 0.13991879316965 0.290947276107767 0.227059707783462 0.0300719706603732
0.243880589568731 0.263729198539687 0.0482254730054053 0.230396233523904 0.0843010478092703 0.129467457553002
0.0478921900446216 0.187228530203495 0.109923350101671 0.282456906646279 0.099371913589631 0.273127109414303
0.0702418230492102 0.00666608436848914 0.242332824887358 0.226198943518907 0.101541945756189 0.353018378419847
0.195974782162386 0.194408586170054 0.101996662223659 0.170142429010938 0.121522771737185 0.215954768695778
0.174481434502902 0.0294989027555755 0.14082689725909 0.265895270917757 0.308394995637881 0.0809024989267938
0.00274748551432278 0.315297285807472 0.127063082118351 0.0875686431201674 0.261724460782223 0.205599042657463
0.0432039702100782 0.242698683523549 0.107609038638309 0.129399676632741 0.25645663828416 0.220631992711164
0.148190567272453 0.118887328226362 0.233683781528678 0.230747148284292 0.225416089858207 0.0430750848300071
0.0124630819664426 0.270777593641946 0.15343373437925 0.31265215893387 0.11686080109275 0.133812629985741
0.148878213399531 0.101934379785849 0.221261004601509 0.115180730177747 0.253435677977981 0.159309994057383
0.133426166633539 0.134532977245471 0.130382060122277 0.271093072120623 0.0693446283192647 0.261221095558826
0.0329301450528482 0.0964208670702438 0.188473345348546 0.235689096198832 0.224105071174245 0.222381475155285
0.138387464236795 0.17177479006637 0.0882578384753468 0.194330302605566 0.340461346983796 0.0667882576321261
0.221299502429803 0.0482692189434853 0.0868397123605422 0.311222639029463 0.047366930603529 0.285001996633177
0.243031140081496 0.0911674338405876 0.104244909845858 0.255121986071717 0.0279461216953395 0.278488408465002
0.178073775371739 0.0645182943829891 0.0753833243028509 0.236934961302582 0.308154611626939 0.1369350330129
0.400252041576718 0.0403198881246947 0.198080288815857 0.122367352517437 0.221419014267666 0.017561414697628
0.29871466999858 0.0552786897347047 0.00310244764058249 0.26711860251488 0.260111714140634 0.115673875970618
0.149510900419953 0.0588964269787224 0.242662139402245 0.249082841088188 0.199246979274359 0.100600712836533
0.128042318484899 0.186441194696951 0.151458651027383 0.216341198224081 0.0817396010123947 0.23597703655429
0.208727510011566 0.129846582405254 0.0288691927033425 0.189250947880161 0.0876709284543497 0.355634838545327
0.117880729182553 0.177756501671376 0.151557740697165 0.263302114711808 0.226296521534033 0.0632063922030658
0.293153504419596 0.140682912866458 0.0360603770471651 0.0942144693954241 0.275091761324209 0.160796974947148
0.114041912312052 0.22257089098399 0.129834715193712 0.212900686333079 0.23757556324486 0.083076231932307
0.176843342621792 0.118307201189657 0.104046578808323 0.239494237535849 0.260040938656002 0.101267701188376
0.166241801724939 0.179257138612138 0.211062833722638 0.158018707704011 0.0480194913498068 0.237400026886468
0.0968431331053859 0.182915709100386 0.294262588720425 0.0580757395044883 0.110618701659718 0.257284127909597
0.203912932985911 0.257170868886948 0.133783442849815 0.0178911017007114 0.252653042645941 0.134588610930674
0.00323683837332428 0.344052023227947 0.0763982406830797 0.0621692077273616 0.291999860434479 0.222143829553808
0.11307151138139 0.215446918017773 0.271877381904845 0.22254414292917 0.0291258448659811 0.147934200900842
0.180790417899826 0.0431272865555618 0.150924063343349 0.230694210677656 0.237118097408792 0.157345924114815
0.278890632494558 0.173282475249738 0.304830385008743 0.0143140451991556 0.217130551130344 0.0115519109174603
0.208655946541551 0.171844179370285 0.209027559947451 0.156810035444557 0.158763524269606 0.0948987544265498
0.204513114324992 0.180122709432398 0.169880529817105 0.175250869201249 0.220063527338121 0.0501692498861349
0.0798649767972083 0.0866873742685337 0.297630712465436 0.232398183426202 0.287525584453625 0.0158931685889947
0.250506253953311 0.166635387962885 0.0733820788086016 0.192664496208968 0.239467867995225 0.0773439150710093
0.217522353750163 0.0326793455534072 0.143907173772743 0.274372576870238 0.138774055605208 0.192744494448242
0.11343953380017 0.0349902397206266 0.299745978796285 0.0906110979240833 0.310362718203091 0.150850431555744
0.119778586866805 0.265428238727882 0.0962284351476904 0.281716058061641 0.218327569717659 0.0185211114783224
0.0711541907132383 0.211097982743584 0.237568193364134 0.0410286227976991 0.165973550044149 0.273177460337195
0.180970173164963 0.0993053837759521 0.220435179778359 0.221888351633864 0.224898583731304 0.0525023279155569
0.382144190260401 0.339827170741958 0.0628087326823402 0.0496085535057983 0.0795522631601789 0.0860590896493233
0.0642382772054333 0.29353195265284 0.141595464821061 0.141478972573808 0.324499084658498 0.0346562480883601
0.174889319940931 0.139900678554949 0.161312263271946 0.217797187218141 0.0776726049433172 0.228427946070716
0.0871706691454589 0.00613157672322931 0.248916790968025 0.158302120277185 0.219709057711675 0.279769785174428
0.033457912644554 0.252870872858306 0.224143060506972 0.0317286932240673 0.187114466770743 0.270684993995358
0.103250857241668 0.165207684401409 0.14066053551736 0.216508891636511 0.176667789781552 0.1977042414215
0.147394808261082 0.0586581840312464 0.199120424564206 0.220431039351756 0.206321637781398 0.168073906010312
0.112548612816889 0.281521269840274 0.0126254239150525 0.171921174471203 0.206028501219257 0.215355017737324
0.270207707944573 0.16876287384646 0.204821758642876 0.136357717336082 0.119167502904009 0.100682439325999
0.152726143685377 0.098097768176221 0.314650771739214 0.113476590071565 0.076988083135479 0.244060643192144
0.21074426256061 0.193580819412654 0.246872913451694 0.135732418917943 0.167082045715019 0.0459875399420805
0.242231346455855 0.249619672038025 0.214975075932483 0.0394047745977439 0.0464187264069627 0.20735040456893
0.205148215995856 0.0839261639176576 0.0157236871414617 0.336035097227927 0.167009181162942 0.192157654554156
0.119712537607794 0.105888412453325 0.103976338284782 0.156469046762581 0.310391086734474 0.203562578157044
0.258139550763113 0.169475606461048 0.234587610711826 0.100671757841164 0.161310342736443 0.0758151314864063
0.211476232703383 0.196369538957505 0.178034354149056 0.113638270101423 0.191152767897102 0.109328836191532
0.0205358986697863 0.172527922397014 0.122292952765795 0.179116802378993 0.236114379909923 0.269412043878489
0.120721676734822 0.0448065454800425 0.397022266691792 0.035485300342297 0.380384947118608 0.0215792636324378
0.221095048450927 0.0816610690920735 0.208296265739571 0.195273182862566 0.0602768119011895 0.233397621953674
0.073653807834273 0.233495554242624 0.182910466512648 0.152431695930911 0.182034682112419 0.175473793367125
0.196239783915823 0.155313409054642 0.198984748390212 0.280679478821444 0.0278756304551321 0.140906949362747
0.175781224352129 0.138171930163869 0.145754081711286 0.073505987988392 0.19525137187321 0.271535403911114
0.163875868668337 0.0485214993469363 0.107745167282721 0.328656442756551 0.232437061424324 0.11876396052113
0.265312326099887 0.064377374649383 0.119013288224909 0.177411640897829 0.248480579469062 0.125404790658931
0.370088739973087 0.0576032217572586 0.268246200094 0.0635475601666678 0.225248003815192 0.0152662741937944
0.217453038601475 0.23172080834108 0.0738734689017997 0.316562746995404 0.0874847763107804 0.072905160849461
0.332404797723762 0.133103463588257 0.184522644705752 0.0752827263452586 0.0224659782727093 0.252220389364261
0.0148217445841054 0.19112519538479 0.00340239906344278 0.477549217483347 0.0218168079338765 0.291284635550438
0.368956729566959 0.00330870680871855 0.0994496958394442 0.105637654080835 0.0896666410697187 0.332980572634324
0.184374291619103 0.0584289114812992 0.19340160063338 0.129716055202456 0.134548065052896 0.299531076010867
0.247568128212141 0.0469838370721066 0.224916212539121 0.272298708567196 0.0450622554865395 0.163170858122896
0.254672230824438 0.266028183500797 0.0755098665817512 0.194768279795226 0.146875898786878 0.0621455405109098
0.190388834817074 0.210138206979913 0.230912951376713 0.0482923613309459 0.00259229999870372 0.31767534549665
0.0484938112012592 0.258183981806687 0.0654771305751631 0.213299909329085 0.29371361371677 0.120831553371036
0.143520573411424 0.166638967847098 0.286356657308964 0.124737515106033 0.104417345567626 0.174328940758855
0.0179968079327425 0.225762213866613 0.174746300716102 0.180593669144578 0.270257792694056 0.130643215645909
0.190967257210392 0.108293838462106 0.23955519943201 0.0618702347649723 0.118915485493717 0.280397984636803
0.0371229499880152 0.263814332208034 0.215006573672687 0.273954281300741 0.204937536787189 0.00516432604333264
0.0104459796793363 0.247318422737898 0.212681925922439 0.21903942954456 0.12469245412344 0.185821787992327
0.0229980125114247 0.314352254038498 0.137656935910649 0.338742056319312 0.166924865256496 0.0193258759636198
0.123909465799656 0.314139771607753 0.0794580373350509 0.336183877639483 0.000447220296503309 0.145861627321553
0.16339028171383 0.0271092976871463 0.094686918632827 0.161832637681621 0.466800118895913 0.0861807453886616
0.0999528519107056 0.0471947472371965 0.224074928430025 0.21448300580089 0.353851261488397 0.0604432051327863
0.229725193538117 0.121349887601573 0.219721072099914 0.0200990080952943 0.17000420653834 0.239100632126762
0.116148000007729 0.285308727931428 0.230412949919079 0.0818339932434324 0.248310677359957 0.0379856515383738
0.39752747470046 0.130359998840847 0.00540188506448449 0.177496640908625 0.0717285415405559 0.217485458945028
0.177762141947916 0.142234292721403 0.193691788632739 0.142129007954974 0.150802588272874 0.193380180470093
0.181888729687923 0.281184331831141 0.262013410758653 0.0379862374462788 0.0787200797398505 0.158207210536154
0.0354268257042956 0.00764964577264746 0.154735498621844 0.325649036135085 0.314256978465886 0.162282015300241
0.035731066284439 0.224943446340769 0.227321151781246 0.101284927132976 0.169226750616631 0.24149265784394
0.179324250781111 0.036204537339493 0.23984222900574 0.197716479886092 0.134690766870934 0.21222173611663
0.216415299614293 0.0807130472185432 0.0360962430759945 0.0721141072823297 0.193098104009113 0.401563198799728
0.207504427654087 0.294084974018952 0.15113668181475 0.100834893416989 0.0055321495537265 0.240906873541496
0.134616769516813 0.24788257011281 0.031274932718658 0.252161794451999 0.320744990585603 0.0133189426141153
0.188093150938018 0.180174290689784 0.278670569133298 0.0691635556243879 0.0316576648468345 0.252240768767678
0.267512868330602 0.116283304811468 0.0726120238496968 0.204935254482294 0.0614856783726475 0.277170870153291
0.300027888111522 0.0652980276098471 0.0163783031505707 0.22279202884815 0.281185307559383 0.114318444720528
0.211159219094288 0.237236495774323 0.264596075277164 0.0778466140362677 0.0381033176132989 0.171058278204658
0.109818616047724 0.146542085906236 0.124150823743354 0.311038332766542 0.198883010299889 0.109567131236255
0.388010322226246 0.326892264579739 0.17175942300517 0.0141305842815624 0.0270193264893987 0.0721880794178843
0.0882598886129918 0.0619515684578818 0.136297102119407 0.228449033432376 0.253690550239386 0.231351857137957
0.279363389198711 0.27521222488778 0.122245007484596 0.1333059164015 0.0855973917141946 0.104276070313219
0.116041100000768 0.190964501120577 0.226128251363273 0.203438480226589 0.197184960494797 0.0662427067939956
0.271994106859198 0.226513072586314 0.229415948207764 0.0593708292847228 0.0933761825150922 0.119329860546909
0.129551899277888 0.111396547778943 0.0959498444194717 0.26058796484688 0.155397626684359 0.247116116992459
0.0126951344662534 0.117711710865666 0.255483240763313 0.304579793958862 0.127319639391823 0.182210480554083
0.185241865790482 0.0189807134456872 0.261895077343454 0.0276886618541278 0.128401920708662 0.377791760857588
0.0530053721844692 0.248482639990666 0.137218401297021 0.245427963349236 0.159900979732005 0.155964643446603
0.174413765222501 0.247943239018924 0.0940050595570344 0.241716194004852 0.0770914809093279 0.16483026128736
0.00384666341868854 0.235464301440475 0.346829163797727 0.105568569046829 0.128638335144998 0.179652967151283
0.084959573471026 0.013196443271301 0.071468215756941 0.253292218538363 0.31615369289653 0.260929856065839
0.11494134897626 0.0961558175400621 0.28779743428937 0.180745940336219 0.0495338379509473 0.270825620907141
0.118262350092883 0.181304254523894 0.00304756516756637 0.27576672005534 0.0765431519738795 0.345075958186437
0.157121582163718 0.154650389875153 0.255873823693413 0.0884997285976847 0.0233727762011576 0.320481699468873
0.252045533053223 0.0908752310571722 0.18820109756208 0.100043743689828 0.131316513931254 0.237517880706443
0.0183216623539433 0.306274125226299 0.228011154667605 0.0706663248059962 0.163167754571015 0.213558978375141
0.374489694491141 0.0147819768715967 0.104281290368565 0.239379886459088 0.0728321112456875 0.194235040563922
0.130591417048939 0.236709848257829 0.152867286409438 0.158833498313577 0.182994878736334 0.138003071233884
0.183586062113833 0.176191697688088 0.189870287423512 0.176047257325642 0.0886152002922989 0.185689495156626
0.215417958780068 0.531164725346926 0.0199096331296675 0.00904260839697608 0.0431156686691329 0.181349405677229
0.210003479809747 0.187808102316126 0.176615996387875 0.184818323601336 0.145359883978428 0.095394213906489
0.274398057228972 0.20675646989244 0.102811909316025 0.0338798568911985 0.188808699230494 0.193345007440871
0.262840779187882 0.152549066545177 0.141057198814452 0.177722777204732 0.254208848324791 0.0116213299229648
