0.23519180576724 0.0512953552040529 0.254384913023856 0.0529301140556219 0.0934584625091868 0.264592959503023 0.0481463899370197
0.256856068365303 0.020185596558974 0.159991302453785 0.177054249666464 0.22894748552823 0.0956252960865157 0.0613400013407288
0.0729002672144951 0.117732174357358 0.135205757443916 0.284284001719792 0.0575300558298462 0.0546444605568986 0.277703282877695
0.234841565521266 0.0393985806141653 0.110992195472491 0.170258915637611 0.152073447938912 0.0817968726162673 0.210638422199288
0.187046749694694 0.049884836492377 0.0460302904150057 0.0183964284540145 0.208053762790786 0.261158938503643 0.22942899364948
0.313531067834258 0.0782048369490261 0.153115216911525 0.102530500133889 0.0494460562041516 0.0716141138787798 0.23155820808837
0.124338473865861 0.0755516048903758 0.194974566927411 0.208304704888271 0.0237229217217564 0.18964565808332 0.183462069623004
0.241662691561877 0.175533678673584 0.0618478805436694 0.204248354929658 0.127544116016884 0.116589818689668 0.0725734595846593
0.0748273823487247 0.177465970840954 0.0721224199492758 0.324033566015952 0.120378285233054 0.118961052443992 0.112211323168047
0.176753972898519 0.159359860548448 0.113635350682354 0.167555492409002 0.164102998451641 0.0895430956489689 0.129049229361067
0.193986617373986 0.0658309238246528 0.228169376807868 0.0489871862302387 0.15254981661624 0.161509611552769 0.148966467594246
0.108228091818622 0.151976244398153 0.162481596814624 0.126643035145737 0.165335195962235 0.111263748972407 0.174072086888221
0.0544129465501383 0.0266734988448396 0.231806793531899 0.195501855269255 0.203291336810712 0.236770958251448 0.0515426107417075
0.135278047253982 0.258571013412963 0.31164596515638 0.030868329810671 0.115727826090306 0.0539716013903585 0.0939372168853394
0.216476197346421 0.254548746177772 0.0704439343134764 0.295577464152702 0.0412734081478932 0.0384230034250133 0.0832572464367217
0.0895866142302477 0.0345163493818113 0.298974650458055 0.100419252793566 0.300604653150685 0.175077475034089 0.000821004951545748
0.0415086841417716 0.106737125659877 0.266594886529843 0.296584440890074 0.207215563186713 0.0593082254022674 0.0220510741894543
0.0506590539481941 0.176140811372939 0.0981011311524654 0.144326403711406 0.136610803121598 0.266511167037531 0.127650629655866
0.0544832702223518 0.0715552961695315 0.217915434201272 0.0907371047506175 0.156013136146523 0.194945285235225 0.21435047327448
0.218890670726733 0.170257539225923 0.0648096313550578 0.125246937300455 0.116804266880509 0.138891570638742 0.16509938387258
0.0739179674528446 0.0655426491521416 0.216992758605343 0.209733527188559 0.0639568538540277 0.0286126392646979 0.341243604482386
0.00887647241516214 0.505409793457428 0.0865819075531513 0.305852291674625 0.026929475836939 0.0527934203549129 0.0135566387077811
0.119044339913747 0.0638982462633718 0.154428671082492 0.312375248863792 0.0440497420834638 0.151042277497844 0.15516147429529
0.0158963263373848 0.0304825597968903 0.000659625394052691 0.267864366334972 0.216505836424787 0.251947221414703 0.216644064297211
0.0682421366537069 0.281267539019786 0.0197503197896856 0.129776166651229 0.121762239996442 0.0995679018618751 0.279633696027275
0.000296821174942282 0.00907883900789731 0.0360335349378882 0.130819819215779 0.175387008456809 0.406516626545715 0.241867350660969
0.215885247129269 0.130582381001575 0.131731893369076 0.098747273738415 0.185700236108409 0.22293455527774 0.0144184133755158
0.139916983247971 0.158818749172248 0.0892098407263589 0.239457535463265 0.251052724587276 0.0761229038774815 0.0454212629253998
0.207431719082017 0.138207590126735 0.0835204982096001 0.117456090592098 0.22778504038523 0.224708168127372 0.000890893476948033
0.251821159591537 0.227272677448467 0.00368287392074222 0.0964825111140513 0.0430532794640894 0.102822587311966 0.274864911149148
0.241562466465306 0.118802091158296 0.253217823121942 0.0285323678113115 0.113937734355276 0.104421854483047 0.139525662604822
0.121328668147908 0.0230957762695635 0.260802569126322 0.0328135649293359 0.354028739618844 0.0835849411664944 0.124345740741533
0.107679294314153 0.27490008757338 0.212235677303361 0.0150847464235302 0.0528230940570523 0.246457488735932 0.0908196115925918
0.127056794934502 0.237759297264675 0.178188044647002 0.187733758473982 0.0572737332357122 0.139561679258726 0.0724266921854
0.0856451674980046 0.124332914480865 0.192750435253228 0.18059206947159 0.214059141406542 0.188564509554499 0.0140557623352709
0.155683024022776 0.163446250020576 0.191652774204812 0.0576839395943392 0.194941248668871 0.107587985301487 0.129004778187139
0.243167386662551 0.0281994525368492 0.111625844933104 0.269583732016636 0.0492322733273861 0.0975203664264623 0.200670944097011
0.194606770907374 0.18648305263851 0.254736649206206 0.0932883749002482 0.0576656113592713 0.198851913075739 0.0143676279126518
0.148961351355486 0.121534909125447 0.234093762278842 0.219835736725923 0.183192581291394 0.0454660845769172 0.0469155746459913
0.139580893852026 0.187505024011833 0.147784612011596 0.0984082880114246 0.213572408451803 0.18955564905571 0.0235931246056082
0.139896796071287 0.120535819042902 0.145082280239076 0.100303610196064 0.260571156233493 0.0274039060008562 0.206206432216322
0.0191024991801536 0.179987674386724 0.204489261369469 0.242438996768658 0.0298016708011265 0.153594861876114 0.170585035617755
0.265154988832935 0.134270433876968 0.104734842863735 0.205219266216691 0.0880635319629244 0.105305811572075 0.0972511246746708
0.229189458178421 0.0125028485740639 0.0229241905724911 0.0794292059512957 0.0931165368556813 0.225661283387531 0.337176476480516
0.0872998151757122 0.026711375215367 0.169394634444655 0.11815104643913 0.104669376457337 0.245003787014284 0.248769965253514
0.183551713772893 0.233589688129836 0.262777502231494 0.0886089156313809 0.0667620969107813 0.156917421434787 0.00779266188882689
0.0305882241901935 0.0600072613117794 0.276877380796971 0.143400349017163 0.0219887387370628 0.280304536093963 0.186833509852867
0.291903118120322 0.29014599036534 0.137404439184508 0.040102622789683 0.0919984760178048 0.11335063310996 0.0350947204123816
0.252949557414156 0.0559302572152226 0.130410884800603 0.247742651453593 0.119269811138289 0.113018484988652 0.0806783529894847
0.233200301751028 0.129375298506215 0.223974291951832 0.223809803110274 0.0251041183582422 0.0670115775223969 0.0975246088000115
0.155044899252783 0.0551604059484318 0.0702363177586285 0.172049500543291 0.19092728988796 0.178146208881255 0.17843537772765
0.0472319620595006 0.265342178791321 0.132476922300832 0.122274446807951 0.107580079532513 0.294467788981304 0.0306266215265789
0.0943627347916711 0.211905810182471 0.121454189146241 0.1622632683953 0.191417335640014 0.0220345978313668 0.196562064012936
0.133577666386539 0.182448423831643 0.0449331978421126 0.187180116823656 0.0980018867281909 0.147587447981159 0.206271260406699
0.175802147613867 0.107834775578528 0.192486511269106 0.0487860152859386 0.23408255569873 0.210417360239898 0.0305906343139337
0.259228966734603 0.0311332901687354 0.259044434430329 0.0914707153991077 0.0134090103198713 0.0549779167617508 0.290735666185603
0.109048107347124 0.192592132695221 0.162611739309049 0.243391019103527 0.158399790920348 0.00548620300661003 0.128471007618121
0.303810035036317 0.0314447696748919 0.056603873830092 0.189641938555119 0.176614687899261 0.195297425384358 0.0465872696199611
0.242925200753214 0.160420221569612 0.234437440413141 0.258181721419351 0.0163466098539855 0.0674064758391125 0.0202823301515838
0.224555514717801 0.0468310917306737 0.108677036427572 0.2444634032325 0.157930302790777 0.115596174829386 0.101946476271291
0.204671817724844 0.0803078836969222 0.171689093689475 0.0937441470260165 0.107233947512187 0.115452081901561 0.226901028448995
0.23656274723527 0.0213511137600019 0.256256254896553 0.259617238315255 0.0114987484892585 0.127901625796623 0.0868122715070387
0.276038168640526 0.180439432619822 0.112171064736002 0.18335530011916 0.21428212812624 0.0189416135760903 0.0147722921821599
0.226112107832637 0.150252503991678 0.0478972673023554 0.0342885718976371 0.175216168585631 0.14005702624556 0.226176354144502
0.118043451684283 0.124127352839637 0.05541972038112 0.17196623479375 0.275374624735593 0.233314414710604 0.0217542008550139
0.147966600600839 0.0339074847876097 0.269329650816514 0.102425644066775 0.121598066969149 0.129970625064586 0.194801927694527
0.143397772871398 0.200900941351036 0.1693650593403 0.0261418425615135 0.182253774809257 0.0727338272550615 0.205206781811433
0.182162501394067 0.10580500876176 0.133879912184614 0.163456571403139 0.236408434738875 0.014891709518188 0.163395861999357
0.0272077233958009 0.0129835579801635 0.262168572196183 0.256374950322016 0.266979875721091 0.11109132716991 0.0631939932148345
0.162156280690568 0.220854569197977 0.114549236421688 0.149779735125564 0.0199554662302548 0.162376926029377 0.17032778630457
0.173859191122141 0.260501610430234 0.112790897441537 0.124138056925798 0.247870664759184 0.0711593654650411 0.00968021385606437
0.0606271092038383 0.211116521262166 0.191643295420865 0.119392325440093 0.0808554605323255 0.25302861447685 0.0833366736638628
0.0147443654920018 0.0495122897947721 0.195250608205018 0.201097459605822 0.12491007588933 0.198576829471906 0.215908371541149
0.109769538140602 0.214404954578817 0.147293996129917 0.17484129465639 0.0165078129002091 0.195518826011911 0.141663577582154
0.171168735388689 0.0432974582506625 0.136485485532893 0.299139189019007 0.264616332930199 0.01008090539672 0.07521189348183
0.118850994186213 0.017353033795388 0.116628842389251 0.195039694689452 0.192872284269688 0.186549206413493 0.172705944256514
0.0829466260250659 0.251409106230507 0.0700602312096832 0.138956163256666 0.205241259647005 0.0769785789557869 0.174408034675285
0.22605577749703 0.222473064793506 0.144917867867975 0.0770457661186824 0.00757194675348028 0.317739351109163 0.00419622586016417
0.117128466688846 0.173839435997617 0.170367583884679 0.209620713614911 0.0347407384835747 0.195459148330521 0.0988439129998515
0.0707033335049203 0.123753880602672 0.0224562725706886 0.197731150404151 0.361023023240199 0.0154845860375686 0.208847753639801
0.101819968389351 0.297323366102339 0.105758532069253 0.176637582165371 0.122195866910315 0.187291222069877 0.00897346229349428
0.195350206666042 0.130752793969396 0.11741423775569 0.203400083418976 0.138681954393751 0.170758369969188 0.0436423538269554
0.0686594100431085 0.15857082243164 0.202376387689987 0.0542422722699855 0.126064431939303 0.324904594667071 0.0651820809589057
0.175713540404389 0.13050921007435 0.158657411501244 0.172821386039021 0.0290382882305768 0.164063628879429 0.169196534870991
0.0634801077795027 0.0849114126707326 0.0953902139735768 0.212405407289891 0.157773750156688 0.202861678430217 0.183177429699392
0.0856315388798016 0.15719470270377 0.130957900821768 0.271393230883773 0.256869862915769 0.0515511263442976 0.0464016374508217
0.0523674154019203 0.336340999343828 0.142374216572948 0.0784364230280499 0.185662295265571 0.122419850776467 0.0823987996112157
0.200116486066211 0.151920913616662 0.17924523822368 0.144635994934475 0.0618493990806652 0.23463229502369 0.0275996730546169
0.202393369826158 0.0801181447592729 0.00518042773622813 0.159979535387604 0.179217734162802 0.201787136009385 0.17132365211855
0.18325960115413 0.126888202911066 0.209449782675043 0.23989862454451 0.088447992644798 0.0284830189050414 0.123572777165412
0.125400347030467 0.204568854731564 0.00879249826398374 0.234956308802105 0.0729799918424032 0.202650702564247 0.15065129676523
0.238252967105986 0.172037048976314 0.0349903681671171 0.12454003676843 0.092553317725008 0.223062177981018 0.114564083276127
0.120514832132997 0.111048779434922 0.190614910610462 0.142721228246699 0.216851423411032 0.0636050193680836 0.154643806795806
0.190970190929594 0.11968854450604 0.100241003810057 0.235425075941209 0.105022489298055 0.054710905407736 0.193941790107309
0.17458379194829 0.174595295065791 0.0778558200545647 0.0957554745211403 0.211432077288028 0.158416176344073 0.107361364778113
0.112374512742889 0.141874905327408 0.156439152355827 0.213541630832984 0.254653127879196 0.0976163885925851 0.0235002822691117
0.1574147503544 0.190993248604889 0.144472796845849 0.146833165207001 0.0969398472496279 0.147815570239534 0.115530621498699
0.0717365815822567 0.0931591378318104 0.219294781460664 0.221168214427755 0.121425277171554 0.140760161022666 0.132455846503295
0.247281139806286 0.0456815159323798 0.142653336894521 0.105515238160418 0.158064834286564 0.103937361567805 0.196866573352026
0.193601879927749 0.10700246008943 0.184604820308965 0.155915679439956 0.0375852235744625 0.198614243889165 0.122675692770274
0.104591456931543 0.0692618726101777 0.218589254152301 0.222574169689887 0.146719612153353 0.128080537547761 0.110183096914978
0.096045002828574 0.0356646444558488 0.238205116754959 0.183489782485861 0.140457564865824 0.0489186275876161 0.257219261021317
0.188660971431823 0.211424513191023 0.0655659116242703 0.0543270887944458 0.252214862707885 0.114677749953728 0.113128902296825
0.237297632363809 0.0341688885304952 0.130638833133792 0.234178253681029 0.225532186737552 0.0776976705802724 0.0604865349730501
0.301138125823238 0.0933563520043965 0.292037201814097 0.124953581659248 0.0582889422763467 0.104019690802122 0.0262061056205521
0.20990055963567 0.170688439993404 0.177453230447205 0.11535866241133 0.128642285814595 0.0885201664378067 0.10943665525999
0.355922912450764 0.0176320531638964 0.0393197697243421 0.193747365219202 0.176117291535521 0.0441308586581056 0.173129749248169
0.284579893590499 0.0307005468290873 0.0283061317489512 0.0895444112447071 0.271813719593038 0.208200450941394 0.0868548460523232
0.0619354821507053 0.0997743788096561 0.070687919331589 0.13320885118174 0.195720601065695 0.203044825832427 0.235627941628187
0.119992750177004 0.240952515970543 0.137622501952 0.0506214713993751 0.0248638562273041 0.197731670610002 0.228215233663772
0.160877763774973 0.0362597702813603 0.126695564895625 0.273116912467429 0.0201706650523507 0.183114326743968 0.199764996784294
0.210951927561143 0.11656636281946 0.0710449159953422 0.061926324081321 0.131382419759402 0.166000860063218 0.242127189720114
0.185062870746308 0.211454645933612 0.00782970614698322 0.185609342811623 0.0743530327654533 0.171899120316737 0.163791281279282
0.299223811785821 0.227985455687038 0.171420314190209 0.0283339078636963 0.0981605639176205 0.0871074994052154 0.0877684471503997
0.184293132421044 0.0950793161054702 0.119805996928969 0.184585555916943 0.118335530727615 0.177899654511733 0.120000813388226
0.235045659029816 0.0549518835509058 0.0840379625211389 0.182221135360449 0.215863983102984 0.0968669971285017 0.131012379306204
0.190469200401032 0.176340000135003 0.216085482810957 0.0204433317057875 0.0620753794888873 0.131031012146671 0.203555593311662
0.370492272301289 0.0229568857600802 0.0927020856548541 0.226088693583847 0.091413918301632 0.141892815667903 0.0544533287303942
0.0961347582881961 0.0856040298658431 0.20819566655334 0.126450984515537 0.0676769224401495 0.386444799995553 0.0294928383413807
0.0835658961801842 0.0166908161891773 0.279236007736506 0.052308668866253 0.1330324736273 0.23235532891243 0.202810808488149
0.238874997605825 0.126968999550112 0.183465655227852 0.106176300912077 0.169219419416814 0.110546201271781 0.0647484260155372
0.117594853510943 0.165291006154038 0.183497310003526 0.203642429910701 0.158220954835189 0.073159544157063 0.0985939014285395
0.0851362981128701 0.185622968435274 0.160618107336767 0.0302206385103477 0.0372660430144162 0.221732254672153 0.279403689918172
0.00110105154316769 0.30068706207402 0.00650173460567253 0.225793680351712 0.115198896782909 0.28845134478498 0.0622662298575389
0.286505675117004 0.0157655531194057 0.326502054354428 0.170625914920412 0.0595393189809749 0.0484443330140097 0.092617150493766
0.0701445003780877 0.111458923129248 0.167009425590583 0.136436202450741 0.221813050934083 0.0486692440246711 0.244468653492586
0.207986524713911 0.0752341309787571 0.0879757141794889 0.0390469361659774 0.208390277535665 0.216323199663236 0.165043216762965
0.0242367424210126 0.285830378851331 0.237693026180976 0.0680343811677458 0.117523081362218 0.25428958841332 0.0123928016033971
0.171349385413657 0.237176241824372 0.0294877696931337 0.26708711905955 0.21981818753748 0.0310774269032458 0.0440038695685612
0.105027867470797 0.192811900663403 0.151011491727362 0.18674140325573 0.150082886829321 0.0432316695808708 0.171092780472516
0.231075029848344 0.117843720992365 0.168278450759008 0.30564117156121 0.0803260269053931 0.0516191162026167 0.045216483731062
0.0484321306457123 0.0860459492115532 0.291077868419238 0.154707494389211 0.0705361862792891 0.256509902732127 0.0926904683228705
0.241320664123932 0.0670815042566724 0.13049868025124 0.0151994815232142 0.162485223513028 0.26414029029261 0.119274156039302
0.119782794893591 0.00823867612116937 0.254299684502422 0.168200912946023 0.0408623642871756 0.293565134190927 0.115050433058692
0.167533248732181 0.178119931372662 0.192594275512643 0.0355607364638618 0.178446418806388 0.197734519869702 0.0500108692425638
0.0174037086913736 0.00259185135191214 0.139265973608228 0.226558863430999 0.19886295511595 0.247869876994056 0.167446770807481
0.14201270512076 0.090835057680116 0.200319119020279 0.0512584255439465 0.259783901013033 0.216532018063499 0.0392587735583672
0.164974367336079 0.0641612599160772 0.169054449911638 0.254267714711647 0.0763696531420535 0.0447359695662099 0.226436585416295
0.227883188262002 0.173160181277221 0.053964475503549 0.0451273370747983 0.253648806383745 0.138416873093725 0.107799138404959
0.199493354448566 0.0628271330928838 0.170237471781502 0.106781007299067 0.16486428441899 0.194396557350299 0.101400191608692
0.153109710655709 0.297931988211355 0.000940418186525163 0.020901963991338 0.0243065700612208 0.428196760874656 0.0746125880191955
0.15176303461577 0.130952589877537 0.0803415769916708 0.00238267322077656 0.167322488730307 0.259411327007675 0.207826309556264
0.179995515622254 0.058924585611323 0.203026191485515 0.081263211232112 0.21302316024636 0.0844582353856211 0.179309100416814
0.095584677339408 0.230159206704787 0.0362599016449407 0.197285903597836 0.346360170396092 0.0750066630678616 0.0193434772490747
0.0348906963835422 0.232415526392504 0.101685717829176 0.136456581763023 0.135297915182231 0.232246465922966 0.127007096526557
0.0832931556710086 0.316182920032454 0.136938871351838 0.178951335164262 0.112333479533948 0.169202506481553 0.00309773176493674
0.150634608560186 0.14080655950502 0.179400506848758 0.109047979705008 0.0951208079985048 0.0369475229462049 0.288042014436318
0.186600983894512 0.151744141335514 0.0716780426570322 0.214325261933352 0.0150181822503349 0.188702024886722 0.171931363042533
0.0383908962123155 0.130107142380036 0.298741254786668 0.232895574377834 0.0476770036777796 0.237788239084617 0.0143998894807489
0.182388276263249 0.202764966361205 0.0267480318248821 0.172204506506451 0.219907811189506 0.164300558074429 0.0316858497802787
0.187073984195666 0.0441902174305982 0.201822972399975 0.0309765508839937 0.197633475698133 0.302829848101698 0.0354729512899364
0.141864226513728 0.296814824999755 0.144358872164411 0.229314708274443 0.157920965084676 0.0132921561381141 0.0164342468248736
0.25390473062954 0.0249332708382934 0.262120528660103 0.104551572285646 0.0690636475730346 0.194799752073266 0.0906264979401179
0.228569781426648 0.17580698571193 0.196701734925424 0.128195307213748 0.0628828729421865 0.0930381975195724 0.114805120260492
0.139574447171753 0.233650475628904 0.178697961397218 0.0890893674462277 0.231915329942463 0.0595961269850383 0.0674762914283952
0.154517504677148 0.126868109497521 0.0713467824735242 0.244225269253124 0.163248593007634 0.0823406139126158 0.157453127178433
0.0863254090177882 0.164931777447372 0.192774287247289 0.16013835249904 0.142536421943158 0.12459809777562 0.128695654069732
0.263495599627504 0.0551113419453814 0.131799630319995 0.265424103975892 0.259137050092324 0.0164415206200398 0.00859075341886312
0.0553112115568766 0.0713279599575819 0.2820319583685 0.158490509134271 0.0931775555898041 0.269713872336415 0.0699469330565505
0.177979036499977 0.212090153438575 0.239668318534369 0.0847043421161068 0.0288648548921626 0.175486485363086 0.0812068091557229
0.119822803014267 0.152211131143803 0.223198764791024 0.0594764567955954 0.196662191306739 0.106766166800312 0.141862486148258
0.23236963310228 0.129874650840232 0.215999281030879 0.0978738171953413 0.143096053758588 0.163107559668885 0.0176790044037963
0.202933097167285 0.0170121946714746 0.153024137990319 0.171900187792401 0.0873146178881578 0.190600987146159 0.177214777344203
0.107078246327011 0.0631481194381792 0.0163095844304406 0.234630578098409 0.267137100176882 0.242331897470489 0.0693644740585887
0.22028547697209 0.000309380879074105 0.0765084637945245 0.0683092859536833 0.14261447991904 0.271300701009669 0.220672211471919
0.247264207035842 0.0442512957477222 0.10073152919444 0.13319808303904 0.0655848477533975 0.167341994792076 0.241628042437482
0.213753545936388 0.321160934266254 0.033164809930203 0.0205958977937596 0.0993477885859715 0.0327565993499428 0.279220424137481
0.07573691744132 0.121132053790256 0.229081132623613 0.0484961083054396 0.104850263810009 0.215612027082991 0.205091496946371
0.196973747990318 0.170929563747147 0.132954980008126 0.153051069986105 0.000679849735120053 0.194495696465035 0.15091509206815
0.00857769681506707 0.146201061906773 0.232242975540379 0.274444425777817 0.201712194725846 0.0194175281860755 0.117404117048041
0.127638187712759 0.132553366436862 0.0486047779242671 0.193885920333745 0.193513140467586 0.184398775633313 0.119405831491469
0.0108635087972253 0.1127253310871 0.223032321601207 0.124342103613528 0.151202216687313 0.221721896921752 0.156112621291875
0.0545931584007996 0.167639022293021 0.265325202528604 0.056874553703386 0.273446549046601 0.0298461501844768 0.15227536384311
0.1831417218208 0.0146855447050204 0.0296273597506266 0.0452201358189729 0.254794830690472 0.217146229524196 0.255384177689912
0.171384924561956 0.225423510016656 0.0943818464429905 0.0642111953070435 0.0985601430440992 0.143857294023882 0.202181086603373
0.147456919576835 0.166613450084246 0.125345491933433 0.162917279165855 0.158496803613471 0.152512211522467 0.0866578441036942
0.197653813611173 0.161104928454463 0.159123177854814 0.245442837142357 0.0341775084235977 0.120143564290005 0.0823541702235906
0.0863202743185097 0.132938496001595 0.122449222699077 0.182049096057214 0.223549999266397 0.0400710020609318 0.212621909596275
0.225967298805147 0.245730523336643 0.228359308236121 0.0711176619997422 0.172394690864347 0.0280835448638988 0.0283469718941006
0.1457176794493 0.160844365863726 0.00377455181139781 0.129928862950962 0.23514763561602 0.221647227385533 0.102939676923061
0.0133382290051189 0.280354039347005 0.0340239209491815 0.276191001139638 0.0991336194814392 0.15958467049816 0.137374519579458
0.0924452723776183 0.0924094954631924 0.26831601685917 0.192121583639961 0.0541896225643117 0.17904067134922 0.121477337746527
0.0767399171195852 0.169563484707383 0.0686155352399961 0.261837148669428 0.0928380109898252 0.212376973557279 0.118028929716505
0.111641651178803 0.0757843934784069 0.0832811741773074 0.221059567592988 0.174914967944582 0.279751866662786 0.0535663789651276
0.269025773622211 0.214625032925282 0.0422902059137761 0.266801784545351 0.0212628828216861 0.107324265609764 0.0786700545619291
0.180891458839409 0.106341747985956 0.109745482839556 0.0949335384309295 0.188380082743754 0.21560093924628 0.104106749914116
0.135819368528033 0.189371851846022 0.162577454990818 0.247714212920046 0.174703186710837 0.0575565145389442 0.0322574104652989
0.311174621614625 0.314941571823385 0.0148126478295603 0.146064383403035 0.022003741711585 0.0105876818726415 0.180415351745167
0.00674250309195771 0.00950072334792678 0.51167312524646 0.0055482176761809 0.088240318170042 0.290456927405222 0.0878381850622103
0.0431363393426419 0.129886716963404 0.12973204404798 0.314247110576348 0.223264130673645 0.14504090790993 0.0146927504860505
0.0439139152432534 0.0108412667884307 0.0965666902349011 0.146266655580664 0.242813196585746 0.206897276189879 0.252700999377126
0.00957187691013677 0.0262638619507317 0.026091519993574 0.185341819223304 0.25272056525076 0.153946260461757 0.346064096209737
0.187667150709339 0.0598075070590376 0.211615145005644 0.196999246130535 0.0028415806222912 0.140665817202443 0.20040355327071
0.242477820055998 0.119734128753211 0.0189419859959857 0.220834707041269 0.105045158255488 0.252712921742405 0.0402532781556429
0.0741896656233643 0.137931193466258 0.166261654186087 0.296342836097253 0.184328915043627 0.102532091594794 0.038413643988617
0.224380099819618 0.0931895568304974 0.114620274054911 0.153061138946433 0.225454633925706 0.0108359003474117 0.178458396075423
0.085458363612069 0.00865765640138013 0.0818997133429829 0.212077889872048 0.205677029979093 0.195541596788876 0.210687750003551
0.179100839265862 0.108866934805838 0.255111675782679 0.0185085572910783 0.0637460224177255 0.133934447350924 0.240731523085892
0.0406706576513314 0.200479333907646 0.214716626738896 0.0819731101590207 0.0783475174004731 0.038674520702186 0.345138233440446
0.00993464572541892 0.314379421264086 0.178752328525758 0.258202479984779 0.0704378507655638 0.0132692577866943 0.1550240159477
0.146619271122494 0.0368302291671501 0.093856881789219 0.158532968720789 0.274805884753208 0.126228608700491 0.163126155746648
0.0917613810098874 0.104403485348119 0.167239001493846 0.182133637963218 0.0673346134973184 0.223686016411628 0.163441864275984
0.150739777091013 0.0164316101233673 0.249164609398701 0.202784723140599 0.0508157467039849 0.253450529469131 0.0766130040732044
0.0470313742135559 0.384671735238675 0.0218442138285001 0.0469192886524212 0.0165230766794374 0.361453056096146 0.121557255291265
0.0913343232155659 0.0865615633486843 0.138574337034807 0.29608127824429 0.0574800568773288 0.200379299751962 0.129589141527363
0.0915038234981671 0.217836457175667 0.0117420467222955 0.130459539766568 0.17471906219899 0.174608785182622 0.199130285455691
0.240855390205887 0.111403633664288 0.173362258264868 0.0368275764263946 0.12863289328823 0.0699056629753125 0.23901258517502
0.204754353069169 0.0353849413155485 0.176769014671215 0.179841927675192 0.0051828706335502 0.219512707080633 0.178554185554693
0.1354040857004 0.221410677152242 0.26049921523976 0.110190846370976 0.0478388949439311 0.0732268342046992 0.151429446387992
0.284536073663325 0.159672117144207 0.0525411491138322 0.0181305683203108 0.114904438898216 0.0466443698872843 0.323571282972825
0.255752714030128 0.0722283501902024 0.189563389425627 0.138872415359265 0.0791763975854755 0.0419235613404704 0.222483172068831
0.143829036992836 0.113317235758121 0.0399522052082053 0.206924801317614 0.270270870349093 0.0888634153847421 0.136842434989388
0.0693279839427802 0.0684417318966182 0.252632018442779 0.239788351285612 0.14124189496069 0.103244139560789 0.125323879910732
0.103047837800834 0.0388705219728539 0.0930697518281679 0.156655027316976 0.24348333590882 0.19573911281645 0.169134412355898
0.064487549816003 0.0258859351647575 0.0946927773170958 0.469554721376098 0.256000556148502 0.0634770107962591 0.0259014493812848
0.143564408794894 0.176499381757712 0.171489790987703 0.305500318784196 0.100450394568286 0.0479677737726594 0.0545279313345496
0.149834744335549 0.152564139339429 0.0959289140456405 0.142325272568586 0.0168003501291857 0.203855644735469 0.238690934846141
0.13534181294841 0.0104690557386095 0.147862788964493 0.227712841095951 0.20513430712637 0.173681194153905 0.0997979999722613
0.0868552821105864 0.0576891922494998 0.0276744810858036 0.260932735512865 0.135470051029695 0.146006777987146 0.285371480024404
0.188839724415806 0.17258426151388 0.258201168249892 0.205498380692563 0.0353771242501186 0.116432972214201 0.0230663686635385
0.111028757163911 0.225874565543954 0.0075404104660975 0.243693327360002 0.173007206619303 0.0179189422393876 0.220936790607345
0.0144932379533562 0.155078218399824 0.08362623168192 0.249083877190951 0.181229760651269 0.0782447318182492 0.238243942304431
0.181887291784927 0.0631287197247869 0.0817667954479557 0.182594302920266 0.148200269309773 0.181496290261691 0.160926330550601
0.289325798915682 0.254716858794965 0.160005805811819 0.032135388058836 0.0265660763087763 0.181044922212719 0.0562051498972036
0.183305675570522 0.232905529287271 0.2071257318151 0.123630066254233 0.150450670741425 0.0160311375016308 0.0865511888298182
0.135035231770456 0.0266493804508288 0.108082592992324 0.0737846364010895 0.445341426388459 0.0836427516199905 0.127463980376852
0.464613831373565 0.00611921938188941 0.0510604895708412 0.0309248591883138 0.27376564596879 0.0451282115227471 0.128387742993853
0.0345047216860634 0.184500867485246 0.210777443863163 0.238656709822478 0.172732999115281 0.0618885985793085 0.0969386594484608
0.185899153849451 0.272256493457645 0.0120248046671862 0.169818971561557 0.0651310526704316 0.129253232959105 0.165616290834624
0.213659992483212 0.0802145396911131 0.0708638823520941 0.175070479543258 0.179115314238951 0.11866113209348 0.162414659597891
0.150973703058126 0.00912761139424882 0.165178674304314 0.0957634415886336 0.214254808968981 0.140489803282185 0.224211957403511
0.0291136924236175 0.206542657115042 0.129234910143088 0.0457184775552127 0.220658083978869 0.137601861753081 0.231130317031091
0.068060855800483 0.206279924554951 0.168430094947558 0.142040602320231 0.0442894042749943 0.223451615137978 0.147447502963805
0.308812986488785 0.0208315230573747 0.11177200444826 0.160338446802783 0.13592507021633 0.184798030926274 0.0775219380601931
0.138737357460142 0.0240003934593283 0.00622683237529157 0.0814777497954227 0.0984357227260403 0.317801659339553 0.333320284844222
0.0260529164523993 0.265588094866677 0.172258148099784 0.0510185641970654 0.0543918646279036 0.243619502352903 0.187070909403267
0.105628866996795 0.0588656185187376 0.198367712137934 0.10042326987296 0.147377091486551 0.171476254999202 0.21786118598782
0.158032862219651 0.135011234664258 0.0362526103226712 0.0401449819382265 0.340419815237209 0.25857550388709 0.0315629917308942
0.116051206126972 0.102467134557042 0.217634496329746 0.075972697389431 0.252678634961956 0.148812832958535 0.0863829976763174
0.240937343200729 0.073549385839299 0.216628393383411 0.1166847933563 0.0167829180138888 0.0785287307642067 0.256888435442165
0.00428093499102883 0.0429432487532147 0.127679287407672 0.2180185930452 0.335423611494496 0.0725232714696483 0.19913105283874
0.0897519873792598 0.0459819274839373 0.158901991712991 0.208781426325747 0.142691843919884 0.17955754802742 0.174333275150761
0.0606081880650508 0.15934422041387 0.201170554404972 0.183408740726592 0.218146930515543 0.0586622292768246 0.118659136597148
0.353200174017261 0.0993819453853944 0.0122319434917942 0.167089728866324 0.00647457608153982 0.318330064428666 0.0432915677290212
0.063767872106082 0.145103345002505 0.283696723637544 0.0102769064528113 0.170262912739031 0.212232451567917 0.11465978849411
0.22620792528843 0.253108315929851 0.0414891858693055 0.0787490790817864 0.21619653310855 0.0634495955707818 0.120799365151295
0.173517018767488 0.132577801333466 0.185207009183623 0.0790582059717288 0.0877384699170615 0.211667582669006 0.130233912157627
0.0437715822522016 0.142781701234773 0.0663653698119171 0.0689100983934119 0.217149857428216 0.302955296794029 0.158066094085452
0.0668578652458981 0.24616230672729 0.11034679479467 0.1720412220731 0.24675316439011 0.126498604034329 0.0313400427346022
0.132125071320405 0.135214681600197 0.0825503416819059 0.247095261339352 0.169507646497652 0.0359777670915786 0.197529230468909
0.00421366785154369 0.271434718709657 0.0412131310259176 0.181772538987345 0.201402093037338 0.290887857557134 0.0090759928310647
0.0433199180665124 0.257429353551325 0.0950429665342244 0.129598000692254 0.0609817026048319 0.249980695189694 0.163647363361158
0.0692172419756136 0.0904598470818161 0.0883913847129089 0.289758068307439 0.0471018107499297 0.160672409412987 0.254399237759306
0.198838868824138 0.0695903041920301 0.240086046718601 0.0805912913309122 0.117914722167688 0.227190950965114 0.0657878158015174
0.175900048543235 0.105310834636469 0.0240597866908212 0.255556976963492 0.0540198627165211 0.310871668526593 0.0742808219228688
0.00725026518482874 0.144638928876879 0.0803643563802552 0.18718247716446 0.283179396605853 0.167266441150083 0.130118134637641
0.224356092308589 0.143740389880396 0.101589600920185 0.235738046334473 0.0175762919292328 0.170989048773252 0.106010529853872
0.00466283798687543 0.0308482487223296 0.375269412759756 0.326555920926421 0.0680823008749807 0.0659324553794188 0.128648823350218
0.0810785363270315 0.230371378846653 0.0786019088603904 0.0412206321403475 0.116794953793129 0.169347854709192 0.282584735323257
0.030455936116302 0.133675780922223 0.239807704772323 0.097848269071963 0.208909752637694 0.133706880988343 0.155595675491152
0.357522221701116 0.100167141397418 0.12063243371107 0.187251134003642 0.0319018512306905 0.141983600267557 0.0605416176885076
0.188867291902583 0.0825766708174135 0.000335508717395905 0.228790009484607 0.0871371589222523 0.0846909483531792 0.327602411802569
0.0186409787324062 0.0810622415727827 0.147646749710717 0.21849139615256 0.20151720143889 0.137303892718571 0.195337539674074
0.351681543099046 0.174956783518714 0.045608922821767 0.0352295721032492 0.0725973078639544 0.0350058262025125 0.284920044390756
0.151282016597099 0.118065274021168 0.28529832181216 0.100526603447502 0.159501595296699 0.137432851284353 0.0478933375410193
0.123834704927239 0.0116739155806548 0.217675397600505 0.168097984019895 0.129453801856047 0.284501119298389 0.06476307671727
0.132364855841465 0.00384463221380616 0.0244490865350636 0.379760034386146 0.245469284206427 0.203941532383655 0.0101705744334378
0.152078390616555 0.207136050392909 0.330596478007014 0.00234924163171126 0.193356577828161 0.024261880817866 0.0902213807057835
0.215274324364987 0.0845355608558132 0.0149285775316473 0.241285635265929 0.178867517260419 0.261394973867222 0.00371341085398191
0.161740440690678 0.0119402019055018 0.141304875257825 0.225920826553689 0.196238330964996 0.0842557020049216 0.178599622622389
0.171160190098284 0.0457613663002752 0.150149273978948 0.300562093037462 0.193637169058071 0.0366500238806392 0.10207988364632
0.267789018612223 0.114439636610559 0.256134908400298 0.0119447741149098 0.272302228977926 0.0754109279563094 0.00197850532777472
0.0359116865840452 0.0088518620556348 0.400560569004126 0.245427940496254 0.0341985869482171 0.20087635503509 0.0741729998766337
0.20417064946812 0.0309756301011888 0.318419894105624 0.102586585319292 0.057895917656568 0.191486797813797 0.0944645255354105
0.0300948394224758 0.193164670536407 0.145885584354874 0.149029191265244 0.160325791309936 0.102798367857199 0.218701555253865
0.0820426796499961 0.126381028592112 0.136860267223259 0.203831708428878 0.193772634776955 0.0472247583205581 0.209886923008243
0.101300569565403 0.0815970230936768 0.181211350210218 0.177111579849072 0.140123529728373 0.140709106318955 0.177946841234302
0.208495271942777 0.0416853500968643 0.190725153460275 0.241593083773711 0.0691409999266421 0.0752313714919056 0.173128769307825
0.121958191593576 0.099892620108068 0.129911329449086 0.166890931643803 0.14984886696019 0.157337794634273 0.174160265611004
0.239557439211824 0.172123322773758 0.00703126409231084 0.0783250617440193 0.197395801555261 0.131040162193311 0.174526948429516
0.0022335353085169 0.192618488918348 0.0582664265588628 0.192750190793191 0.0168548118050418 0.336163402837928 0.201113143778111
0.169027829648015 0.175602701770386 0.214823129561128 0.0559194725854302 0.162254858002497 0.180203493899877 0.0421685145326676
0.13221493424676 0.12366141790689 0.0303261347746133 0.15314411369295 0.243169269104114 0.077563883582058 0.239920246692614
0.0446144296285967 0.134686672806244 0.0896688467329332 0.254065294431144 0.259437779251849 0.0920205658798745 0.125506411269359
0.0813061121258441 0.129198900371 0.148507393578517 0.00556525448278187 0.188026273327042 0.250538435738972 0.196857630375842
0.0180426648892191 0.182347899466501 0.152410164015093 0.231220759144443 0.131177380718553 0.128555205785116 0.156245925981075
0.280862436021473 0.304062650671867 0.0588861150917705 0.0361947226740756 0.175826584891891 0.112213676765582 0.0319538138833406
0.0821384219765012 0.0636190202769231 0.20529926904269 0.250795906833554 0.122542829598873 0.211122457823188 0.0644820944482716
0.0672888134075738 0.0304242248707206 0.244961311958817 0.211862804910201 0.34363841002158 0.0977084068250533 0.00411602800605417
0.193751622173645 0.100928500139425 0.0713331832599855 0.213906262703337 0.155879402160733 0.16022270826951 0.103978321293365
0.190702680501722 0.217389179056684 0.0143691595709281 0.122796029914709 0.0992085248888813 0.149986255971792 0.205548170095282
0.165473808060337 0.16187674135812 0.17725171260448 0.0751482799980544 0.149785772905918 0.148642534645631 0.12182115042746
0.028469574830153 0.020473073390586 0.199211946617507 0.155539799834412 0.121423035237687 0.238669087600293 0.236213482489362
0.103001528878253 0.254202224125519 0.184607311762488 0.243869792084004 0.167969790048157 0.0194883177859078 0.0268610353156713
0.111762865634398 0.204665256711265 0.184643105371879 0.17156266417767 0.0876234004987074 0.0191957803988416 0.220546927207239
0.206271162623705 0.0194878098685738 0.258575904969977 0.0227856445988876 0.138169693980778 0.0932963661552123 0.261413417802866
0.248953929654521 0.0822315648254304 0.258737424549174 0.0950133772580385 0.0509255415882691 0.248598837553656 0.015539324570911
0.203242560950805 0.110172406371363 0.0346961276988327 0.29973297782863 0.131566366295079 0.210321662338081 0.0102678985172092
0.223597699985628 0.186086917475743 0.00899232546731591 0.140380465799901 0.0141598599280181 0.18773860355847 0.239044127784924
0.0148664886168549 0.0970624653703268 0.227825773617201 0.23540258843887 0.186322031425002 0.180882136241745 0.0576385162900009
0.152878256718984 0.231109453536411 0.0992701452250173 0.0354738550037468 0.214249961371066 0.0908463082963085 0.176172019848467
0.180693277549312 0.011983485966921 0.221416579437254 0.20720670391159 0.128736188480325 0.0228378587481307 0.227125905906467
0.121056070474615 0.106586211921577 0.224636458626885 0.0625694958420514 0.177667517241588 0.123323788084907 0.184160457808377
0.00192746970769092 0.120476976212263 0.351875916217158 0.0476844913625168 0.0158574962441793 0.330061150502589 0.132116499753604
0.206533279899434 0.0165589472114074 0.21948253525019 0.18653826665305 0.228553663457161 0.00967087421925579 0.132662433309502
0.0319208003496114 0.0958193577213401 0.0971309254966432 0.157506885180913 0.109779000316309 0.22401733137479 0.283825699560394
0.166688428200141 0.177551370193066 0.148598796700516 0.123651138374681 0.159331395264358 0.167679108608348 0.0564997626588899
0.0203422430997702 0.2489468548351 0.0474176295993765 0.261612308021953 0.238148914047365 0.0981457542729053 0.0853862961235305
0.199487173607894 0.00396271667597044 0.135063751428482 0.0279307918615844 0.176290289422757 0.223401576534973 0.233863700468338
0.0264646819980878 0.203697148047365 0.124604010580968 0.218228824895633 0.102501860966988 0.0630801034785631 0.261423370032395
0.213245000177675 0.22369461689128 0.14582562506587 0.0178071887045822 0.0684337767575705 0.11416059378996 0.216833198613062
0.139761132166001 0.0229974127911375 0.0685842798752958 0.000760824006845323 0.373028014791788 0.27412654145026 0.120741794918672
0.214689169300859 0.14500540195086 0.135945799270827 0.0723202135418482 0.211179617261766 0.13443063188462 0.0864291667892196
