0.0142011717513459 0.169259386543784 0.0472113271700945 0.188706427282419 0.00118541970878132 0.203070458890015 0.129728510453476 0.0954497852359876 0.0277612784369072 0.12342623452719
0.0603269109595838 0.0213796676736273 0.16768158082998 0.153199752519935 0.0628469026147264 0.113065720983334 0.163744905074559 0.154459170320412 0.0960517562234537 0.00724363280038819
0.153818240520091 0.0555438064128541 0.15318049914208 0.22353450683719 0.00389938639928458 0.090416240136742 0.0467875185820287 0.133985280297431 0.0328252246607486 0.106009297011551
0.0123868830974602 0.0631990750970161 0.16029560573854 0.196573849838157 0.0995486955656902 0.0226145613921197 0.218092707572305 0.0369168363761414 0.0251503767320205 0.16522140859055
0.0201664338417146 0.139597022169517 0.00317121309773331 0.121222729909767 0.112754972152478 0.185660383600635 0.191382202312004 0.148238139892024 0.0596296214361823 0.0181772815879436
0.195532563677156 0.00837778447538359 0.104798725133191 0.208035645953688 0.128584850872063 0.0500761320942052 0.126111537505635 0.0168212089472049 0.127044228692964 0.0346173226485093
0.0755175577786332 0.182131747756738 0.0566507184351959 0.0473550399952414 0.0730922640698339 0.167241863299807 0.155845246667829 0.0515012690812887 0.15365251697398 0.0370117759414541
0.122414257611162 0.155534814122598 0.0742941807357793 0.0990198900363546 0.0998226218889124 0.06466185523983 0.0240249762027354 0.129792784176308 0.134081046266742 0.0963535737195775
0.11926740874393 0.0744110300959901 0.0681779655794188 0.122182445195457 0.024842152873025 0.108362595776084 0.107097569578872 0.157977060787227 0.101002238697148 0.116679532672848
0.0713886751508382 0.0846153121877486 0.0556185707209087 0.156475255471783 0.0340541960664964 0.168934148704308 0.126452743635504 0.131759694733778 0.0569885748044108 0.113712828524224
0.0796080129144289 0.0180792380398474 0.125069655624169 0.11640853191897 0.133773387780915 0.143392541777323 0.10985039611648 0.0950043062806126 0.0824553773124618 0.0963585522347934
0.0533824547780526 0.0965099033871264 0.0825411451516911 0.139482144768427 0.115319018719463 0.0148033320821781 0.163220768989287 0.150524211718805 0.061451258440042 0.122765761964928
0.119082667795487 0.0810818406530337 0.0735698178262631 0.177876306799621 0.0852469673147691 0.123518620543284 0.00584766125153979 0.0107933240920536 0.149889001957166 0.173093791766783
0.212730129399443 0.0621507589216555 0.106762993311302 0.00474102525304696 0.147821964673007 0.0898124708791029 0.225743585711547 0.0378729760983366 0.0767984408872217 0.0355656548653381
0.130891497897992 0.159651606029145 0.0424514155238481 0.0397232615563132 0.191176492482894 0.011630252397796 0.0785853930129096 0.116334190195618 0.0800690602421073 0.149486830661378
0.11746482009824 0.0390377912317541 0.0555122604063537 0.0756993606103342 0.0450281294008794 0.177177085536625 0.175509981083512 0.0431878035461078 0.0957745187909743 0.175608249295219
0.187783813572984 0.121136124348835 0.0452175840607854 0.125396445455352 0.182299222758936 0.0816351910226128 0.010035349038006 0.0406472647948486 0.0419027466545497 0.163946258293091
0.0710199712299454 0.142209068962299 0.00664508841392307 0.0801762705935842 0.126329556156027 0.159107046731091 0.161641233818209 0.0344732434802385 0.084255062791122 0.134143457823561
0.00856763186991289 0.0451251363589157 0.0764681770233184 0.190903921566631 0.0572079184046119 0.18770759501184 0.161249383721961 0.115954261168173 0.117114616937687 0.0397013579369483
0.0285659134826708 0.184211664656756 0.0599339360806932 0.134925504346645 0.130856054716653 0.0273043183286438 0.0169835851893514 0.0489221375817196 0.175284534690262 0.193012350926605
0.0221161614145371 0.171692847704221 0.0342970914493504 0.0219162124813904 0.149583586083418 0.167118294096739 0.210889131463682 0.0655236052792151 0.105209151361109 0.0516539186663378
0.159799132847561 0.148634101259805 0.141877604208161 0.061707127599847 0.143025420448825 0.0698625717896756 0.0641027686830314 0.136170507057482 0.0605346440063183 0.0142861220992936
0.14553774994167 0.180417529012816 0.0935394688580149 0.0450279501066572 0.209347160409053 0.0708829899812624 0.0985038953310073 0.0389787228919897 0.0412116575942869 0.0765528758732432
0.0302146532245456 0.122024463266272 0.152773129856049 0.0875344206125089 0.0636660776559515 0.167781958168859 0.101483950849328 0.133977591365549 0.0909121579511145 0.0496315970498222
0.0344034858422666 0.210675396109495 0.0804980197831581 0.0334811972548684 0.0198370477805418 0.194027638249446 0.180730423636248 0.0871003064686699 0.0962828193835483 0.062963665491758
0.0446265091534574 0.00816519707936064 0.0675736579306212 0.120072340036748 0.0796351345340619 0.141758438527858 0.154018854057818 0.207782776222567 0.171547401766842 0.00481969069066459
0.126313685764679 0.0278093562724345 0.0703416771854258 0.0679076163322649 0.218161910913591 0.164751816071898 0.1494923461739 0.0457697337893178 0.0969745841729506 0.0324772733235378
0.223447212567488 0.00146430145680187 0.228289303093692 0.0233169793187938 0.21979745745535 0.0673235466801841 0.10123426910701 0.0444935255554001 0.0372222710770522 0.0534111336882282
0.153778643046516 0.0918051851056827 0.0927162051405061 0.0518064582144287 0.0586622484403872 0.001316930141424 0.0791757243552334 0.255160253304606 0.0152397807349019 0.200338571516314
0.0113127578786676 0.157310274986892 0.129712475646171 0.0372266192701767 0.163732608695031 0.0394585920586684 0.0924327796846066 0.257818662311844 0.101104151433433 0.00989107803450912
0.089597666009207 0.0139479465800664 0.212585486840034 0.0549860960494302 0.036706977586579 0.137540534772475 0.0221575428785561 0.210670241333686 0.0210181285049054 0.200789379445061
0.0309241053060554 0.248209229043387 0.0944107408140507 0.0929816854966204 0.200508773024935 0.0528230123595059 0.0043153745397578 0.0225069585239488 0.211170618718238 0.0421495021735016
0.0620078400151156 0.177255083305812 0.0177969081119268 0.194596037774481 0.0887363217619377 0.0285478512873055 0.146993334896367 0.150904759307542 0.116636385610033 0.0165254779294799
0.164417283786531 0.12389737524449 0.129362286404565 0.0309127224282658 0.0347493574071411 0.201550769146839 0.0523972518099958 0.0597609826666198 0.00523702287609811 0.197714948229455
0.212438567982209 0.174152700310077 0.114915242879574 0.157657680874431 0.044496341996982 0.0263375798915907 0.0347844864295671 0.0977171879225787 0.0490121222349566 0.0884880894780331
0.127079622549835 0.045013736659288 0.121798734676293 0.166133000811703 0.0266114624331843 0.0814292075632074 0.141844045651753 0.205711635101483 0.0598476204923431 0.0245309340609109
0.0976382842081603 0.100994008998672 0.120809720191305 0.102776617613636 0.0809417857007435 0.130484388828376 0.110589527305695 0.139217844442312 0.07195743241804 0.0445903902930609
0.0494145459733851 0.173200579574847 0.21892405245389 0.0874155081208508 0.146861837599756 0.0418231923212496 0.13023228448561 0.00548356572495975 0.0420124295301296 0.104632004215323
0.0937822970910423 0.161389575505182 0.153729486046719 0.130540713935075 0.107014972870073 0.0407689189872389 0.167772673141821 0.0302057897014794 0.000196811840310086 0.114598760881059
0.148395638094471 0.073099224418138 0.115992655687671 0.138797003461832 0.136816207867729 0.00632725988785128 0.002584862080334 0.151799522784029 0.0931975085086162 0.132990117209329
0.0441316967492929 0.163034936063685 0.0540285418767448 0.0457456992146045 0.10503510852246 0.0201257592872499 0.00225282821275263 0.248730627980264 0.136982226923123 0.179932575169823
0.00609067006899597 0.0876973689560483 0.18058846237789 0.145014840372011 0.107096786798854 0.158049639344673 0.0599019698206293 0.150971806797707 0.04711856257904 0.0574698928841511
0.113866434268165 0.186817531795725 0.178882056473666 0.217955293617844 0.120728138730951 0.0534232183717663 0.069273804503332 0.0172775077063835 0.0163377098699569 0.0254383046622104
0.139279838707146 0.117337949537717 0.00820659242132789 0.125385491464154 0.149688709880495 0.122721466765366 0.0567693706517193 0.100662862271993 0.129732845265581 0.0502148730345022
0.113960424717007 0.147795498644625 0.10031409872237 0.16015312636153 0.0988508701958102 0.0573393243139449 0.0465715132366723 0.144146021251818 0.067430999662608 0.0634381228936153
0.196483278591884 0.0770539564511878 0.059941384322613 0.0139606584034109 0.0809627982291561 0.015094778456943 0.0777443286177428 0.175374629584528 0.145125834679826 0.158258352662709
0.128292440556728 0.00991571100984827 0.226373239882095 0.104229231823081 0.0679282277606423 0.144244196861311 0.0364024257098788 0.047819095086933 0.0120546935738134 0.222740737735669
0.00740562852077569 0.238458566054598 0.121739747180392 0.00365865862122283 0.0881421808574862 0.0640824724149869 0.11336307935292 0.00171626964488968 0.224689361761265 0.136744035591464
0.0830954517093527 0.155527596539289 0.112196316821327 0.116789415608426 0.0694734487958694 0.163961010333449 0.0187516252666046 0.0924770891072942 0.124999251574591 0.0627287942437966
0.075456682819205 0.129175840780289 0.045170984485214 0.0266681854381431 0.0133751491676108 0.16707444120183 0.163877596531985 0.0498348123167429 0.105155820781292 0.224210486477688
0.094745998062191 0.131119652487425 0.110854057666523 0.136496499992254 0.0527322493632794 0.135581104248612 0.127330939569514 0.100563121966029 0.100009559829849 0.0105668168143233
0.111809384184526 0.0602445526242166 0.0735382103353528 0.125034010736323 0.123092888708446 0.12946581161071 0.104397694999133 0.0957071721585534 0.129607349844763 0.047102924797975
0.0581654722746589 0.0613762047470618 0.0897044740288303 0.19735512311182 0.0210454603522935 0.196417630124585 0.0315115238692159 0.114171031882559 0.0390648768229498 0.191188202786026
0.197685488040303 0.0387542700522589 0.211926271369109 0.0756066316851892 0.136854671798908 0.0211803738770382 0.115114754114948 0.0837680476267375 0.0885268269426913 0.0305826644928168
0.0544950675604858 0.105385452888675 0.00183677268795923 0.100679626839325 0.176082851356322 0.173573490062847 0.104160803312754 0.153042116134915 0.0816844856641579 0.0490593334925586
0.150844305368327 0.12868447718682 0.10757984428698 0.0741324124790513 0.0278202724613205 0.0892567025993183 0.138783504639888 0.0405652688608923 0.136271675041903 0.1060615370755
0.0554333171800595 0.237020236321691 0.0202574184151733 0.0277469751891119 0.0213275062698027 0.149800258987573 0.222410814439322 0.18698654234153 0.0119662399997283 0.067050690856009
0.174139174526242 0.13358818396987 0.0819144827345059 0.00152400664765091 0.190523471295341 0.12538846055019 0.0991173502039651 0.00942253562256133 0.110650294684771 0.0737320397649037
0.213826843031355 0.12715588306405 0.0688948363152636 0.0951336329278395 0.0220684964088269 0.100769734764788 0.0834426923597335 0.173234216298972 0.104096598284602 0.0113770665445702
0.1224830229178 0.173885799657762 0.0838163038058922 0.00377993253374171 0.105878486824163 0.191775986302248 0.151505044751383 0.0901075664658778 0.0216847306156225 0.0550831261255095
0.125896712252732 0.0992206476271954 0.161548708398641 0.140843786068135 0.0738724143156858 0.00814968277918619 0.0749959263908761 0.00411879215972458 0.166380254233403 0.144973075774421
0.0171815599441177 0.127445014974441 0.170317968568735 0.00476449930230826 0.0747269381902712 0.0374854375153622 0.205564570164711 0.0506187636365996 0.219105252928598 0.0927899947748561
0.0624684132153548 0.162623483803566 0.0474761581731087 0.0249569544248718 0.10632946238837 0.101613854069607 0.201083897751156 0.209406118326833 0.0798280538262266 0.00421360402090705
0.16087770166001 0.012637638497379 0.125018781497873 0.0643906143519737 0.196196960111568 0.119818990146698 0.13736584211275 0.0315939445392074 0.0620191942386583 0.0900803328438826
0.148000695860541 0.0901156233496216 0.14567110799154 0.0776093988072863 0.0308141328008658 0.0289707828368057 0.131754543099675 0.157595485797937 0.130724963109205 0.0587432663465231
0.192661153387776 0.0104714971999619 0.102661694314836 0.129994305488012 0.173774934991068 0.153215891820372 0.182238031933288 0.0145896214063864 0.0240568390939863 0.0163360303643135
0.0456804476127609 0.178016173107314 0.109058037275088 0.173627810944682 0.145636073539939 0.0520727264051408 0.0417973703174134 0.126557528940675 0.105843074457569 0.0217107573994177
0.181730917202147 0.0297451403146022 0.157185341253091 0.121013982185493 0.0366358038419075 0.0887429218810305 0.108968842205229 0.143815678126689 0.0879274463411431 0.0442339266486682
0.134482914574832 0.058112910749415 0.052817550764898 0.202380141894093 0.199054836867482 0.0951103069618503 0.0449727421396166 0.135666357666866 0.0229120011372123 0.0544902372437345
0.145643499315539 0.131015763399334 0.0452484526032423 0.122049445604163 0.0278239002516342 0.041690789163425 0.0875554624505021 0.11357611655186 0.136210077741301 0.149186492918998
0.178141936952264 0.185741384250261 0.178016434223643 0.126312256789528 0.0363836200649758 0.101841756014956 0.0400086936735053 0.0152660220828157 0.0873624671278583 0.0509254288201935
0.0811152765257287 0.173718098291356 0.0801379654791227 0.00669213145166905 0.00176501653480556 0.234212022285342 0.00677326973213674 0.18357410691342 0.111313342890501 0.120698769895917
0.112230848131566 0.086514676482467 0.119854980689643 0.0903138101839103 0.116657066255175 0.0627824642927966 0.0800016894304537 0.135052791558017 0.0899330249512387 0.106658648024733
0.268696622717373 0.00906455353573332 0.100033418524846 0.0227983170753938 0.158975341897796 0.00325463216394514 0.137416067141714 0.0917573865894029 0.0432280781756702 0.164775582178125
0.0904801067468486 0.0742218259662241 0.0973121075989823 0.182001001540023 0.0457680681520871 0.112346545007975 0.183208803971394 0.119474136421586 0.0373393293479206 0.0578480752469605
0.0257342967785703 0.0118724873193841 0.0906680204342296 0.131658110377577 0.183059288356832 0.0199505030522918 0.10307269126173 0.176972999639783 0.164882655492279 0.0921289472873237
0.0520909723342203 0.044312113250522 0.16822555259595 0.0286856394837017 0.100455820215416 0.195006875210645 0.0752951053188374 0.0407967184399069 0.0936155664986785 0.201515636652123
0.151896042511333 0.00153417498760247 0.0509400408399391 0.105920032431376 0.177579368253237 0.0270021645104416 0.140862559145945 0.122981656158877 0.114636536156658 0.106647425004591
0.02343115998177 0.161896048356789 0.0655422918944473 0.0996803399156829 0.144262299044436 0.0979645026837147 0.108198278656361 0.101072577464227 0.129771168513582 0.0681813334889901
0.0479268997479088 0.177398507125001 0.203759537734684 0.0736450921146125 0.140579086810017 0.048676009393671 0.110336146869341 0.14277098785086 0.00545686421789482 0.0494508681360097
0.0447499172251978 0.133097642462598 0.0241124406648492 0.065563899266133 0.0683484084578348 0.181496746798667 0.0434711274213673 0.0389798073201495 0.227181206799564 0.172998803583639
0.0816963488424267 0.106997375623039 0.0642524285371088 0.0934306921790627 0.027199403901859 0.149750494431863 0.101917114286426 0.0679654975077525 0.160021304343322 0.146769340347139
0.0566472934728499 0.0652055680676755 0.150572680383499 0.1523178507752 0.0791071617615966 0.0933825464937293 0.10923134333031 0.0921999300051929 0.129069979384918 0.0722656463250294
0.0334584423123999 0.0458891536492253 0.156711951841894 0.187687182944362 0.175293026526504 0.036886766938046 0.036286610074524 0.0897055899527178 0.093257544143317 0.14482373161701
0.076404444563676 0.153868508591699 0.106519397138703 0.0863091201963634 0.17590084919974 0.0808698353505096 0.132512244836604 0.010704826951301 0.162136681594314 0.0147740915770901
0.00173134493128869 0.0977917666409671 0.013440105947145 0.182258102294139 0.134311868887853 0.188693411616394 0.183064139504239 0.0470719855644505 0.0284744044480377 0.123162870165486
0.0576846903322965 0.180951772264801 0.16798709451545 0.0213724347430154 0.129153423907035 0.13892749179092 0.063674514682272 0.0335941500569335 0.040352571712759 0.166301855994518
0.207999154474327 0.0296965803502939 0.021399758224938 0.00949405391521654 0.118755522706276 0.0763152174841082 0.0128210611020342 0.139646861016152 0.200684542072117 0.183187248654538
0.0771427847494748 0.0785172939764402 0.155447985611239 0.132929046707984 0.0717616356111929 0.111182288854606 0.0922134189383889 0.110793841117685 0.073857532273726 0.0961541721592633
0.182058983286038 0.12872838573004 0.153629061079179 0.00188701716294014 0.0375521484904736 0.0631131989357656 0.143909579828639 0.0129596002909797 0.0822832847943814 0.193878740401564
0.139419165576661 0.135125822638964 0.0863230449750786 0.0356162243636578 0.112724165402246 0.132909617846677 0.0916674156068917 0.016525035096605 0.0844338787794932 0.165255629713726
0.17014347497824 0.0763342520151911 0.0142371227714043 0.0552285047051784 0.169979570322298 0.107640348350174 0.10982859062999 0.113067209207247 0.117306786489951 0.0662341405303266
0.0464696152661149 0.163993979545918 0.101685084543092 0.157658132088235 0.072934528680635 0.0888406373348187 0.113135315874018 0.144851938177827 0.102529807567496 0.00790096092184544
0.211019250464635 0.0829861595595748 0.061742706284889 0.0362848661554982 0.0172327541870811 0.0740472877950707 0.0118068844026597 0.199072274046285 0.123353267021155 0.182454550083152
0.167185575559394 0.0249256556684849 0.0223735759490565 0.0667123481206111 0.175880706507746 0.152999447896104 0.155558480800501 0.0535842434169912 0.0412894005169866 0.139490565564124
0.0549821227648621 0.049666018351637 0.168230435404835 0.128170277233922 0.119006610791871 0.0187951052508608 0.194675200984652 4.67380927583456e-05 0.0784920165618179 0.187935474562784
0.0442267213443361 0.176178479765212 0.163368203947579 0.0507541499223792 0.17255276399374 0.0177250907100652 0.0257421716297021 0.0557971734369163 0.139586688084282 0.15406855716579
0.0545001410062595 0.161810773959535 0.09339983535665 0.0735031355694126 0.11690264361822 0.0198128547820064 0.175659635270134 0.115906766593758 0.106866329298221 0.0816378845458041
0.0745318341524357 0.0501119300165565 0.0855643798435838 0.0617542725710412 0.218829009682155 0.13105561484833 0.12264037003947 0.114641387932557 0.000757108745734535 0.140114092168136
0.252561279211535 0.0240271083024214 0.0330377124923462 0.114503579846273 0.0928820168052508 0.0110185490654135 0.16279127209059 0.209014142151511 0.039538953409409 0.0606253866252507
0.142885974099498 0.0500965473679958 0.0279674914844916 0.143459492364969 0.181860722185041 0.197548907523614 0.0191676018411618 0.109084103183911 0.00486889568978449 0.123060264259534
0.153521366526491 0.144829235106336 0.136793280228716 0.0510276531778174 0.0931797731989594 0.142285675675077 0.049740014114678 0.0487856554372061 0.0998728737744131 0.0799644727603057
0.025300562161945 0.157601350645545 0.0521264098923209 0.0952320842464587 0.0888429569985954 0.166057708428358 0.154621194829914 0.00803749214004084 0.117047910873999 0.135132329782824
0.113407794290505 0.141715096609381 0.153480339027346 0.0533266594741288 0.0561156291685366 0.0310854162872625 0.171920874639541 0.131552112844345 0.0964391108540213 0.0509569668049338
0.117457456252871 0.00670689392474223 0.0403502587404436 0.1255230983717 0.143456177112017 0.14447716804498 0.0150731706334999 0.152373219247675 0.126571441256514 0.128011116415557
0.0847651443463554 0.150516903427961 0.0711323333053442 0.150190044754552 0.0801633769005198 0.137444683626861 0.0623251581508768 0.0532303055083791 0.128375179556242 0.0818568704229082
0.145860278543549 0.171508411406851 0.070435116704604 0.138058685835626 0.0859906643402235 0.0897100276132807 0.04205610631522 0.107264033180389 0.0297370327449394 0.119379643315318
0.0396036802132611 0.0394105404493787 0.0713133813658701 0.10737525307943 0.108019092258659 0.107345360108127 0.115660364891315 0.142184347466316 0.154963953115718 0.114124027051926
0.00477852882119572 0.187847362209299 0.0210974979972552 0.12662242919804 0.105098247337896 0.182030255564052 0.0475667427827139 0.106096841739869 0.114459196772737 0.104402897576942
0.229366695914793 0.0375200128464495 0.0305765431675868 0.0281285390359712 0.0413176301635768 0.0274246731988743 0.252942982029282 0.219135651847662 0.0469693649188606 0.0866179068769441
0.097794764691644 0.096303960360201 0.0463058418010565 0.128150305994794 0.110212909045097 0.00137406517920224 0.162697183474178 0.0489728219410097 0.149456955563571 0.158731191949246
0.00598871662342314 0.130442479000426 0.180123387403758 0.163578046647106 0.155466257335202 0.146778923043832 0.0124229221504931 0.0976437344289745 0.0741001101315411 0.0334554232352438
0.0589930646155933 0.146300890781278 0.0972151936594245 0.0428240068058064 0.0993992058897668 0.145117205586039 0.105951404446322 0.109077324323229 0.0862384140990959 0.108883289793445
0.02857795253402 0.183677108602287 0.0663397542429163 0.208454783895898 0.0258844146993791 0.162482618338455 0.0457828694169244 0.0526659234408114 0.0907162253564226 0.135418349472886
0.0702540527732847 0.0304394799416165 0.0456168260509301 0.116993802903956 0.138596869571565 0.00993654056314657 0.14720922820202 0.154923510382627 0.154339743305149 0.131689946305704
0.129992777794579 0.0776856844305688 0.0955627043401032 0.0410357018373929 0.160689787639817 0.0884577691958434 0.159642666644142 0.0679872247127631 0.0697008878513195 0.109244795553471
0.0549287667043812 0.0335820080633704 0.131870461670415 0.0140954653592021 0.231292485739497 0.211742272430655 0.0328749687814687 0.0425500603874959 0.10361282002702 0.143450690836494
0.0853175151349325 0.121484193466864 0.169528449707536 0.140046630598001 0.00267148087934405 0.0999626300381511 0.140811358724056 0.123419348769974 0.0580036807275086 0.0587547119536334
0.110710473666866 0.079843546764069 0.0405515115300058 0.114266359294029 0.253221296202859 0.0711138316049826 0.173084145351677 0.0746135000757246 0.0425388468738863 0.0400564886358998
0.0894480090491966 0.166459214834573 0.135161475359808 0.0345833380858758 0.127233860801608 0.111147999750774 0.0883687258971446 0.0427930327051608 0.1272733180887 0.0775310254271591
0.0973275430572613 0.181523736670946 0.122613327837681 0.102089146573861 0.0714186039655196 0.0265708659725807 0.100328663922858 0.140642523803757 0.0939100460715307 0.063575542124005
0.113686034076873 0.12080517122743 0.142143546689903 0.211475885323112 0.0522178897111413 0.0225086885331919 0.0461903125633569 0.139746004383334 0.110237108571818 0.0409893589198393
0.105031976214278 0.072580969286347 0.0812092367011757 0.134024471351282 0.0546461488758144 0.154697811727327 0.109195721619989 0.116920074531301 0.0901898182672182 0.0815037714252684
0.082119897467544 0.0919279404352156 0.141798655779591 0.137926599782201 0.0399308200263303 0.14427775718158 0.0404350120313095 0.0320252194469121 0.118202669916869 0.171355427932448
0.159388757888839 0.0715116353842671 0.0870252247371095 0.160261819782881 0.0475592026820122 0.113535553331072 0.130101557670074 0.0180987057839186 0.14291515813953 0.0696023846002971
0.175374898448302 0.108642056483325 0.128568031568096 0.0597947136777188 0.0401505958956082 0.113893329133847 0.113800567084102 0.195362299656369 0.0370518368312333 0.0273616712213988
0.142219226955737 0.0908491750329991 0.139691647603895 0.00511209531887561 0.110665256441951 0.139448344352372 0.139423538241811 0.122884950129627 0.104498058130744 0.00520770779198783
0.18154659458372 0.0313961473192509 0.0501314768422701 0.14201509730589 0.00152964631206591 0.144387057356093 0.0914262022115542 0.148719487623192 0.196644120902963 0.012204169543001
0.0941819696940885 0.0594577252090129 0.153175686823468 0.00540232643967173 0.0913342908673305 0.0774149012235981 0.12316212766402 0.203682501668486 0.0936700740543174 0.098518396356007
0.110773110879811 0.103575453324674 0.0864301566636266 0.145684328629006 0.0949171246600859 0.0726700650331459 0.00363186473459457 0.131693928713347 0.107945751023655 0.142678216338054
0.117928757440152 0.153573094049319 0.105687991160292 0.03827919175429 0.106005068502644 0.13999556664532 0.0473947100846113 0.0799165389713328 0.119589100360911 0.0916299810311287
0.0882114624485719 0.15230199986637 0.0242494537898258 0.040535911638722 0.116332346839319 0.116181758566206 0.156596804826164 0.00242433109644726 0.145207958198591 0.157957972729782
0.0292216749766855 0.211346552108603 0.164723662431392 0.0524725148964978 0.100449247080761 0.0290656101812699 0.0787325766921959 0.0670196812107748 0.0915460156460025 0.175422464775818
0.0141995960607959 0.137963335060887 0.154049556349141 0.134700012584892 0.138946563871276 0.0324849615023796 0.108373569360348 0.139606225008884 0.0588161248638456 0.0808600553375503
0.0429825010159674 0.111922142589134 0.141636003030151 0.105398532740007 0.105346421300217 0.0511791900248771 0.138705205938085 0.0860179747466657 0.0806004148132114 0.136211613801685
0.157199156775919 0.115017533166144 0.0584422424439532 0.099434363617499 0.0180333726913311 0.0624902453677864 0.154999385552426 0.162224843021603 0.124843902312238 0.0473149550511003
0.0136908140501592 0.0387798465852769 0.122946036880279 0.0291718547292452 0.194989043988304 0.190879956847018 0.144658114243287 0.0844927511003764 0.103941206690764 0.0764503748852905
0.0294327848400421 0.0857854547877124 0.10210167464975 0.0645120157822375 0.0733092793520448 0.136511718826813 0.110397497120061 0.161365844245307 0.171171905550126 0.0654118248459052
0.173755959037309 0.0755892057476728 0.150530393158217 0.0763833226545544 0.1022742221875 0.121313977432863 0.0461499036747201 0.0176110913867899 0.122547085425002 0.113844839295372
0.143435592725804 0.0942969378192505 0.06007870872369 0.0549893145464514 0.0408830400901707 0.119950759463492 0.0738689502911484 0.144659638707773 0.14058175180972 0.1272553058225
0.169273018574561 0.203780984787117 0.0480567444245486 0.0560731903787045 0.0602443418924702 0.121140276351974 0.192370046294874 0.00695231811736679 0.00849332866668248 0.133615750511702
0.161199949415222 0.0408381893594845 0.164828560093743 0.123085204564429 0.155827919263515 0.0207358783580945 0.171472808135952 0.0535150613723814 0.0887862077140275 0.0197102217231518
0.00312627532597148 0.13335532564071 0.140877978519305 0.133315401409207 0.192740943517869 0.209300351712273 0.0552283344833997 0.000694924570386826 0.0740331593133167 0.0573273055075602
0.0125467461508391 0.0455364655605004 0.0396165003582136 0.131100247236326 0.153861974500781 0.155425887613476 0.0757176107805847 0.164008887098713 0.193986394598256 0.0281992861023095
0.0367856551472248 0.116149459208231 0.18430983127109 0.136361954417791 0.0190153504975508 0.148580643947572 0.101740321955532 0.0065870812712944 0.18841724552934 0.062052456754374
0.0666700315358592 0.0630421756472649 0.143734862954747 0.0196315686138985 0.212033537902567 0.0224244586827093 0.164480719310069 0.021198036274502 0.182054117909948 0.104730491168435
0.153422304120256 0.0709443020896639 0.162663530683468 0.140207409959508 0.0389105795982774 0.0207938893715665 0.167345655701437 0.0909269107122762 0.0063792971321437 0.148406120631404
0.147826889988144 0.0659581031430276 0.0992205269817339 0.0484530624121635 0.115984281037143 0.14083553170388 0.104837731731793 0.126768795467912 0.108443369402944 0.0416717081312601
0.0342926323531417 0.107495793215161 0.0259777609245925 0.076666714800132 0.15899396073214 0.172105018428231 0.175227676674123 0.0509822657015656 0.157255950400065 0.0410022267708485
0.059680901363354 0.0250304992158679 0.108170154943517 0.132578967596973 0.0693348133811367 0.148852467493872 0.0653011518660005 0.189442925801978 0.0894796425577936 0.112128475779507
0.0501202279249174 0.140012679334067 0.00504317342594102 0.169152677066215 0.116750337916408 0.07983660904448 0.0515287409130352 0.147661866020716 0.111384854521643 0.128508833832578
0.0163494500191238 0.128540300956774 0.00515731134401027 0.141408748551837 0.202730048317186 0.174576767065047 0.0608783310897828 0.0761632172449766 0.0616844299168992 0.132511395494363
0.00454196917630239 0.0455662942504422 0.09017051677237 0.163224467944264 0.148409773757867 0.0422026826222381 0.142831148868313 0.178007013467186 0.143405721943301 0.0416404111977166
0.0763364691425826 0.0530113850961019 0.0877027745047743 0.0844077036003988 0.138586737490288 0.128023249967322 0.068442377113317 0.119697600009578 0.0912431982563848 0.152548504819253
0.125366869701469 0.162140976471802 0.160567466914715 0.0676613712195069 0.0145613598058334 0.0553738648910739 0.0805285251092468 0.0917521086980976 0.143562542337258 0.0984849148509977
0.0643548712457734 0.0573322353685097 0.205621256712928 0.0742181627514083 0.018338847302859 0.0154474512919893 0.0865505114368692 0.102270132780535 0.185852785407172 0.190013745701956
0.0743176942638012 0.140243456829219 0.135789229015434 0.0556965888130997 0.00074850706335582 0.173370760825432 0.065488182679357 0.14226369154411 0.132320196053298 0.0797616929128931
0.174840633450908 0.118206803263087 0.0392790612065405 0.105161513572871 0.162656198720032 0.174817742942876 0.0024121702272622 0.0169525721740856 0.036232160697852 0.169441143744486
0.073235973311154 0.0745421943914983 0.0636219923560067 0.0285060006266174 0.0382623477027555 0.0574339774721785 0.0503615608637463 0.246441864062626 0.13303669910019 0.234557390113227
0.190863314570639 0.131723866021718 0.0453386662353704 0.0118535216036418 0.1450665754922 0.0582829257300225 0.0516125563863673 0.184613800208633 0.126329067939756 0.0543157058116526
0.0836506918154865 0.234339053515162 0.0326685505117043 0.0277825270578322 0.204065355911259 0.0731158121881812 0.0513888314713556 0.135554832027343 0.0248951134618621 0.132539232039815
0.0424929423872653 0.0897210819659387 0.0812380707572831 0.0921053092532165 0.133082901969076 0.170871087126679 0.194599180559502 0.106450484734812 0.0285595939483782 0.0608793472978493
0.079313763299235 0.0444998670133864 0.139865857256094 0.123344326792357 0.044869604794592 0.138517000588612 0.136584287864528 0.173641721671829 0.080480579668806 0.0388829910505602
0.17000961563069 0.0656587270392987 0.107666244131535 0.0142656445488564 0.0879328883628488 0.176579547831871 0.129444088430122 0.136635843454423 0.0772083281140982 0.0345990724562564
0.133852037084728 0.00954400737437724 0.0210982469164529 0.143317325876411 0.069668502350689 0.185654388359193 0.179098635615058 0.000145839384794011 0.182464154705288 0.0751568623330098
0.109538542488218 0.0258977764062937 0.11408137028263 0.100171155604513 0.136931154786783 0.0286876618968125 0.0107138392690812 0.153455076262957 0.1582301263345 0.162293296668213
0.0432396334329611 0.0904975805898377 0.0514851512853031 0.190440303455052 0.104535427694001 0.0769101693208156 0.156405848488429 0.0922939271106277 0.152406942333909 0.041785016289064
0.0954327480634672 0.118598621254237 0.0614824963240542 0.160194018295335 0.080859408044175 0.0667793771576719 0.125930384807833 0.0888288808355926 0.112190543135267 0.0897035220823674
0.037194522416926 0.0746897917273858 0.0120768915908913 0.157995770855946 0.188034523085103 0.0308215825784455 0.0615424859756828 0.239332718032355 0.148854510598386 0.0494572031388784
0.0553398535926723 0.0882056954664419 0.0255082074510102 0.0468714731230224 0.107686401191911 0.10950266790583 0.138194179888318 0.124717326571927 0.151772566771893 0.152201628036974
0.0755541990896631 0.1965753437288 0.00998702649951746 0.0879903248421154 0.141186923261954 0.0182831432204404 0.0402906240264632 0.12793506072876 0.202761689373984 0.0994356652283021
0.00822283524868787 0.15919012755256 0.1154863284846 0.119565846429802 0.0194504670278785 0.136991210515446 0.183459618504801 0.123690645494817 0.0022515819815243 0.131691338759882
0.140643695192814 0.0283678079459116 0.163056957273681 0.0166728023216163 0.12108870308565 0.129603612531 0.0278723514004678 0.033106167268284 0.258536855673492 0.0810510473070834
0.0322275484594647 0.0635607076549713 0.0647740236951409 0.106587182270522 0.14005733760551 0.0328770480671004 0.16683253057603 0.229040034220083 0.0248358008943866 0.139207786556791
0.0517335272904031 0.159665599365998 0.0800206190467282 0.035093418628922 0.0723972128088967 0.181386174604925 0.0606913103219192 0.119917675840205 0.141330617717806 0.0977638443741966
0.178658201572466 0.110528978668708 0.160549676944451 0.0674406422116996 0.113633664773992 0.0795895575552671 0.0951985972167543 0.0426019155712132 0.0725524553732794 0.0792463101121694
0.182747092365897 0.036818638429451 0.0821228129261485 0.00797025000081911 0.180915658717872 0.0797452336996622 0.154272399221671 0.0641011263931119 0.0158567770812476 0.19545001116412
0.142595490134182 0.116572840263713 0.158490523854421 0.0847148708886058 0.121834620671694 0.010517104970766 0.00305475593383462 0.12611513547409 0.0878707089387946 0.148233948869899
0.117745222896962 0.105442827719135 0.139540712007634 0.137944060413618 0.0721763252971339 0.0358148450964269 0.000784758370134034 0.140874629958447 0.120283597172084 0.129393021068425
0.0571160755137476 0.174699492821885 0.0653059600447809 0.0153561436841504 0.0897212816778498 0.0486181066493834 0.155501751636069 0.150836855459769 0.138098769910725 0.10474556260164
0.103608346090592 0.0386637495625576 0.0578040445204484 0.0674362592747094 0.0949039333983635 0.0305072225034252 0.152467648090335 0.203321725514968 0.18616993118116 0.0651171398634404
0.126967697516088 0.112841461975559 0.197456026582535 0.0824873591044224 0.101995014127219 0.0329663627758607 0.154503280779597 0.0349138101560521 0.0896478471950534 0.0662211397876139
0.0892700953996841 0.0984892633330237 0.0248453968399078 0.0159027707809691 0.153436682384499 0.0719749432168072 0.127722300516324 0.19123737190275 0.117562039404894 0.109559136221141
0.012970344481781 0.107060794999187 0.156362688794802 0.182603510663107 0.185267473711217 0.078046093538121 0.0953764587999488 0.136813767937748 0.0311506108524205 0.0143482562216682
0.180056552921134 0.121664212968032 0.125711378890211 0.162220578435208 0.185509153480914 0.00971249149740605 0.0823776929211393 0.0609532093429653 0.0146704584552348 0.0571242710877556
0.0503099117658003 0.128401049554253 0.00163286858994214 0.023120510066873 0.208364419262787 0.154466177193128 0.0545503086082708 0.132588390822423 0.161252339658365 0.0853140244781579
0.0106937596030027 0.0255945599935886 0.122309940097801 0.154035751618578 0.074786812008706 0.0997286874527648 0.150181315674178 0.166152422818861 0.178207098312806 0.0183096524197135
0.0518316751066679 0.0509306684811415 0.0863482902684145 0.0540011413365923 0.0913402194556013 0.159362989778839 0.227032978716809 0.0573990425964862 0.143918663089347 0.0778343311701008
0.12576540810898 0.141837220923456 0.0757948517464879 0.131407480322215 0.0946381215285524 0.0459935912646429 0.113303093310932 0.115296672321261 0.117906770583977 0.0380567898894962
0.153993702477718 0.169256363532456 0.158954597266107 0.06489202913692 0.151987445538578 0.159760697601837 0.000239409271889367 0.0403451524301693 0.0171017537429973 0.083468849001328
0.11478081306287 0.167401270972508 0.013799524074098 0.142394616747725 0.0940746012637441 0.118586460358177 0.0891171124902497 0.032748848164402 0.131443828014155 0.0956529248520714
0.203217605333987 0.0478586506686885 0.186541926463101 0.200786832125336 0.0110209197488814 0.0187336236960726 0.013392989787287 0.0573551227048602 0.048866738811566 0.212225590660221
0.15463457760451 0.0567501106751055 0.147425875197972 0.184927666050009 0.151013955314248 0.0177526496248595 0.0818511547188455 0.0280553269136846 0.14229437660318 0.0352943072975864
0.0287444272429401 0.126589535209186 0.129614482349254 0.152268231224186 0.179243423729958 0.0671201158040195 0.108235171404962 0.0355470605634929 0.0357380249124102 0.136899527559592
0.241899693794736 0.235937422741806 0.0334766656416742 0.113090850944411 0.1140385297025 0.0205400661282136 0.0812645068869635 0.0444060572159979 0.00469329079832228 0.110652916145375
0.0485172679894827 0.228352030369385 0.0616517604725147 0.028462916662502 0.0361791016750438 0.193247420241714 0.199765619266603 0.0637049603192345 0.00291230614321281 0.137206616860308
0.0229721202065719 0.0531421648989706 0.0615875748298126 0.0848748011904458 0.022358162517203 0.0641284030135744 0.0222274675354215 0.0843625993762262 0.273023652023451 0.311323054408323
0.0359460604027371 0.0124282694991266 0.0782777546767065 0.21476162444291 0.116706950162988 0.0187694104886441 0.100983442064556 0.253810491625832 0.108711851799211 0.0596041448372883
0.0350162234815163 0.0283835087096656 0.0440891824303165 0.085192699826216 0.179897384291927 0.121695862802755 0.170715071584787 0.0421778042176526 0.268343552514446 0.0244887101407173
0.141095840293382 0.160202344199823 0.0297702980253659 0.0389621314398605 0.0577784326280862 0.223057381377449 0.171808128368262 0.108706212429184 0.0195979918444077 0.0490212393941793
0.152213420281071 0.058950253630718 0.0442526026134776 0.0597191608565789 0.10268011592392 0.106720377062732 0.115388647807866 0.125102964760537 0.107788279484286 0.127184177578813
0.16771113382751 0.0210008648461658 0.0564868251653358 0.147315528931496 0.0698398881441232 0.121924016884566 0.111153588461999 0.149657035013026 0.0635788894186589 0.091332229307119
0.0627606088391618 0.137847202174574 0.0317256906020638 0.211642448263565 0.148643404312708 0.0127327120426771 0.190722879174848 0.0404535915245292 0.0135545923939276 0.149916870671946
0.054588518091125 0.124876176138694 0.146643680006096 0.101504364030231 0.00982266566592424 0.0750141839246304 0.133624105533968 0.082277690961617 0.147063250383868 0.124585365263846
0.0764443426646355 0.0646261556745293 0.0185122116873603 0.146357684420763 0.134334948734622 0.160431239795397 0.0119367146038774 0.0898563828450714 0.146736532409456 0.150763787164288
0.0465058311269308 0.134911843091059 0.0569738030702513 0.0114698675887717 0.141923436548855 0.116384550976278 0.106076201506835 0.141676097422558 0.110802387466826 0.133275981201636
0.0987127379080062 0.16900029839433 0.102195933390236 0.057272641467795 0.163557626974481 0.0710376417233767 0.109794580906584 0.146791034801376 0.00131873920327593 0.0803187652305391
0.0739596223223373 0.0962855260524533 0.145089839845518 0.0717212340827183 0.0485699684557713 0.118376739944998 0.0728150921676119 0.154170011341817 0.087539669468323 0.131472296318452
0.134922437722482 0.0328267848037498 0.0503154518997107 0.163743084227363 0.0569195081454074 0.177840401458009 0.168301594902918 0.0546029912539888 0.0866080396484468 0.0739197059379251
0.00622823975036197 0.137365610984983 0.185147934545756 0.152810209615351 0.190971576263194 0.0237519820309082 0.109805935357538 0.119582749320531 0.0190044341040539 0.0553313280273244
0.0272493779421739 0.0437837961112082 0.115756202658374 0.0839509013586244 0.106287228574749 0.128424422969586 0.140704707066849 0.163995573099179 0.0626755642336653 0.127172225985591
0.00760575856663657 0.11383083892088 0.0814680386137357 0.181064725754519 0.0225347975140894 0.0900769548111755 0.0189708240305987 0.130123491429163 0.151958289409739 0.202366280949464
0.113711666556866 0.208287104317022 0.116862211030201 0.057216729787059 0.0267141694760159 0.160916516549676 0.221483862854797 0.00625530250465773 0.0778928572693244 0.0106595796543811
0.0932315810563658 0.0683020989245192 0.146375978037365 0.0875062969246474 0.129040108174232 0.128836377598806 0.0344893994902693 0.0201351739297165 0.145453544758055 0.146629441106024
0.118973557321745 0.0254939755453593 0.164470053538332 0.170725364642409 0.009219339935812 0.145721866069514 0.105349469000514 0.123515646160284 0.0110974024525114 0.125433325333519
0.098900726254251 0.181945121658085 0.136991555288118 0.0817212725490178 0.149015930250461 0.010989166119713 0.144879882314243 0.045987355142629 0.00896037165680087 0.14060861876668
0.0435902119121705 0.105033855409703 0.149392575750613 0.122240655957082 0.117764980413366 0.15288654760341 0.00227924997266558 0.0520932848238539 0.17900216464253 0.0757164735146053
