0.0862533251057743 0.11694012019844 0.248100971433743 0.166058063650084 0.133020363348883 0.249627156263075
0.00250199723579094 0.273050803099721 0.167324269631374 0.10640402876664 0.255287292953312 0.195431608313162
0.260385030197899 0.16822141338107 0.234818788516128 0.0913237307355455 0.220846078096061 0.0244049590732968
0.23813106719534 0.283246230768291 0.0372474887406251 0.00467739067189579 0.313627276843421 0.123070545780427
0.0403806624490799 0.223348483634871 0.200748866430282 0.167054433389605 0.251684462522316 0.116783091573845
0.05064055330655 0.257827958733473 0.223469009095549 0.27704219407219 0.0341665340726719 0.156853750719566
0.00139183456739234 0.330192894553512 0.0259024084267108 0.30236128775614 0.218378254047131 0.121773320649114
0.156042998815165 0.153481631361166 0.249931951618395 0.107426741976706 0.231334616638173 0.101782059590394
0.300777996183291 0.139734984312321 0.10075879774001 0.14669101020097 0.238078266478405 0.0739589450850028
0.161352421680995 0.244108913474675 0.240510958756535 0.240381119175954 0.0205615490359113 0.0930850378759303
0.362435605607049 0.0443316027288328 0.0898083790316403 0.0722932283263311 0.334770103248985 0.0963610810571615
0.284351957879079 0.206697046946832 0.0723987738015448 0.287939331690718 0.0959397509837885 0.0526731386980373
0.198067324814767 0.121853883837899 0.354407816472372 0.09565642634628 0.0682561478560565 0.161758400672626
0.161320194441803 0.0522664235709945 0.273075396952603 0.0358730553850844 0.228312728112794 0.249152201536721
0.0579230961829015 0.232630642327067 0.333292792984143 0.159216328540099 0.0711433561885029 0.145793783777287
0.21925823763723 0.155875577212028 0.225884567183558 0.103937150885089 0.0787969333820671 0.216247533700028
0.150390970896458 0.180470892600585 0.216063022102391 0.136433937977568 0.13572554131086 0.180915635112137
0.133610040045282 0.1844733922122 0.167861463668442 0.176688724388868 0.15913075094448 0.178235628740729
0.267601760102972 0.0853269947833074 0.250422509052854 0.0389550260263663 0.209193952301842 0.148499757732658
0.199580300520524 0.0314039046946845 0.216314023328515 0.171637506254616 0.200647343240356 0.180416921961304
0.193170630789269 0.0201401434461679 0.147063857271785 0.25637644651076 0.178790925430381 0.204457996551636
0.232313945912718 0.181878958150286 0.269381540127335 0.111559708784662 0.0215049743301909 0.183360872694809
0.165176416840141 0.230926512922383 0.251720574373248 0.00206977130783298 0.0566691448530438 0.293437579703351
0.109773904990179 0.232851229536196 0.192484162641449 0.146217775108595 0.170117107332433 0.148555820391148
0.229373222050533 0.131107248257103 0.126509864769377 0.0203232628517101 0.199574320769925 0.293112081301352
0.0881418477783618 0.100280724432438 0.290055751369913 0.121352101267198 0.0178655209141396 0.38230405423795
0.152697265908848 0.232674135178329 0.223087122011317 0.0863299121052915 0.132603250927097 0.172608313869118
0.253801251196554 0.13318024850193 0.154159172412602 0.173394072329924 0.147898206352366 0.137567049206623
0.0381217046412955 0.0959781960504017 0.28447891151145 0.199562173032468 0.0516086332230274 0.330250381541357
0.0862298850650817 0.00906664325613503 0.344642511742166 0.0644845212661426 0.155953514825984 0.33962292384449
0.21047218755301 0.0566742903001952 0.247943390812587 0.221001982212603 0.203975491263991 0.059932657857614
0.328499266049489 0.337212697862245 0.0322159922725986 0.0328024856584855 0.14662548074803 0.122644077409152
0.172157281965983 0.044583936305536 0.2540556492672 0.195256136715013 0.311560389069754 0.0223866066765139
0.293621919205353 0.0822352058505268 0.0323412447527776 0.146353857303753 0.320631745310852 0.124816027576737
0.214120503211182 0.0141400514157155 0.0265167440143164 0.114856530859629 0.354554820350014 0.275811350149142
0.198655103999883 0.128719630062681 0.0381229478537057 0.179265708010463 0.229655940439437 0.22558066963383
0.154229766008929 0.191352428094134 0.166493162635518 0.187483856549333 0.131175552730319 0.169265233981767
0.170297333847196 0.0829013470586526 0.101274096626512 0.249704885160744 0.20453623322049 0.191286104086406
0.179153393667961 0.172894297546517 0.109994054049256 0.244307751123882 0.284733424943043 0.00891707866934075
0.290424812388659 0.081667350072896 0.118767368808913 0.00737589543223338 0.185830080077433 0.315934493219866
0.128555277667687 0.197785103744726 0.0895039625920326 0.0768973860090501 0.182905507454709 0.324352762531795
0.0421442669315029 0.167852657508728 0.0321226201266904 0.367466451609379 0.334099768842212 0.0563142349814881
0.31847666732266 0.0537532786891967 0.0731668589875171 0.278065194521316 0.253781200372733 0.0227568001065772
0.193264934504447 0.0829322699621877 0.249638979579131 0.238383572419094 0.168595357302752 0.0671848862323875
0.270846796846113 0.316100000186007 0.0457874076703527 0.291431332403994 0.0393317415773452 0.0365027213161875
0.288601014561617 0.306456841520733 0.00525916517079328 0.141775267783127 0.113358999150687 0.144548711813042
0.153850795682614 0.121129113158769 0.173702407785525 0.181039783637326 0.228862576710718 0.141415323025048
0.0488434481326136 0.321210762024206 0.0332349598632543 0.0949928337522766 0.122899560536407 0.378818435691243
0.259401012885685 0.0742401901402779 0.267918209688639 0.218855437226962 0.0703845068388699 0.109200643219566
0.200738378971546 0.116507682887229 0.28655818888903 0.155558980393944 0.0930573173025833 0.147579451555667
0.231994388484414 0.190878883723949 0.0176408714348129 0.144316158499846 0.211684283047873 0.203485414809104
0.0873407881703494 0.210882443350054 0.0725666457981291 0.168489661210759 0.253684943300257 0.207035518170451
0.272414187318397 0.125837142422792 0.17051830034709 0.104747977917602 0.0505467659841506 0.275935626009968
0.042180759957837 0.0818942450152255 0.110322553185623 0.151021027437461 0.255410396712504 0.359171017691349
0.283838826812948 0.155244202077708 0.215526097515771 0.178086306863391 0.162074896578702 0.00522967015147854
0.131239609166771 0.0223250828756697 0.364822819145345 0.0859300167213536 0.300902390871642 0.094780081219218
0.228591229054688 0.0913586641148505 0.0387798723901702 0.147133788757018 0.166613229249559 0.327523216433715
0.223517292621803 0.0265846493122742 0.318618030608579 0.263493540169269 0.115500505212372 0.0522859820757039
0.219168665780125 0.175488971170341 0.234225951332463 0.284727996495625 0.0426786792447808 0.0437097359766653
0.257960143866335 0.117170562086135 0.0805052549367987 0.238258082881052 0.232281481329543 0.0738244749001356
0.0254680046586112 0.289199194602908 0.0816502628055822 0.302253706436928 0.126253776905615 0.175175054590356
0.353816517731198 0.0472123511347475 0.205661950841675 0.00558269138626266 0.0822391840118966 0.30548730489422
0.0132209435746842 0.0885877532258041 0.294264110560729 0.240875155086463 0.183535920966756 0.179516116585563
0.240633494561481 0.0722932993209628 0.162013118768114 0.279193917493085 0.0162469081456409 0.229619261710716
0.244002066277326 0.220079557880208 0.202635985058304 0.130507455668876 0.133064623873235 0.0697103112420512
0.272817075288658 0.151819537506354 0.188918711042316 0.172621419045151 0.103100131170935 0.110723125946586
0.306168077607559 0.0793009037497425 0.119650850851681 0.000394245132511226 0.175745708096602 0.318740214561905
0.0968636126764908 0.275124767660162 0.36393006902799 0.0244189358149478 0.219691354844095 0.0199712599763146
0.303784409678906 0.252741312408393 0.075264109443847 0.0868480458977084 0.197895392777077 0.0834667297940688
0.233542673181484 0.0458185271578038 0.326331427339584 0.313199041158733 0.038323169544464 0.0427851616179309
0.167859570805771 0.410195341641676 0.292194948696184 0.0290658710928465 0.0749736606324921 0.0257106071310304
0.191617428350687 0.212699335055387 0.0773147194797518 0.0682228436513629 0.278904495858722 0.17124117760409
0.147962917035522 0.197824796108145 0.151011696031154 0.211601450695961 0.213073374076249 0.0785257660529698
0.126941667656066 0.101105455740668 0.178749842163873 0.158926659461764 0.202854326345542 0.231422048632087
0.044340234850193 0.302333555202133 0.19575358679328 0.377077935831129 0.0409150730741901 0.0395796142490753
0.102540760954046 0.172748625162356 0.395846286076222 0.0163233640840121 0.309001650608221 0.00353931311514352
0.128133441884022 0.113333872161428 0.199232913855751 0.0201591282904928 0.213943535124388 0.325197108683918
0.151178963606039 0.032814122263129 0.196636912727163 0.175208164824413 0.183535653388278 0.260626183190978
0.0612153000162798 0.321901666807493 0.307029493669498 0.141995755194536 0.0375383061108689 0.130319478201324
0.142728880199006 0.00237434529988895 0.241696856823752 0.226133182789815 0.242175004965256 0.144891729922283
0.130927120373742 0.158187641049843 0.103237112466411 0.32008479950252 0.274651984424666 0.0129113421828189
0.169344291021538 0.00304661985038782 0.101232276100374 0.285733182776519 0.151644360833746 0.288999269417436
0.261326829278803 0.114254108044949 0.18532300050115 0.145863326852426 0.216105406269415 0.0771273290532561
0.359753969288542 0.0194650417705542 0.0747610643845267 0.21551169777645 0.091579156879089 0.238929069900838
0.161995716915217 0.1649894698793 0.325723993139899 0.165606445742192 0.0932051120517718 0.0884792622716191
0.249030299161754 0.22831240530043 0.193525992201783 0.0138344382603151 0.177245891882731 0.138050973192986
0.241365706320507 0.199139888115367 0.22043107710754 0.0468858720663793 0.277619454509671 0.014558001880536
0.244089401727132 0.220500478970245 0.135091735465979 0.150783491137823 0.0840416268221457 0.165493265876675
0.377419152871099 0.206077915438709 0.0361987660549612 0.0308583425594453 0.343603603133551 0.00584221994223375
0.236533619739977 0.140999987728331 0.145414426682875 0.0344449021417257 0.218739671101112 0.22386739260598
0.0834209645995782 0.217184606958423 0.240710038050733 0.131277307020605 0.205343245195392 0.122063838175268
0.0543653760563472 0.326898040308892 0.11723724957452 0.363430157603188 0.0504504064614247 0.0876187699956277
0.112170260042892 0.279607438209929 0.00467925339928026 0.198159752533946 0.185392166137003 0.219991129676951
0.241426456806734 0.0868385311581602 0.116057738807242 0.139896791778096 0.314127262678373 0.101653218771394
0.231917870013115 0.341936712120969 0.0892309219926838 0.145286033502702 0.0791750072907657 0.112453455079765
0.210045130066617 0.0341251919704158 0.292912726364562 0.23041505938602 0.162046243744207 0.0704556484681772
0.0889362180957077 0.200901642405345 0.202682326021396 0.180387569146916 0.138564857668928 0.188527386661707
0.107536268894936 0.275640025982504 0.152515968217738 0.219798357283341 0.0948402478369327 0.149669131784548
0.0145593314699651 0.305179033558126 0.273069096304758 0.028589167354554 0.0860090730011658 0.292594298311431
0.0410020995121309 0.225031930008534 0.238695984512947 0.0568869588557606 0.225855746315172 0.212527280795456
0.217494488616305 0.283662724095167 0.31947678950742 0.105726672973911 0.00462246490989335 0.0690168598973039
0.0173937496362282 0.162195712874114 0.246933210987038 0.329575518488702 0.0493330414480569 0.194568766565861
0.0705376314109553 0.150592127795712 0.163429831230023 0.230015899569579 0.202384955435613 0.183039554558118
0.0115675021886497 0.246023798553657 0.27167506429116 0.205054038150857 0.125827296570043 0.139852300245634
0.19023194304513 0.220080950041045 0.0682343775777429 0.162763593202577 0.291549283048137 0.0671398530853682
0.0416336020531974 0.175509746081727 0.303506268629079 0.047921172582687 0.115266978399276 0.316162232254034
0.281348498441321 0.0670466914160461 0.309267133405421 0.11709631413224 0.0922397978281322 0.13300156477684
0.123394897208393 0.0575069712644863 0.159509657189608 0.224256053943895 0.22656653912471 0.208765881268907
0.0337354368406332 0.193305423885435 0.277044896833861 0.234900943621497 0.217297736906168 0.0437155619124061
0.0185651606225923 0.187897052666314 0.246945088513861 0.054894948477122 0.154178070423753 0.337519679296359
0.0444283344838318 0.217860637572499 0.271140422523726 0.272584575203175 0.108360851470491 0.0856251787462777
0.157892890763444 0.117939013363937 0.337835261744943 0.0284322165838058 0.228297684380435 0.129602933163434
0.330860968264637 0.0710182494181018 0.196206248231603 0.0930783139078658 0.287509467288 0.0213267528897913
0.126200519032168 0.307070986078943 0.0780653121442001 0.322777582390071 0.0899319195790208 0.0759536807755975
0.11434971015062 0.192605333806229 0.139590406084944 0.273175619625373 0.232029326385223 0.0482496039476101
0.187733198242131 0.243747870121339 0.0863108667670727 0.0329451600923835 0.223723684649217 0.225539220127857
0.186601818459304 0.27551734394905 0.251528309144317 0.0188593136630082 0.199620853707182 0.0678723610771388
0.246166280312361 0.245409168004247 0.0233406169551544 0.225241588130002 0.214076895188193 0.0457654514100423
0.0952214748758126 0.0418594472748075 0.260614263518193 0.238302267887276 0.0982820582454604 0.26572048819845
0.240014736635099 0.125621251306601 0.0982002826395488 0.000542017907828246 0.240745436798968 0.294876274711955
0.119480195548823 0.213434266636061 0.13729557353201 0.164416137859872 0.133398649159417 0.231975177263817
0.305877315525724 0.188954075993162 0.0360225101801647 0.287566334791993 0.0971931612937486 0.084386602215208
0.163171963809252 0.0909135797515177 0.223939621330996 0.162386354819237 0.270567380710332 0.0890210995786652
0.198366411083834 0.244090034449044 0.176186436939038 0.1220204950153 0.120842638372409 0.138493984140375
0.147031723674238 0.269967874873676 0.129794582691763 0.0394651161309609 0.136202660722635 0.277538041906728
0.288560881598306 0.193059486820948 0.185819218926746 0.167482141493964 0.0945721814183278 0.0705060897417087
0.305195635389913 0.312425283469095 0.157801226993436 0.0872060466071678 0.0270630247658445 0.110308782774543
0.346313547217901 0.209123699754536 0.185190674242648 0.121726478908791 0.0196837213194889 0.117961878556635
0.00447009327543081 0.19460256295206 0.256545647501299 0.123644689825032 0.198293280663704 0.222443725782474
0.0287332921266765 0.107140543189631 0.130470090992763 0.42894143416537 0.208994312600646 0.0957203269249133
0.0647496519772321 0.00509911622622149 0.275137099604764 0.0888437094925343 0.1166231286135 0.449547294085748
0.133067270989546 0.150237684025317 0.209822357349852 0.229529719179312 0.204519260914123 0.0728237075418495
0.150834920192094 0.103404104813446 0.152536925062903 0.233811539395673 0.177571712062026 0.181840798473857
0.00939921233803232 0.367328387330257 0.180249657035501 0.0935999646229423 0.348406121891539 0.00101665678172812
0.188282759195586 0.305570066214148 0.183921398932837 0.0480867808450474 0.030169571407833 0.243969423404548
0.0593944907072543 0.32752777740586 0.0297449777907515 0.303820370615666 0.0742500472491145 0.205262336231354
0.273079951287404 0.111306909821748 0.265180994322733 0.162260877414136 0.105269041151318 0.0829022260026603
0.135654175236076 0.242940185813369 0.11839347627258 0.19231987739368 0.242718404490826 0.0679738807934684
0.0710979163318968 0.062775664626772 0.185812498364794 0.229809666833104 0.229937411897412 0.220566841946021
0.06060559606436 0.145984957944845 0.112062733359076 0.267180679721851 0.239763458398603 0.174402574511265
0.240446205116158 0.258733601672496 0.0394154543658842 0.0619814870671498 0.256629738354583 0.142793513423729
0.0846937313472001 0.183031054493627 0.265775551308693 0.153290438433886 0.0638303963254251 0.249378828091169
0.111044086484304 0.0217519673444581 0.201880599667261 0.171325948067007 0.235895750385034 0.258101648051936
0.1518681426639 0.141490686638927 0.248834873236685 0.228629943147183 0.187096131179696 0.042080223133608
0.143510263338894 0.050628288886557 0.359512020555857 0.211711319354148 0.201650337868076 0.0329877699964674
0.152169479289831 0.0455469581675264 0.130243714359032 0.0112825660237542 0.359790151934804 0.300967130225053
0.23745619910336 0.0736824976476007 0.0779468388257341 0.249061309007312 0.241676259736962 0.120176895679031
0.253483864384323 0.128752802424247 0.12430430777385 0.0871928427945764 0.129027413119486 0.277238769503517
0.222254383475347 0.16937708199997 0.00204861408087953 0.164257347494065 0.208371758338879 0.233690814610859
0.213289108102106 0.0584057178784258 0.207531153364681 0.252576317068938 0.0842395886289844 0.183958114956865
0.241008318466386 0.0200637052585729 0.149947276013546 0.23606230919677 0.134640197827113 0.218278193237613
0.181308577671289 0.0170446373825677 0.0408796108693099 0.310329976657984 0.332785527114912 0.117651670303937
0.181405396414066 0.151386569856432 0.141326518274143 0.0876271398573992 0.140560166898853 0.297694208699107
0.243348896956978 0.12680896587246 0.15220477056079 0.00664041746157348 0.27810691241789 0.192890036730308
0.222553123623242 0.278093431842588 0.184347805897343 0.00860304957609249 0.210829132861688 0.0955734561990458
0.272931734908144 0.207000884695396 0.23008994283754 0.113218821956036 0.0822178662581284 0.0945407493447556
0.116928161055669 0.111592674126359 0.286822313903715 0.0144370951189198 0.343275859386893 0.126943896408444
0.180310624254747 0.129253594484205 0.174281996319736 0.191120524941468 0.0174961040517497 0.307537155948094
0.0573581691661349 0.231299395033906 0.276238848887622 0.150569704928019 0.205708612140012 0.0788252698443049
0.253732840205622 0.101340521254195 0.102730286008905 0.247282229414096 0.0397023215127936 0.255211801604388
0.0545797380827491 0.154920710039142 0.101472172107686 0.421320722361308 0.0453165337602231 0.222390123648892
0.263638545828289 0.271294309455266 0.165592320711986 0.0655453954424074 0.114184114441796 0.119745314120256
0.0720293551043039 0.169858332067927 0.272432397632911 0.159705351624598 0.271989058081864 0.0539855054883968
0.0920835783375653 0.0921376364106773 0.195166096173272 0.18272475521237 0.198458703805127 0.239429230060988
0.0778048879178185 0.108908396806253 0.328935180692398 0.0637117356576228 0.313377757701267 0.107262041224641
0.311579928590752 0.14876607667094 0.179400981504991 0.100035997574806 0.0025090863896308 0.257707929268879
0.0093614607151168 0.182118005648772 0.274992980438343 0.30769763675917 0.160711456493979 0.0651184599446186
0.24408218774686 0.18351672454869 0.209850295625991 0.236538960175868 0.111983140797288 0.0140286911053029
0.223264996197111 0.204968665297614 0.160764838253182 0.0531822808602349 0.24627361873984 0.111545600652018
0.366096897416379 0.19121455416221 0.03209229629799 0.0081700956959671 0.01447962513423 0.387946531293224
0.0635915399324168 0.238617983024019 0.239323346760333 0.282914404350624 0.00898465633773115 0.166568069594876
0.252238309759614 0.254627877452575 0.24339945142282 0.0401124365387221 0.018384976995942 0.191236947830326
0.155196956132568 0.272769707006171 0.0839216359022122 0.271794560114305 0.0644791329777005 0.151838007867043
0.135874555990351 0.137761893316421 0.0568022534658498 0.124889499059324 0.289912367547775 0.254759430620279
0.18224609007605 0.208415869993625 0.261402798592989 0.228873406677482 0.0217131149946877 0.0973487196651667
0.2446976589651 0.133478498121291 0.0159718417553442 0.045572076044681 0.269477942803152 0.290801982310431
0.0378731553431624 0.0778219620576674 0.298463192673455 0.317885654819233 0.0308643615969483 0.237091673509534
0.141884800858286 0.121941342263649 0.248313017775947 0.314492289619471 0.0249599615582427 0.148408587924404
0.0024607232767328 0.255832172582408 0.244116760785947 0.130709678315994 0.256011167265968 0.110869497772949
0.23710658619069 0.161868852971832 0.131831100479809 0.108625751906596 0.0886168051476706 0.271950903303403
0.0914570192831182 0.167691988785603 0.102140768246373 0.198583037478743 0.263221467131389 0.176905719074774
0.158273492650317 0.181092534150073 0.273520593904417 0.214631343857071 0.142946773374775 0.0295352620633482
0.0839535099568813 0.13921389352157 0.134422933640411 0.200953859355928 0.22887681772153 0.21257898580368
0.156773623135873 0.228692632733218 0.304999455348198 0.207194973179313 0.0111853840751073 0.0911539315282908
0.089055824798573 0.236215386541134 0.0361452020757613 0.210038287728921 0.186453597184731 0.242091701670879
0.150418317458322 0.155003142182025 0.216449196856651 0.24162673629826 0.0241090705757889 0.212393536628953
0.194273556975733 0.121743712223594 0.254048818478268 0.0971567002359845 0.247236627054673 0.0855405850317472
0.0327534205370709 0.292421789509873 0.0963092772095658 0.237691376259124 0.203391688055535 0.137432448428831
0.295107271035004 0.0104239058570369 0.284074699583925 0.165392191650293 0.148439921528441 0.0965620103453007
0.287706600234985 0.225210258383127 0.21779766846147 0.141902484350924 0.0283080902545428 0.0990748983149515
0.172388588249593 0.233188636549432 0.0800195889269392 0.270091419968751 0.106952094164833 0.137359672140453
0.170317097043196 0.221308015148996 0.199192768035768 0.22792394700451 0.102148873724596 0.0791092990429344
0.170689323976737 0.113218973443342 0.128370214146798 0.174805761830315 0.248466561922088 0.164449164680719
0.198493676515495 0.209844420345849 0.219991445986589 0.0939406237266241 0.245653667826584 0.0320761655988596
0.181832630208106 0.196897395955989 0.131882165414438 0.197419800968483 0.0582901140911634 0.233677893361819
0.224885479851398 0.0587696101891201 0.0445452713811157 0.279993388059623 0.0361908599312272 0.355615390587515
0.258278111796954 0.222506708828866 0.0717776669414864 0.264067690970718 0.105084288104329 0.0782855333576464
0.207083734770803 0.189141991229566 0.257058773816292 0.0153122825641186 0.0398956030081129 0.291507614611108
0.207263037165696 0.181804042442882 0.0385122523040017 0.0247455740590594 0.261688093789963 0.285987000238398
0.327985545439269 0.072608952248237 0.0517693039333509 0.280784653311608 0.028187567546944 0.238663977520591
0.0244936908113777 0.242593915519601 0.0776033286183237 0.144952032845161 0.260181926464982 0.250175105740554
0.467085954388583 0.362137037869563 0.0698145955878667 0.0623551097059045 0.0343801724743154 0.00422712997376773
0.2623228342336 0.0803647527050901 0.073322692457323 0.249225577800788 0.110658040575184 0.224106102228015
0.388174756452962 0.028800643904166 0.0446801273191182 0.0541989805856145 0.304474254607979 0.17967123713016
0.24269190320154 0.149600789772744 0.15410429694631 0.204437277071666 0.158013143929544 0.0911525890781961
0.204487658342452 0.20394132236029 0.201443395484173 0.114816404404277 0.172585729230493 0.102725490178315
0.308571316330959 0.0182646240840553 0.0568914208281432 0.0363140983843135 0.207111119499544 0.372847420872984
0.0790793409395955 0.245516119111829 0.217585247114814 0.215194925612104 0.168695105704071 0.0739292615175857
0.222810518975407 0.000381566793307018 0.227842803714514 0.14327404205214 0.141657177562589 0.264033890902044
0.127955157290696 0.204567414438504 0.0407149595035753 0.259453029600625 0.296793431245789 0.0705160079208108
0.179263330094382 0.112807381684647 0.24362645275132 0.132454361414998 0.14286151207294 0.188986961981713
0.322248466707004 0.130263833373542 0.00109226111077531 0.307757070929708 0.141509820343056 0.0971285475359153
0.171810992956042 0.16320288228973 0.249879986560863 0.197823808776163 0.119658386728603 0.0976239426885986
0.179353366618751 0.152694671622696 0.0031739139228371 0.169681034367326 0.234648838049073 0.260448175419316
0.26782237954405 0.0892517349836218 0.0512282861989096 0.482715038825292 0.0781645849655545 0.0308179754825727
0.244321826050996 0.217903760650031 0.168834132609451 0.128850619172137 0.141153683130628 0.0989359783867575
0.0863378057960041 0.186121580062585 0.267022275235472 0.236797556148235 0.223397608901265 0.000323173856438901
0.149491335835103 0.256676003300522 0.0752135735339203 0.239995137279611 0.177565620315633 0.101058329735211
0.24594136096571 0.0844046036503824 0.226577428279114 0.215242698804451 0.130966961144035 0.0968669471563075
0.193862418708659 0.198479708905405 0.223469116680269 0.0435762712697185 0.17084181606427 0.169770668371678
0.0435133326436076 0.0747882790142343 0.19313724961449 0.123045829358521 0.278166812036606 0.287348497332541
0.125307830259756 0.12760941241941 0.307041355966925 0.21027194109524 0.0890688351835568 0.140700625075114
0.262175711363691 0.0338944604695666 0.153589225156833 0.0486954189957702 0.403180944208661 0.0984642398054788
0.150972397879781 0.183319835493709 0.0350880551688989 0.18330465147978 0.260604879126816 0.186710180851015
0.17346049699645 0.168021409321255 0.135328224571716 0.278351259563653 0.00294985860002173 0.241888750946903
0.109770725407456 0.126623500459578 0.0631790706778033 0.369241063169538 0.209882769646418 0.121302870639206
0.251791371911017 0.245970276128009 0.0345023363397243 0.118253228813061 0.334046097372659 0.0154366894355311
0.123917426744395 0.231545932275473 0.199769007759243 0.172349476592364 0.233191875259368 0.0392262813691559
0.23301619930385 0.171169606882549 0.00768645774567667 0.0285519545515253 0.296178452997843 0.263397328518556
0.162699770870471 0.271191794011075 0.151387028833335 0.00200193192146412 0.250681905235363 0.162037569128292
0.188362135879771 0.218159364396674 0.123602669029865 0.157641432351794 0.213293595841748 0.0989408025001485
0.240744715735009 0.118016148125229 0.0498080560964828 0.142297050055268 0.191089608691695 0.258044421296316
0.120777124208216 0.130695799430598 0.140901508965049 0.246020696015544 0.247546118971064 0.11405875240953
0.185737726425527 0.220929355454953 0.119790862420849 0.0949458673952818 0.197432352829025 0.181163835474364
0.159733476370313 0.185390914427793 0.183153498610421 0.172253126612616 0.0587621354682379 0.24070684851062
0.248332329603453 0.0222409510998171 0.105779359405376 0.159113500994191 0.213128607816166 0.251405251080996
0.20627657775912 0.195811242313174 0.0905995835470313 0.179636945287511 0.107405435808402 0.220270215284762
0.142913238189968 0.243964369880353 0.154978554004732 0.226179563202327 0.1979833279214 0.0339809468012203
0.177381098621699 0.00679468630316271 0.00585839309906665 0.389388172751714 0.238872027293202 0.181705621931155
0.150336719378427 0.111057151012369 0.225416389679861 0.106035171386527 0.221123949883549 0.186030618659267
0.218277723900672 0.221819911565794 0.249239094207333 0.0982772483123616 0.092641102058196 0.119744919955643
0.318240784147038 0.119915747396737 0.0795353493754793 0.120873933432552 0.174731313723193 0.186702871925001
0.200494086146832 0.135013986956873 0.186426837635176 0.108005855864319 0.188788893842462 0.181270339554339
0.229442268365415 0.167992963690502 0.0254427854614528 0.268282606730231 0.244218567556548 0.0646208081958511
0.115562738433587 0.22880346298301 0.214961080899361 0.128569832943579 0.251058005532759 0.0610448792077041
0.147836722738378 0.0972240474655191 0.147003973432825 0.298299987460277 0.208584046732258 0.101051222170742
0.258603730907629 0.316827269461062 0.131297121483925 0.0142890443559855 0.258269391958518 0.0207134418328792
0.138333383619178 0.16649084439311 0.185171281400171 0.250485095321192 0.160969789379416 0.098549605886933
0.117504137550112 0.107660324498722 0.280910122237995 0.00295709762726562 0.237747703599842 0.253220614486063
0.190898243987779 0.206859110061654 0.180623834562208 0.130562547359907 0.234772620562105 0.056283643466347
0.179915662206741 0.192027256077867 0.119316012935983 0.19855947251403 0.246681792432393 0.0634998038329872
0.250697329555222 0.0415659084380738 0.174546444266924 0.102993761302479 0.134738381959883 0.295458174477419
0.178277715220279 0.134355769939552 0.247177736233658 0.120483129771145 0.20840723315355 0.111298415681816
0.0544327258334318 0.360296113299299 0.0991097958442991 0.0293000337230247 0.172691887322886 0.28416944397706
0.0677382529130501 0.295966485626322 0.241177462147067 0.203454906475319 0.0678369486605213 0.12382594417772
0.233849215426031 0.177401975501369 0.138784810145841 0.107322282060434 0.221275318489109 0.121366398377215
0.231532001716976 0.176401019694167 0.0370404710884515 0.127807835162988 0.200436352296355 0.226782320041063
0.242670914900045 0.272994459312986 0.179711936860319 0.294547341927013 0.00628548375619943 0.00378986324343868
0.206645553476217 0.199756293917391 0.137262907365446 0.208041831080083 0.150748870564002 0.0975445435968606
0.186925083602896 0.141414486309356 0.125443170252996 0.22579074499613 0.102959663518245 0.217466851320377
0.282077340982486 0.0552580962645846 0.278129310486198 0.13962137605665 0.0827050984530656 0.162208777757016
0.24304095026053 0.249850807317466 0.145592048435214 0.0889613917717088 0.222083117353569 0.0504716848615117
0.128347156582151 0.277642155623261 0.182828650148516 0.119095185740801 0.0978028239258821 0.194284027979389
0.252875459983856 0.194313382099106 0.0445561052274655 0.222556412353603 0.0907671242477713 0.194931516088198
0.15097245289873 0.156940316080154 0.194086959245807 0.30665867685939 0.156798318191407 0.0345432767245113
0.16821575130478 0.278863616983201 0.0107175786032879 0.217719127096363 0.168873455385199 0.155610470627168
0.298194054886964 0.0725885890091361 0.0995412052851406 0.0117683872313891 0.290114866673312 0.227792896914059
0.0294223096844594 0.348789882123868 0.00193520983997354 0.217955079638246 0.114900042720095 0.286997475993358
0.0651398607475578 0.138959385281004 0.288203115672259 0.0696543577603846 0.149854216796481 0.288189063742313
0.186881553582914 0.214643858326409 0.0795913905216755 0.421265054669173 0.041547692471253 0.0560704504285754
0.270247077096901 0.298952013758316 0.0228200652849938 0.00447771916453384 0.387691902754753 0.0158112219405014
0.00526130226115953 0.291238762369039 0.224419463673437 0.307094347167781 0.169423705226662 0.00256241930192153
0.244016960515174 0.103173929547098 0.129142136652892 0.307904044359898 0.0690298367546523 0.146733092170287
0.274988059465007 0.0168953890634316 0.347358954815789 0.00266620099581752 0.28519861225076 0.0728927834091944
0.078198028574595 0.241948686922166 0.0879503727840142 0.1997365596017 0.0981120688577491 0.294054283259777
0.40862972521644 0.152357835382799 0.0717120333816624 0.141404361842013 0.153329356498081 0.0725666876790039
0.0708848597062674 0.395199195516032 0.230222958956684 0.0827805622595645 0.101166811268398 0.119745612293054
0.224430383385339 0.124547326102741 0.105229853029218 0.236202247611194 0.239155800729074 0.0704343891424349
0.0554856888726571 0.182124076196575 0.315263055825904 0.157803779786106 0.224215525417174 0.0651078739015839
0.231719917029392 0.248987522392154 0.0125537858166014 0.198610005030005 0.125481213625829 0.182647556106018
0.0395317882919833 0.089135545661126 0.289114886184909 0.00801186591818522 0.241043033392349 0.333162880551448
0.243575619733501 0.248828368379459 0.0190562706809683 0.0618359964384827 0.288901211812539 0.13780253295505
0.259546337699627 0.108479913852065 0.270528883726269 0.0852527805741732 0.0012530229600615 0.274939061187803
0.174501063932595 0.0404369566905858 0.0658558141964722 0.28842577109356 0.15839996484818 0.272380429238606
0.123133743444336 0.106536901300812 0.0117993485263708 0.273983047293304 0.239728218391935 0.244818741043241
0.0892622810362635 0.219983827632655 0.0155466920562062 0.261179284222271 0.0823436360616285 0.331684278990976
0.022931860078754 0.294110528450855 0.0868008837824198 0.243023666601873 0.100179547083808 0.25295351400229
0.00658375195523522 0.272786735094875 0.266034317963408 0.0583820851507239 0.127176480541371 0.269036629294387
0.124342571355214 0.204523769105983 0.318634915408752 0.00827537950445766 0.0698471971568345 0.274376167468758
0.24651717079644 0.0823728497126013 0.0154648271168207 0.20791469351231 0.267200675842592 0.180529783019236
0.228901006830437 0.144717840081488 0.0103849160005181 0.213885571096756 0.163662704877665 0.238447961113136
0.245718060770518 0.144427713665584 0.15308954815449 0.207080952701803 0.247812257842471 0.00187146686513322
0.321655434004051 0.314291390779105 0.129110906768345 0.0802451577569332 0.0824561615589958 0.0722409491325698
0.212529061805425 0.155274840036081 0.0546849708225727 0.151967844042355 0.164353274813258 0.261190008480308
0.387103339806924 0.368201895955834 0.0190060266398927 0.0197202581218668 0.013380198186998 0.192588281288484
0.196472183962268 0.130943479885782 0.0457623590809627 0.211204558656323 0.259791403349608 0.155826015065058
0.117564920029357 0.218167167244747 0.120134816112229 0.101991338508752 0.286629231584743 0.155512526520172
0.065077501177696 0.104065238980448 0.270527875617316 0.261329400959532 0.0944952790261438 0.204504704238863
0.243092890814735 0.185529086239712 0.189975768350301 0.0923349226511297 0.201401945990079 0.087665385954043
0.0878333454924763 0.221486543525023 0.00693167611569521 0.227393644416025 0.207570895823622 0.248783894627159
0.17564173920837 0.167060488007634 0.227067586003361 0.151723110116439 0.0285408327696922 0.249966243894505
0.31660583880817 0.19093843627551 0.0853663651256007 0.000560073538122504 0.251150159049315 0.155379127203283
0.0933044264763473 0.128307004500705 0.111692643825632 0.180365437297393 0.165374453100402 0.320956034799521
0.227222805000762 0.176693823981806 0.116338773271185 0.137159526851443 0.236773757570198 0.105811313324605
0.264590007231901 0.186150467525367 0.206600353280399 0.11690826602629 0.196119218621589 0.0296316873144545
0.181910078560366 0.186623395680077 0.200648006237999 0.185737064260163 0.0419562017658878 0.203125253495507
0.271495733147142 0.0831207014369345 0.0787794501778823 0.322408596184178 0.019176283468891 0.225019235584972
0.119834969175627 0.145029049527836 0.0869007124750426 0.212145706256719 0.2618181778573 0.174271384707475
0.174005306516275 0.050845295045267 0.255291064449633 0.0686848423447876 0.42817982679902 0.0229936648450184
0.0357257396436275 0.206371177121892 0.191066191621621 0.212047495503154 0.202336518587251 0.152452877522454
0.228835931020477 0.21147964067749 0.150158433656666 0.179974726700279 0.0652841369310166 0.164267131014071
0.33954163629176 0.148315860635772 0.124092145402158 0.0915474606170822 0.0833095023454467 0.213193394707782
0.231463559776082 0.0266074675219375 0.244694061563724 0.104354823008897 0.198696311394093 0.194183776735267
0.0329647168353577 0.0154639193984468 0.320211696343495 0.329866821963505 0.070252462432283 0.231240383026912
0.267772551154503 0.194861207347874 0.133816750105991 0.0903337378469957 0.0615989989442571 0.251616754600379
0.0906811154540958 0.214605932488082 0.251156955270192 0.277609729615826 0.0814130094777018 0.0845332576941024
0.0200465600367999 0.020778378234865 0.120070274816397 0.263619981529404 0.262220924392383 0.313263880990151
0.0565600757241855 0.295145508876946 0.334148873580151 0.0204048391780831 0.287458809894193 0.00628189274644225
0.0215642809472224 0.149590782303073 0.28328118978193 0.0836857119694 0.164057820768772 0.297820214229602
0.201830644514687 0.139387148822207 0.0466453240382157 0.189717994142616 0.222474978644774 0.1999439098375
0.233050140890758 0.149331116064496 0.25943580808637 0.0917249860659761 0.247650204994627 0.0188077438977733
0.298981134914025 0.298790913058488 0.212043629928297 0.0646817335155777 0.0350621860254617 0.0904404025581504
0.154864575703331 0.0632522514925752 0.14320887322851 0.112948601421958 0.248403816592807 0.277321881560818
0.161471123310086 0.349648836359267 0.0166875203611842 0.0394863874792636 0.112387765151812 0.320318367338387
0.101517740430151 0.190316042231305 0.308946814801018 0.282384897556736 0.0552276312756557 0.0616068737051354
0.0600127237862254 0.16496877620674 0.282695987498503 0.221644401363262 0.161562960047632 0.109115151097637
0.311572824106989 0.0195933416658497 0.456757044148196 0.127092961827641 0.00640761992386084 0.0785762083274638
0.0431427126776426 0.161291881939075 0.203383177518516 0.228224512391282 0.20503084200451 0.158926873468974
0.28252585158297 0.0636035869106596 0.190304851211326 0.289487606604077 0.146906599835422 0.0271715038555455
0.351567255515589 0.106280670850109 0.0120473490973254 0.039367817633755 0.347761993077263 0.142974913825959
0.124093258942363 0.0501415145501901 0.275816682811628 0.0867152972357199 0.142592616176139 0.32064063028396
0.135091163345482 0.0862911513650785 0.00901398529308871 0.13057462845572 0.0612877354624197 0.577741336078212
0.188972759391252 0.192386605591484 0.290833807566812 0.258576517154247 0.0447974075793723 0.0244329027168317
0.129679702257627 0.191529602269991 0.0458661101160158 0.18682551789551 0.287582247341808 0.158516820119048
0.00873431539455278 0.129050886788056 0.154882471445294 0.180476834294561 0.469964423993084 0.0568910680844524
0.234056191765752 0.0306655495612653 0.224354739320519 0.113100017129768 0.140055508797902 0.257767993424794
0.0803361186233868 0.162023500784089 0.00218812010085192 0.237663051677795 0.367676710593398 0.15011249822048
0.0838776556688536 0.0737417181029169 0.0653118193996798 0.225850007735992 0.154911005007307 0.396307794085251
0.236222984870313 0.135993922879976 0.110433719940156 0.194605463226858 0.158020199206707 0.16472370987599
0.172732524528958 0.177058641227921 0.172659015238783 0.263123832921772 0.0769452602271326 0.137480725855434
0.198981438462537 0.198177287558204 0.1667739306398 0.0398478642575174 0.135364682543181 0.260854796538761
0.153834982486834 0.184521438735125 0.139354339057589 0.130331788367705 0.220808809481923 0.171148641870825
0.076639713801826 0.0676256897883347 0.101542295498569 0.377310806581988 0.259964822018145 0.116916672311137
0.315886305936845 0.0574621575711228 0.126138102486724 0.0906839550518279 0.15803867290909 0.25179080604439
0.088816304659981 0.210066060810722 0.242742161330958 0.0761539772153089 0.221726128119458 0.160495367863572
0.319532321584237 0.104482803837064 0.294640543773152 0.108096565840799 0.156856259816895 0.0163915051478516
0.269611274074203 0.0232087645466995 0.0311593581259091 0.182152432722968 0.212226521467823 0.281641649062398
0.283444913250429 0.0341297577662031 0.296656975109304 0.246589764084902 0.118003852679414 0.0211747371097477
0.000493156457558158 0.169076918712547 0.109841535163955 0.2458284853137 0.207035349845892 0.267724554506349
0.0426251252662913 0.187616570443396 0.139875386875432 0.0555138931434256 0.365067252047691 0.209301772223765
0.166055990324603 0.0507211627902243 0.135884418887879 0.251812853931252 0.189296264226095 0.206229309839945
0.136520715540016 0.192801383394722 0.169597955203023 0.187970734600386 0.188865007244875 0.124244204016978
0.321134293496986 0.0875203666396991 0.339730603957204 0.0129196379244464 0.224796831667039 0.0138982663146244
0.327590303396761 0.226107989121975 0.0344727809640575 0.097339287711079 0.109549139884559 0.204940498921569
0.218458145737363 0.274612243517178 0.161579149286792 0.140693747681603 0.0879294350816555 0.116727278695409
0.183167425333532 0.151489283058784 0.0736803517177014 0.334577147856094 0.0214379104291842 0.235647881604705
0.189849678334811 0.152645252262517 0.254376969320956 0.207594828002234 0.110082499484602 0.0854507725948807
0.0306320518863085 0.1082121395372 0.305689182403757 0.319661874730724 0.224640221596893 0.0111645298451177
0.477186909702699 0.0464426040837215 0.0599079948862792 0.110568422179574 0.107818275891903 0.198075793255824
0.216269412937465 0.163641635017812 0.273539436134516 0.104875724243798 0.00886280529207978 0.23281098637433
0.0331447009930816 0.416001325418645 0.247566733574676 0.212774834342574 0.0230862450918023 0.0674261605792208
0.0403562004083807 0.218434079108971 0.280234220393191 0.113650893313016 0.0790375359997558 0.268287070776686
0.102742486246826 0.180118562544961 0.101380899181479 0.171723563569688 0.311048899018375 0.132985589438671
0.0366242007553107 0.00488278912858433 0.130011026662527 0.32691932249118 0.242988080591583 0.258574580370816
0.17906958437856 0.143730118970443 0.17036566913272 0.0421392072504826 0.187547937357302 0.277147482910493
0.0484542112092007 0.290064179943179 0.137413460130293 0.27788427968035 0.0433001421084172 0.20288372692856
