0.0750404836080937 0.033832457126663 0.746664882046099 0.0334140170007643 0.11104816021838
0.305657231989235 0.200839967567053 0.306092109886234 0.130420609339279 0.0569900812181997
0.107788561542305 0.303583316012554 0.167057871420021 0.249893666289746 0.171676584735374
0.236964537449162 0.0749796787874444 0.294903369634828 0.1685529700496 0.224599444078965
0.102054960984945 0.208007523633836 0.0613617640045256 0.609519974983897 0.0190557763927962
0.10224623027829 0.0827548511598307 0.0678773694195395 0.390509732120872 0.356611817021467
0.218542539526375 0.260363404698676 0.180394837850512 0.154540497829857 0.186158720094581
0.126243668930762 0.0812403690529073 0.321156728947119 0.361984375861677 0.109374857207535
0.21614478160465 0.305196761118397 0.186174255405204 0.210267593609839 0.0822166082619107
0.395622022044445 0.0775842524366527 0.00706337081526342 0.305650685303294 0.214079669400345
0.125876171204833 0.340828378184942 0.0299451104176754 0.241329364604961 0.262020975587589
0.273176695305032 0.294904059171361 0.121911044987755 0.261649082467181 0.0483591180686695
0.226278470166067 0.227555386350718 0.225443927168212 0.100105944719372 0.220616271595632
0.1105615069336 0.385273795736809 0.208979289627934 0.0492020963457615 0.245983311355896
0.16304218243699 0.312490780012946 0.297612804126309 0.0971972869098595 0.129656946513895
0.247523610194489 0.253369228127422 0.15676182260341 0.207670085344506 0.134675253730173
0.16521361450195 0.102030380587663 0.279439959549372 0.246166478643915 0.207149566717099
0.034353896721755 0.153360726050763 0.198216414298438 0.0537268546796947 0.56034210824935
0.0754932653249059 0.347176575192984 0.292005635918737 0.137505811016712 0.147818712546662
0.629717044755581 0.041555528967026 0.132425748932491 0.148546027596552 0.04775564974835
0.321617175575809 0.221802521679649 0.226889683046709 0.175996706994749 0.0536939127030843
0.1662709936874 0.010013459403092 0.279019656092573 0.317090395228636 0.227605495588299
0.29424670006726 0.136723169929139 0.0255688509454651 0.387496427133315 0.155964851924822
0.202823694629798 0.166796425210257 0.104308438703398 0.297865523837179 0.228205917619367
0.0782883198782752 0.303205940934146 0.249485577667958 0.179938706455895 0.189081455063726
0.24025348753412 0.202257507587411 0.230210575088111 0.116260589712317 0.211017840078041
0.427825116095909 0.115904587549041 0.074233116318549 0.141952932138464 0.240084247898037
0.317580501966778 0.0711726868040746 0.317540385369908 0.0321977634269123 0.261508662432327
0.233431516096729 0.336273275788122 0.203016319916829 0.0141387886729834 0.213140099525338
0.107282548348015 0.0668935879093497 0.0897161036125563 0.0781489739728638 0.657958786157215
0.208780691520728 0.202345381340179 0.131843923724447 0.258899497014628 0.198130506400018
0.208331568262212 0.282240827760558 0.0144531437625865 0.296382967419895 0.198591492794749
0.0906688344820875 0.0216515734313439 0.419570089104665 0.41129323454445 0.0568162684374534
0.234164356413286 0.271497166821118 0.190042118064799 0.146415353335613 0.157881005365185
0.273242688111235 0.215690957782515 0.302914923051843 0.188060383218906 0.020091047835502
0.156207690488932 0.312753526233607 0.184880713394122 0.0494809891590235 0.296677080724316
0.0713513121895663 0.255279610074937 0.480455906409488 0.126165273218436 0.0667478981075726
0.0933143997640035 0.0172761122916897 0.302758967212395 0.336783592538836 0.249866928193076
0.302014760832104 0.320775728183829 0.278038051802898 0.0243540320509133 0.074817427130256
0.00345579765821929 0.38061000934337 0.0906278730943537 0.236486253017947 0.288820066886111
0.201571802282122 0.201132712466056 0.200870535432608 0.170094721989279 0.226330227829935
0.295643258146577 0.147307074097545 0.012738683096359 0.283074336784203 0.261236647875316
0.161888656014893 0.0503231239548276 0.316124854267962 0.109643487045902 0.362019878716415
0.283523039624781 0.271458490039774 0.102599559116336 0.0247758936476531 0.317643017571455
0.18791822399659 0.292768633299147 0.0869033224177121 0.12490911652064 0.307500703765912
0.0111350058221294 0.181775573571461 0.423360170396711 0.0195222719559877 0.364206978253712
0.000779580238846542 0.201776119002538 0.206583054785506 0.285362192265131 0.305499053707979
0.167414598331064 0.378020102852506 0.0985167561745414 0.0259530205649171 0.330095522076972
0.191191955334334 0.14968018716361 0.342744330867842 0.096572850826632 0.219810675807582
0.211802195540879 0.316395269845939 0.133807160853766 0.0280913691033701 0.309904004656046
0.331207188537796 0.309994930285464 0.136334619004149 0.137003144578136 0.0854601175944546
0.233458064177636 0.245836741166936 0.241537842615356 0.267056379443962 0.0121109725961085
0.0596371164028396 0.35121764819368 0.219298219305066 0.205452795284158 0.164394220814256
0.315447609129135 0.222168847397261 0.0999323287242857 0.321760748312264 0.0406904664370547
0.386995246506816 0.0383573523316881 0.0673788320489977 0.155633520992755 0.351635048119744
0.0518352786924137 0.168224628448338 0.250562732405756 0.278514660689412 0.25086269976408
0.241252088939494 0.325807922947886 0.0671292306740256 0.0637336025575182 0.302077154881077
0.0743802583913785 0.368059204162161 0.342535439007837 0.10914017147112 0.105884926967504
0.154057625796617 0.254950701246496 0.0651291072698993 0.340586512587109 0.18527605309988
0.332463049561806 0.116465747295025 0.340971153172457 0.111460534960715 0.0986395150099975
0.195064430948649 0.128876805137323 0.212139932378531 0.247111605995841 0.216807225539656
0.105345163566962 0.0622374981434243 0.334546746857866 0.120263612976685 0.377606978455063
0.209644633308564 0.295721091817639 0.301020487999302 0.165114094832843 0.0284996920416516
0.0264216285712328 0.371634003749244 0.0799945308072466 0.349915591538002 0.172034245334274
0.178033851473281 0.352471493412834 0.30716393714341 0.0940553591402903 0.0682753588301846
0.0463988813987405 0.10138904396117 0.50212546186047 0.0930355057059239 0.257051107073696
0.160426286358713 0.271134152376016 0.0604175335435195 0.311374373555618 0.196647654166133
0.324227657711075 0.26646900653779 0.20980141091617 0.0152430360151181 0.184258888819847
0.224438893700722 0.0863012445630283 0.137567791771385 0.260036410884651 0.291655659080214
0.0950550755212668 0.119376428856374 0.113792214080317 0.262598850323605 0.409177431218437
0.245442779984867 0.263149757076381 0.191261913359962 0.268197523316328 0.031948026262462
0.448697993998582 0.335771860863478 0.0297687614933469 0.113980107195386 0.0717812764492068
0.0822284962250054 0.335387703682406 0.33337386998435 0.0460427403496688 0.20296718975857
0.132569696656782 0.228370306759581 0.264285894438909 0.219438288040669 0.155335814104059
0.14354144760368 0.113525569147335 0.289458267753542 0.236653823599729 0.216820891895714
0.329197002963401 0.260134777273356 0.0162155213693691 0.23743439172926 0.157018306664614
0.219604516256454 0.234455011346807 0.258425312051008 0.0366366693661677 0.250878490979564
0.292330936159729 0.194585857135646 0.31401569665009 0.0594193826948487 0.139648127359687
0.15701203973243 0.278015430620717 0.145616620872702 0.168674446873491 0.250681461900659
0.0544389629851775 0.181747714223957 0.300246337760589 0.0984175130082986 0.365149472021978
0.30708104403745 0.086687237214799 0.208189866920757 0.0837805273513359 0.314261324475657
0.238337885061129 0.0344938013973099 0.377514903626438 0.123057288520799 0.226596121394324
0.189972094751515 0.223758013836844 0.191096141546342 0.260786536682356 0.134387213182943
0.319470508687128 0.270540270906592 0.142394318619896 0.0252528803465085 0.242342021439876
0.190760375319729 0.173083413792874 0.16888650868258 0.213052011230798 0.254217690974019
0.032499346692275 0.449659361297196 0.00434393072863177 0.296751844463527 0.216745516818371
0.09046532851008 0.0438954972883568 0.169355861606148 0.287771450193865 0.408511862401549
0.413722840828933 0.076544084461605 0.142091670061348 0.230582829735095 0.137058574913018
0.13754392328346 0.220634043711385 0.377361966949026 0.193806294896262 0.0706537711598672
0.305039912629404 0.318436645366329 0.0577465224431867 0.0222771928875083 0.296499726673573
0.144651091252553 0.106942605094634 0.350151385719058 0.0752765323022326 0.322978385631522
0.224248647710665 0.107397334944766 0.290942281129128 0.275487145681355 0.101924590534087
0.272773820675181 0.0774985451097141 0.208676443739464 0.270206865139655 0.170844325335985
0.331921620155195 0.132391748642136 0.021490021551455 0.10794043299807 0.406256176653144
0.113582255227096 0.247380391124763 0.268159391960706 0.0874800951912313 0.283397866496203
0.0382237586894142 0.318411682756403 0.233565727165018 0.282518769041051 0.127280062348113
0.11250587760479 0.440996075759527 0.349420086279672 0.0871025380861464 0.00997542226986446
0.206718549962984 0.37575882126381 0.157739939401901 0.174474537906113 0.0853081514651912
0.0634704676358847 0.250300975744339 0.122290108336518 0.322094456690595 0.241843991592664
0.25536725748274 0.587403766142432 0.0645860567978506 0.0327936130114152 0.0598493065655622
0.198998101740616 0.187423964232916 0.298215281534755 0.204298426095353 0.11106422639636
0.00707367536563626 0.322425367330836 0.233771597103669 0.174796652802129 0.26193270739773
0.245820322917734 0.210882581274388 0.208420646317953 0.194154494653427 0.140721954836499
0.14744656610965 0.335815523034389 0.185989023688626 0.0333449908156939 0.297403896351641
0.264555090829724 0.0642686717891227 0.351040710771956 0.159610717917136 0.160524808692061
0.0188495407960376 0.322085032901214 0.128578014001834 0.351877438085396 0.178609974215518
0.171258459906129 0.164190418250974 0.10459512125045 0.224778158664996 0.335177841927451
0.00898010342169471 0.035370353416959 0.428674025042361 0.20906061494845 0.317914903170535
0.165770080637403 0.134619345702805 0.22892900815986 0.219643818831682 0.251037746668249
0.0249084683174858 0.313849369054217 0.0383048738265499 0.238404166287576 0.384533122514171
0.167698322783528 0.28922515755967 0.260051198968079 0.223866838732556 0.0591584819561664
0.425349530729829 0.121564221298647 0.262542713501165 0.0231879381311303 0.167355596339229
0.0151225801498649 0.207602206563925 0.21473535160651 0.331086622091463 0.231453239588237
0.0305475708396771 0.36348841146819 0.300510472630289 0.141697024578477 0.163756520483367
0.17062560842185 0.327602029354657 0.259139163140878 0.0615981110795792 0.181035088003037
0.210073644387552 0.214460658563839 0.181610978053701 0.3501567099926 0.0436980090023076
0.174548693737881 0.208238630542562 0.0545971988144025 0.218973623605654 0.343641853299501
0.015810630736011 0.1880907889195 0.267493709559034 0.262809208344143 0.265795662441312
0.0327047392010211 0.0659965070048602 0.157963076885684 0.198677239034319 0.544658437874116
0.28204076177431 0.208682598063601 0.248838727856051 0.0851052270500984 0.17533268525594
0.264765078677096 0.120057163629747 0.295040211553383 0.152030002025628 0.168107544114145
0.0880779637482292 0.285102778373133 0.322755264301611 0.158359487720434 0.145704505856593
0.124250232236994 0.252248845607746 0.131230404430602 0.276261523975354 0.216008993749304
0.10677516832223 0.13620949283531 0.145999747147226 0.370087774392686 0.240927817302549
0.215316275888917 0.343978411292564 0.245544488148277 0.131101980289524 0.0640588443807184
0.016038310144388 0.344751240027849 0.425895929422047 0.147412128902732 0.0659023915029839
0.171470557752053 0.316222603634249 0.0863818705625861 0.289275621345775 0.136649346705337
0.154334333011114 0.2468228353929 0.175378059291411 0.035982517168889 0.387482255135685
0.262847831475697 0.254077757094362 0.0069623710885441 0.103835854981693 0.372276185359703
0.375723664894785 0.0599243606772196 0.170201100830051 0.307276938826857 0.0868739347710873
0.0827826688125233 0.244408793481751 0.269551829181002 0.335747582849949 0.0675091256747748
0.208667564491605 0.0328014902742181 0.301487927411396 0.203287399663601 0.25375561815918
0.307309715406171 0.243019729946206 0.156890037121273 0.234003980137562 0.0587765373887884
0.285247124323772 0.0738052228482704 0.307386968877609 0.0901922871174487 0.2433683968329
0.475126959740133 0.131792081312435 0.160123544367851 0.0773173396772386 0.155640074902343
0.00453799851402063 0.244277702574161 0.213129066641425 0.327460643455148 0.210594588815245
0.35424982485733 0.113288815009099 0.203082031429853 0.297898994957747 0.0314803337459711
0.259264143976673 0.239411572155253 0.06783430167932 0.180248958943451 0.253241023245303
0.130435562740099 0.257101562453744 0.231627908472061 0.344349617071421 0.0364853492626743
0.416511421078719 0.349738320430626 0.16715973142209 0.0136110145884754 0.052979512480089
0.112825436819428 0.102724947752112 0.195330412639514 0.279873998180211 0.309245204608735
0.0930140503479511 0.313794896903464 0.194211781246044 0.362481023201187 0.0364982483013547
0.385211506679258 0.100959066100293 0.335268293245095 0.0530914990745716 0.125469634900782
0.132655876376774 0.231703913075341 0.236331254739771 0.234257453213444 0.16505150259467
5.29285737869955e-05 0.271486887499577 0.143982702400871 0.215051494925107 0.369425986600659
0.210811140711212 0.0562106741829075 0.400703451954752 0.1134523626619 0.218822370489228
0.0255387222235243 0.388711269939886 0.194278940666259 0.353682405558262 0.0377886616120686
0.160224084617158 0.241227561930338 0.26577974217203 0.23778764203329 0.0949809692471839
0.343708945170763 0.448823740208886 0.168475048625377 0.0225425169871647 0.0164497490078093
0.0319188880692982 0.152575092252166 0.176305019931095 0.305254091336142 0.333946908411299
0.351902493597725 0.131234836687938 0.176163950736343 0.24988192476434 0.0908167942136542
0.283881455739155 0.112349177816999 0.276052008811655 0.261532738476063 0.0661846191561275
0.249127719106714 0.225661961994493 0.238833015479582 0.0562167658443101 0.230160537574901
0.199186437953017 0.159673456136839 0.261645527514736 0.0135531812649827 0.365941397130426
0.0119288282622206 0.27681627004361 0.187971354769524 0.300946109891403 0.222337437033242
0.166273114865028 0.164622553414233 0.298017546505728 0.238675746155266 0.132411039059745
0.00715157748173719 0.281516786722931 0.139047702897534 0.322394474588119 0.249889458309678
0.0895776990510748 0.170917983414281 0.0659436975998138 0.274442083885885 0.399118536048945
0.376084795399544 0.0508113006999687 0.237505028375505 0.163765579927336 0.171833295597647
0.0143517099167516 0.331840113079036 0.233064594329271 0.107874660262219 0.312868922412722
0.161057244286913 0.333831120547581 0.0862124001087382 0.0938231972142626 0.325076037842505
0.195887792342981 0.171322957696983 0.212963305103681 0.0845568423749479 0.335269102481407
0.315951540882543 0.304582572797391 0.206346505326662 0.0614167187663736 0.111702662227031
0.0107825393637465 0.337425927376742 0.23484956116313 0.204433301680284 0.212508670416098
0.0690443306625536 0.305306496523621 0.365360861739458 0.197350829603213 0.0629374814711538
0.208061758580559 0.148099762900188 0.210419657179702 0.168601408594979 0.264817412744572
0.130008272624859 0.351059675281506 0.370760340898555 0.0395019118554488 0.108669799339632
0.104773779751763 0.162658215164624 0.293549549483924 0.217393957028231 0.221624498571458
0.167519067383995 0.235234235670798 0.250273226822062 0.10004061108856 0.246932859034584
0.099358867345229 0.266527105686201 0.158991214032454 0.266604958646726 0.208517854289391
0.0379734264348904 0.0254276664448025 0.0600182474802031 0.452740516049502 0.423840143590602
0.0499272791966517 0.214533996791477 0.182594921873078 0.424259121433196 0.128684680705597
0.343484003303975 0.0493053769622158 0.0315247022733052 0.271404705060007 0.304281212400497
0.16044612788361 0.250034493904726 0.171960043195434 0.257607179208459 0.159952155807771
0.197008344679905 0.0807255478482132 0.257696808364524 0.234790837206635 0.229778461900723
0.0880483207211203 0.436546710121887 0.0424782038561674 0.0355028588466022 0.397423906454223
0.0654266095459982 0.247973717533027 0.443837252248129 0.154832499816235 0.0879299208566102
0.0911315251491364 0.00559165698110159 0.309157668901856 0.347014361589851 0.247104787378055
0.318610152946582 0.272678319392064 0.210457579017002 0.171638810273045 0.0266151383713068
0.110369319332451 0.280055690142341 0.31872464524847 0.136698855239235 0.154151490037504
0.294424258491891 0.0887967746506109 0.208927044576875 0.332004013761369 0.0758479085192544
0.136959357082918 0.132750621092604 0.0691244541697522 0.314835377996129 0.346330189658597
0.130393286329092 0.272055567154399 0.223442367634804 0.178090275095376 0.196018503786329
0.0220821266098295 0.741897145350672 0.0197543725992047 0.143537754635605 0.0727286008046887
0.284042199321438 0.337569997932218 0.00872065526157993 0.161765870914445 0.207901276570319
0.175953019399822 0.28027340941319 0.00106036910509732 0.247967758868357 0.294745443213534
0.147784143951817 0.0263295581570677 0.507697803318477 0.124601507150322 0.193586987422316
0.344878181747668 0.0258533335264767 0.13124206156227 0.260076033684133 0.237950389479452
0.315779166465135 0.0840649300733424 0.0575747649086599 0.272760378362375 0.269820760190487
0.0981733552446206 0.0333942814264384 0.381603211543639 0.349065588762392 0.13776356302291
0.21395278190756 0.235514872133174 0.183161013578561 0.294090778515383 0.0732805538653223
0.180925169412461 0.0832653974027456 0.137394335493848 0.481880919008612 0.116534178682334
0.186271167111058 0.196588853713612 0.212330601746699 0.220901301725358 0.183908075703273
0.0229327924040093 0.206831507035883 0.138246595638475 0.236238408487593 0.39575069643404
0.117482856370464 0.154738300530338 0.0976585044354448 0.344926059939148 0.285194278724605
0.210989980485437 0.258135180234956 0.24270429056275 0.219687143676599 0.0684834050402585
0.281286186565084 0.0010840838122413 0.36278228904707 0.143610190811443 0.211237249764161
0.0668641058662092 0.0502856720145671 0.55472976292656 0.277462831754231 0.0506576274384329
0.0861654156270588 0.190620147770279 0.0771967491420941 0.0484628399161143 0.597554847544453
0.0386231911492334 0.138205845324488 0.341115934938478 0.209703278719339 0.272351749868461
0.116035033754907 0.265208392481216 0.0970076097414143 0.281024648547855 0.240724315474608
0.199351334030027 0.186208702633967 0.171953807310031 0.380359492373198 0.062126663652777
0.183089880806629 0.188274016532123 0.168769102827815 0.267665220700022 0.192201779133411
0.349046979530175 0.118425507381417 0.150239752336718 0.0301890621581795 0.352098698593511
0.12030710985179 0.0424385792627975 0.157881111965016 0.311353149986198 0.368020048934198
0.319011742247461 0.0298717369354159 0.100409279932999 0.258135393084074 0.292571847800049
0.285723733064569 0.137218668916171 0.162772501843069 0.282217942574136 0.132067153602055
0.0268682414204262 0.283480660308403 0.132920843232786 0.239348814130513 0.317381440907871
0.34778978073315 0.170310211833396 0.202920946633019 0.167339273485617 0.111639787314817
0.186798604614429 0.232509828999356 0.156076827731608 0.221761329785045 0.202853408869562
0.249737096987711 0.163887953105688 0.224854249160394 0.261619776332493 0.0999009244137122
0.263864942346362 0.145406073851427 0.146166998378413 0.174032632785101 0.270529352638695
0.205745147054586 0.178077659712913 0.442749319163411 0.0566386206776261 0.116789253391463
0.0111549494358358 0.339870639108203 0.428047053525779 0.0824841389419251 0.138443218988257
0.307281086319037 0.201379270423032 0.194700964830568 0.224613270602288 0.0720254078250764
0.261344389616292 0.0107919926462698 0.240124495938077 0.30129885567786 0.186440266121501
0.269949010244324 0.352910303406626 0.12009130998566 0.17073423517431 0.0863151411890803
0.126396413072523 0.235337627912828 0.262051986107783 0.359720382728756 0.0164935901781095
0.411251016127209 0.0725878416805561 0.253535100483934 0.164021663124286 0.0986043785840155
0.228919470444885 0.150747000073247 0.255022375047681 0.158544650019675 0.206766504414511
0.351833068635641 0.188592948125632 0.299262759916249 0.0716300725187147 0.0886811508037637
0.0175684576392974 0.0592539342777271 0.576753121106512 0.25908361747028 0.0873408695061836
0.170527057696918 0.00130309137021117 0.320618074521434 0.179344799921543 0.328206976489894
0.00369387530496329 0.282137334377105 0.0843599101394039 0.335986543637066 0.293822336541461
0.334994185386564 0.229542383069129 0.0538745310039209 0.206852169001053 0.174736731539333
0.116467493106279 0.327321522884997 0.14899357521337 0.0521997740451562 0.355017634750198
0.0528979718741839 0.343906211588418 0.285865435803389 0.0329432996997367 0.284387081034272
0.20203211426208 0.287052779134143 0.215270944141137 0.01365840731037 0.281985755152271
0.311936214120683 0.336924407212904 0.0676281410361036 0.0977065955849711 0.185804642045338
0.258641090380232 0.218209270978582 0.192883018152406 0.190570842255546 0.139695778233235
0.249612463618769 0.0895605679755271 0.221205590229324 0.375073351577869 0.0645480265985104
0.275597198325877 0.165765631548529 0.233897912385235 0.124637187609809 0.200102070130549
0.0990801459756585 0.152132175800906 0.195500141377106 0.387167476861948 0.166120059984381
0.250481396883856 0.272152734325137 0.212366407737279 0.0947533419349781 0.170246119118749
0.104375518109944 0.486846335957321 0.298312220941631 0.0772272390924156 0.033238685898689
0.281840341438061 0.13293784552185 0.0679024219133798 0.0590127514025887 0.458306639724121
0.311941102458125 0.0758290744827615 0.0280373879840836 0.350459930977473 0.233732504097556
0.202304443409134 0.201934915149089 0.166766226255928 0.205970442596148 0.223023972589702
0.07082045322633 0.42828501302959 0.195075776991172 0.226971971115326 0.0788467856375821
0.243079440144505 0.398229305948001 0.0055575772052508 0.216819867022175 0.136313809680068
0.227050062681665 0.167315366743244 0.197455425474692 0.306071232065845 0.102107913034554
0.280566970554461 0.366588513215948 0.0412595759904993 0.190606482385555 0.120978457853537
0.0825504030876771 0.312556920792764 0.349028933246039 0.0683649205334351 0.187498822340084
0.0264987837911226 0.267868018737963 0.282748173792963 0.055604275370614 0.367280748307337
0.0718905724347662 0.345859037467208 0.198447057979173 0.268779484499825 0.115023847619027
0.089818337977335 0.23699462244405 0.118977385941856 0.234151298558619 0.32005835507814
0.141310381365955 0.0891755458082019 0.147224514039171 0.344398574384005 0.277890984402667
0.293285500752694 0.0376752535807147 0.302315675900638 0.359582826526972 0.00714074323898143
0.504145879551065 0.0506630600810179 0.0293849193405499 0.0138728250165097 0.401933316010857
0.130425505348811 0.116236821198712 0.206707886866084 0.265180196989522 0.28144958959687
0.0392199803640631 0.279128580142442 0.15135757843205 0.262230201221993 0.268063659839452
0.419847434733002 0.107241410365694 0.0767144915047092 0.069500564628915 0.32669609876768
0.131472067116002 0.22080101431356 0.233405231341611 0.210010210296306 0.204311476932521
0.00483731442174633 0.0569784490017664 0.10386124777232 0.408564259403285 0.425758729400882
0.233184866820862 0.159998797685355 0.236702128905538 0.177613360034768 0.192500846553477
0.0479232262381089 0.417973969049537 0.179692048221348 0.135171343869043 0.219239412621964
0.149727526245219 0.46998014261237 0.105138492253778 0.0227897018181232 0.252364137070509
0.288489862517113 0.209717339220575 0.274298049758635 0.220424957269484 0.00706979123419373
0.0381990118307744 0.269047146100329 0.304264657667958 0.16749570238601 0.220993482014928
0.0803463966822838 0.0935740428389873 0.542838710369233 0.0747137661659737 0.208527083943522
0.109168026122499 0.311239812733739 0.0767950984079825 0.140506971981748 0.362290090754032
0.288475177057463 0.0411064704385422 0.231355921632068 0.106955156036133 0.332107274835794
0.241588221072826 0.0472536723737772 0.270487596960048 0.19193537327861 0.248735136314738
0.203582193888375 0.397160796570043 0.110273459411673 0.0698506919402922 0.219132858189617
0.257822908735386 0.213532881017476 0.174468526171977 0.169528500723536 0.184647183351625
0.0947665958403286 0.324595446651831 0.173158715843068 0.357372696823593 0.0501065448411793
0.281399498740353 0.0102834615613295 0.263396515510013 0.197007289938882 0.247913234249424
0.0812924338207315 0.0642165699561981 0.360247799935486 0.0265056235331138 0.467737572754471
0.306482107925608 0.246094401336398 0.16007617629717 0.0155920059566557 0.271755308484168
0.0667133566409422 0.473922748850204 0.0931188451155753 0.212351983228908 0.15389306616437
0.215471730503828 0.14201501381947 0.208735583100332 0.197204150268207 0.236573522308163
0.288251713392291 0.146155167467234 0.0176302139518935 0.348787225200602 0.19917567998798
0.127068722435577 0.0612250357538164 0.148780434191747 0.360988060267334 0.301937747351526
0.302814080767436 0.190007185163587 0.264414365659734 0.0481845810670714 0.194579787342172
0.0601067877893372 0.135315417144409 0.45821403888368 0.160112961200261 0.186250794982312
0.313950082881823 0.143738969410939 0.421861861115024 0.0178113096784987 0.102637776913716
0.210403573152795 0.298395626700833 0.183342335328058 0.282328378735794 0.0255300860825203
0.164420376147394 0.174789728977939 0.244712330996169 0.173182374841717 0.24289518903678
0.133390058200098 0.183222679553676 0.34584335661159 0.278920182400021 0.058623723234616
0.453779319903259 0.381279413102106 0.0356146772380803 0.0804077290233492 0.0489188607332057
0.432375496300159 0.160270561542137 0.175852792345701 0.0729685960781334 0.158532553733869
0.186681865804468 0.0555725214842428 0.00243576104656503 0.477813842262409 0.277496009402315
0.397573360039665 0.000307362894365288 0.166199606697828 0.217595613017026 0.218324057351115
0.20878528514864 0.0626798816004966 0.337736743033568 0.186056492756769 0.204741597460526
0.0852992123269599 0.252154572981503 0.307636821063582 0.21022317737846 0.144686216249494
0.378570241669149 0.119236536733477 0.0977616034234472 0.0898424754692191 0.314589142704708
0.287523118594955 0.0617621268493903 0.313253318854321 0.211031815764311 0.126429619937022
0.264128222245532 0.232412030737223 0.107368760563937 0.384102597466402 0.0119883889869075
0.2610287607829 0.379026128073747 0.00952559620670371 0.347936902207389 0.00248261272926022
0.170052848123336 0.513583176026542 0.0306479623686001 0.165128463601568 0.120587549879954
0.254491275996399 0.221393666658978 0.208378014825839 0.209819948549759 0.105917093969026
0.0294897397620641 0.215005123131863 0.362356921046359 0.147201793142498 0.245946422917215
0.148388207035008 0.249644636493955 0.391606267541788 0.138495369586729 0.07186551934252
0.301140833967055 0.0419256551684874 0.320331941816876 0.129214739411833 0.207386829635748
0.101087850774181 0.122116415362368 0.151402999403783 0.36212746670369 0.263265267755978
0.202118854990322 0.0489673024520524 0.251309556067749 0.356107823282984 0.141496463206892
0.124476076583341 0.359023034848704 0.285475812042957 0.0788981091919139 0.152126967333084
0.1328710851332 0.0853141165684587 0.411629591690563 0.240284266353133 0.129900940254646
0.0975969669873712 0.141587381740476 0.511953999819452 0.198888454541049 0.0499731969116517
0.245273283207918 0.551737386314798 0.0738938464562655 0.0686559937414219 0.0604394902795961
0.289414230498525 0.145387612213309 0.148016095334978 0.211093196244121 0.206088865709068
0.131373596362992 0.286805297071926 0.160728377422861 0.116562018250773 0.304530710891448
0.143011405038202 0.0816297511134421 0.308687853106203 0.323253353859382 0.143417636882772
0.252612931988131 0.154764866093546 0.103255441588511 0.234525858131864 0.254840902197948
0.19992181131539 0.236906532836509 0.224953228743979 0.0933248476324656 0.244893579471657
0.280416234924093 0.306118157856185 0.180915811157374 0.0260617997846074 0.206487996277741
0.173068187415003 0.2495903417241 0.091995842827167 0.252612827179564 0.232732800854166
0.195883852899629 0.194019862077584 0.170016047993875 0.216721297507582 0.223358939521332
0.0874510978888545 0.283460413815687 0.398290316685141 0.00140652039061472 0.229391651219703
0.247366934270363 0.219781781393799 0.220558457433055 0.255064608916405 0.0572282179863766
0.0492678905559978 0.15828377533102 0.130146744905065 0.38387600516476 0.278425584043158
0.188467676797926 0.240119437029122 0.250036897842897 0.214172362818619 0.107203625511437
0.131661542060126 0.362921306167883 0.211516192718365 0.258870348760698 0.0350306102929282
0.141856857384736 0.227070866294093 0.375049116960731 0.198616962673135 0.0574061966873047
0.0779356543854448 0.169248645383526 0.311175001976201 0.121766381163494 0.319874317091334
0.193876788234866 0.0187156998411332 0.244050159560241 0.321990539336257 0.221366813027503
0.0282143840793482 0.248187095177048 0.066410434704729 0.435115007663767 0.222073078375109
0.0205574847237861 0.035673422330831 0.425318060613534 0.128836833443741 0.389614198888108
0.252092316277616 0.283687591157664 0.0599632614833137 0.216377733802605 0.187879097278802
0.0690456935855547 0.473524031564517 0.184227953413453 0.192930431317004 0.0802718901194715
0.246564511577624 0.246394851627216 0.103745382303886 0.0920730148851197 0.311222239606154
0.284733361458673 0.0517714463225797 0.419309594314393 0.239615160862303 0.00457043704205134
0.219309347372524 0.33179509927163 0.0583308412130269 0.24618200618071 0.14438270596211
0.194727489999301 0.176339680589042 0.211960840455878 0.143106675164615 0.273865313791164
0.0161419641393639 0.248560418447125 0.504372208134185 0.0178252685979762 0.21310014068135
0.0899926508552454 0.137349485044828 0.23036699182129 0.26994532796847 0.272345544310166
0.207052469752667 0.160564066415634 0.254453510885962 0.146628021342052 0.231301931603685
0.0918705938532989 0.230805661001554 0.315139183833975 0.0350018816332276 0.327182679677945
0.184571759660621 0.0898789791864932 0.185048810535266 0.173350801686978 0.367149648930642
0.268305026619606 0.282704956407762 0.134330913796316 0.28981573285234 0.0248433703239757
0.243358696497017 0.221961826933831 0.285459073133251 0.233019535673989 0.0162008677619117
0.017818830951187 0.0825432931664064 0.231703788604925 0.22291303273092 0.445021054546561
0.137433587531683 0.277612732799107 0.267956724930394 0.0433323904842306 0.273664564254586
0.325276534869608 0.0603991883470385 0.23870389918776 0.0933900287300202 0.282230348865574
0.00033719971271526 0.262897702929121 0.292712758615058 0.296751815949629 0.147300522793478
0.0433591522104231 0.134135003712346 0.126783825067784 0.376423918607561 0.319298100401885
0.148662338982472 0.0572582014791942 0.578197610050778 0.0933669340219314 0.122514915465624
0.0897760734485261 0.397248668695863 0.200904666945486 0.153645584589431 0.158425006320695
0.0674366921288037 0.271599088375992 0.281866462343591 0.237313448600273 0.141784308551339
0.52121085302386 0.0890402104795757 0.0546386404182568 0.313791160466258 0.0213191356120501
0.114665578536011 0.0151433138037571 0.312874328047518 0.152355283671329 0.404961495941386
0.14111722735592 0.251618114982632 0.135334058992624 0.184078261297485 0.287852337371338
0.244697097629409 0.135596911547202 0.228680609432195 0.121294936980177 0.269730444411018
0.148909369092578 0.200544574916972 0.260343018425635 0.284437728484531 0.105765309080285
0.282019845241307 0.187364915495611 0.286117327115873 0.188985486960898 0.0555124251863114
0.298810280364116 0.104130621994465 0.151000507636039 0.130493964586094 0.315564625419287
0.261458583171649 0.220858646630042 0.31455085321325 0.0526086332562367 0.150523283728822
0.208558935413181 0.255246266471592 0.134001412250693 0.173629447083837 0.228563938780697
0.262189578833686 0.0941891476175708 0.234195300817225 0.188357233446252 0.221068739285266
0.206906587899248 0.177812891224108 0.480835940162601 0.0221555385716891 0.112289042142354
0.268915089108077 0.0679517551417305 0.175857129324808 0.0883388490872492 0.398937177338135
0.013102000118826 0.109629731958181 0.381238458577904 0.089930742601036 0.406099066744053
0.27426983965834 0.0821516102276399 0.0705785713311799 0.165741877174904 0.407258101607936
0.207104938943723 0.166069713120766 0.322454980029213 0.259512160264742 0.0448582076415561
0.102558235616464 0.339174039931636 0.156940897843377 0.337329334761714 0.063997491846808
0.308782400172378 0.111210513754372 0.287569369865177 0.231861246772275 0.0605764694357984
0.152217547569774 0.172109083318624 0.26086376347122 0.309522701531486 0.105286904108896
0.286097291199196 0.266682258130347 0.244461570484054 0.178518152766201 0.0242407274202027
0.234564937743889 0.285534065115415 0.078409688498554 0.148985820034792 0.252505488607351
0.124879675476501 0.181316534252292 0.172020913206248 0.254817513609656 0.266965363455304
0.127279323956749 0.361135736989194 0.0947807355610027 0.379666076229425 0.0371381272636294
0.221637609295862 0.200339229965882 0.213615390326824 0.168137966516212 0.196269803895219
0.0535916717240976 0.338558771567602 0.331744292651545 0.185827985556174 0.0902772785005815
0.229115506103161 0.239464218832116 0.101797453047845 0.238865667924936 0.190757154091943
0.244595400879078 0.149716557222727 0.285573094004082 0.144966816055985 0.175148131838129
0.328941802102632 0.158433675458334 0.149975075223182 0.00339517709623289 0.359254270119619
0.363131169192097 0.324800826410004 0.1381344395858 0.0894136961520322 0.0845198686600669
0.35293510285968 0.0920697696592641 0.307916419888528 0.0509526674419168 0.19612604015061
0.228763767861653 0.114487301338585 0.270924273331249 0.099307447022096 0.286517210446417
0.170282583072114 0.180320743938462 0.259237577151717 0.277024079100246 0.11313501673746
0.132059668271518 0.00901347526233065 0.363171586254907 0.180044442116762 0.315710828094483
0.191554204520356 0.121225187919484 0.120403142040962 0.446346107936723 0.120471357582475
0.217846908875581 0.128735352428432 0.256122761072879 0.281236940294675 0.116058037328432
0.31230140089901 0.20419537119762 0.303659596080042 0.157736423438615 0.022107208384712
0.235819343504104 0.32871503096932 0.0114569277644325 0.351689268477397 0.072319429284747
0.3953653105513 0.142662608775954 0.213415841399438 0.217198068784091 0.0313581704892176
0.269844322838442 0.207584760234607 0.0787441326001208 0.271784793843147 0.172041990483683
0.156651650526133 0.166715688608151 0.340658881756862 0.268698628006705 0.0672751511021489
0.148107158949685 0.305869722758898 0.213957424765723 0.238733646770194 0.0933320467555002
0.31336318350855 0.33738166597459 0.325086827764501 0.0165076559167155 0.00766066683564318
0.239709571201307 0.260563305131972 0.0107320126975323 0.218770850637888 0.270224260331301
0.211583625202224 0.108712698069603 0.205403587149341 0.235497253458992 0.238802836119841
0.257416319375278 0.291011258660378 0.04194860436315 0.15139923543934 0.258224582161854
0.0408567199761183 0.243872895336733 0.319535331525626 0.200363023151449 0.195372030010074
0.230391591624357 0.222311363057221 0.267594581081049 0.196376315635882 0.0833261486014916
0.294843234632795 0.171242585177481 0.178431802115095 0.276748956234004 0.0787334218406256
0.103635226621374 0.27981687973606 0.133842963719889 0.322002131545017 0.160702798377659
0.36280731526597 0.225303954617056 0.283473223552533 0.0171138669272467 0.111301639637194
0.323709413263374 0.202890718065304 0.16975500508185 0.256518483467761 0.0471263801217111
0.251733787185557 0.364602068268292 0.0407392415214282 0.318707699000978 0.0242172040237448
0.142462261006116 0.395996689776039 0.0675437571751115 0.200395562526086 0.193601729516648
0.117496189655246 0.0248075279104924 0.251014569707004 0.253213188743523 0.353468523983734
0.157052191619263 0.236378845425646 0.126667804378705 0.225186938723701 0.254714219852685
0.155020230423118 0.285746517615849 0.355768341916721 0.147167936264613 0.0562969737796992
0.424610493439386 0.307146884078092 0.0278407856141938 0.06246512254383 0.177936714324499
0.250684045856472 0.109183717419087 0.0681371687186104 0.286580130727725 0.285414937278105
0.180627796277479 0.305802249908493 0.293943850621959 0.0804862604493103 0.139139842742758
0.00900493427298765 0.105301473359525 0.247327866876226 0.328342684469728 0.310023041021533
0.358705310388172 0.105270382967572 0.0688444858351134 0.179228241802438 0.287951579006705
0.115439773786759 0.0272679410176932 0.033499558926857 0.408905644508414 0.414887081760276
0.0713140062343244 0.338103557347496 0.247728255535798 0.189915300826012 0.15293888005637
0.2736671498365 0.328606808126755 0.00661396228472378 0.322619924031952 0.0684921557200693
0.178243208333501 0.335782869547421 0.0263012922733174 0.423515033508975 0.0361575963367864
0.230163741416254 0.260859007601116 0.115607639875746 0.15785093298747 0.235518678119414
0.106575676037697 0.29929557709227 0.220056387911194 0.0895732446562738 0.284499114302565
0.194104946871589 0.240345117064155 0.187665202181184 0.214970867601599 0.162913866281473
0.256877092356684 0.265820403825121 0.100600472786997 0.317419695617738 0.0592823354134597
0.215930060955354 0.175309810038272 0.230132775609132 0.0269232675879101 0.351704085809331
0.0261425559584749 0.187554496158084 0.261600034742414 0.400248316210011 0.124454596931016
0.106032825949859 0.250297891671768 0.234785659385228 0.214076930881257 0.194806692111887
0.152199370396346 0.361969965001015 0.0627065852424519 0.330408768113692 0.0927153112464955
0.213586018559632 0.050661691223321 0.222784061152945 0.231350738363735 0.281617490700367
0.379458277837517 0.0475991413186056 0.254281334948319 0.140237332791542 0.178423913104016
0.170166719670561 0.355541269350374 0.0936331140526165 0.277984940422481 0.102673956503967
0.228837640257435 0.201312297683409 0.239763114420396 0.183111769403357 0.146975178235404
0.134691378271941 0.21221561227726 0.0836292810301802 0.368487066629201 0.200976661791419
0.295230562084422 0.0500369445783987 0.299249647599739 0.233708985915736 0.121773859821704
0.484178354654172 0.0705801987192477 0.202561715059273 0.189972024681465 0.0527077068858432
0.319969879285775 0.310998893660436 0.108770799475665 0.134358562465212 0.125901865112912
0.223829088089185 0.179195399316303 0.170836718532101 0.0298658855224919 0.396272908539919
0.379236088931358 0.0824576327168213 0.217496520433002 0.0464350801849305 0.274374677733888
0.292398774727541 0.226999345896596 0.263800116682268 0.050777733876449 0.166024028817147
0.258079236553683 0.189540414752859 0.292703592803781 0.180719234845138 0.0789575210445387
0.139611713455826 0.226126221863013 0.37320866632138 0.12640954150612 0.13464385685366
0.162327536952547 0.228259950981765 0.445387248247034 0.15113862065427 0.0128866431643845
0.32529006652967 0.0411611128167132 0.272675553085279 0.0890586479149949 0.271814619653343
0.0592755376498374 0.0310663728492223 0.151528718841306 0.351405891051546 0.406723479608088
0.122592728581835 0.319489916050098 0.0729892070435979 0.0843787832265112 0.400549365097958
0.0282524160166908 0.302644235090816 0.343686960702319 0.233019417964192 0.0923969702259824
0.302507220128902 0.27268599008479 0.0428321235279513 0.0399216033066379 0.342053062951719
0.288880390563643 0.127476576307866 0.426742678000774 0.0604416423313388 0.0964587127963786
0.38408503095369 0.0257964238491537 0.262396766187263 0.0816743015350208 0.246047477474872
0.232374645807645 0.222995567195653 0.257843161529554 0.126838807249741 0.159947818217408
0.0517988290442701 0.192813641045897 0.200436652924187 0.284566791765843 0.270384085219803
0.180536189333574 0.377038585151116 0.183167127720711 0.0361069607597906 0.223151137034808
0.0429599543822769 0.3297240724494 0.220109321558135 0.148283248945064 0.258923402665124
0.239636741214977 0.334537400335612 0.198207377216439 0.0611195261109317 0.16649895512204
0.174514922003063 0.120639818225328 0.236948743459689 0.292280136725236 0.175616379586684
0.209223131288187 0.258151304491064 0.063975029669787 0.216492437203459 0.252158097347503
0.0280465560595899 0.0791497583256012 0.162142114817379 0.499437838637475 0.231223732159955
0.281368837327339 0.164444053841775 0.0567048525444912 0.261669660996452 0.235812595289943
