0.209530584180235 0.419865448890687 0.13519544682461 0.147556781536404 0.0540625206496173 0.0337892179184465
0.0885596125393124 0.172625728328868 0.299822489515518 0.0376474131969945 0.0972383349324519 0.304106421486855
0.283412327721967 0.0547476131187709 0.132338338151714 0.300587120467281 0.228724806385064 0.00018979415520213
0.115187222304574 0.166356750887721 0.232067769672838 0.0183749120535129 0.24137242167514 0.226640923406214
0.0363565746230027 0.294973326149076 0.166249172002113 0.0162186929299906 0.261438789654687 0.224763444641131
0.280820760354638 0.257380082764026 0.00681944491882716 0.123435040285846 0.0520834676561778 0.279461204020485
0.0822599734631684 0.0961425134181614 0.25961833592322 0.427353337429306 0.0707860112634165 0.063839828502727
0.0156249227261223 0.162730146096869 0.220307035111276 0.218092277826109 0.171579214833878 0.211666403405746
0.26231748406553 0.221349913719804 0.0194267254181008 0.0285180290597433 0.199346014224079 0.269041833512744
0.2792409961901 0.263156423550242 0.0356661883800128 0.10202529951359 0.226994767595237 0.092916324770818
0.1081855267766 0.332439745189179 0.276877492565198 0.128983518454447 0.0778956113680314 0.0756181056465444
0.127534317442575 0.116622618159986 0.0760017361806532 0.247578540134958 0.264629751959126 0.167633036122702
0.454660984675734 0.0128636490135017 0.0349905440470655 0.0608204245517714 0.337238755443712 0.0994256422682148
0.202669679998512 0.347256618359989 0.176817977836487 0.0409299979381681 0.000222942814810469 0.232102783052033
0.207338533729432 0.139258604609608 0.125793535309505 0.253852503654743 0.0412784367508935 0.232478385945818
0.156283637190397 0.079317785590683 0.0817811775611702 0.068135183187947 0.26851146253521 0.345970753934592
0.478693603136874 0.131621588518626 0.101205564259104 0.0738581503411293 0.00510306593198995 0.209518027812276
0.0369136955210295 0.242137505657818 0.255636758308541 0.215130926510644 0.045187390026631 0.204993723975336
0.191986138931836 0.183136425095292 0.0269689714368763 0.269275318242661 0.11954173419969 0.209091412093645
0.241354644855014 0.123189095438258 0.224219062882548 0.115327027369027 0.0545116657332266 0.241398503721927
0.237932122628107 0.0564231400101595 0.307387376436424 0.312289734341795 0.0797710640052028 0.00619656257831179
0.228107135133711 0.0527130360320945 0.260439168936443 0.215402957514489 0.00158083572105106 0.241756866662212
0.282309752267642 0.239452234713718 0.0785175786644405 0.0487770614401567 0.0655931228742434 0.2853502500398
0.0700025028782393 0.310833491231689 0.0674553784112318 0.188668231404101 0.222319045650478 0.14072135042426
0.0466027784280645 0.281179511694646 0.330970823395034 0.0142726168066843 0.311235049448381 0.0157392202271903
0.198170842717285 0.243050432103528 0.140482802805199 0.24560145259922 0.0152526426280153 0.157441827146753
0.267859786691502 0.335387138848906 0.130758638734156 0.0151027725453756 0.061049298459165 0.189842364720895
0.0382928816332617 0.0936023371603331 0.482642433085126 0.232587608531424 0.079412622860181 0.0734621167296742
0.235814456802828 0.11811681249584 0.245873236401127 0.176314062513644 0.150552968777345 0.0733284630092161
0.237436422268975 0.0445724280763823 0.173448427843811 0.210645846471875 0.182053340356952 0.151843534982005
0.364293521069924 0.084190109937748 0.147034974882149 0.111207307913595 0.260309518370887 0.0329645678256979
0.11609729933107 0.251935234830002 0.205751332325414 0.0549124357613093 0.210921638096545 0.16038205965566
0.105918117629121 0.250540072331004 0.349817701636878 0.155883454226782 0.0829197386837614 0.0549209154924529
0.266153396336193 0.267671351019286 0.111420140834235 0.153265752241797 0.121640014336839 0.0798493452316493
0.207862139056784 0.199549044807574 0.19482708536402 0.175577948336504 0.0834068143799195 0.138776968055198
0.0360415792721952 0.169145191651954 0.270816326839711 0.128460952543332 0.154067100559581 0.241468849133227
0.0928092805406111 0.358372587445159 0.0747451880188918 0.0720751110976963 0.245987973439981 0.15600985945766
0.13570695027715 0.0907827443482091 0.11558149726076 0.306437857781216 0.107256951606734 0.24423399872593
0.247878295931966 0.278761838947802 0.263106479714353 0.00376673960640722 0.0236521523764639 0.182834493423008
0.277021782577005 0.182920098183201 0.061987637315891 0.0589307002996362 0.375067605155932 0.0440721764683351
0.0153259254132014 0.35620228315858 0.28611508107304 0.106019720190886 0.155959547034183 0.0803774431301101
0.31267296518863 0.0965339032755228 0.257165987323861 0.0123403193477077 0.00634255667709915 0.31494426818718
0.150367154547178 0.198268597821894 0.149490071222266 0.142263612745963 0.15656660366043 0.20304396000227
0.0832828672768963 0.238469182959237 0.0909810405083385 0.225044635607745 0.256810203618041 0.105412070029742
0.205323570762795 0.256182938003892 0.189443911864557 0.117834404653008 0.00557766822800377 0.225637506487744
0.126968080633218 0.0991399267951651 0.323809789951099 0.21288330562719 0.0434061257008925 0.193792771292435
0.0177513676320336 0.173230915285562 0.208633807490294 0.208961697149895 0.142878674712283 0.248543537729933
0.0238165077209778 0.0671019234554294 0.25355165814862 0.0177196012020259 0.311594147460834 0.326216162012113
0.154801610157246 0.0466499295429641 0.384891418985766 0.0419214689736277 0.0543338627997909 0.317401709540605
0.244237598293218 0.06953405881519 0.0768112993142721 0.169778275717773 0.197909171280825 0.241729596578722
0.0906582515281404 0.251459606302475 0.257806825347132 0.0870781855871767 0.211423168400723 0.101573962834354
0.20628425271613 0.0573961882072421 0.138629531169907 0.160234646334554 0.126092034521279 0.311363347050888
0.256108458308521 0.135155661036501 0.0437397864972265 0.180870866202187 0.28800296270897 0.0961222652465935
0.020266826859969 0.211654040530074 0.177051763310232 0.200899219021189 0.108064970869916 0.28206317940862
0.0221868049570542 0.0916736535385596 0.292626680191324 0.224114549311131 0.146989657385963 0.222408654615968
0.188409940532986 0.0158610311768254 0.243227445445203 0.102029681503633 0.234641525317539 0.215830376023813
0.424740788256153 0.172002834414094 0.219572206921833 0.0516530695460531 0.104334687172525 0.027696413689341
0.0247552437742859 0.025865137111668 0.263153501704324 0.125355075109925 0.284114933658282 0.276756108641515
0.14316396194233 0.0100579224973454 0.347800319957793 0.0371986601857993 0.435969739093021 0.0258093963237116
0.22674802757059 0.144267727079641 0.221038721676617 0.136505926114097 0.257685262177689 0.013754335381366
0.165218907353811 0.158681523824454 0.169142655303431 0.222403595678062 0.141374443177838 0.143178874662405
0.260494292193556 0.208616218120588 0.0960903791717783 0.200645320247995 0.199828700120231 0.0343250901458514
0.195338301858813 0.0923998684044673 0.202144036023856 0.154444335828186 0.249486219250664 0.106187238634013
0.073662110703814 0.295445512272341 0.158594557561684 0.183520672303051 0.0574886237603386 0.231288523398772
0.210136887791761 0.191213865487166 0.123819084878955 0.189840489144378 0.197445842792631 0.0875438299051082
0.210686256756746 0.151880746376433 0.0692423622772679 0.186057084843097 0.18058856743519 0.201544982311266
0.105426672315727 0.0830107698517997 0.193441605223895 0.255326134372132 0.267057794317458 0.0957370239189879
0.29122901907713 0.110774487053804 0.0713287006749305 0.230960382633015 0.131577725788856 0.164129684772265
0.256593912895366 0.112752606419336 0.0858568555068502 0.274156542566224 0.0408765792493456 0.229763503362879
0.111030125309636 0.202342329724338 0.157203913609199 0.247035247513092 0.173592309687401 0.108796074156334
0.137495623204158 0.0732838814026055 0.222917922773823 0.218081401273058 0.131791724506008 0.216429446840347
0.105955279465302 0.0866961914589679 0.241664068020712 0.124376293552852 0.252365570271693 0.188942597230473
0.0659078378734197 0.094954746879382 0.239307692094335 0.270258591302499 0.236266339200144 0.09330479265022
0.280145524070114 0.0477957169608501 0.296468772859231 0.0566217958106891 0.217815826398931 0.101152363900184
0.127863076362467 0.333918115979825 0.22555986986899 0.120018015628753 0.0243471573811391 0.168293764778825
0.164299529274397 0.167912092538042 0.0970044150063352 0.340466029895483 0.201465533334528 0.0288523999512146
0.312562810021237 0.162276789839861 0.293592555293443 0.0160621871026438 0.186258244986154 0.0292474127566613
0.0421335619290184 0.271516906788909 0.25063394649876 0.274397158128032 0.0967857900314427 0.0645326366238371
0.141540437141267 0.269605790808726 0.0543645895450217 0.426916626586263 0.0178056288483032 0.0897669270704184
0.168857489436631 0.329867649110585 0.108797564757017 0.148594908446191 0.227765477814416 0.0161169104351595
0.24288953080336 0.240925494790476 0.190065470629764 0.141261456198385 0.082184837751694 0.102673209826321
0.244332889099074 0.194354802140462 0.0818484186084694 0.196176034927278 0.183394546310474 0.0998933089142438
0.184236291406372 0.187551961361688 0.0780817231079499 0.169919078097264 0.114241652828853 0.265969293197874
0.295229960883843 0.0152085193117392 0.294574875368247 0.141905386821081 0.125344418333332 0.127736839281757
0.103388795332706 0.153440937326911 0.413373011916001 0.0771310844073012 0.12974774778275 0.12291842323433
0.16565531740645 0.237610637719489 0.154243590655361 0.0787345690924456 0.0578329373449956 0.305922947781259
0.108404756808479 0.220032008027814 0.24787001438547 0.257048668928048 0.10998791246611 0.0566566393840789
0.0553435541695147 0.203921424132553 0.125679499683742 0.231717969304407 0.244988925287393 0.13834862742239
0.0792483452381716 0.165760187048863 0.120098118405869 0.193512465787779 0.170435490318032 0.270945393201285
0.20886243373092 0.195258928920417 0.277693642962138 0.232779290902544 0.0166847437844992 0.0687209596994816
0.131925956911174 0.0958421193454618 0.221348438045612 0.152276460861371 0.248757277440854 0.149849747395527
0.243785671894471 0.130847942557432 0.0428896455439565 0.26204287826594 0.150265978421669 0.170167883316532
0.0118420450983864 0.0404941393290982 0.153736868092619 0.282858148139235 0.32240266980317 0.188666129537491
0.180021835320536 0.143986555536931 0.0806033574890917 0.14341576002829 0.307842540675239 0.144129950949912
0.00331882118393589 0.0998866540241451 0.271748093684017 0.236629687892611 0.332193095290758 0.0562236479245333
0.130324485675947 0.0806000256602656 0.179244306809793 0.134459767972838 0.21201136213887 0.263360051742286
0.172351928355501 0.0734810627406274 0.177225112704773 0.0399477403739315 0.366332327368095 0.170661828457073
0.0307390140581605 0.268447175779655 0.226625099855094 0.210788335978075 0.104751295316587 0.158649079012428
0.211085581241253 0.174062478804582 0.134931341127828 0.17074912384457 0.242919615332902 0.0662518596488647
0.0655046101983177 0.105197235707259 0.260170482982053 0.264451211534663 0.160191328879012 0.144485130698695
0.128097496790811 0.214631130869182 0.291520645845228 0.0433684601115816 0.0646540396168606 0.257728226766338
0.179604051816081 0.10223418041755 0.0460538909519956 0.0265391657779858 0.34608009145654 0.299488619579847
0.10480850693013 0.136713759228703 0.0667934503105027 0.410475208922499 0.0279999261824468 0.253209148425718
0.301026442147567 0.240294944506048 0.0390801869984055 0.288809138708986 0.0373309013083196 0.0934583863306731
0.116555116184703 0.23651644337677 0.173807582162046 0.129342952843393 0.29112323658898 0.0526546688441083
0.105743410240866 0.227159383756877 0.0747939368128416 0.171616092628424 0.169124322306842 0.251562854254149
0.107596553663307 0.140346625248346 0.185112810097357 0.136934199325286 0.329636118204902 0.100373693460801
0.240952335333684 0.136950525919974 0.179829445543752 0.17685536352474 0.213153153632017 0.0522591760458339
0.308655378153697 0.0610908502975885 0.0437793483156539 0.252542982213607 0.217285948195591 0.116645492823863
0.274848253276675 0.0303489699056204 0.300053170707326 0.292852310521168 0.0672430290542613 0.0346542665349489
0.0170954348258558 0.374905216831333 0.0923466065283714 0.0846909525777626 0.301852096945837 0.12910969229084
0.185880287458737 0.207223330145304 0.215883249074527 0.0674633623018509 0.0794686090986146 0.244081161920966
0.165631965367595 0.0271032311036473 0.196343522460041 0.0984044757075124 0.195351322691407 0.317165482669797
0.0201240121057574 0.150528802617739 0.114762307722303 0.389131519974263 0.131320932158484 0.194132425421454
0.252860939689324 0.278085148057072 0.0834586903224522 0.0637511076033727 0.0510029112070477 0.270841203120732
0.0216352692804581 0.0492346910940052 0.140653667646697 0.292509658964842 0.279803058672957 0.216163654341041
0.0411355637775559 0.310387917262804 0.0629308887091052 0.128703146892033 0.218591078066096 0.238251405292405
0.230206155937073 0.223566311726943 0.0580549266932214 0.0440667032959952 0.231948252044447 0.21215765030232
0.081700884098758 0.15000662328184 0.256298782523409 0.1576956001375 0.0601520232028986 0.294146086755594
0.258722052398529 0.0748630222076482 0.124962170537374 0.215313484925147 0.118409714632609 0.207729555298693
0.149544835074233 0.0334042934692135 0.231890501048412 0.102320381190767 0.319686552062138 0.163153437155236
0.214603406273419 0.114617602810663 0.0178698003042926 0.212977054536827 0.0922306723296395 0.34770146374516
0.0325678923224536 0.268709880816699 0.157172103574034 0.218805663389391 0.0926177711825874 0.230126688714835
0.137490797412586 0.0994052411015448 0.22498371734853 0.297168686677611 0.0839208042359393 0.157030753223789
0.145441361160366 0.0779818065649739 0.341961519483845 0.139481132681371 0.244297531315895 0.0508366487935488
0.305386842518488 0.1606112279404 0.0125017867468729 0.0130125232414966 0.32439447927586 0.184093140276883
0.202873407520142 0.307810102312514 0.0389787212178773 0.242437904895905 0.15375134712192 0.0541485169316415
0.163116459013783 0.0565668925643472 0.0499624363554313 0.269291648034196 0.17945912854094 0.281603435491303
0.0874441241724189 0.175864330054202 0.239585719244065 0.223695105776232 0.0953166923478956 0.178094028405186
0.182765802612201 0.0332765674326263 0.134367999900719 0.0149378015278745 0.323052749056177 0.311599079470402
0.190683320270679 0.113806953552744 0.272628982767807 0.120503646292913 0.0318346465771196 0.270542450538737
0.183922529270537 0.0253209347179129 0.211131102633742 0.183246209299362 0.260391183185757 0.13598804089269
0.0952733277898586 0.150290068991299 0.123414139658202 0.335576111083351 0.204934914724521 0.0905114377527678
0.245269033544767 0.101928994136954 0.0619183882631502 0.273799161058973 0.242724791225141 0.0743596317710146
0.223508288003384 0.212641293545878 0.151461580221699 0.156061671421099 0.162973931536349 0.0933532352715915
0.149121990375192 0.221037399186279 0.175548517191372 0.137843155353262 0.0249726757725615 0.291476262121333
0.274585311887316 0.324396847138472 0.173031834226035 0.0113276245858342 0.0710025237903909 0.145655858371951
0.198683988866304 0.147425865657401 0.149482434420521 0.127661161796202 0.193959513363663 0.182787035895909
0.15145088969891 0.0209693458903367 0.125181062661912 0.264781721433659 0.268386860856037 0.169230119459145
0.290325839035928 0.0237366868466511 0.282123331349464 0.150037796059401 0.152639440233467 0.101136906475089
0.157355787998633 0.0625615978466453 0.269242215332336 0.314946466740937 0.0170900776674084 0.17880385441404
0.147400868830415 0.204316300865575 0.131640853040381 0.177345041903839 0.210883129105935 0.128413806253855
0.173629805244544 0.146462584816958 0.136274853779775 0.0496843604623625 0.370169189013939 0.123779206682421
0.153716529246193 0.0413031430798138 0.219791680660331 0.218154795242071 0.103924747357747 0.263109104413844
0.290029586968203 0.0605337810886589 0.276088839633496 0.278987609458452 0.00245645422820166 0.0919037286229888
0.219898238782473 0.0932314806624101 0.244079300444338 0.172036920368282 0.0878734551375708 0.182880604604926
0.231676469913868 0.00911386565856273 0.177288665598176 0.0787141240799184 0.117051241963897 0.386155632785578
0.279971680326824 0.132535816471237 0.0739386326114767 0.0401102999564546 0.237423630277711 0.236019940356298
0.0488952526062525 0.321798799844705 0.0568760793427905 0.317740217366451 0.12730381366208 0.127385837177721
0.207402220379515 0.185426927213246 0.227425280400453 0.0751557781403515 0.151542593316262 0.153047200550173
0.249950670535777 0.089572832560378 0.0965010660448905 0.282508736608381 0.0826111762065737 0.198855518044
0.275497087583762 0.054331638881186 0.320543498965958 0.0166456511318397 0.0243612926655392 0.308620830771716
0.020307818918228 0.280837021954931 0.109867424365182 0.0263706591671896 0.287994785431471 0.274622290162998
0.152884952493321 0.030546353599518 0.188893375868671 0.211766659399954 0.153015673470487 0.262892985168049
0.0656590700228321 0.112130344090575 0.284407252468188 0.155512525917353 0.0595124913162382 0.322778316184813
0.0381265150459448 0.272873661164002 0.220533176416233 0.111191943408457 0.0607101918516547 0.296564512113709
0.104063710519306 0.255163273784974 0.197995139512491 0.263588466680406 0.112010202467739 0.067179207035083
0.0919685899977255 0.278379207700865 0.241624946297819 0.178475663855207 0.113066650369325 0.0964849417790585
0.1147232796516 0.240431836132575 0.167975878608519 0.249676213075917 0.00763283075921444 0.219559961772174
0.160639792222339 0.287083979328024 0.178740935719088 0.0663083810458427 0.0729426439652919 0.234284267719415
0.214475063858004 0.316213423567764 0.0389844552997427 0.225584523299365 0.0619088016497934 0.142833732325331
0.157855442231879 0.158417999949619 0.0415343420010422 0.126853392877771 0.323776390473258 0.191562432466431
0.127993484540189 0.24497119080159 0.108343073853345 0.0774530141207065 0.18539123674651 0.255847999937659
0.00448452550450334 0.082705151112641 0.137222731794996 0.303744711230308 0.303943026031941 0.167899854325611
0.335004125728976 0.0117511150648915 0.307244960982501 0.0636503257868081 0.0537603651637875 0.228589107273035
0.21321531644264 0.212906308062912 0.185758940696944 0.211381346440251 0.117841998397654 0.0588960899596003
0.286266334726899 0.318757719885897 0.184318370888358 0.152950566845416 0.0332934045874825 0.0244136030659476
0.368938924366031 0.0658158567717127 0.0470029356518663 0.172817505542356 0.0267386509587523 0.318686126709282
0.0732307470476727 0.268365498885501 0.00507413934718573 0.268164169033752 0.239875088261078 0.145290357424811
0.234027243251396 0.0752363765923274 0.316257825113374 0.0814629289502531 0.136799868618096 0.156215757474553
0.113083267999246 0.227347417471647 0.244842178332328 0.121239227980792 0.0114891919691784 0.281998716246808
0.229604125736943 0.108850457103819 0.186168017891313 0.0749716382510051 0.235551024059248 0.164854736957671
0.287702797063814 0.281076029497605 0.18284943135804 0.0337963455549556 0.0275975548464069 0.186977841679179
0.350770185431598 0.0634441667456976 0.0229836969063186 0.226483207908761 0.106823651316593 0.229495091691032
0.0555952600592098 0.21790895020564 0.250178254569302 0.215459966124528 0.246540124820931 0.0143174442203897
0.130052581857181 0.0786766163509256 0.292811252730445 0.278281121719102 0.215249464265116 0.00492896307723076
0.137365404681961 0.145238291128791 0.137878107855273 0.170914625950766 0.0101620216292402 0.39844154875397
0.200524880008432 0.197278749486304 0.181788089997661 0.0422080567710838 0.170572648950442 0.207627574786077
0.220172700048511 0.110803935563888 0.315170032068318 0.00405483364509473 0.0863069562405625 0.263491542433625
0.0921931036092343 0.262494524077025 0.141642951779721 0.22728046741007 0.0483089842445347 0.228079968879416
0.199039974375801 0.233598495829453 0.219127676289554 0.149822494911274 0.167747321642326 0.0306640369515919
0.204718614486504 0.144733829727531 0.212159217446618 0.181289082932677 0.0830671757053018 0.174032079701367
0.139279281027159 0.196903227360355 0.185371285688385 0.164573575431113 0.165810081509482 0.148062548983506
0.105007473822375 0.178143708302539 0.0879631002507444 0.154850570879645 0.28700428884896 0.187030857895736
0.00946614842875324 0.160901831870107 0.345607658212666 0.0228983257741623 0.162569685933051 0.298556349781261
0.188989010350809 0.0780009375885457 0.182948447231702 0.116974039546373 0.15087655828873 0.28221100699384
0.212708291166178 0.00439497634346379 0.0539788898456504 0.0767907764171814 0.314953186658265 0.337173879569261
0.267248681420646 0.262486703680521 0.0346327453372427 0.162123941288742 0.176337831674243 0.0971700965986062
0.133333798710467 0.239039280997489 0.201047094683173 0.0512052057433314 0.348657656234425 0.0267169636311146
0.0956915976340295 0.0695265079190298 0.0569355444319749 0.219706854192338 0.374054475858044 0.184085019964584
0.13220663469316 0.200772543205527 0.0987166753102708 0.129991770228428 0.215041243777463 0.223271132785151
0.0892191726648547 0.0782705282512576 0.319939111913461 0.0373414322971658 0.346179310758472 0.12905044411479
0.283563216121394 0.0942553058910603 0.0736942226170825 0.208341118183669 0.0860216738271148 0.254124463359679
0.0377610228494909 0.328373773517894 0.0479375088317526 0.212715031066717 0.269918020512027 0.103294643222119
0.176435604920146 0.27126221822238 0.145026452300488 0.158294513377388 0.22572839075656 0.0232528204230381
0.221195763910051 0.204154637014947 0.0811778939400007 0.102630484704905 0.182067703550671 0.208773516879425
0.0444733942009298 0.242629627048237 0.206693252479279 0.21732582581837 0.197977258849 0.090900641604184
0.184210032304034 0.0825968750780348 0.250516295327044 0.120391221601071 0.321040213651362 0.0412453620384536
0.214278849010691 0.170644595077121 0.182372839460293 0.007287996426308 0.239308457492123 0.186107262533464
0.207231257370195 0.12770543411278 0.217804357670191 0.188471440536789 0.168292742244195 0.0904947680658503
