0.0560078315976269 0.178733823013192 0.0237941566608992 0.123311722194657 0.0910463863918339 0.0368816850955778 0.236537393249206 0.0315192691243372 0.22216773267267
0.0446681484504066 0.0395408733177601 0.134757714775456 0.0479504275230706 0.106462408635505 0.2095357430856 0.129615039645999 0.0800519393969585 0.207417705169244
0.134402969827701 0.00422074547265888 0.148824297120997 0.166268822205757 0.0561603360648448 0.0807686179496453 0.170810745664802 0.154295486290278 0.0842479794033158
0.162107675870973 0.0766631241324263 0.0486295051651876 0.182603219128648 0.106187988767525 0.23283580163922 0.0132442392469614 0.085034952415147 0.0926934936339126
0.00820218632767858 0.104346051252955 0.198450408912925 0.0841412110564785 0.139398779595463 0.13321378032911 0.0137835315066165 0.213098670753467 0.105365380265307
0.0314059335714727 0.198654259297535 0.141232193766191 0.0926193364995306 0.0254263609560598 0.0917670319134232 0.141510010482233 0.146591392750084 0.130793480763471
0.0733189639704904 0.0905819803423759 0.153433585004458 0.111341420644346 0.0500702942557118 0.135244007125332 0.0436583290458165 0.15679001629002 0.185561403321449
0.0780332060491512 0.0230919969157645 0.0317053996041166 0.186078377590097 0.0445012095756903 0.230934029459196 0.128581869514498 0.0863828903521629 0.190691020939324
0.192662029551633 0.0233734869094116 0.160113033961819 0.109244907846165 0.162846479386515 0.0382373375473583 0.0722803445140079 0.174784191737018 0.0664581885460716
0.153739006417479 0.0821743223593302 0.166333980219906 0.165270121854399 0.064639729986357 0.0647187550743016 0.179210494698697 0.061324102103142 0.062589487286388
0.0700223395339478 0.136665613343267 0.0347652711490696 0.130504219055149 0.0360199030618622 0.128836986429977 0.167220250221453 0.152359683768124 0.14360573343715
0.147599304198605 0.0282719270054724 0.141911700610109 0.156386744572757 0.191742075937738 0.0319222637170041 0.158356366121609 0.00184583684722163 0.141963780989484
0.154654409108022 0.10400920687773 0.115686579132422 0.120026285785728 0.105158699458164 0.165946328076506 0.0193533990522497 0.166880262995373 0.0482848295138054
0.177135626547962 0.085081799195561 0.0429069627385553 0.117745463892721 0.0280982940649824 0.0489686391741445 0.221316083476262 0.0384985178826074 0.240248613027204
0.00621021546344926 0.0364169154084079 0.0484914606113223 0.21363200702868 0.0703988039368279 0.0816914596620076 0.222663924406051 0.223146223573481 0.0973489899097731
0.207452242792834 0.148462639036512 0.0516570825596572 0.120190320146134 0.0960659166676899 0.0728725583644763 0.0664807984011643 0.0427464985437891 0.194071943487743
0.0173490747652218 0.181605755275937 0.158075446003717 0.0610399663630308 0.166686577293142 0.0462027607785818 0.0231579644929885 0.208354136032914 0.137528318994467
0.190364723266976 0.202449163942254 0.0788119224501937 0.118266636481829 0.0471983870176241 0.0116167690992245 0.223150622971614 0.0369434712024546 0.09119830356783
0.0319611653235091 0.0660012854884779 0.169622747936385 0.14801552175326 0.120628105610393 0.100736205095387 0.0767790552342786 0.0816718660847887 0.20458404747352
0.0603165786912959 0.175135217217964 0.0227877198206575 0.125823126887358 0.0609915766849626 0.16019956717938 0.158105812609555 0.0372531372057483 0.199387263703078
0.0864514974071359 0.103361707568297 0.145034762463505 0.107624785500356 0.0656372387586627 0.151288667457091 0.161324386108578 0.0670292269870414 0.112247727749333
0.109119502964563 0.161474224169475 0.0638828377350948 0.0167063530154379 0.189339024361106 0.0662877153564883 0.156905195212298 0.177764251656919 0.0585208955286176
0.147548283459414 0.159105369255458 0.0346702625372622 0.056498288307974 0.141551170571748 0.184310143288976 0.095703380444752 0.0659998230878354 0.11461327904658
0.069100149562987 0.172746353184084 0.0359719903986951 0.163387922676378 0.134164980346139 0.0367635680971144 0.00834208507155546 0.107960877021598 0.271562073641449
0.114917205448563 0.125427822341018 0.0892010531790259 0.117614612251892 0.155353198728223 0.0746460156279847 0.104297028940801 0.100053572379306 0.118489491103187
0.118297266160988 0.178985048439265 0.0593685023915943 0.180055571447548 0.0894386576106723 0.179542785787412 0.112396190331108 0.0508885134516439 0.0310274643797684
0.1762624814624 0.178813780781901 0.0563846144823368 0.197331923558612 0.0416882231326978 0.143094462985864 0.156028946885026 0.0189418544491961 0.0314537122619646
0.175226353390598 0.146964121516229 0.0657698000240226 0.00100973564646417 0.156552871411331 0.155206085806409 0.0660640922844144 0.0557345119103926 0.177472428010139
0.269290158031535 0.00344381334169357 0.018721340510668 0.0169798051391209 0.205011538605272 0.121360427167613 0.0544540022343674 0.174569661165155 0.136169253804575
0.180520708409732 0.048374189953022 0.250493072070693 0.0728493928686433 0.189993569370582 0.0553899759533063 0.0552854593267467 0.109189968037886 0.0379036640093884
0.0415042898771828 0.0964524576741631 0.222334267478517 0.166168406629697 0.0588476032939002 0.0860131826558453 0.0309017012977634 0.17406421995792 0.12371387113501
0.0144634525842033 0.133290225679867 0.111554623304681 0.0232357163946777 0.226565717710023 0.129654528711979 0.0954371462884024 0.150234699409674 0.115563889916492
0.171731787377256 0.161527065231681 0.0757156455017335 0.0121116017461866 0.144430458834768 0.19622899669596 0.0501185429821251 0.0259465388153511 0.162189362814939
0.185654400311538 0.0113246134827524 0.0186195407992643 0.00274113850392508 0.171123640415824 0.0360125373788963 0.108649149543978 0.230023926316327 0.235851053247495
0.225310730044139 0.122149821044811 0.208999111829024 0.0176797706002513 0.00172052007130111 0.158337245620896 0.0278245908057935 0.133990662765385 0.103987547218398
0.0593678902501308 0.147800393139386 0.153738040325538 0.109286330070332 0.0759514471284892 0.0940521535278713 0.135264235190145 0.127139861777002 0.0973996485911056
0.0308975909225374 0.20060439822658 0.0739289525103669 0.218644374108403 0.220185879674297 0.100696306214656 0.0724483400845817 0.0446511352365451 0.0379430230220323
0.204021442198247 0.0643897178974564 0.13594914411893 0.181107297944089 0.00499286997457743 0.158974146884313 0.0252548103434062 0.151098029336322 0.0742125413026595
0.111511201104904 0.0876195478017804 0.185982102751268 0.115489940294579 0.0860842724867649 0.0981519597980509 0.117557590894726 0.0630820409159721 0.134521343951954
0.0947505087246932 0.141782399611007 0.13041143927754 0.0776778728664904 0.131334317448744 0.135433344449666 0.0852446779535715 0.142418050474808 0.0609473891934794
0.148563826569179 0.148758208688206 0.0591799788728341 0.110288005031765 0.152405855228241 0.0816585344506283 0.0290808079929119 0.146781660547999 0.123283122618236
0.0591845848523059 0.167322280133167 0.160029499066714 0.139549105547167 0.115054103621632 0.122238525556113 0.0904329918805067 0.0153879848046131 0.130800924537782
0.082680536298247 0.164412296814233 0.0388462589483112 0.0249907168589502 0.0156694791304431 0.166623997500918 0.212582547379773 0.183408448472281 0.110785718596844
0.0960052967252474 0.0638595998967423 0.1016903125526 0.07039682250393 0.166382129186472 0.101004649203999 0.204733972391148 0.0920912323776488 0.103835985162213
0.124398540786621 0.146282314526461 0.101553392511361 0.0316598727286527 0.10647086682586 0.0949196154445096 0.170313307558981 0.122944008224032 0.101458081393521
0.0234994878902871 0.00623191027096187 0.216765352143549 0.204568903821075 0.0567555939376791 0.214482367437155 0.0714000191608446 0.166659146752534 0.0396372185859149
0.0125523314619366 0.142574737962709 0.0143889120375932 0.125232692569868 0.0868153778989373 0.14454069249708 0.201692492710514 0.177509091807989 0.0946936710533722
0.18545307594537 0.0807173685114602 0.0912250680706202 0.0544251989909007 0.139070290424397 0.0976458317075847 0.136392956313004 0.167498001958985 0.0475722080776777
0.0419776490141355 0.151288419649084 0.056395337955762 0.231939196606004 0.178904438202258 0.128563574440507 0.0541123130494203 0.103527118444755 0.0532919526380739
0.080258350207096 0.101078636986859 0.0485504099962917 0.0800614235538847 0.115093781094209 0.09111710718535 0.171424024473836 0.135362022511 0.177054243991473
0.112238469223109 0.176703344115708 0.0677637776953835 0.0316168748419825 0.18570764303105 0.133163983411815 0.179397450829248 0.0358413993716641 0.0775670574800411
0.147678366285114 0.112792171995702 0.171170846455428 0.219282429978391 0.0239795413407648 0.0814591950209859 0.0182120064319982 0.185702838367313 0.0397226041243034
0.216575908559986 0.0944687743421777 0.0659361399412039 0.00212988489683847 0.0718321499623467 0.213617675810111 0.0174470586657459 0.117167295559892 0.200825112261698
0.0543035478260272 0.166481912225636 0.0941843768916105 0.058848157406585 0.16689695768212 0.185779260412051 0.0178597608458531 0.0900601574472389 0.16558586926288
0.0212035623584439 0.221855596494127 0.213520314669951 0.0803152359785091 0.0148482047000482 0.205880604267428 0.0646966266750924 0.00420561009038205 0.173474244766018
0.159956299315509 0.0183144809040534 0.143039430618486 0.152315241118871 0.201945448343317 0.0418165801933471 0.046100662815826 0.0531671535441765 0.183344703146413
0.143422259253489 0.184839098685619 0.0929584930084391 0.158104866245652 0.021473230025317 0.117709455451551 0.0906879017189917 0.152453717603999 0.0383509780069424
0.148560445109962 0.0397846252962731 0.140093271523202 0.117598450211937 0.15017531146308 0.0811397808287877 0.0976248359190562 0.0681035202203518 0.15691975942735
0.14911801940883 0.110089169001074 0.00356576942463455 0.227803923906791 0.0999090910465732 0.160506073761316 0.0125237310868418 0.106187465676821 0.130296756687119
0.21021229073337 0.00982095473374889 0.190649759378487 0.18188210270341 0.0328524167824868 0.0833079656674053 0.147846065779697 0.0509881972443485 0.0924402469770464
0.0320504818176243 0.149777475286972 0.163354307107229 0.116592508396991 0.150132085207576 0.0714539328131302 0.101137514948233 0.00315456191095212 0.212347132511293
0.0731831143637372 0.160833856371666 0.142427078999709 0.120530668800672 0.0937594589985953 0.128088195518456 0.13904862585707 0.00158034590494387 0.140548655185151
0.0378388354616806 0.259287163389983 0.0984751266192614 0.132019442357238 0.0666347515992538 0.0527299095194595 0.174234193810945 0.030956892967793 0.147823684274386
0.0296619159515595 0.191406234279091 0.0460321960106701 0.0801975717763478 0.096067312921719 0.0736056211162234 0.225111254634088 0.198481420598872 0.0594364727114293
0.0571168929169558 0.0316412203701355 0.0801121057258925 0.0561435139508696 0.122180299064308 0.15437021456526 0.218876016884432 0.211455499885286 0.0681042366368613
0.0606322288762943 0.109405342994184 0.228988113270915 0.120869847550957 0.0297124813815626 0.147932799961098 0.0105250130933489 0.119709545679165 0.172224627192474
0.129689677911771 0.0827619706523393 0.131459113461553 0.170902839175433 0.129309488721761 0.00432581108993337 0.132642863572602 0.0150781542718479 0.203830081142759
0.0627848141291015 0.068782831217997 0.0632482867686313 0.201739780440375 0.0494845039444545 0.0593351912559891 0.0849458475255398 0.250133373900481 0.15954537081743
0.0196352131806808 0.151158981873476 0.0460709133107736 0.147806570303723 0.0942311002144993 0.190975102887724 0.0339394563603997 0.131846031549216 0.184336630319507
0.148433013209787 0.0173545959655519 0.182320267037549 0.0778019159303285 0.0461649605612507 0.120070828662732 0.216295831596534 0.0161085433874445 0.175450043648822
0.00709011747038816 0.0872902166138577 0.197166923198359 0.0248797466994837 0.0902051552952342 0.177079429298904 0.182936487460803 0.143691697553131 0.0896602264098402
0.0960415366942289 0.230705743906326 0.0460725567031419 0.0840739723358825 0.103032243471656 0.0778082001252564 0.114512202408773 0.19350226556135 0.0542512787933865
0.212864999746146 0.188958011900189 0.0748361389118522 0.0534772420326299 0.213523376389769 0.0514027723179445 0.109253736492232 0.0354987796679446 0.0601849425412928
0.10798298166281 0.140048758753718 0.181039808824589 0.243219711334702 0.0353258894745861 0.159799017572475 0.0871797405657861 0.0048149585573315 0.0405891332540017
0.13882716291209 0.0156384336400215 0.0042100777451442 0.153226657559733 0.141364322971181 0.0792524070569477 0.139911827862146 0.140274030832966 0.187295079419771
0.0793663350286574 0.173988565070999 0.137846601021857 0.0451400965528677 0.0802168619673433 0.160946608103014 0.0728022514784322 0.157069189974939 0.0926234908018905
0.085527159824454 0.00940232644678696 0.069736221085379 0.165597115439142 0.17455739904371 0.165701999723048 0.117153590329757 0.124992994909513 0.0873311931982105
0.112303847445469 0.0128661797888386 0.111499129589947 0.111285758243064 0.171295999310167 0.148542996827698 0.053521495233223 0.0953429538266774 0.183341639734915
0.134478766415208 0.0244247590222006 0.0443351373951664 0.23678298558453 0.0697140395200332 0.0260940522822767 0.103071374554356 0.0640348685870343 0.297064016639195
0.226321695799085 0.0328054167050865 0.03603604607435 0.146369814331942 0.0527899099098333 0.130342983291317 0.0418031709644107 0.324600351113245 0.00893061181073012
0.0373867208966851 0.200734341497552 0.163553502924949 0.0735090703865205 0.175876281058654 0.053359338112283 0.0625386029046975 0.0611595292780628 0.171882612940595
0.0349338204389028 0.201862420479414 0.031225560718749 0.116362704630939 0.044039150206449 0.25966480256265 0.0695238636303653 0.166085056406622 0.0763026209259093
0.2052714129533 0.0598061729754853 0.0114746252307179 0.146354535599104 0.101012477450944 0.0325081508902117 0.183990679387045 0.124583473732017 0.134998471781175
0.0922311292848586 0.0613607321061584 0.130565666331182 0.116639253516 0.200669147738846 0.139437257123462 0.0931908054575263 0.0311300052191892 0.134776003222777
0.0781690330017999 0.179964111766476 0.184832861758992 0.0880186845865902 0.0316173100510259 0.0252426887675085 0.0927410302990243 0.113825655167568 0.205588624601015
0.0881585674674269 0.235242234689711 0.0589777357816098 0.112229197272288 0.187003301909849 0.0606138858205451 0.0702347652807806 0.0824629845851218 0.105077327192668
0.187854584264822 0.0297540246560486 0.157615517475155 0.0974557243053625 0.00404755073765405 0.200091990330025 0.161698277309404 0.0933850533167706 0.068097277604758
0.161397452498342 0.167167085269744 0.0927757803417356 0.0373612710168829 0.133445372972484 0.146035309267974 0.103536572802833 0.0992220141386976 0.0590591416913078
0.109907713270436 0.171070156641104 0.143242022767706 0.0535684912467747 0.109943755731877 0.0736824764099757 0.164253200592495 0.163348273064993 0.0109839102746385
0.052090998865829 0.0339989902760971 0.15131878928936 0.0660764437874844 0.187784505233122 0.088015491522095 0.117104192369309 0.176934414381074 0.126676174275629
0.150412533787133 0.122199913689735 0.161178108883055 0.110733476557152 0.0963586588393517 0.0767213905276579 0.0185972857380283 0.165630642028627 0.0981679899492591
0.239094895109688 0.111028833136501 0.159858418908551 0.0298329803053974 0.026141272168465 0.176642911009645 0.0618439684347581 0.113591767258775 0.0819649536682193
0.101805422775982 0.185289444685755 0.122266970171734 0.0597209430755293 0.0110599580603765 0.165812519493793 0.146386943687426 0.176893152615173 0.0307646454342313
0.240140912578312 0.0593664616576429 0.141438174534959 0.0927551580474656 0.214193701025843 0.073200206014537 0.0130849036633127 0.0996749574325158 0.0661455250454117
0.187956665785277 0.0558128901881286 0.159960813678327 0.123600874849474 0.0405276963091117 0.0739897023035566 0.11720129001836 0.0709400090181236 0.170010057849641
0.0440258441608045 0.156246390019938 0.0778044892518236 0.0815604668436243 0.133216177012559 0.0814823595830135 0.155694582859621 0.114250670875785 0.155719019392832
0.168279855845697 0.0306289758654873 0.0177281370273907 0.176237633284408 0.119017345648062 0.123261212405007 0.124561617414457 0.158604336414122 0.0816808860953702
0.150900559251176 0.0109013361881674 0.0162099971632203 0.187205131084775 0.1144940506341 0.177934191048274 0.138838838365525 0.108753458402829 0.0947624378619329
0.0786297291311242 0.185495008121278 0.0794594688595244 0.0571520173715783 0.197080359911303 0.185606679437309 0.132560863471201 0.00282097470952582 0.0811948989871557
0.169815005854651 0.243562394636461 0.0954683793890035 0.144340772455358 0.127876643980075 0.0315665511169595 0.0266240310415008 0.113838710714901 0.0469075108110897
