0.17111188089202 0.102938223805931 0.141383543508499 0.176517137020122 0.092743923210826 0.189415799647703 0.115471699944684 0.0104177919702145
0.159955984142407 0.130612893518388 0.0665735061475881 0.153298333265332 0.028773722235804 0.219572753881099 0.227738382468362 0.0134744243410205
0.163797944846489 0.168027202158349 0.10492126575581 0.0996584673678488 0.222719635439276 0.0174282069569228 0.201392122812153 0.0220551546631521
0.0732392516267174 0.269942718170719 0.0672517106908847 0.0227600820465377 0.15139266557879 0.176847263027948 0.00371221124466202 0.234854097613742
0.0716561467936178 0.108484025509933 0.0811923154214547 0.147065487705578 0.0230345181548115 0.00242630119780171 0.341042352824658 0.225098852392146
0.213637542026384 0.227612129160894 0.0162937332008251 0.240117499831856 0.0636136449732388 0.0209246514636702 0.14598115899453 0.071819640348602
0.0584719131229744 0.277556123287954 0.079695944385918 0.25054370845164 0.188753736027168 0.0227482725496537 0.0451100223057663 0.0771202798689258
0.222877219605376 0.140458835014991 0.224871129321014 0.132173924476748 0.050525773757858 0.101364186973193 0.0533503275842521 0.0743786032665676
0.0287543367983292 0.0771210650733792 0.21927194826222 0.211530068235746 0.161621374874076 0.237914884652848 0.0156764880617136 0.0481098340416883
0.0735877625944263 0.210367811352529 0.220396567153004 0.0504780673787663 0.110674310430275 0.122774994382838 0.0385864548273568 0.173134031880804
0.0371879389753031 0.177666035506631 0.030635345599216 0.102646294084513 0.148061522283738 0.333466881876814 0.059723655077399 0.110612326596385
0.152991287599023 0.200203194507451 0.220554242777727 0.202064787322364 0.0584429385863452 0.0731678145244076 0.0132402580952112 0.0793354765874711
0.219840985522292 0.0889098096261469 0.189599186008708 0.0408396499785817 0.189252171548176 0.140761727198035 0.0803562402786617 0.0504402298393994
0.0116124644421744 0.0615952434715041 0.143791384718298 0.198506855769086 0.27092236536547 0.090703399469727 0.177953699463666 0.0449145873000744
0.150853223129974 0.0434613784818309 0.123156117807577 0.028995228645735 0.165066314252542 0.120105316259355 0.225839448769067 0.142522972653919
0.0200307381259827 0.20613736588321 0.168636597463065 0.00280510950718391 0.0293321495500575 0.155755610409842 0.21728583350423 0.200016595556429
0.157235837839533 0.000241131466875815 0.147306242590092 0.100109408544064 0.0787986754578982 0.182734858196667 0.133414910347118 0.200158935557752
0.0380711975774778 0.209148196509357 0.00188010233561478 0.0823266831037664 0.275328759375218 0.163952015948981 0.176620023649633 0.0526730214999518
0.179273110292967 0.094788470655952 0.234997148647071 0.0187230667394497 0.113979453634088 0.111140607231616 0.235247708332497 0.0118504344663595
0.128039881805856 0.0366269792976981 0.196776386792082 0.0406383337700466 0.129522401747967 0.18726552013383 0.153155226249983 0.127975270202538
0.0627651395666822 0.0465488152987106 0.240177349220312 0.160657682575963 0.262493650481703 0.13829810559265 0.0789722784514037 0.0100869788125761
0.171940789315819 0.186879033863115 0.100309694592412 0.196472401939394 0.0856746560317882 0.04849067827523 0.137561328357331 0.0726714176249102
0.212579507800814 0.0911666830983546 0.127147939847668 0.1853140122219 0.0155937503176926 0.0139513856358424 0.222875237586836 0.131371483490893
0.11300331174409 0.175813712743002 0.160099267821416 0.191407395547523 0.146160058878932 0.0170381125695102 0.181383334111501 0.0150948065840266
0.0762790223602237 0.130471757325182 0.227953636149767 0.124484688463239 0.20709873297264 0.00223628012673376 0.190431483082334 0.0410443995198804
0.0538396243504487 0.0515133531753632 0.228385336249711 0.2021367231473 0.0438132756202906 0.162046442600192 0.252886753599193 0.00537849125750172
0.106060496456509 0.0318304738882597 0.203120280906004 0.267582542531892 0.029994102185695 0.00984937208449858 0.202906696572681 0.148656035374459
0.0786724679420151 0.199900880563557 0.0814741951649583 0.15099228806925 0.215705137329704 0.18841746936065 0.0476986078496856 0.0371389537201795
0.121966374274431 0.156818888411445 0.0687463653691588 0.117109896310019 0.131892139556757 0.191407991496586 0.0959715406865381 0.116086803895065
0.098570713026947 0.160674441111515 0.177260447490606 0.0434123132996155 0.136420634099685 0.170147916248882 0.174008915974275 0.0395046187484732
0.0966145328913455 0.015466124774457 0.218280274544824 0.148314082302503 0.154633804647988 0.179686465758766 0.00879174661673838 0.178212968463378
0.118128924031418 0.287830308832667 0.0731445811824269 0.0474319573939832 0.152254035545826 0.211720375591627 0.00183002554023287 0.107659791881819
0.0177726735696704 0.176386079378294 0.180753002895684 0.0858432097276168 0.140739992406719 0.00323440484584151 0.180824204878161 0.214446432298013
0.0134818653461864 0.0146642103432102 0.0543412939412914 0.0971314697499331 0.298118573950558 0.274829815855411 0.190695570986359 0.0567371998270513
0.125234262002131 0.13078963716168 0.194365596312307 0.0766187174753959 0.182459120518235 0.0760068762176777 0.0738298421011192 0.140695948211454
0.0134614235890953 0.119726889396102 0.226017716985332 0.0327696444285824 0.0863700380891985 0.251585588531265 0.144396975077237 0.125671723903188
0.0589980867607325 0.0339454694791366 0.0655672015249207 0.125395511626589 0.193688173851775 0.144649613313965 0.21863926075189 0.159116682690991
0.0264241437074106 0.0291591491196695 0.163004383703672 0.0938048580578543 0.221033574481178 0.154151617759978 0.140673527991832 0.171748745178406
0.0787792151568648 0.0310910033163023 0.00104274703973265 0.243517072918074 0.193573605495525 0.114365264727736 0.237948487305327 0.0996826040404379
0.133165859447245 0.185227988724677 0.103976704424545 0.198035650856652 0.0182759633315416 0.169390597958255 0.080071795314228 0.111855439942856
0.058744990584993 0.136588777351686 0.0645589755215895 0.0747932895679924 0.196673097888481 0.101098969861959 0.232849470302241 0.134692428921058
0.134818070319534 0.0892575068982367 0.112705728722501 0.107126157688167 0.150673780616537 0.116010719673726 0.103059668510738 0.186348367570561
0.0921208776213088 0.170652438906026 0.036493949729994 0.0841522170055196 0.270410634444939 0.0136886207340668 0.165338422071635 0.167142839486511
0.129050035375955 0.11223334701102 0.101372001446398 0.227296506275837 0.00293714333923407 0.154823279434231 0.0676481775406367 0.204639509576687
0.13825214622859 0.00745990172976106 0.0656976762785829 0.255972722224273 0.136414639041591 0.193351733289419 0.00349072040207251 0.199360460805711
0.230255174888006 0.048397308740451 0.0454477087260352 0.231852547855931 0.214288154627546 0.0854542487459463 0.0598148510334015 0.0844900053826829
0.15631994125606 0.169104642785151 0.099406610773368 0.162755283916947 0.139874237194684 0.019736429412661 0.17920200395839 0.073600850702738
0.184601445115481 0.195868204144014 0.0529149636025396 0.174382671576704 0.114407775322884 0.0560628199147913 0.166268177058916 0.05549394326467
0.183352564320507 0.0661330172995925 0.270012713352101 0.166794114716309 0.0898603503479605 0.0858033733284838 0.0142337099162592 0.123810156718787
0.139689881152843 0.245501310857109 0.250496104405203 0.00204180142884268 0.126377496243227 0.0252196395339432 0.00192562562971542 0.208748140749118
0.198665401492742 0.124642059671241 0.0153376918130034 0.099987854679204 0.0732205165954245 0.195229909870613 0.0987149433866256 0.194201622491146
0.242058896396132 0.1509704142809 0.177710546414617 0.0228701178430499 0.184253147209309 0.0266563860480509 0.143409826930811 0.0520706648771287
0.198624781599675 0.033083799860331 0.0784078307911319 0.186034589633141 0.193114017482592 0.0418468865939455 0.088648768092686 0.180239325946498
0.218923278829392 0.0364267821492387 0.0993207533949814 0.0253721827191698 0.0289982911382197 0.229692198414479 0.310727224708754 0.0505392886457652
0.171377647165647 0.0618162235862645 0.187815117884704 0.193091816434149 0.230992317799723 0.0247891235941652 0.082304926138078 0.0478128273972686
0.10114256392619 0.0860761379860637 0.0433416083203205 0.272462661424862 0.039614660411652 0.0782859889940522 0.131315319451279 0.247761059485581
0.127818660673293 0.315615713993804 0.024700850040597 0.00886922258551777 0.0788092957747421 0.264518867825003 0.134867207414666 0.0448001816923777
0.131157034843151 0.174273390366897 0.0552080808050708 0.155427832946884 0.157117076085068 0.047164452656299 0.131969413689973 0.147682718606659
0.159327051447101 0.162631861680274 0.0718952282075441 0.0579421382114305 0.138393228679453 0.153448418733094 0.175495402847464 0.0808666701936386
0.124648400905327 0.0849788036736554 0.203225292517483 0.154743969439497 0.137650938152814 0.0348372326100142 0.183543822293336 0.0763715404078738
0.222404250406731 0.0253681080482076 0.0686067984592416 0.284251059499386 0.0320576534204913 0.0692875736591897 0.191572568345782 0.106451988160971
0.12456473672741 0.0107167231210175 0.0556126608669513 0.389271387040629 0.136032817172879 0.0395368797399451 0.0486430539345512 0.195621741396617
0.252241856027818 0.151034705932203 0.0314866509925441 0.162105468102285 0.1324948514701 0.0721298895006515 0.0793000911662127 0.119206486808185
0.0148875890156809 0.0231824541058073 0.248112525181557 0.172075038525195 0.219328862785493 0.00328307250730203 0.14138004586053 0.177750412018435
0.0442867083297855 0.229556535809101 0.0588108845842886 0.0455986115977854 0.16815035712639 0.18985804223355 0.189938370858858 0.0738004894602404
0.120424921722568 0.118669367376817 0.162165877790102 0.148028321870294 0.0959689910126776 0.0762176815168149 0.129683824297495 0.14884101441323
0.181735417036114 0.0782503930660581 0.164381905341887 0.0796814166422782 0.209462218534963 0.0209528037953542 0.051170368392714 0.214365477190631
0.0836843999651789 0.21186932765114 0.0467025603641544 0.084341135849878 0.196344540147604 0.0874640874934618 0.192885424590734 0.096708523937849
0.260290394810155 0.13704096084251 0.215896228129355 0.0969668122888442 0.00134717060463068 0.204218986850163 0.0369663017815128 0.0472731446928285
0.216512079160496 0.0974155599082092 0.115156466391236 0.225859082846283 0.0469768879188866 0.120165364155477 0.117019447016949 0.0608951126024638
0.00269996933437949 0.184284886495938 0.00695054025263166 0.245983986373523 0.0349409455996495 0.2381870764219 0.26196856129157 0.0249840342304085
0.176523246259415 0.017065353290168 0.253951529399111 0.0513290880383417 0.249016093050619 0.0891859068140314 0.146106922462959 0.0168218606853545
0.0142323509810548 0.00466884187576626 0.268460746789326 0.0311783053652582 0.392894568044644 0.0678217789224752 0.157119053229316 0.06362435479216
0.00345750802236435 0.111852231148122 0.10234815677957 0.200931806023872 0.184615346307659 0.0958367048986254 0.160861895388622 0.140096351431165
0.174697777377351 0.208574496447395 0.0794432580080212 0.0827415744741091 0.0259976360046146 0.223837290985656 0.0537357157579102 0.150972250944943
0.113652213430128 0.0967378799575579 0.155814452325348 0.138052646175864 0.145857317213142 0.153208334148941 0.111347041058309 0.0853301156907107
0.156846804184221 0.197712008115116 0.163487925919587 0.100616019488427 0.0889198221143072 0.0408663573069308 0.190875994393083 0.0606750684783282
0.175696010453052 0.196778618059995 0.156507412978331 0.130835405787489 0.149602514692143 0.05122008023528 0.0618130491587395 0.0775469086349699
0.0860325500759857 0.246330598017943 0.00973953765620585 0.067675704572025 0.183332253401947 0.133840653445046 0.122747366540817 0.15030133629003
0.0111259048308514 0.151952859329632 0.239253911760677 0.170047245013506 0.127497677996284 0.0354986110106104 0.0197887677112849 0.244835022347154
0.125014489155252 0.15394064346432 0.0708946806379623 0.18361840270647 0.0746487591034364 0.110964342028862 0.108752847443648 0.172165835460049
0.0406519879186811 0.194447104291625 0.16682120901179 0.211121773097695 0.137798288993218 0.0138262344101056 0.105336235137546 0.12999716713934
0.0898293564913172 0.121935103611686 0.0942278523133669 0.15662467695126 0.119511615357953 0.148813929016866 0.0850370331097825 0.184020433147768
0.189493970313134 0.218224671084648 0.216624188963791 0.0991412662957709 0.0721157785340665 0.0768105143449279 0.101063818837986 0.0265257916256771
0.152876067567351 0.271899679424977 0.0295656498459875 0.0462495842273218 0.00557600107828171 0.120629115924508 0.227521958870272 0.145681943061302
0.195605395051528 0.00593232502790447 0.182046247202437 0.19071694821105 0.0523628726338942 0.234275858709697 0.0859250906689935 0.0531352624944946
0.122367221196751 0.0655756840537449 0.300771266216241 0.13979265544938 0.0680670322274296 0.127370216509166 0.0371000258497257 0.138955898497562
0.119747843778959 0.017609822457667 0.23092910323522 0.104720720321342 0.283318024756591 0.000703252436721362 0.0889140099642147 0.154057223049285
0.0867678478033686 0.158054173223738 0.0787815505882504 0.235697087098142 0.158527527025372 0.0522907416254806 0.142181831104865 0.0876992415307833
0.0426431096214763 0.0934515463355117 0.235257520474424 0.154118178393613 0.119573573886892 0.0843467046895073 0.0782311557593102 0.192378210839264
0.169818992407061 0.1529042580396 0.05430846889014 0.0839692022803828 0.104475971730146 0.121054310324125 0.159951727740178 0.153517068588367
0.146518003901249 0.0633712884230252 0.170781453053538 0.0947407665923677 0.170501811323005 0.152912585337841 0.0917758988254371 0.109398192543537
0.0544783227324628 0.167486396789585 0.183718833163688 0.110448603440996 0.0187029134004407 0.130199934005182 0.156904471376306 0.178060525091339
0.0797667151425203 0.188504112899397 0.0960034115394437 0.161776917863879 0.047686189425557 0.0986364924462631 0.132554964522937 0.195071196160003
0.03249290897921 0.213990213039974 0.141589201504701 0.00614597660759383 0.229541054136131 0.150127220670428 0.173552274847988 0.0525611502139737
0.0528342483730216 0.100401494139739 0.190714888608311 0.179400730134466 0.0994275342792687 0.109220676036673 0.134727473948433 0.133272954480088
0.139427134439199 0.121708030404187 0.0514764555088797 0.0985399725962454 0.137864277482254 0.0702470887064878 0.179705167679448 0.201031873183298
0.126273692711612 0.155093739377813 0.103202265863214 0.162170540206526 0.0979090781955267 0.172227510082127 0.0693806650676932 0.113742508495489
0.0699253414099262 0.106506031293478 0.142792002344621 0.10916946858266 0.29453703429423 0.11365917778362 0.0342372247709596 0.129173719520504
0.12103640505383 0.095063610413917 0.059310283685296 0.111217568980518 0.188821216854844 0.188328531212555 0.120713920347669 0.115508463451371
0.165606676189334 0.144932920409328 0.245459346426927 0.163694315358994 0.0122845506292413 0.0735136177415465 0.0700383500488926 0.124470223195736
0.204423669915105 0.170569028467868 0.136452948220792 0.041791492910044 0.118974530913844 0.0480591163835219 0.0597498128380533 0.219979400350772
0.0856332892735354 0.0666066210818963 0.362029826892328 0.0758722178355576 0.1178119925711 0.080651923270872 0.0543679081909708 0.15702622088374
0.14100725141471 0.186478848721494 0.0482409317492752 0.0996712396441084 0.0442517724259583 0.196379539708407 0.166591302312309 0.117379114023738
0.00900616472249726 0.19542438055584 0.210858702262979 0.150163639793482 0.176394385111296 0.10275091479696 0.083485668390862 0.0719161443660832
0.00153769097799223 0.217067703310235 0.0172507395982489 0.10443412687893 0.218524434935339 0.309833509896603 0.0958253509149443 0.0355264434877074
0.10191067292093 0.161542835694209 0.192848521139776 0.155308361134049 0.219195238686718 0.0943430427340792 0.06881615595707 0.00603517173316813
0.187694288041046 0.0279749185239384 0.0386336364623267 0.138879975588055 0.00793692196541132 0.00161946596481328 0.277336254508021 0.319924538946388
0.24629610135859 0.105924876227512 0.0739140530757414 0.0492694741030002 0.148425150481636 0.132967033771995 0.0978146154436045 0.145388695537921
0.0921623985389577 0.175347508090138 0.162979572562211 0.16519276492163 0.0521124414993212 0.161335805805719 0.0289360556259721 0.161933452956051
0.0490053294912638 0.172140057783526 0.17981499531068 0.109717169615987 0.137956646172146 0.162197637664206 0.0482774106911533 0.140890753271038
0.219668086362145 0.135735244681198 0.00783291207980041 0.0231238509220621 0.187142683309459 0.222932766553033 0.139579171186078 0.0639852849062244
0.070970239458785 0.260339668226639 0.141325917962955 0.189938036264647 0.0838385308821651 0.0187087240644194 0.139055431293159 0.0958234518472299
0.0122842525128676 0.212990993003874 0.176318729751819 0.0984741170525445 0.199118880946721 0.0170154677901353 0.163764124698528 0.12003343424351
0.328822140727764 0.0952831140829792 0.117795243172314 0.0263620700413902 0.255368969552151 0.143563507891908 0.0203621894705189 0.0124427650609752
0.211334658291477 0.0158864894250424 0.258869587404236 0.226429032787299 0.207443695824632 0.0572496719875753 0.0227421326887461 4.47315909920083e-05
0.0876543754619709 0.178832371893653 0.198203773597529 0.0889199186591173 0.0819696831918895 0.257357999292704 0.0919228058264921 0.0151390720766445
0.131971434491618 0.0716120273139206 0.109323473023549 0.148624482178973 0.19200770698869 0.0648320346096839 0.191177978309636 0.0904508630839307
0.00642008797486656 0.0145571217040118 0.182025550590902 0.175509766236082 0.0945719037525835 0.159660816649709 0.218258666314219 0.148996086777626
0.151932960011327 0.0825866038006362 0.14370906541657 0.166151008703913 0.139418636835394 0.129992428601049 0.179820518638844 0.00638877799226762
0.113197439065366 0.0227025923144114 0.154689431838315 0.108483226631829 0.174456922348765 0.200126740755138 0.206762951558508 0.0195806954876683
0.184761249261636 0.0547624248762106 0.12385356989206 0.211792427185335 0.0705097481113959 0.210961711224881 0.0653271779619446 0.0780316914865369
0.115185439834539 0.0534220652916887 0.117467308688761 0.177146574973934 0.21644328528065 0.12439242438902 0.0146079111097349 0.181334990431672
0.0794512256905499 0.173958669315622 0.00675711987271591 0.156267091054868 0.0260732869117006 0.175824640331543 0.268452678738308 0.113215288084693
0.208915061169085 0.148095982136097 0.0432241047687556 0.0828802932993958 0.0415343434160439 0.134214327894175 0.217361620754569 0.123774266561878
0.113643651294141 0.174613460693136 0.146112246369561 0.139569040261516 0.0348669592839583 0.0396387999810966 0.223165546579293 0.128390295537298
0.23097995998971 0.144258405430897 0.0812222625531622 0.0569187307926101 0.12996480111707 0.153077601836505 0.120354254148705 0.0832239841313397
0.0748302586539482 0.183208827510498 0.158881511656737 0.124123700519275 0.205043742394296 0.00256097152572913 0.130336989574106 0.12101399816541
0.0746997660679266 0.0992238376980014 0.00834202767794895 0.206489361026904 0.0956678261651512 0.0173125059400509 0.185094128609574 0.313170546814443
0.0735920597321817 0.0289063875031912 0.0661564951370191 0.169346455697996 0.272386819823433 0.233421310413759 0.119278983261262 0.0369114884311577
0.225945913349376 0.148080808381972 0.133323518496449 0.207318027385477 0.053306116534343 0.0536859147027533 0.169831358535898 0.00850834261373143
0.0137962186477087 0.17972876279146 0.195403655400236 0.014408613704157 0.204871252114289 0.151945866426292 0.101506110952186 0.138339519963673
0.14969009599718 0.167243534590984 0.0292360190157876 0.108376856921704 0.178730942098665 0.0164761231321565 0.15020859957499 0.200037828668533
0.100449929856216 0.0753482494706662 0.141659767253115 0.21246931724988 0.0187247029680248 0.21314207944114 0.108813725252734 0.129392228508223
0.18263700508939 0.203167993426042 0.120678520621099 0.21486934131632 0.0540476787904246 0.0381797564400227 0.167346396635143 0.019073307681558
0.0185636826127831 0.0732623083706635 0.168638200667671 0.21501081350163 0.360683757387282 0.0372830966507826 0.0429498138231395 0.0836083269860487
0.0744036216740299 0.0575903609346631 0.00954192031252477 0.170505272417486 0.106024310183308 0.198068451629869 0.273224292951499 0.11064176989662
0.236354610855359 0.188158530084915 0.0229926796033314 0.0575437344407204 0.175221490507572 0.0398802896255965 0.150878029578307 0.128970635304199
0.103490751948153 0.087263101167016 0.103813427372598 0.0635079222212423 0.0683480799452714 0.281547189502882 0.205983669203891 0.0860458586389463
0.215478312214578 0.0559627328076999 0.145587116742871 0.158949984985849 0.126158489533646 0.0952112103317292 0.0444813896220163 0.158170763761611
0.258216462275743 0.112212794326657 0.141359874318314 0.03825740029032 0.204750565557361 0.0891177047118064 0.0107471067470678 0.145338091772731
0.145183139357969 0.108458656977159 0.044060694798546 0.163338973808564 0.0784477614350791 0.0481800031986693 0.218782842987843 0.19354792743617
0.0701560168348976 0.433878437502201 0.0544774537533893 0.0198397550853937 0.054271626785209 0.205065808325337 0.0560417958243808 0.106269105889192
0.149775493597444 0.170208545279188 0.164677645016635 0.152532001004425 0.116864958659793 0.159001657332685 0.0674363919912555 0.0195033071185753
0.0410869688783453 0.0249943509932225 0.140075706431454 0.133439107830556 0.205770578069256 0.215865049779913 0.123575267624966 0.115192970392287
0.117680848675935 0.202174152342932 0.0465520320974014 0.186576323315469 0.0558128048996298 0.0110637493980727 0.235686938270645 0.144453150999915
0.0673999680753742 0.110513248309205 0.221170925256293 0.186911198554888 0.0632659071100206 0.0571379035533028 0.11495858531011 0.178642263830807
0.121804765089592 0.13446298751357 0.209537605513617 0.195012305163218 0.0506573584915045 0.200813980860353 0.0245721069387818 0.0631388904293629
0.125743862274015 0.0826380980258882 0.102622758339626 0.174286570187803 0.0517983768375117 0.141652207164599 0.152528389879817 0.16872973729074
0.0593262861719477 0.149578281469556 0.192658946286236 0.192925699738941 0.200903057771096 0.0129367934594896 0.17601910247017 0.0156518326325635
0.169618564441948 0.188941072134416 0.0256197586884585 0.146812264302797 0.0167439909363178 0.149165364579299 0.198205741356693 0.104893243560071
0.0729454792977287 0.207699899675597 0.282813478680828 0.107435759128442 0.0719845254785271 0.126148354461632 0.0380873358663025 0.0928851674109423
0.111243067089281 0.0629219574963116 0.192613958045379 0.136918864671779 0.0807867631120477 0.194446369050332 0.199312049030389 0.0217569715044797
0.0812028825442303 0.0122588449140761 0.119153010705099 0.166491335729034 0.192283472843806 0.16730234356653 0.107641207564269 0.153666902132957
0.127617924315961 0.120403322640353 0.115254173204898 0.133007154044471 0.143725312620848 0.155415328202285 0.0704419836266258 0.134134801344558
0.101092264902997 0.241553213938495 0.267480016515285 0.0574734854598545 0.0657635384646813 0.111036315649455 0.0985738867252159 0.0570272783440161
0.0881554385450001 0.0502639287180107 0.0900551530877267 0.135257509302942 0.221473266095605 0.25399837694588 0.0834924760876942 0.0773038512171404
0.244178240005375 0.0185868630913138 0.228515295290685 0.203542681376414 0.0316300306940751 0.103543113033651 0.0191531460433918 0.150850630465095
0.122968530191318 0.105677142430938 0.20471875763909 0.135353700101224 0.175986419007393 0.10242473225139 0.088082563089716 0.064788155288932
0.176428759010967 0.053091058725843 0.0313029923979599 0.110098517385559 0.124702999495521 0.227994726866882 0.216253482159345 0.0601274639579221
0.0364823414355278 0.0517191615974439 0.265481702301983 0.132608905759302 0.31226973625079 0.0972659952557145 0.0371119528352915 0.0670602045639478
0.0207972252223973 0.163339298254386 0.16432906475203 0.100386505667312 0.0935607086044249 0.144492867480167 0.159859513595272 0.153234816424011
0.00731555704824502 0.138495839277441 0.10146605460756 0.205257260720508 0.0585576584879744 0.159700890223077 0.0782975614383827 0.250909178196811
0.031687784176707 0.0682006133980489 0.137555386509436 0.113680630045217 0.143738975832504 0.173866029786722 0.168377229386304 0.162893350865061
0.134666341516848 0.0892873701438047 0.0600089116947688 0.186384970112115 0.134818657089194 0.203982104143414 0.0279922083308267 0.162859436969029
0.051589233737046 0.002524369205535 0.30921143623278 0.101771739956377 0.0283365427987523 0.0139719347563624 0.362614660753357 0.12998008255979
0.192749733066684 0.187496996245903 0.05260790615046 0.0624806881714194 0.220800852144788 0.0390785078314721 0.160874329048862 0.0839109873404118
0.0884703449614191 0.0597965583808097 0.245436723558177 0.165518423962579 0.0499841223601255 0.0708015632682736 0.184986244058493 0.135006019450122
0.0685196689853709 0.218338064047042 0.0169166997929763 0.22197074995306 0.115386883422394 0.064749121000883 0.0500842174551636 0.24403459534311
0.134787805605683 0.129068006644178 0.191262653516078 0.0685959900797251 0.164430131922851 0.0184536302472756 0.0948956044401109 0.198506177544099
0.0812899882879329 0.0594742151840194 0.0309900658805337 0.222369518494584 0.148343468850542 0.217056488673553 0.160322379591292 0.0801538750375432
0.147796217129866 0.0961608751767195 0.0864681395574299 0.116238816452467 0.136620630146006 0.128485429113158 0.15244430323925 0.135785589185104
0.170095742217238 0.00421627367808594 0.104893762229498 0.0149095001740801 0.237566545908564 0.16276143072337 0.0813353958820889 0.224221349187075
0.0844379735989429 0.231876819506923 0.173842679766876 0.226130889931004 0.125722360361687 0.101258101691498 0.00191075530035156 0.054820419842718
0.112616849469576 0.14402988507986 0.120107864365713 0.133959960600222 0.129581440530304 0.0754204699394706 0.0969593009228242 0.187324229092029
0.373524402955606 0.0955694582503954 0.0967320784510854 0.067493866434057 0.0964018476131479 0.0394160528530465 0.137641263359693 0.0932210300829689
0.163389511849929 0.146292142149716 0.0270350631555701 0.1880602222654 0.106257396047111 0.0945574377086796 0.113817121654507 0.160591105169087
0.141110704675437 0.177452282805506 0.138074797379338 8.61153962740435e-05 0.0887124457666583 0.187357372710405 0.203548534055088 0.063657747211293
0.0241258777625971 0.0793917111427434 0.222244225295086 0.223763264768332 0.0311066872630298 0.20153497185244 0.10188776524781 0.115945496667962
0.248018012639485 0.0586171924916768 0.0285233363234647 0.0404146137123715 0.262232829540579 0.0954191357704898 0.117053819900874 0.149721059621059
0.0268109364306385 0.0124158055024259 0.223998321878314 0.163363487303329 0.0937434144752742 0.0889652859817649 0.212386803569014 0.17831594485924
0.155224904671359 0.063474642333302 0.298137223631476 0.139704104977073 0.0527310449790278 0.232928543502682 0.0141779612874147 0.0436215746176651
0.0978740000329174 0.257553466817975 0.219354476518845 0.211194182849463 0.0655175325469997 0.0589568487105676 0.0177431870936569 0.0718063054295756
0.0736180723451734 0.162949377473951 0.174087908913908 0.141317559677657 0.00382228841671707 0.154117893204519 0.188388613617315 0.10169828635076
0.0420498684495129 0.0221573105208333 0.158669248214527 0.186578450781443 0.186335011389029 0.101278142625211 0.112727219839381 0.190204748180063
0.106900580579742 0.134599452585475 0.00337071615247905 0.181562695109038 0.213168038723958 0.176911068413186 0.0619178232638281 0.121569625172295
0.0440281391821785 0.0662004273198382 0.199301318749419 0.0748451701502873 0.0488068782895558 0.291930778561381 0.22878139934401 0.0461058884033303
0.0962058209453892 0.128869583478662 0.171223778628343 0.102702522351961 0.13584768573971 0.254468571356002 0.00447199534274742 0.106210042157184
0.132492449305506 0.0960549277160333 0.200918611554797 0.208120921252899 0.0211444397076319 0.0735703074307134 0.0693595667416829 0.198338776290736
0.171547179006909 0.00906498020641838 0.15319888301738 0.157290129481941 0.177773490835933 0.180131513190465 0.1177235294318 0.0332702948291528
0.241709581049609 0.0199308982554429 0.17691295047052 0.0494837212266526 0.143737406664843 0.177755946351047 0.173194850314756 0.0172746456671296
0.185305360774895 0.125477575306102 0.0906449943997251 0.118440314493098 0.0775578353601761 0.141654601276377 0.0807775864331246 0.180141731956502
0.0147631288836253 0.212851440734266 0.0101480544510929 0.203394374665034 0.102779172017876 0.124960495014264 0.233936900515496 0.0971664337183463
0.0632912887661028 0.175459799280713 0.132568191333208 0.106592831131205 0.17664714460893 0.127093121457304 0.0781656330184735 0.140181990404064
0.120580025345722 0.0847958100063177 0.12643068965785 0.0801050063222694 0.224205971469066 0.0181276510379517 0.125094010296437 0.220660835864386
0.0556665907373137 0.0539887555743453 0.212960124584545 0.0630138263610564 0.102895333752859 0.263975865794778 0.0802135887112075 0.167285914483896
0.052279373010206 0.148788056894749 0.0831651958570617 0.11034175317287 0.161259395495844 0.183038553495768 0.0896968356870172 0.171430836386485
0.210651528736812 0.126449183681145 0.130505142108186 0.164328394703706 0.040325357398625 0.0805050352358109 0.098894098237161 0.148341259898554
0.189204659284192 0.0322867416158325 0.0644640368205646 0.120161513951489 0.0901406616965097 0.217991243426712 0.159611244620327 0.126139898584373
0.166698741151342 0.00589598564440835 0.0565010218810624 0.202989765731458 0.106990361003491 0.135429005097181 0.209230914961727 0.116264204529331
