0.0905376855736431 0.111148929953314 0.105879515768536 0.126671992560595 0.146158922241711 0.144562313640837 0.0247796152073779 0.0445428107092248 0.114899828032234 0.0908183863125274
0.0980349184247185 0.155832628050545 0.145335824672432 0.0785120624584384 0.0917295036965422 0.122123027649139 0.0294941360903462 0.0860046551475356 0.130234699176274 0.0626985446340297
0.125201887998795 0.117396492098491 0.107020363268074 0.018041258307452 0.163975805483377 0.115294349688848 0.125769688580626 0.115211146120258 0.0166988214259565 0.0953901870281215
0.111921061471658 0.175254627806118 0.163604018960835 0.0280135577431874 0.146988642253212 0.00180544172264907 0.177688742556138 0.142499910229358 0.00137570660473534 0.0508482906521089
0.0617139820739985 0.120579307510425 0.105908876412069 0.122205790651995 0.0783059198673367 0.0968224822119057 0.131703200520032 0.0858652509092008 0.0768889601313551 0.120006229711682
0.140256127088515 0.0882783386151414 0.0843512457934087 0.0298818954909025 0.10677671062517 0.126373698014748 0.0738652261516489 0.0570609707843098 0.145460492871907 0.147695294564249
0.144708469869691 0.206053455605684 0.0154585470408504 0.061918746487654 0.195255998857312 0.0664272401264382 0.0427266077834493 0.0910231575377179 0.0791650568718346 0.0972627198193687
0.0140052001881979 0.155821088616207 0.142427588819796 0.0741487744870819 0.0175043002489765 0.151417150545807 0.0576002585241092 0.213454392970787 0.0141299966452782 0.15949124895376
0.0417670432673221 0.0721751078519434 0.0227120517738988 0.072629047759403 0.204586004909296 0.295678082125267 0.0369221767607147 0.0263637762085993 0.00737605230661065 0.219790657036945
0.145679342481474 0.102969394814187 0.113042886643216 0.0940651040479611 0.0875507692211112 0.00463631615031491 0.0403693136048397 0.177354609942544 0.0837843129205935 0.150547950173759
0.0622454863763944 0.137763974580558 0.182426184515186 0.141574773037978 0.128837709071697 0.00180214112982898 0.0589723878745764 0.120620318546056 0.066553500861127 0.0992035240065993
0.108088143181948 0.168938739986986 0.021419037054467 0.100252473322136 0.0607550752538144 0.199631341579364 0.030276711722502 0.0401415828504201 0.130424141942631 0.14007275310573
0.0623657835529053 0.0874203443091636 0.0997182068316586 0.0884448246849702 0.239250136628407 0.162399329065525 0.12613337030266 0.101051396500133 0.0183741778666559 0.0148424302579209
0.111167018446406 0.117726992067075 0.103173440941574 0.0767819707223142 0.00120494206040004 0.0896065000288381 0.21678289503498 0.041225644884163 0.139238626032322 0.103091969781928
0.129278917057249 0.117917984057285 0.15099315245773 0.0473855879341146 0.102593717624126 0.102506662028799 0.13374058521608 0.12019547663292 0.0124234581811367 0.0829644588105598
0.0883180586636169 0.177804358811847 0.175892522765621 0.0413027140704368 0.00451462622289602 0.149463056275454 0.0300986323364116 0.0989175547162745 0.181571185280624 0.052117290856819
0.079750392573852 0.0116895799814354 0.111104830594367 0.188752717254244 0.0227491502247772 0.0710143127144844 0.0221570871352573 0.149697916194189 0.201462051930786 0.141621961396608
0.0553200782024192 0.0640201868017612 0.0779691045207163 0.0795653829249351 0.178113820674938 0.021620761973569 0.0857564637676042 0.0457574630073387 0.181577137419668 0.210299600707051
0.0114451617482206 0.120242846969634 0.00141829447110733 0.189073673032614 0.00765780946061159 0.162044414221664 0.0774810092985969 0.1258747825153 0.102494320866334 0.202267687415918
0.0550853092955915 0.0392497490721655 0.229651027095144 0.112991842113667 0.0821692111857195 0.000304629988393503 0.159889950767631 0.190654290767991 0.0338250993014535 0.0961788904122432
0.104046129948398 0.0579827592836741 0.13066710603476 0.148080518441067 0.140747761878462 0.09483544229008 0.0345192627208073 0.0469355520493008 0.108735334042594 0.133450133310858
0.0423273000609341 0.15651515038285 0.110215238585988 0.165520026960043 0.109522939960864 0.0521547248697194 0.138074833032445 0.0658241547135337 0.1446612481702 0.0151843832634235
0.0646706956601472 0.124916045223556 0.0417491877884186 0.0402388077330956 0.168232385758554 0.0337452769540289 0.17382933063723 0.148311608388035 0.0440675589970111 0.160239102859923
0.0229322117936107 0.0626437963555638 0.0777731993365396 0.00443253272155238 0.106813159180609 0.165786678910503 0.14765579616571 0.141725438995534 0.0976030677013709 0.172634118839007
0.0208394053447109 0.172934468305663 0.155737773878583 0.11085335925708 0.122594774309639 0.122332958047214 0.0394144060480588 0.0654013241751182 0.178940145776848 0.0109513848570843
0.0364485911650578 0.147789012983637 0.167282848542227 0.128576636143472 0.0826863056252427 0.159501961293683 0.154323943820235 0.0341298292891749 0.0526794229457946 0.0365814481914763
0.159381950513651 0.0219348358664423 0.175877359554338 0.181241924627659 0.00964076775545259 0.00128971598316045 0.150362659513805 0.0764888139384655 0.121368713171533 0.102413259075492
0.0784366799145965 0.143405176887721 0.0187008109269873 0.0236657703603341 0.175831534316791 0.1014025329099 0.193726702700014 0.102704358467362 0.104025293755062 0.0581011397612319
0.17130060724957 0.0752872146514759 0.0211800719575362 0.159561158408937 0.123533249651545 0.139670763298281 0.105069906539712 0.0726092725939739 0.0551716751146328 0.0766160805343352
0.178664639202074 0.0944085070786692 0.0627770989892639 0.00554513980991794 0.0991005521701795 0.128084395092554 0.10645060032496 0.173719060206365 0.129738777023447 0.0215112301025692
0.173835236682197 0.0619095004004261 0.119309170167729 0.163047467402511 0.0308579062358411 0.0837874885159886 0.0727985781923218 0.147138980855737 0.082857385941775 0.0644582856054733
0.183999208369428 0.00050270239786056 0.0340502623421761 0.159840617497235 0.0646994979448844 0.0124431319781637 0.0367145458575404 0.21889167869786 0.0959117952844365 0.192946559630415
0.123831236841512 0.117673164153471 0.0735559217089013 0.105565005426715 0.129990126292953 0.0928459423188306 0.0269386860775838 0.134792924961344 0.123181069285538 0.0716259229331519
0.0880724000173643 0.00368557331842225 0.0497238077958659 0.114778903025191 0.141180651107668 0.0433674932113665 0.0554484435974778 0.265117223667642 0.150237537225521 0.0883879670334805
0.0723573521224884 0.0715145643567114 0.0168523317648172 0.152588388590458 0.151378451256952 0.00184000565808035 0.128618171096795 0.138347887065836 0.13336305199142 0.133139796096441
0.145333707435531 0.0653502494194526 0.0970377292193651 0.16205217546502 0.166803722167749 0.0313400712682468 0.0153593106194504 0.0520056850697299 0.169149394276624 0.0955679550588322
0.152080419063131 0.0936865121404886 0.0968043720277787 0.0443288338895297 0.179176040699681 0.0385968174497179 0.0603775071107891 0.168016777942441 0.0620239114830818 0.104908808193361
0.0119944311155145 0.0685653484589131 0.131996518723944 0.00107605435562846 0.193460875451566 0.176798805088047 0.142438567439989 0.0961505625919913 0.0492270116500372 0.128291825124369
0.112596450052841 0.124856539564918 0.115616563104721 0.106632180831999 0.028648143852352 0.102325622258371 0.0630970518702444 0.119419496999749 0.0997070614569689 0.127100890007836
0.0220753724050759 0.133489502397462 0.117600495510736 0.117809526375044 0.134449307203457 0.186518084875816 0.167055454037105 0.0143184272589158 0.0530128744068347 0.0536709555295536
0.159549291878164 0.0774093273049108 0.132955984554752 0.0475085127181528 0.15660330672075 0.0290074284059873 0.0990607562384115 0.1282526909699 0.112453607337819 0.0571990938711514
0.0768447782478787 0.0317102783170758 0.0267239275871108 0.105514291238406 0.220435890817757 0.0357076121496507 0.0430764492377259 0.190185889283897 0.0507366660341887 0.219064217086309
0.0704912219005658 0.15080657772014 0.128826863423001 0.166758408869418 0.0838866457126939 0.0346961597988651 0.0479517792924373 0.138969879467414 0.0579186815702513 0.119693782245213
0.0274775451851007 0.109020875375358 0.168671906692561 0.0947644545770339 0.12077369574236 0.0135679369795311 0.0878809975217291 0.0756285505460023 0.195159561414329 0.107054475965995
0.0839388107769681 0.0876275181600957 0.125713897093022 0.130987454943743 0.0505202638808968 0.131144285002549 0.00945339718642826 0.158031387158079 0.0876521378842685 0.13493084791395
0.0747283301990364 0.115548843382024 0.00304369960752275 0.0505945380205978 0.0883269504928344 0.204618108482585 0.04925501574171 0.183138750112137 0.206420515060124 0.0243252489014294
0.1561260167584 0.0664876377349362 0.115247140221325 0.0928349302635067 0.00489094448912747 0.161360761509194 0.181326639361069 0.0617986291548596 0.140723122739152 0.0192041777684303
0.00938280474360638 0.109788248088406 0.00252346901932389 0.16052242600631 0.0937267734964792 0.243985344918792 0.024500558581596 0.145806691716577 0.189697660888238 0.0200660225406717
0.0409302798699756 0.116433103407069 0.047231881348159 0.0178082521938296 0.142671839562687 0.109773273634309 0.150088492937834 0.142280762246973 0.0987530913598155 0.134029023439349
0.14691727840494 0.0885824141113768 0.141809621417314 0.103792824733598 0.140210022142118 0.0436382460041573 0.0931560957038229 0.0854417429605035 0.0293921068525712 0.127059647669599
0.166214329905708 0.0246360751083824 0.15239569276493 0.0348589235901995 0.162345383056797 0.0831093238559306 0.0373835239227351 0.139048750127026 0.152343950105344 0.0476640475629469
0.0283630975653158 0.19051709159216 0.1264070751728 0.054061080319454 0.171145756169675 0.022289519399658 0.0983361310696244 0.102333566625489 0.206449502513425 9.71795723992557e-05
0.143524958722471 0.0289188941994439 0.018731265753351 0.169972724699007 0.110487049116455 0.128421913210609 0.0821656381434618 0.115221036379622 0.0380446654634774 0.164511854312103
0.0713268670748329 0.0330476599985261 0.0515157411558007 0.15462719645343 0.114687588996244 0.13652233924951 0.106653657319367 0.138703378552216 0.129193536815588 0.0637220343844853
0.188379086709701 0.053010972187914 0.0501466905313432 0.130615997784746 0.0125265067891963 0.136387459816756 0.0238874612299198 0.16897001582968 0.0337488538085727 0.202326955312171
0.134909671316812 0.0896209220580818 0.147038073016194 0.0663236691248535 0.175008652670488 0.0993328620896049 0.0933087272479325 0.0645871870150116 0.0706506052239835 0.0592196302370388
0.139507231974781 0.058914754026429 0.126536755752051 0.102727088825623 0.0135873059147525 0.140865856018354 0.0955707454276478 0.100617172334595 0.0689443244322087 0.152728765293559
0.0609655049209294 0.162866524629453 0.0301520233557921 0.177738211473248 0.0750339126154343 0.0236648655719359 0.105088374506169 0.169300660299347 0.154216294622 0.0409736280056916
0.115001764445572 0.150381221990657 0.0774313270691793 0.139539964164376 0.0865979324588464 0.0646920166039591 0.139663693974322 0.0860222645197345 0.091480494227072 0.0491893205462811
0.0844147648671341 0.133099057456295 0.0296644966525674 0.116345503888693 0.12811688326933 0.0116644902081072 0.158118113122638 0.151833708882192 0.126958545234599 0.059784436418444
0.116628342595207 0.0408992427865167 0.109658409334984 0.105515066995686 0.0950412268676114 0.11819511338218 0.0910750833984155 0.152648330671894 0.0958215904771289 0.0745175934903768
0.0785476120060204 0.120245915607073 0.148168777968779 0.141049489402716 0.0189398347106323 0.0975072268495489 0.111853299667412 0.12289233621027 0.113174399602966 0.0476211079745819
0.00651670798072392 0.192128627667218 0.195094846122974 0.0102430010956733 0.249563983809455 0.0995893840704807 0.0659801750569251 0.0149277732489186 0.107161434139686 0.0587940668079454
0.133406789229065 0.103366775327681 0.125904247994095 0.175197096581785 0.0864465575598901 0.123883868150385 0.0213924546657083 0.104748819513144 0.0277947342131247 0.0978586567651219
0.098805298938062 0.0265361416528034 0.0387207687059235 0.0749180611368725 0.112702042950235 0.160065881856914 0.104218053220198 0.185209851970233 0.0292229327324954 0.169600966836263
0.149753555320301 0.162560129700167 0.127465270451604 0.103415439353166 0.0723105342616194 0.119967067228849 0.0141372784523294 0.0794870752284026 0.133425811860098 0.0374778381434635
0.0626854719570145 0.112820918155885 0.133035395076305 0.130088982097516 0.0332929683767096 0.131679230536104 0.0915250060106506 0.0222345237584483 0.148698406678355 0.133939097353012
0.136567489845542 0.150345008909325 0.00862866063273817 0.0521508563742053 0.159451657289117 0.101170799668104 0.224792869824708 0.0264770416446422 0.0582189521479729 0.0821966636636443
0.135130700570647 0.128333126292222 0.134427979779781 0.143455192015061 0.0640080195671867 0.0996863435156673 0.0512685315709474 0.0737368692266061 0.101121201674565 0.068832035787315
0.0299447809829464 0.14285663374162 0.129992063150388 0.0614672281475947 0.00491968815391486 0.094415471192314 0.15331670297072 0.179750376193679 0.171063607885079 0.0322734475817433
0.049429199131279 0.118078198032409 0.0620858407800939 0.151731465651966 0.13268213319589 0.0401550352610508 0.114570378546268 0.0643400240931837 0.112934084109789 0.153993641198071
0.0936259438991097 0.174365711466953 0.104300406374355 0.120652818028146 0.051241197447386 0.149218131383536 0.0385345664747296 0.0878395516164392 0.0207429675274349 0.15947870578191
0.114169550552291 0.0826538703098732 0.0209940544275308 0.183558464480068 0.0844647697417347 0.022552543228782 0.195192573812778 0.0965327779758309 0.0537008808080487 0.146180514663063
0.125532095747196 0.152151152707094 0.0428001923140783 0.155711758288583 0.0672886449545007 0.134240665290511 0.0423233332598904 0.0322790576851037 0.13215964385083 0.115513455902213
0.159329580511085 0.0816170297942981 0.0338975476725931 0.108856539845496 0.104647199146406 0.0829646269554356 0.0671579058035357 0.0251351689463803 0.161646080671278 0.174748320653493
0.134109172599411 0.0842222710491387 0.0764290349857351 0.147903812296123 0.142201437706339 0.0945192100481749 0.150512724724271 0.118693941919056 0.0255023863906539 0.0259060082810973
0.222663458949575 0.0427433275237148 0.00960498823010212 0.00714137367621923 0.0272733545277195 0.079151596310422 0.168740348945854 0.175851342359392 0.127398959142155 0.139431250334846
0.189787702300173 0.00490854732434545 0.173781337619924 0.00276422518091297 0.192447605536066 0.182897775521425 0.0233914168568943 0.09748350640922 0.0776092982607787 0.0549285849902599
0.111420135127427 0.0703217357602879 0.0349244279820389 0.187651982767736 0.0300046052633455 0.157284755504456 0.0972758677538995 0.0366668170719771 0.207333454028232 0.0671162187405993
0.17260370168045 0.0224183189539768 0.1477743669498 0.0786967619130682 0.158232726875139 0.124038565561648 0.0583367760837815 0.0081949217167055 0.148371969307976 0.0813318909574546
0.182726972955281 0.0919395934096457 0.0312822071525218 0.026524816267969 0.0351231572428665 0.118476760431959 0.193929808400037 0.0643102431210406 0.13258243895975 0.12310400205893
0.122726560017208 0.112164757466917 0.093695710903892 0.0953334710423697 0.127131995328207 0.018472423709676 0.0690875274639996 0.128031770381741 0.137070296823964 0.0962854868620261
0.219900917434721 0.0116046647636076 0.000752227834079058 0.202325763103716 0.198187119079461 0.0362586080714478 0.0718373653388331 0.0613728880485764 0.139047669743481 0.0587127765820768
0.0372837502622033 0.117554789661731 0.148631857414216 0.151292340865113 0.0876709910046639 0.12014607837425 0.10895445559442 0.150049041165479 0.0335088808326785 0.044907814825246
0.0130097309851882 0.247742785616179 0.0814357509460805 0.0631856590820221 0.108426713317294 0.0702477433614165 0.094417411135615 0.100815561238116 0.172930488362123 0.0477881559559651
0.0972712680300189 0.0920496700164444 0.176910792110666 0.0269434905347103 0.116534570479448 0.0457420190806303 0.0792280652361553 0.068569485122424 0.112309735106202 0.184440904283301
0.12823559490233 0.0487697168302492 0.10363247290768 0.0905264782688191 0.0598986247800347 0.0457711537349186 0.0819370311133397 0.171894666339899 0.0874813769022925 0.181852884220437
0.182163278402265 0.0223317745419369 0.0995171882136751 0.0888604771454555 0.0671335790497027 0.155106718325271 0.124267453379239 0.0995470610483726 0.085417977667613 0.0756544922264689
0.128501064646119 0.14979318947451 0.116622342159854 0.0284614279935026 0.0360293175970912 0.128938203088374 0.121684274759715 0.0677412659556312 0.0715574359519554 0.150671478373247
0.0315661663771226 0.0421437582435652 0.176394301791877 0.0167374065304433 0.03475899553158 0.199113727452413 0.187074398433721 0.192371875892559 0.0267578818825529 0.0930814878641675
0.20997833925092 0.0484464060832056 0.119608575110303 0.0847420891647362 0.101694415215692 0.0445297804126421 0.18903388979679 0.0425883377346758 0.104711138745769 0.0546670284852665
0.11120082154758 0.0868857533904451 0.0908906321411765 0.112275653394299 0.0259699607293293 0.0395875695401004 0.00447366978941816 0.20225199223781 0.128191849378864 0.198272097850978
0.144853034063312 0.181671391256547 0.0927348146718385 0.166502822699931 0.0101379893308444 0.0947692185810568 0.0313939663952624 0.0574116012407678 0.04529433951042 0.175230822250021
0.11278346340307 0.0998807328782853 0.0101364608870141 0.0127494582842885 0.0220166584460013 0.134518985370558 0.243401655026673 0.107200597144857 0.247891889379549 0.00942009917970409
0.0821070206190722 0.180022829722536 0.00237122700612043 0.0118602216926819 0.197637581067788 0.0332987598653378 0.0576435403125408 0.155082343792124 0.195662192818183 0.0843142831036156
0.148655733793337 0.0561853928937054 0.0853433944968469 0.0756815669783761 0.184382588130816 0.0676885086464158 0.144065749530225 0.0814894328724646 0.071354396577407 0.0851532360804061
0.0260754640920525 0.175980209989435 0.0160473653556597 0.061810333431322 0.107533705295332 0.119211647517607 0.073360457575006 0.115837754233119 0.210178073064962 0.0939649894455045
0.151378111257467 0.0720357674190774 0.146856231788427 0.145915888746217 0.0454379533675633 0.0830549641635512 0.157704863252679 0.0114016333364196 0.127300077049255 0.058914509619344
0.01938432134662 0.0338248037677563 0.154293140957292 0.097158502658931 0.159492891677617 0.140920272756622 0.00078882019094378 0.069944488209912 0.171644907686538 0.152547850747768
0.073580481381214 0.0277379040593801 0.0625490264236432 0.172995250947796 0.00228964113776389 0.13877209991402 0.181903149311984 0.106836085742537 0.169111851885669 0.0642245091959923
0.008744050919156 0.0463003650578996 0.0054277125223167 0.0697875857620757 0.211692662890134 0.174695084564122 0.181663717612967 0.173872991624545 0.0358678490878619 0.0919479799589235
0.190127032181261 0.185353062959819 0.00100759461882286 0.0448142657478274 0.116599563017377 0.0995629262102745 0.189886089648801 0.00281592715021571 0.0221727962662834 0.147660742199318
0.133872176515815 0.000649080243866094 0.00536807955148595 0.0867891908814285 0.0981421686413233 0.179802180236833 0.0885623310493561 0.165381902707589 0.143477990115513 0.0979549000567903
0.0676108492135636 0.0371020507696184 0.108691376336864 0.134777928549317 0.152420377683743 0.0716936955305031 0.0803457644717595 0.0841096186354661 0.162669317869533 0.100579020939633
0.0322556400140143 0.169672871884707 0.0659010697063629 0.152710667428071 0.0329435055667675 0.145412420450402 0.0903247738147047 0.103318844659436 0.17186976321206 0.0355904432634752
0.166375593943936 0.120607538046031 0.00544896245288906 0.1335738217885 0.132085885167571 0.0291647447420076 0.168865732949928 0.0292331906610286 0.00472657091590453 0.209917959332204
0.0110183674762614 0.212669461822352 0.00447544823124817 0.0337818254842064 0.0988158855100109 0.0672905242367518 0.192847732598414 0.0776732970045201 0.107714213945773 0.193713243690462
0.141000920008921 0.0578298031708563 0.134098960737682 0.115408986424749 0.0416958387243335 0.0722511067670257 0.186488878751064 0.0721342631106939 0.100826246810585 0.0782649954940887
0.120528494215617 0.0601192111521491 0.153578309286042 0.111901942193701 0.256211465379993 0.0520711630929078 0.126071841377032 0.00834895175151677 0.0991723697044778 0.0119962518465634
0.0757253836470098 0.0316809850551573 0.0227429618272835 0.0417298944830762 0.150895207311202 0.184705732659036 0.0491538022953778 0.18367576289984 0.172533840372405 0.0871564294496118
0.10306387705862 0.114668778958965 0.112984767717454 0.134656791476421 0.0275073311546852 0.0336592833619493 0.0605778044102933 0.0942141364324496 0.133844922043657 0.184822307385506
0.0320823057988212 0.0212035011679205 0.122021148504722 0.0748725075393905 0.073296867982568 0.225543350983512 0.121781049434953 0.114675441068539 0.129666449463969 0.0848573780556042
0.0357876046243851 0.0429890104687131 0.0637851299233722 0.127213585808597 0.0985136597404308 0.164245315395152 0.148935029939963 0.0668363914167305 0.124767358961495 0.126926913721162
0.0933716273691754 0.245288394872723 0.0595688390152446 0.104484157578924 0.142822697215461 0.0267526866739101 0.264728441538309 0.00443271474781432 0.0156501108010639 0.0429003301873741
0.0677999803858792 0.00734055077754662 0.0500600066950026 0.153212271223052 0.108149225142774 0.0634192980749167 0.129855934379005 0.167275616386387 0.151757523925197 0.10112959301024
0.151018665275722 0.0532927935940656 0.0389918111692415 0.0878727307124394 0.117548299469032 0.127927035507707 0.068355124833377 0.165946982537154 0.134256572673836 0.0547899842274258
0.0981025185299258 0.105352485093606 0.0889445200252294 0.137613504157196 0.0511790124392391 0.103033996796503 0.0761608043814213 0.152063850670854 0.0923303755016217 0.0952189324044039
0.074867452344166 0.0485950926973046 0.14300612196908 0.171687221222227 0.173746702077133 0.108073373515654 0.0163080782854087 0.0530500186762529 0.0459777208059891 0.164688218406785
0.208649926294622 0.103702327817053 0.00526740890982265 0.0335041873597657 0.146023765379096 0.185032714523866 0.0380774829719386 0.225471969987248 0.0298752249288346 0.0243949918277542
0.0489002746483455 0.13576852150228 0.12884697303782 0.0435476771447709 0.0195895491802507 0.218654424864202 0.0174874129567742 0.00331717606240959 0.225913938994575 0.157974051608573
0.0776133034953152 0.0277564669050164 0.167809280054728 0.101966597761318 0.0308851773323971 0.16211612137363 0.0883949102248764 0.151762413204394 0.088035404390309 0.103660325258016
0.157990480245697 0.157695960046016 0.0408245768677365 0.000878880387289747 0.175944426716068 0.0483434730494008 0.0702152470852143 0.199853859398508 0.0594581278138569 0.0887949683902124
0.113557388328821 0.160971962053471 0.0421574569175438 0.0329700587398968 0.131759301037065 0.155005836231584 0.0707260821936414 0.189401916828901 0.0828200755603511 0.0206299221087248
0.0826269526274967 0.191683779924053 0.0645794779537164 0.12259876565294 0.0396924505069968 0.164301313747151 0.0167514043996964 0.203216800404647 0.102442996756141 0.0121060580271618
0.0213967098141997 0.183921371597055 0.0166491240669603 0.118769930777997 0.0389046381701341 0.0105260365094728 0.223601886880094 0.0425156345269372 0.212229701391905 0.131484966265245
0.0912926748851176 0.0847464741014433 0.15621545247299 0.153597787623941 0.0110855063410292 0.148077001423657 0.0594225541941977 0.119029792803025 0.128266636356622 0.0482661197979774
0.0961531519854596 0.0241303872221795 0.152324478498933 0.142943952711304 0.12336957402668 0.199179189865186 0.0136847268081307 0.0682952665354425 0.0389619136969043 0.140957358649781
0.0645590036901868 0.157952110301795 0.0911125508353065 0.113484192399357 0.180060668098815 0.0249061042035192 0.0979459700408703 0.0444816167320594 0.129600694705191 0.0958970889928994
0.030380735223322 0.0474079847552227 0.0503450352997684 0.135354845531768 0.0245930189843047 0.100523923022354 0.141694033774277 0.203134328745878 0.120236150797877 0.146329943865228
0.012604254641627 0.143204048234038 0.112683075284457 0.0540571010250596 0.095257835402559 0.145548887401463 0.132570426955112 0.0987978562513551 0.1052823344618 0.0999941803425289
0.0662529301257038 0.169073314921128 0.19313338018073 0.174640993872442 0.0942069403745646 0.0337996066682068 0.138614216861843 0.0413032894575945 0.0478852570210476 0.0410900705167389
0.100790997312674 0.0504110484556664 0.0907639158485005 0.0281588722211455 0.191649622398178 0.0123622266326666 0.167283279929238 0.0768026281385761 0.192247585502833 0.089529823560522
0.0762288337116568 0.0175024254812437 0.107993885641095 0.0926651763446372 0.0590781880654329 0.129944196624947 0.0266115412792084 0.158391984174302 0.201725337583305 0.129858431094172
0.0258813485694785 0.0750517478910647 0.253826886179998 0.0235767046421982 0.05489727637954 0.0617775966698424 0.12092205039228 0.258153709717318 0.118224339030083 0.00768834052819751
0.0619799318279159 0.105171631956416 0.0271792910133126 0.147287558320569 0.141673065741026 0.136982931541982 0.12029482700724 0.0841987922915727 0.0545930513137763 0.120638918986189
0.142937699871113 0.120058658613214 0.00419878490155685 0.028327064296952 0.0539923333915523 0.145452532529717 0.16269385435436 0.0273752287587684 0.185898493854278 0.129065349428489
0.18577398255594 0.0912873593945529 0.09368170032697 0.0703030041218636 0.156700408952334 0.0719181952564293 0.114873802033067 0.188909270237623 0.0159972147342648 0.0105550623869562
0.114107386930199 0.122426073857006 0.0439731134495742 0.0894888962749087 0.153105007119879 0.0447985955593209 0.0256422942133027 0.125185375025595 0.153451396909592 0.127821860660623
0.0365688957262461 0.0182299913822117 0.153519144531053 0.0488496400818319 0.0708381703775825 0.0635658020439169 0.241427916177323 0.108830201985432 0.185325710749759 0.0728445269446436
0.0922015480868213 0.0323483775526901 0.00850768260358544 0.0855016342034476 0.104113923343489 0.176724433319475 0.0279780178612995 0.0429691626014842 0.227272548378621 0.202382672049086
0.258450194102951 0.0200960850553318 0.00308944497792071 0.0861181033143172 0.209220007355304 0.185084176270488 0.109381685675981 0.0531060699171928 0.00530697965561004 0.0701472536749043
0.173235442007203 0.100396714289707 0.0039842650392271 0.0715164742898474 0.178106511473269 0.137645219624467 0.0620484162638122 0.0503561116261506 0.0786677389927358 0.144043106393579
0.0347980705310266 0.156517597495484 0.0853967672358061 0.0629718945542366 0.0691068571993954 0.128070225134574 0.101129245644173 0.137059288284093 0.0775127391960625 0.14743731472515
0.114501805785584 0.0703128137205119 0.0240314180399119 0.100267753990527 0.0633693614380542 0.139843625205646 0.0382613957591919 0.187695780848619 0.10938631998165 0.152329725230304
0.190510714666733 0.0287461210041384 0.0286135982356025 0.00279189317432776 0.102183726678576 0.186010280605304 0.0719015414647821 0.141919792983574 0.0549737817476775 0.192348549439285
0.0439435065703025 0.145519690292052 0.136954026136206 0.103150634207833 0.177588934177067 0.0439053771746233 0.0392474576820458 0.163379950683689 0.116107473707618 0.0302029493685638
0.150802273719882 0.0402566790946994 0.177954920433239 0.0998243022651642 0.0633614165152779 0.0956292983012634 0.0412523566586021 0.0790324220129531 0.140793154536291 0.111093176462628
0.101807762591366 0.0915354934361606 0.042290311993076 0.242432790088944 0.121852903150184 0.140920586942711 0.0977052980379479 0.0293624996210271 0.0819387929989534 0.0501535611396298
0.152555104656714 0.00846669670560742 0.0248650072924001 0.169123502017088 0.00261825140088067 0.0534283596684972 0.173732077588715 0.0501621040730216 0.20489648185137 0.160152414745707
0.223601240978321 0.0277499393876425 0.142632593127364 0.124851654655437 0.0379944054134921 0.10130100602013 0.198415494247762 0.00118867314548087 0.030054340390296 0.112210652634075
0.0974851712072777 0.0545411239820792 0.0253742609786051 0.0352563064359495 0.167686879558333 0.159166547885663 0.125583715226478 0.105686479626075 0.105785534065303 0.123433981034236
0.189136918482925 0.0257295791596265 0.0824023293948593 0.0663314887076095 0.232520598433698 0.0243079302728171 0.0121140559942475 0.238041873833217 0.110128075873222 0.0192871498477784
0.191772506046122 0.18757129015239 0.0319092454669791 0.0562608207269007 0.154229166815093 0.0955820875635064 0.190807185670891 0.0630241818537324 0.0180661562639765 0.0107773594404083
0.111118814633186 0.159162202270114 0.123332592583366 0.0878809853841506 0.00823104466536321 0.0500321057611396 0.15627002932097 0.15012963362352 0.00321347205771962 0.150629119700472
0.0791067764016093 0.151445138556573 0.0860720635376049 0.160439660096931 0.098151980332789 0.0406627977529573 0.0416478408508205 0.136930723837676 0.101388122908697 0.104154895724341
0.0874809713632928 0.0500408813704601 0.127854364968488 0.143443935295537 0.0445197228846179 0.142532562173085 0.0996850894882976 0.130632099553458 0.0807931210190456 0.093017251883718
0.0617282317504887 0.00337806961056684 0.0321793781049744 0.0656009808236901 0.20270021689645 0.167083550658084 0.0389647130643999 0.0934931538256061 0.167596145681412 0.167275559584327
0.121845277852309 0.086179754587322 0.0870800391916556 0.164492350854569 0.142995446395485 0.0945206471893243 0.06114537975015 0.0855096385189084 0.0891002876295919 0.0671311780306847
0.0978312011165588 0.0961114467612565 0.114022847245857 0.10540120043646 0.16213227313978 0.134723734030467 0.155229529865939 0.0228190677447211 0.0553780759155256 0.0563506237434344
0.187916608405606 0.100525144018337 0.0227859703063605 0.118610328463316 0.00673011777565318 0.0191094711468877 0.0996432997984489 0.077297490627981 0.207298266290577 0.160083303166833
0.184755686108971 0.171806796353207 0.0290015898358435 0.137098475155339 0.00400026367248042 0.0122941613432374 0.119723517928696 0.167360269623237 0.107278580254474 0.066680659724515
0.132705679988661 0.0491615572015468 0.193094181807182 0.122903653993429 0.0917536349276297 0.101029845213138 0.170709348530629 0.0415527725222021 0.0475893506259231 0.049499975189659
0.125820717195703 0.140239396091815 0.000350604425133002 0.168001051498189 0.0558451068943518 0.0627430541624491 0.149658784593843 0.169237325300952 0.023132070342459 0.104971889495105
0.105187902142364 0.0456028590584553 0.109858425983616 0.0805888585240062 0.0833718623556825 0.0770606494803488 0.0322872212634448 0.125005139846524 0.1642552228921 0.176781858453459
0.102273139785251 0.191822959468657 0.00439032942046537 0.00432604417239289 0.048437448393609 0.0406331666530807 0.240186680370294 0.1067044706138 0.0103141269281112 0.250911634194339
0.0975028589479408 0.0547955889542524 0.166350661735129 0.174917780667584 0.0393542917070319 0.119684120434193 0.0790344067549042 0.0549289191245596 0.0134212127978263 0.200010158876579
0.169211186233365 0.0886245253636792 0.192814015022803 0.100507761709309 0.0546468224263805 0.0769972695797685 0.207101543308186 0.014172863718215 0.034257331196882 0.061666681441412
0.0989632924106145 0.125703762589342 0.0527429207457506 0.0263551248979057 0.0527563432274141 0.0735739861004028 0.198574727088243 0.198875017507021 0.118719550509182 0.053735274924125
0.127468460643348 0.169688633661324 0.0107905034658368 0.105680488144685 0.0190028107511468 0.0864130431572068 0.103811119642261 0.156650505056327 0.0573634188739762 0.163131016603889
0.0974128134415466 0.136127108190614 0.116060307384987 0.110935154280965 0.0289218065109074 0.0598295183284453 0.153219787825399 0.0704259118864924 0.105043696270508 0.122023895880136
0.0271461248889752 0.205280708260572 0.0321728041543798 0.162405499852646 0.0852596539639848 0.183487972757119 0.044154266783616 0.036179605085497 0.0542096524810192 0.169703711772191
0.160219321454492 0.102039579257187 0.108412910000877 0.035316850941029 0.062271707913334 0.164042867061743 0.124197693145778 0.168840022736919 0.069730612883709 0.00492843460493306
0.134562327923336 0.167666603397716 0.0816094896660574 0.175748843480071 0.0379181697172817 0.162467646344085 0.121152216498587 0.00909936224095829 0.0883284993308515 0.0214468414010575
0.139655322559426 0.0394645671512279 0.159103382059183 0.0467387092843412 0.0855661891520454 0.0864871720910367 0.0829472315863841 0.101701290353401 0.163828195495832 0.0945079402671229
0.0660335038069578 0.0598383861974649 0.00413149278889 0.173643385527859 0.122011276260127 0.139520390062496 0.175975599103249 0.00996281663903604 0.159704832911498 0.0891783167024221
0.113082999590589 0.120741372187564 0.238380338499188 0.082488068538371 0.0336704079851956 0.0128164173485711 0.0122591473495264 0.0320597058623668 0.229531065995064 0.124970476643564
0.0168850657207633 0.158760638169786 0.150906677119071 0.153116618262343 0.102730612326392 0.0363733228847047 0.0435253658082137 0.104270015191082 0.0947069677313381 0.138724716786305
0.194045472443227 0.172273818852731 0.0791939370436041 0.077415454071716 0.0228359550405911 0.0959054860426887 0.135710602713986 0.0434995910884882 0.176266592855276 0.00285308984769146
0.138685553424134 0.000293280708457205 0.163307553695107 0.0424008912499051 0.154003543754001 0.14306818914159 0.0833126697644401 0.180024522317029 0.0796647438930987 0.0152390520522381
0.00222053159788833 0.00414242645449233 0.0592917648642725 0.0781016902402367 0.200555890829922 0.171110496256065 0.208636793721612 0.0400248720460062 0.0990950258407771 0.136820508148728
0.0580244672778335 0.00360673776561227 0.0997298738348658 0.0797199373107264 0.0363223342757406 0.169529205904555 0.216663187543063 0.089879354087133 0.0772606017932018 0.169264300207269
0.10314803517325 0.162297716360782 0.0578188464098134 0.0188059702914747 0.160766704102996 0.142258246292333 0.140552990189592 0.0525715068517721 0.136648769556828 0.025131214771159
0.0861061567616787 0.0770333836759754 0.156253622020615 0.0572474897798355 0.1027246335298 0.0872202697080384 0.113109481204345 0.159908772980127 0.054103663897931 0.106292526441655
0.0952727144302667 0.170282736665113 0.0668914301458507 0.0518333814160446 0.0405847629810287 0.0819530816571531 0.0324195015752626 0.175873149591388 0.11641570375348 0.168473537784412
0.15562652065384 0.0187584952257035 0.0416070383970707 0.00874082760058703 0.107932384700278 0.0901402807405212 0.214667052327356 0.120535835953709 0.119506007644354 0.122485556756581
0.169322361361754 0.0517507206917523 0.0744723011965976 0.108658961504783 0.0525103321629442 0.087816014186079 0.190567254969485 0.0264986221093635 0.123088936635668 0.115314495181573
0.158575670161608 0.0912819811591553 0.0806877645409563 0.1072996604667 0.165892084501597 0.122616175259172 0.0583019512070961 0.0311130747482609 0.0206140183038045 0.16361761965165
0.105465119877287 0.0668103310886891 0.129858541317675 0.144489218407142 0.0804817606708697 0.125313148284082 0.163669564852063 0.0244901501461444 0.0804528177011326 0.0789693476549147
0.0220784725347623 0.158055096492067 0.0784726676694683 0.122047110396548 0.143260199983025 0.150877817208563 0.0549046475226436 0.0640378610777681 0.160408514547529 0.0458576125676257
0.0704293672222631 0.123994202736416 0.227069605797699 0.0522899071097804 0.0512062557919077 0.0667866106671812 0.126999805092654 0.189518702570764 0.0572090323451468 0.0344965106661883
0.070862040573577 0.144181734770296 0.102767817882926 0.0339812359753267 0.154826234231384 0.0731974778111779 0.0841240156604889 0.084198281375742 0.137627491231289 0.114233670487793
0.151367568997594 0.0962320809917476 0.0155967088392679 0.0679405531513564 0.126872333383154 0.160392309493538 0.0106586699517053 0.113735243947938 0.11460618477886 0.142598346464839
0.20067228439164 0.00660929964312272 0.178516189982326 0.11998761040422 0.0396251064241634 0.055813428193935 0.0197634515481986 0.162178515799772 0.0486108776931595 0.168223235919463
0.0956485509117174 0.0595808184028393 0.0671370116409001 0.149829879848728 0.126210242370512 0.107893936109158 0.0957065485124286 0.134916575572738 0.10975565648938 0.0533207801415994
0.100743275038037 0.0774726504597436 0.142494760113026 0.134028460250894 0.171157515931188 0.147721002498732 0.151177566790926 0.0238590752209876 0.0311691075789483 0.0201765861175161
0.155859052633828 0.137287344535091 0.0771070270591333 0.0913740684365667 0.188906457364191 0.0208512636061166 0.130491138171655 0.0604175147136608 0.0690212343817119 0.0686848990980458
0.043488967862408 0.16043149823859 0.138633112749955 0.0565095862487601 0.134307765379216 0.0989551236213022 0.12992275325865 0.102264857698845 0.109183045758878 0.0263032891833967
0.0975690119480535 0.157107364325419 0.107587606665866 0.0294392078555155 0.0518622300056154 0.0592655709648787 0.154722446115724 0.126374208485369 0.114803963084146 0.101268390549413
0.0137847312120337 0.184409376959744 0.182713506338385 0.00143219327647591 0.114452063805112 0.107027567161752 0.0650269282454521 0.132078889794776 0.0496485525108391 0.14942619069543
0.0344487842915548 0.142548537486304 0.113325143992413 0.0953644524531784 0.0301552307601526 0.107814408436346 0.0907468811575229 0.0821911366279839 0.150512575390535 0.152892849404009
