0.100406544966735 0.0141761230327511 0.130210927424963 0.165970094032104 0.142929553110413 0.107469486176195 0.13221579947342 0.159520599979425 0.0471008718039925
0.160146912912988 0.00248447382210387 0.175791500923657 0.18343514236272 0.109173692885921 0.164890174929629 0.0171164052219037 0.067503423685673 0.119458273255405
0.0806070623579118 0.214168156119973 0.0829157465987094 0.0323284585434705 0.0533118301149785 0.135755547511734 0.148565558829956 0.0671995194296088 0.185148120493658
0.121565950123957 0.207503745548462 0.0987582469564976 0.0325142332096343 0.170609969013534 0.0504504515456828 0.114743718981719 0.121783095753482 0.082070588867032
0.140247108463402 0.120014596193189 0.182834136002055 0.0603406421049924 0.083676588613635 0.184472858019187 0.0548676114154319 0.134645179868977 0.0389012793191308
0.105664888649567 0.0516950111326517 0.158781719026297 0.215419626012027 0.0800833185629225 0.00606319561102699 0.0917276950936451 0.0719793430106691 0.218585202901193
0.103947705080192 0.103302114688161 0.0681437133461683 0.0679933569761716 0.0860566470550693 0.153349101693799 0.153712682909049 0.13640672335454 0.127087954896849
0.102167773156864 0.118729945057198 0.138288523887539 0.0698923600565869 0.180265905137768 0.0446999308517835 0.119853701936209 0.0378216710567494 0.188280188859301
0.0882488029442379 0.0564662532333956 0.135114548862922 0.0288604178048774 0.152400314708159 0.141286712094168 0.109658431510083 0.0445340872089086 0.24343043163325
0.121289344314372 0.145599173617797 0.0182782646986215 0.152361346226421 0.0809008545381292 0.169409262387027 0.124837439561397 0.183473522643679 0.00385079201255661
0.00932007204315764 0.0492106578260394 0.296904349594752 0.186347337649276 0.147239174033616 0.0475349327630996 0.0415242973200802 0.00454608598840325 0.217373092781576
0.128337882523223 0.213200900246456 0.0195100694775407 0.0692572782856384 0.269341316337736 0.0278124674922302 0.0944031964898245 0.176327711854808 0.00180917729254368
0.197242751028209 0.137662784809363 0.197361393296049 0.143113028639666 0.0559709894610394 0.0782618267143073 0.126988030899998 0.0489824928217936 0.0144167023295754
0.19923186012637 0.205173998626916 0.0655399720833782 0.132918183998147 0.110981437137659 0.207489099097477 0.00738091331584821 0.0161362212164961 0.0551483143977092
0.169657869372005 0.165933862086346 0.0506365450632811 0.142932557161601 0.0121842878370938 0.11152733673799 0.161896994516448 0.161335191331159 0.0238953558940763
0.179315049324036 0.166464432027267 0.126785464253566 0.0351936794109988 0.105722169627286 0.00451867117153328 0.202655488876608 0.179213485475917 0.00013155983278843
0.025610056505955 0.084242370501501 0.0390011397576564 0.0714517784908285 0.0126202738661143 0.20087541509766 0.217722056408444 0.159560993638639 0.188915915733202
0.167372249616679 0.0743079421639792 0.159179545341345 0.117300109234824 0.166460452404921 0.125420874968587 0.0944304431731975 0.0771059554343837 0.0184224276620832
0.181510395398543 0.178032447081898 0.0161786393771576 0.0764883070515054 0.0370015096876931 0.214857165110817 0.0777718120007639 0.0429927261220162 0.175166998169606
0.137307276820181 0.196041753318254 0.0334723944236961 0.173579930846711 0.0496838461918125 0.190289414234181 0.0604188046612195 0.117356606581637 0.0418499729223075
0.175853625074402 0.036113483518609 0.259342370336318 0.0351880067603212 0.0870166471550773 0.0919707725955562 0.0503937283320274 0.162898330639675 0.101223035588014
0.0991339706863026 0.161183118276553 0.0597763551920702 0.129758730542392 0.110235994181341 0.238006393796882 0.0332150866147845 0.0827113951531377 0.0859789555565375
0.173214580372543 0.029231322756821 0.0291878448026371 0.167079303708176 0.183321525995147 0.150919379787534 0.120733066288576 0.0717370156180341 0.0745759606705313
0.104575250798706 0.046655402187155 0.108437322106762 0.158415753591795 0.133919095237105 0.129912259882835 0.107846156289627 0.17635464478671 0.0338841151193044
0.0850654140907602 0.181849319527581 0.0775035135030372 0.233210166734561 0.0737056223539628 0.00254566965057023 0.144815639142779 0.164500829168925 0.0368038258278234
0.0206715706434408 0.0811820871998797 0.0266542798754028 0.0444918913327269 0.219244874234997 0.146468327534233 0.193733312020553 0.112465967297344 0.155087689861423
0.0796112974075726 0.166074926556047 0.230527325952315 0.0167388940436495 0.0834303110361615 0.027140575279645 0.0538450526494553 0.00923719007900528 0.333394426996149
0.0692388828424567 0.0892019107798245 0.0910609340525396 0.190385786026767 0.100157856324214 0.109754713273492 0.117166221741425 0.12491988836251 0.108113806596771
0.194276335477249 0.113980026261961 0.0506398418545588 0.156165402376779 0.178777284612953 0.0776415998723764 0.190304593173369 0.0332469613953909 0.00496795497536322
0.0373333556147492 0.00439409605035442 0.0500275203653842 0.2164538489075 0.0434939962708506 0.12134295615211 0.217014321688641 0.2031720415637 0.106767863386711
0.0760150576455614 0.132423477952874 0.0873868566091062 0.127876086836676 0.110440838597603 0.139587962785661 0.0833380551275749 0.135198179404579 0.107733485040364
0.109787832537485 0.0943339135070865 0.140258095568438 0.154201656978591 0.0961955497451227 0.101756216579974 0.082783169374913 0.141761270412783 0.0789222952956066
0.0358791217607757 0.183545576965294 0.0527665545882959 0.00661059968025034 0.198595893311088 0.102140877970906 0.181025393916466 0.112625610586429 0.126810371220495
0.104294286599382 0.117274609870738 0.00098144805026099 0.0546969185836603 0.0531240706498889 0.136979584757541 0.1175404121415 0.225365218461947 0.189743450885082
0.175303941178547 0.138672077441894 0.00195580625906929 0.127433602619321 0.115459813686876 0.0447640635448771 0.157760690578167 0.203016881244421 0.0356331234468277
0.0950821242000075 0.12898446384796 0.148742322999041 0.0787404176290647 0.111433540547428 0.0855249344653949 0.149094745957332 0.0812353062329073 0.121162144120864
0.182292893072224 0.16258907908461 0.0645766033151573 0.0593707464828073 0.179507449729885 0.0780836415077311 0.0794683432071439 0.0430732276902419 0.151038015910199
0.0468353149887045 0.165051582625456 0.184235225181285 0.196435478701416 0.0389473362815483 0.0350728638353624 0.205196013356162 0.123319756846665 0.00490642818340127
0.120645675741639 0.108653707158691 0.0841686994778645 0.0651598603879192 0.183210178347944 0.175819017762635 0.138523032297747 0.0264060006034161 0.0974138282221437
0.13565852588858 0.00519644132856044 0.190130624440554 0.115166599509755 0.164370499345069 0.179596294579464 0.118190371735538 0.0603964241686115 0.0312942190038691
0.127223371029277 0.155131815709134 0.0974367478079671 0.0265486798688012 0.0970529586163556 0.118110841507912 0.0869291849171501 0.143810201998923 0.147756198544481
0.192575516793751 0.105709785913828 0.0896841879616978 0.235797164110162 0.0170980035051334 0.213254083420111 0.0783442150474075 0.0569038029069093 0.0106332403410005
0.121825648874447 0.11350231946718 0.00354301078535074 0.0342013218048163 0.116433339441851 0.149749249545807 0.121403649826904 0.208120494011002 0.131220966242642
0.169222619537816 0.0875732597028479 0.0650735227538597 0.00165035137789022 0.0809657205159004 0.123424775200659 0.1350835742509 0.178348059785498 0.158658116874629
0.0512297483922944 0.164411099859403 0.135243574919011 0.116054733631811 0.0612342495311384 0.107819226029199 0.0715843055375247 0.149886669169031 0.142536392930587
0.131430806180928 0.132739800899976 0.133971099397222 0.00260336282087271 0.0744317742405593 0.131160972617421 0.144899367708467 0.127674651204619 0.121088164929936
0.166694453263228 0.0132817341910496 0.120849564589938 0.0477105188007837 0.119513844068618 0.0853438417464496 0.173090617637467 0.142905031123079 0.130610394579387
0.0507978810896751 0.0871645258251751 0.178803594557197 0.0990249313919068 0.163851905524097 0.133185392561346 0.147383450012581 0.0849011816961861 0.0548871373418365
0.130892528834883 0.149885140918671 0.0396380453136636 0.0877451612119107 0.136833185361486 0.164846777591409 0.0710497529348843 0.125750174047143 0.09335923378595
0.0412232828860249 0.150221307002801 0.115456271880524 0.161829375360867 0.160258614990775 0.102100269305603 0.0288692601184693 0.121550965870929 0.118490652584007
0.0917363622849556 0.137199620361875 0.0143667244680414 0.216013062329872 0.0465670333523868 0.00594289007033734 0.215587106717206 0.0512592191996064 0.221327981215719
0.146705175176829 0.266982879086803 0.0236040441591525 0.0764700699374346 0.0282196926338051 0.228331372583777 0.193362430942997 0.0062606028701733 0.0300637326090297
0.0693477189586556 0.179066587318782 0.0580995939594919 0.140778743854961 0.121164544873659 0.0468614277393896 0.0549788590857101 0.0883853748907325 0.241317149318618
0.16293329677422 0.0886463078166333 0.0638029635098872 0.199114666264135 0.22169858329565 0.0546462615929378 0.000125261934414262 0.0736016884911239 0.135430970320999
0.175201173076018 0.0527611371097909 0.120224905074874 0.134640098010268 0.153806261803826 0.0799503100048926 0.0515302369788798 0.0556539969544987 0.176231880986951
0.194546304874401 0.0297041837153439 0.244549686007497 0.0310656966743917 0.252887720400088 0.10277147769899 0.0581551509256691 0.0179699735691715 0.0683498061344472
0.174497893338558 0.101132198075054 0.172914598609926 0.027295600334307 0.0019791977915849 0.17583371382595 0.0716290659846907 0.148808592609596 0.125909139430334
0.0757216944022042 0.160020242477362 0.18954980880884 0.0780357061239149 0.132362955214567 0.127935235534172 0.122628478948548 0.0131167648491272 0.100629113641265
0.115174560432179 0.221706132107357 0.0303754453187435 0.110599359616088 0.0324423693743192 0.226856994266666 0.181830961244935 0.0386170368391049 0.0423971408006066
0.120368418067459 0.0812546016686715 0.0291884453583991 0.144212378372799 0.225430368973425 0.086232648292673 0.0695696824016565 0.187176264839483 0.0565671920254337
0.0416691055960241 0.0448879666258064 0.0529675415236465 0.16773352970548 0.150781742025614 0.126003121570124 0.11329431579926 0.158287774767441 0.144374902386604
0.0197585398798372 0.144545314152336 0.024526949692246 0.156228966671977 0.126353880829358 0.0693629074805386 0.0146054686825287 0.222376870324179 0.222241102287
0.133805939223961 0.150440709118516 0.118787331442187 0.131228800794094 0.107974251168303 0.035794306944246 0.0945025639570873 0.0853317714794291 0.142134325872177
0.0417341005404349 0.156988079927345 0.0350690559731838 0.0933485508039545 0.196341574365637 0.203527466863185 0.112876974292574 0.0713931457959746 0.0887210514377111
0.144048253574195 0.0750646136798645 0.107058982379489 0.15362011148097 0.0510599610379588 0.136195900053323 0.127441044311068 0.0882449432572984 0.117266190225834
0.0405889306934211 0.0657366143856521 0.120705796205456 0.073022772542886 0.122305523852179 0.124713252766505 0.0560700197029235 0.309195990734452 0.0876610991165257
0.0871984390642121 0.0768245690391181 0.209176364991798 0.19849666872361 0.102511048859512 0.0815813634281114 0.0747452798527314 0.125479900580315 0.0439863654605919
0.0137986289417925 0.122700266906721 0.201730979221146 0.105068630830985 0.089914582153767 0.0458520491347793 0.163950044095772 0.1804878986808 0.0764969200342369
0.0802746595375189 0.154835258335641 0.253133589272323 0.0950357680028154 0.139544622270912 0.00461311994640882 0.0429267237812197 0.0460390705134727 0.183597188339689
0.100834147114585 0.0974638414536015 0.131641951169086 0.134617113693279 0.0778658076295085 0.160032882627252 0.0827035267689082 0.0502955507785661 0.164545178765213
0.183104676808556 0.145049334102322 0.188133239506812 0.0981784318738342 0.0196022080703418 0.159458692619392 0.0706480355913378 0.0367596902724904 0.0990656911549135
0.0970311425360115 0.143492094340651 0.0489353580068567 0.146703866384293 0.150928275512252 0.144018808615414 0.0857927698491678 0.024273575841998 0.158824108913355
0.175405109283157 0.116235287669255 0.0507005525303459 0.0236055024645163 5.06808965502396e-05 0.0678882897017265 0.268758107959812 0.222572278357745 0.074784191136892
0.137750782994333 0.229363982885008 0.203715265066448 0.0738967086902027 0.0322643734071407 0.10375424703552 0.0110398489041876 0.186988980340164 0.0212258106769963
0.199091026088476 0.148762061742305 0.16369590775927 0.0204238513410371 0.0238987295750899 0.0998097740834506 0.0470800852503026 0.106927123686135 0.190311440473933
0.129967054294816 0.175160302192762 0.162033234128723 0.0757457556429239 0.14588960033725 0.0302007279277912 0.0261453643494672 0.149942026935615 0.104915934190652
0.0637209694314774 0.168383277570976 0.0850019695686329 0.116295965959642 0.11464638287452 0.114919612330199 0.160557909825518 0.146072953953821 0.0304009584852128
0.114791846274182 0.103894053384564 0.0778198370313202 0.223709283654511 0.0453099575311789 0.212223379581655 0.0197375499521096 0.0311160276878364 0.171398064902643
0.0783284641741715 0.0185164063934963 0.0905499111464028 0.0969303075462387 0.104037572265947 0.105940121552388 0.155841521406774 0.16902244082045 0.180833254694131
0.0314059422006475 0.114532848891521 0.0950181099248311 0.0121108258652484 0.0498785899980826 0.208293699712062 0.111047076566695 0.17346473225252 0.204248174588393
0.116911511598099 0.16438660309458 0.0335463335751545 0.150309627696613 0.142387970767636 0.0720031442864273 0.0829773980376275 0.125427891839627 0.112049519104235
0.128946805855189 0.0183924602367374 0.0601780096805488 0.0368435031526628 0.0332080647961089 0.167686781132503 0.162771184496973 0.202650316355242 0.189322874294036
0.125830350830108 0.143400805828723 0.00982829618319774 0.0500594912753974 0.14299511634847 0.17758967487264 0.17152762493854 0.0366422062794295 0.142126433443493
0.0211135618423509 0.182364794404531 0.206839259436707 0.216334237392374 0.0125833603749529 0.0355186906815133 0.214727847851833 0.0472805872644282 0.0632376607513096
0.0572004948654635 0.0820140923380102 0.271410607680253 0.126865418813182 0.153602978673477 0.0280003073584889 0.0390908075974397 0.0354854325827592 0.206329860090927
0.0428668680849513 0.138211218957586 0.153137494875036 0.0963342203116489 0.170105393912385 0.144684079518194 0.155801556344574 0.00645212291150449 0.0924070450841205
0.0525835820953679 0.0311871399501518 0.120746511272821 0.0357498747426449 0.189357412333537 0.150039377873559 0.19271940075959 0.0662372006844452 0.161379500287884
0.136829668179492 0.126963678829893 0.106002176979823 0.137922888009608 0.155841411285691 0.0825422624427778 0.0888595091252344 0.139526449997692 0.0255119551497891
0.00329771741498663 0.195095752800518 0.216737322633448 0.0744306566231869 0.160996486831322 0.0886396302421455 0.0229097520524574 0.0489893038481351 0.188903377553801
0.0689346833670785 0.115712999228895 0.011568700865975 0.19459021507742 0.12926878935756 0.0717535554844345 0.162253446540727 0.0587836122465484 0.187133997831362
0.110067350546374 0.204282657631861 0.0778592479924623 0.144585634160658 0.0540234351862718 0.159286244335727 0.155311021365672 0.00190892730037086 0.0926754814806023
0.0553077575758559 0.111600745370932 0.190991637435075 0.0161175837073751 0.233047759449859 0.169338281001257 0.167649727505318 0.0482354173454192 0.00771109060890885
0.102813093678101 0.166430898263779 0.121100900555138 0.0134541978063041 0.132933947705003 0.0704338042042265 0.17530187569781 0.176375904763095 0.0411553773265435
0.220016513052347 0.16650519295877 0.0234641235512082 0.0254805877588658 0.0715909917304637 0.053361654824331 0.0822124265300606 0.162927879226824 0.19444063036713
0.0223343870646406 0.124180978016459 0.06166250425196 0.103967353152274 0.15052384404051 0.113497163809309 0.183088557779134 0.151753081602675 0.0889921302830385
0.035492354781401 0.0856768676477172 0.159712403499135 0.120724219605189 0.101426749093308 0.147833755539184 0.150984351105551 0.155833856694348 0.0423154420341685
0.117885525026765 0.111219532889189 0.130250298011308 0.117629538840232 0.0154197522841371 0.118845450112076 0.141894045720171 0.130931012248318 0.115924844867804
0.11252128575188 0.0852547616949249 0.125771487964195 0.101165279191899 0.135410671508577 0.129020930371173 0.0223235035583183 0.172878430922621 0.115653649036411
0.137139696721355 0.166673756275728 0.118475179721144 0.0324808092075324 0.0689827187624968 0.162246059933712 0.113487331112597 0.152592408295279 0.0479220399701551
0.0208527909352957 0.13829813504706 0.133395002541038 0.107136073751845 0.178396221951131 0.015705503411749 0.165369929221256 0.0485210734044008 0.192325269736226
0.132114643176253 0.122203374733732 0.129757115239018 0.0343131257092291 0.120785500743223 0.106637920054795 0.076637893368839 0.134141652410906 0.143408774564005
0.192113329769477 0.0228967263024664 0.0873665459056672 0.123008110348139 0.0548044560584075 0.180289832163563 0.197287830771965 0.0527164130770655 0.0895167556032497
0.103451378262682 0.190691673536402 0.125204430967956 0.0509375211609423 0.14357598275429 0.16612936053358 0.139148543798498 0.03009451359006 0.0507665953955905
0.0798290893087881 0.0427375338108355 0.0679898560824828 0.115332957915896 0.133336294431233 0.145344192437915 0.130921661399873 0.130488452993965 0.154019961619012
0.214247342161473 0.109391803260962 0.104528823413739 0.220688268229664 0.0367325874537066 0.0680612933794967 0.18800607299761 0.0374273518303156 0.0209164572730318
0.0883281473218884 0.145427027923864 0.17754391410683 0.0324078606257049 0.0661110418191231 0.0360505577820151 0.0929359198174749 0.1986201209624 0.1625754096407
0.19320900813876 0.0725031504633954 0.145247015258361 0.114002005393462 0.00707326851698679 0.167461970950353 0.0933337108176698 0.187833783215411 0.0193360872456017
0.121967986262089 0.0134462685267547 0.12673300285284 0.0582030259792716 0.15767076392783 0.0154659949014144 0.172571843240732 0.252909987423599 0.0810311268854693
0.0483834573775088 0.0226231947561303 0.168042580012093 0.0167860295993251 0.12430466440052 0.159884980238979 0.0664053927958889 0.235119326228234 0.158450374591322
0.0211936986132477 0.164943219947925 0.165632622806017 0.212310785532574 0.0368689097283393 0.0843477939272912 0.111618852116414 0.0544950553585586 0.148589061969633
0.180855244620436 0.00643732062364582 0.205874810722343 0.0673566356580037 0.0922791489585932 0.18876966964218 0.124262169023938 0.0340072080254591 0.100157792725401
0.0128866571204413 0.00969024077784712 0.198769203756169 0.0531535135803022 0.00997670780543691 0.237917290641756 0.210411191669758 0.210508814110777 0.0566863805375122
0.221622090766923 0.0691048769799863 0.0548979680878914 0.221465296526382 0.187049533261983 0.00287962781951527 0.0205022566495377 0.0880691586295774 0.134409191278205
0.140079904610379 0.0914050936188407 0.144447591469788 0.00902254387961209 0.0735392571186588 0.156557787932942 0.0369948891770401 0.196743416132682 0.151209516060056
0.109737804661998 0.177939001442559 0.213994136961593 0.013789139317083 0.0846593939080241 0.182136709865499 0.182220690933895 0.0243610511964424 0.0111620717129058
0.121460295443249 0.169675689912267 0.180203954937836 0.0584229804708884 0.136852642594567 0.0528364852595425 0.0174376975634508 0.138929675817257 0.124180578000941
0.0386662198305856 0.169078687677267 0.00271000877643657 0.182271750420786 0.164074114990075 0.0427900366690323 0.15203254809517 0.173281827879769 0.0750948056608784
0.138760303686312 0.0719942244983902 0.152112638191398 0.0136729821061739 0.124322580417369 0.126275904973257 0.118711190605319 0.0690292389921041 0.185120936529676
0.262076645502448 0.109569078841424 0.148048612470871 0.143632037988196 0.0455765576017601 0.00623337556758987 0.119574424071292 0.164231242750237 0.00105802520618086
0.106212157798566 0.133881362944724 0.152510119230802 0.143690312915462 0.0656394464686159 0.097800019343037 0.121314833272234 0.0223460691004566 0.156605678926103
0.157944121269198 0.0532312948933445 0.0485215886361967 0.151339657167481 0.148350330279111 0.0224982255499992 0.149009893488711 0.130589688148399 0.13851520056756
0.00512107842372948 0.0479007328775121 0.0579341602479543 0.178962170668261 0.0439862636776205 0.171780758221202 0.216383672620988 0.154144985261064 0.123786178001669
0.107963419453349 0.139790844830246 0.166883848678051 0.00800377790752126 0.0867726110725211 0.013088913122413 0.217004354179912 0.160944300392336 0.0995479303636518
0.0976797401907414 0.110575145569935 0.105777088289684 0.0841207406516309 0.0510266409726823 0.154529429308485 0.200108510660187 0.160958438456122 0.0352242659005325
0.0333445419271446 0.114476659297376 0.204194252810117 0.112512993868866 0.0929931467084704 0.199764145021833 0.186387916583022 0.0420420630239396 0.0142842807592319
0.13588802739656 0.169529963734166 0.0646644896534803 0.182315139662525 0.0340276177324862 0.0306972982468334 0.170903127703724 0.161042325490314 0.0509320103799107
0.0572211585632596 0.0391346034167881 0.153895456650484 0.208929017835287 0.0948676499600831 0.0888185075382458 0.0187088090078572 0.132924597843605 0.20550019918439
0.0212210261572992 0.10867561871652 0.0629458170113526 0.232326911088089 0.143403531977287 0.0790273071439114 0.0866276125136574 0.159927445511882 0.105844729880002
0.0593809423305297 0.0599461876754913 0.131046784357158 0.102541820163032 0.166732583821379 0.183007291752168 0.191130675813578 0.0561221088461411 0.0500916052405235
0.215557996879747 0.0923504463048329 0.189802093059979 0.0321492234765618 0.0150298342769246 0.171067913912194 0.0352654509267257 0.131717975246062 0.117059065916973
0.0126455324247421 0.070844486277489 0.171134562908896 0.177131838375118 0.0514640772471998 0.186224260502391 0.145415491666941 0.1813798571978 0.0037598933994222
0.00738847874104765 0.0975304163540277 0.183471546486553 0.00521102820011919 0.0942665167105395 0.208555350808231 0.153137688114889 0.11099563401969 0.139443340564904
0.0418854308829955 0.154529768173932 0.197656255803899 0.0069094339554585 0.186449284250327 0.188620301086315 0.0301409350826303 0.0413627357838178 0.152445854980624
0.00510496089720635 0.0391291633804356 0.221783839909731 0.186459861629576 0.0143721085269643 0.104843616367353 0.070650418080583 0.192815689817046 0.164840341391104
0.0321001978602221 0.182198270440621 0.128362303157228 0.092128049431743 0.138826743540878 0.0020677652434574 0.20131694721271 0.0752791870824037 0.147720536030737
0.0092469024541979 0.133784282422152 0.189303753137053 0.150434180533144 0.200054399284198 0.128144209514155 0.0200668191867961 0.12733513242995 0.0416303210383539
0.153451995279835 0.144593859785949 0.116603886837112 0.0251231031513555 0.0429806428736535 0.159833802439238 0.170115368484876 0.0616626830051277 0.125634658142854
0.13355589520853 0.113344426930473 0.0348141201788566 0.0961118856553255 0.206607613952514 0.0560029318051898 0.175485467492114 0.110746391393772 0.0733312673832254
0.107391092615815 0.207041221325537 0.184221918206005 0.162796678151556 0.0573112400699528 0.0449390550435414 0.143116098651662 0.0450901043836798 0.0480925915522517
0.0872140181634721 0.080139320240038 0.1403800585958 0.0668573295957777 0.136214677603109 0.0986212028889259 0.118384303642078 0.165696670544759 0.10649241872604
0.173711841383003 0.176595238143477 0.0431803603494629 0.114988907204288 0.17322941265089 0.0255783060626786 0.00961639362663439 0.0854824616596252 0.197617078919941
0.0289709428846497 0.0873209196602979 0.123954006287909 0.107338415767147 0.227818492098461 0.114174765918675 0.057118329985033 0.227387881905898 0.0259162454919301
0.157305427985073 0.146861743295992 0.0644594348669234 0.144120787707956 0.128397373439777 0.0138960991367642 0.158845600492078 0.157544193729891 0.0285693393455451
0.0775623595139328 0.0313316522016891 0.0028941775069632 0.162218664825604 0.204078896492434 0.0730417438369212 0.142734164803382 0.216509110134858 0.0896292306842156
0.088252324745203 0.0978175824065698 0.127961463452817 0.134533351094058 0.0736419781903357 0.121492255417531 0.189266117332593 0.0465573720178386 0.120477555343055
0.148545979236881 0.136689811995408 0.14386915530992 0.05613313249792 0.0804918002714438 0.0899280232788763 0.15905928640057 0.170717654273303 0.0145651567356783
0.0527013112705568 0.15937701609072 0.0776732790628472 0.0644040607887864 0.194804033645084 0.137891699975329 0.0993100054716657 0.138540320586112 0.0752982731089
0.189670310421742 0.0775407905284744 0.117121365784648 0.181162705354142 0.164256379726213 0.142383698080813 0.0484712560530722 0.00327846449829381 0.0761150295526021
0.0599488090418428 0.143799306377829 0.0951315419335892 0.147914361422646 0.020854157558084 0.0789926095587529 0.0971210900779399 0.161053558213683 0.195184565815633
0.0769157940714551 0.224388662279999 0.103041520885952 0.120154929357835 0.230811676792835 0.171919881559535 0.035824586941532 0.0139531060596969 0.0229898420511599
0.033295786005261 0.199203599687411 0.209507449483597 0.0536123378856549 0.140743127632607 0.0396831416603607 0.212184441584647 0.0916885659665353 0.020081550093926
0.141738401787192 0.167900796763999 0.0822114183646295 0.186145056562412 0.0773406021766998 0.0586743397854428 0.0772162048882129 0.186343011928811 0.0224301677426019
0.0834049726728239 0.120052501559038 0.112245437270467 0.125194896827816 0.0242284724546274 0.098588960789951 0.145288241682254 0.150702228348692 0.140294288394331
0.182224652022486 0.165788574068633 0.0850148075857838 0.0638870609308973 0.106005402820408 0.0241692287129824 0.145477707168538 0.110492325911065 0.116940240779205
0.0843231301637784 0.123041543914148 0.125451129562894 0.137141264842263 0.103562202911633 0.127098975818594 0.0198135216714044 0.175498462607905 0.10406976850738
0.0724948375376436 0.190102579615106 0.023392347785462 0.238988985114857 0.0258595973841741 0.0415513966658632 0.036334559909346 0.233000909926708 0.138274786060839
0.140732280996496 0.194845764778272 0.236664091283537 0.0104868921893207 0.11117608180096 0.122474442601857 0.108306603657009 0.069791379584171 0.00552246310837775
0.0550913810019665 0.0172489418184915 0.182660949957608 0.0225924176912996 0.263445687569149 0.201913931151651 0.033311693871928 0.0619135788690195 0.161821418068886
0.128104918744126 0.191754212509247 0.00832593083395649 0.109284195033462 0.188019805366667 0.0941383275075349 0.182623571485754 0.069523259658996 0.0282257788602557
0.159836675081773 0.200936067255438 0.0170320429997092 0.0324022687285795 0.0843853479413647 0.0230735501399973 0.212626666670562 0.142141045878245 0.12756633530433
0.184300991532687 0.0524130681813671 0.169332174978249 0.174084045603793 0.186368239547355 0.00480339690466041 0.0636675342570381 0.0458456562655518 0.119184892729297
0.0806393725242218 0.235356107366737 0.222827374249924 0.153672614245688 0.0075193229462025 0.0412604740717141 0.0712466812228218 0.0765208513710098 0.110957202001682
0.0389443797544441 0.129116381333046 0.162858844765129 0.080492991505995 0.176747005634515 0.0516960504571956 0.176410979045121 0.158578374492837 0.0251549930117183
0.0664575938426075 0.128024737895571 0.151441413296199 0.0130814971332143 0.123884993512565 0.163379905709957 6.42081204807614e-05 0.164350764855824 0.189314885633581
0.121545615986388 0.0773068989237083 0.0928845225056082 0.134332501460275 0.0845543609033257 0.18738592597655 0.14500744570114 0.0804894157904455 0.0764933127525594
0.00401125163868322 0.0138198195810185 0.223308607571724 0.00867331233918454 0.157679300307033 0.244032124700208 0.171211261612142 0.088427776681412 0.0888365455685959
0.0831830637958318 0.110004008036647 0.157271203271396 0.121283710911648 0.00741323937161908 0.129236664169361 0.00862272744780469 0.16742503199873 0.215560350996962
0.1012268872925 0.129179543207328 0.0735938801669357 0.0824897649770908 0.167091721898871 0.127509941305919 0.0224155952480781 0.103325053910885 0.193167611992392
0.139603184595224 0.124944669461169 0.0623236969378099 0.136121557357444 0.0540847836592356 0.116887140193736 0.0362813542429274 0.178052573494158 0.151701040058297
0.152204110367096 0.0522220086902448 0.0235525044481749 0.184693586478871 0.189545603412303 0.0725810752836807 0.0114922645345859 0.112080433537359 0.201628413247685
0.0236004769889511 0.0493129138212003 0.227998698704003 0.00334559002262863 0.127378917498087 0.203486514963283 0.124964753828401 0.0709793204023198 0.168932813771126
0.0169721265393824 0.119289859801506 0.0105830642679556 0.161457276589219 0.184615691550024 0.10822440173472 0.0792293229290779 0.142353823244015 0.1772744333441
0.178738451727755 0.104529489798859 0.167324245590888 0.195028975978255 0.0272956924150164 0.0139883684212943 0.114964213353112 0.158953465237944 0.0391770974768768
0.00732350114336448 0.0742600721184099 0.258250498645867 0.0896027655018578 0.145513537650453 0.0954145634404768 0.03919459814911 0.152749589942558 0.137690873407902
0.149945479931274 0.110355604962569 0.0464360694801179 0.190751495217292 0.0351632614170153 0.202895882675554 0.0024225730505278 0.0196422176046214 0.242387415661029
0.151887573298938 0.161483323574451 0.192865151509344 0.0740213242220992 0.0942320749128073 0.135763595002571 0.105085962926681 0.0444836379041107 0.0401773566489975
0.0702095272613203 0.0150278508034824 0.0456150348631211 0.17648356029338 0.241406091530716 0.113245234071791 0.146725669074871 0.115255831933195 0.0760312001681231
0.195523587964242 0.135101380453088 0.0540468715913107 0.00469854046535663 0.162878318692502 0.0757529886824718 0.0184437641595524 0.159661460861689 0.193893087129788
0.108702781647776 0.0429401920918582 0.123366096666573 0.0625458127391236 0.194119469580988 0.0990064651214548 0.0399822574406152 0.19261904140683 0.136717883304782
0.100370210563391 0.128212288255991 0.135315946229461 0.125172792441276 0.117374588991412 0.120511079363751 0.0732323622862592 0.143244004210443 0.0565667276580155
0.0302184686851387 0.164356730799668 0.115519989325034 0.169316698548918 0.173358752170664 0.136677481987956 0.0672965575775593 0.0767092766980875 0.0665460442069745
0.117036732359126 0.00349651302995684 0.164982158427982 0.158463531205499 0.113293284765145 0.112183941614806 0.147269175423591 0.0833606367873091 0.0999140263865844
0.123992023237832 0.249824023533636 0.150116185079145 0.212465481112615 0.0446461556080798 0.0834371627327654 0.0617317504980207 0.0194592753740618 0.0543279428238443
0.17789088716935 0.00236955363310192 0.020879329710476 0.252264142142361 0.0975332751674352 0.00352808403418914 0.0286466987807137 0.252550307992278 0.164337721370095
0.0379618002726722 0.0240748254976563 0.0408007498289893 0.0725628269659098 0.0425812577598805 0.216206709893801 0.194734932778197 0.146317851186744 0.224759045816149
0.205191296625056 0.053576499780211 0.014513250026778 0.202931947173707 0.0621466894560455 0.188280205785876 0.0799671606284349 0.0725730669993005 0.120819883524591
0.0326728776131196 0.0705018219946206 0.146378050518987 0.130701962117692 0.124800841374711 0.140335186364353 0.0956606885244934 0.101836760570398 0.157111810921626
0.0854050315094495 0.00418503336923232 0.147593805778445 0.118470326468129 0.0908479576061784 0.105520390012718 0.0861562354773407 0.221229289439936 0.14059193033857
0.232469772177642 0.0439819606122967 0.110484778167154 0.0625766168241033 0.15608518421022 0.110753368194684 0.0649281365588578 0.190395140936019 0.0283250423190222
0.0526692333588066 0.174561866206669 0.00299307410017995 0.146014043256116 0.0409017734115055 0.176941369679108 0.176444316156903 0.17561775953981 0.0538565642909011
0.104588755559768 0.14875824681455 0.164598854038655 0.1233905127631 0.114555793996419 0.10204701976665 0.0243529313785227 0.132866026558952 0.0848418591233823
0.177001152524249 0.133398396739736 0.166594686725707 0.0388864224073538 0.135840513638634 0.0993251674807421 0.115250508621151 0.00618128737365956 0.127521864488767
0.0274048463504533 0.0585443959448239 0.192007932175718 0.212014090919805 0.141868361322377 0.0202771511401429 0.152179701123561 0.161200226017196 0.0345032950059236
0.0554081462184545 0.00184769744262271 0.142089338929497 0.0313058689746948 0.0866510635662217 0.263162057208016 0.228302983196587 0.130039762140448 0.0611930823234583
0.135241570771483 0.155031467036385 0.195986518483356 0.135433107656086 0.0168761352304158 0.0368105922733198 0.0961970203141255 0.152537823873246 0.0758857643615826
0.114388235171 0.197094034580879 0.00802454450997815 0.174069455596496 0.158497821232772 0.104215173786391 0.0503403162295939 0.156801164052439 0.0365692548404517
0.105260678387166 0.0204956853640902 0.111784584154531 0.102887653446521 0.129681162464762 0.0897976613657047 0.150695504248319 0.17642996152313 0.112967109045776
0.207939952791679 0.0491289648326835 0.197457130857088 0.0674452055214881 0.0795797487803591 0.171266658845624 0.0222496915134904 0.0207207469322996 0.184211899925288
0.00734822633293834 0.0349737554852532 0.0387155159462134 0.135584259150648 0.0423939751670573 0.149658738659851 0.199928187765353 0.200442278622375 0.190955062870311
0.213695803177336 0.0097733999313766 0.173662215729173 0.0432466987423856 0.0970856007620853 0.193542737620372 0.0693004446655643 0.0309111316833338 0.168781967688374
0.0906282909305555 0.171690549925526 0.152394106842677 0.0655911132404395 0.0793044687674895 0.176579462565279 0.130540883165576 0.0966702387357996 0.0366008858266575
0.0142769182018808 0.182302093592178 0.113089331488086 0.0483179399695544 0.238491872659535 0.115624447319551 0.161498170040734 0.073523809475514 0.0528754172529671
0.109099373538458 0.175164537185552 0.196617583892056 0.24283225903252 0.0114412031977204 0.0246219928088075 0.0761890291467212 0.06566311550994 0.0983709056882253
0.0242877421880975 0.0425606656558957 0.201771405866316 0.0255835066645975 0.197444671476839 0.200754771029193 0.203856384340842 0.0302146765042179 0.0735261762740016
0.198137805981547 0.0562972860177712 0.0124372049916089 0.187561568002738 0.00791532136285971 0.0243064458804813 0.185618366395266 0.154549698996268 0.173176302371459
0.163157771505929 0.143087215323959 0.0550978698550251 0.21008825345279 0.0014993723794744 0.123300896359233 0.160364218200887 0.106051311980813 0.0373530909418884
0.173760767023877 0.227644736832669 0.237551585525747 0.0812018253047572 0.00987640532963405 0.0313164615131869 0.104605666776781 0.0242824682015492 0.109760083491799
0.113233247755564 0.174270079710854 0.126245172970633 0.1380063767743 0.126334766560401 0.202687619564117 0.0745330590546991 0.0307373279128243 0.0139523496966081
0.0832305679562191 0.202146458936382 0.00357649581823057 0.00383445497387163 0.155065727218396 0.265618800356431 0.00838714858219433 0.0777757186977262 0.200364627460549
0.181833247322545 0.218071779070661 0.0330402510670312 0.262854854498993 0.0239022400671376 0.0994863265760033 0.031061334434729 0.139630127241166 0.0101198397217342
0.167585935469362 0.132574444291059 0.00222602075940555 0.157219569438627 0.18909992808466 0.161981522055165 0.0851076755071593 0.017934812701308 0.0862700916932549
0.0559739488495883 0.115810826366544 0.0828028920527498 0.112136940961386 0.241086115006877 0.0395177511332933 0.0613960301201101 0.0572145433438157 0.234060952165636
0.0310514339519491 0.177077094291148 0.10959368158264 0.0508585946156398 0.163554434221843 0.196489913367393 0.205492127611702 0.00816487342959684 0.0577178469280885
0.161467926206802 0.00771222747911571 0.122435782611037 0.151902134954379 0.0518265593202678 0.15037662119268 0.161939254772962 0.152968616001426 0.0393708774613309
0.0730186643737698 0.0947724238004891 0.0659941037446379 0.117164914145395 0.0510415571996393 0.15064105534602 0.146764769909472 0.184072307888124 0.116530203592453
0.0508970167612798 0.0891956393476185 0.122250063109216 0.110779553912082 0.130951001035574 0.0550001725694373 0.209363287162064 0.0840125955398365 0.14755067056289
0.149453252988257 0.151647918166433 0.129193071963471 0.114220678372232 0.152676104133869 0.0626890112435641 0.115667349853687 0.0984753382405962 0.0259772750378911
0.157365071688553 0.00470004022332178 0.098408499429933 0.117752835235469 0.0850196817092005 0.174221124576828 0.100277865608788 0.132487646887391 0.129767234640516
0.0738633850592562 0.0202711633207449 0.0723228260087748 0.0857803744905352 0.212933932851085 0.120289847865197 0.199507974987314 0.111048763702315 0.103981731714777
0.15928127246222 0.0290319194766744 0.0817013318540315 0.0383284989401449 0.149586397082892 0.12044035916974 0.10493846708225 0.163082467513187 0.15360928641886
0.115188771503992 0.0506838853453185 0.230532371143597 0.012244703253342 0.0443408822854192 0.136890513218067 0.140707081268595 0.207620405919797 0.0617913860618726
0.135961027844171 0.0327875940539972 0.183183331428004 0.0461780180513511 0.0437230415747448 0.00981498436169517 0.202483299157439 0.1913829989029 0.154485704625698
0.128933270827957 0.205011279902739 0.194470668264747 0.0813149524009735 0.0431931402028119 0.000858861811377644 0.0893938147059127 0.0933436856217574 0.163480326261724
0.0191858687304361 0.0291962085648085 0.249939605547571 0.131502955750824 0.221846901203323 0.0318755621066839 0.215709482922355 0.0587077934383117 0.042035621735687
0.113757835679415 0.0662132544994589 0.0343228218146793 0.119953640844237 0.115833784964288 0.128110538162987 0.109296282072995 0.158031068186124 0.154480773775816
0.0260690188892227 0.105508071133474 0.135925526476193 0.117613054440159 0.109670899226122 0.0582070762733067 0.211434984218819 0.064102670852638 0.171468698490066
0.110652505809741 0.125609191885575 0.11427076333779 0.22468019055331 0.12231981787456 0.0605445592741346 0.00735913544833975 0.18057173349019 0.0539921023263596
0.157487907214592 0.149096751485715 0.0969751215214566 0.0838990597131607 0.0282256579304915 0.0369937869014683 0.137621506665736 0.113011712844211 0.196688495723168
0.0219641476866245 0.114008767060152 0.2390531757474 0.0407680692215288 0.0252220220490693 0.238905929708006 0.0477164960182536 0.216716703251908 0.0556446892570574
0.0640606273126451 0.207193983424968 0.0446876226765022 0.0324420699593799 0.103159972468313 0.193426011065292 0.12924121468246 0.18720642178992 0.0385820766205201
0.155466965191135 0.214642053276451 0.179108377512933 0.0232595795561923 0.00239479359010696 0.0163395219324706 0.156738348985669 0.219647895968093 0.0324024639869493
0.0387053097950327 0.126271872794605 0.123632937316739 0.0217638233102361 0.0749461672477465 0.193356591252418 0.118986461281502 0.156088477002731 0.14624835999899
0.0931829407275443 0.160629348465114 0.0960633094416509 0.0243240079192628 0.0913311279825549 0.130675523903127 0.156650540236053 0.102043427987867 0.145099773336826
0.109381876087006 0.121139945687798 0.1050319012847 0.0746422805066262 0.131736400070943 0.143530603196463 0.0512499948237691 0.124708065107135 0.13857893323556
0.0942678810584117 0.0450088541366685 0.152981122653134 0.0190143172085249 0.0869885811359687 0.160221034979034 0.268138240396471 0.158378177771075 0.015001790660712
0.278433160855294 0.215828442842324 0.14009891118905 0.137288136963186 0.0192941569419405 0.116364646546735 0.0253120487903448 0.0369136599630365 0.0304668359080882
0.0429028996169389 0.231150984345292 0.0611172520767604 0.257742383980509 0.0532666539667148 0.0391436870016795 0.0295667559296473 0.146222409157141 0.138886973925316
0.15015448562137 0.134658860417546 0.0944946123905674 0.115458638399674 0.0834334780271387 0.125587870918939 0.116743736507132 0.126525458541397 0.0529428591762355
0.0737678882775694 0.125762419779639 0.0596524000880282 0.118265352758746 0.0753051076984307 0.173304354028337 0.0382908386534904 0.19066136728932 0.14499027142644
0.290036975154126 0.0316201876850167 0.0757055439425321 0.10268744159127 0.178849945448155 0.22173806512971 0.0435888241394088 0.0501277352979622 0.00564528161181836
0.178446665764524 0.0934650476913167 0.0757945396601592 0.0975368168109183 0.0714909248476521 0.0399883362997034 0.154607301987796 0.181154525657863 0.107515841280066
