0.107965195491386 0.0428333883612818 0.35375638814923 0.00772328441236157 0.348485864816164 0.021349905680052 0.117885973089525
0.0966905682502842 0.0211940166365122 0.0745452027559344 0.230911108204524 0.197019723387758 0.145903158973406 0.233736221791581
0.00685384872987951 0.250894040392614 0.0228855750470616 0.249224364874141 0.0377813732412348 0.292441851018314 0.139918946696754
0.205138118425972 0.0722114898951703 0.101780364447231 0.125628887962757 0.212804736954512 0.192312810954151 0.0901235913602068
0.0301510041692894 0.0527745399847269 0.258039925839144 0.023591320674341 0.072986732352787 0.311183714265267 0.251272762714445
0.256739458574687 0.0601332260891562 0.232947992915492 0.15700921138368 0.175913145902997 0.0331805260167285 0.0840764391172594
0.0484784260403279 0.210234747163109 0.16061726732063 0.119924796398633 0.209212144414009 0.198728295888957 0.0528043227743336
0.235188719338102 0.206617033943618 0.0853143293038404 0.130139376271748 0.0708383454728711 0.140437815835151 0.131464379834669
0.229661408205287 0.0333488948065556 0.225917300005891 0.028769532138455 0.151158882460179 0.153011259500729 0.178132722882903
0.209164232260806 0.201125615277057 0.0524346866107653 0.199420021745407 0.131400099562475 0.0671651908882648 0.139290153655226
0.0966056038103594 0.10092169662903 0.0910409221095653 0.231652630190944 0.00270065943495483 0.249293513907971 0.227784973917176
0.0164483381829658 0.180581264890621 0.248496376691748 0.103966057730624 0.119204209074425 0.124984492051852 0.206319261377763
0.0461035401277037 0.155743158004332 0.0824484400810711 0.0204183904084868 0.114205356250399 0.229042883460297 0.35203823166771
0.0213156811104882 0.194995926945779 0.104918134585742 0.0859301114874931 0.352393125677587 0.178510901965833 0.0619361182270776
0.0857833323412634 0.17717509170551 0.250520495851299 0.172179563265165 0.0518327551987077 0.239248758831954 0.0232600028061013
0.0133912330503212 0.0627403630180107 0.0558112164248916 0.224248736789083 0.326014015988514 0.0520017562658321 0.265792678463347
0.131700480864016 0.0590790836939692 0.15835840968002 0.285603131434097 0.24838233253267 0.10536579038366 0.0115107714115668
0.140498961991896 0.0213073944119596 0.123878477570891 0.0755720028683997 0.305185483441253 0.260535735743602 0.0730219439719976
0.121293314194743 0.193613769031306 0.106981738853624 0.0505584638295127 0.0300983243698288 0.286877178664205 0.21057721105678
0.0754902710132274 0.0521425562492221 0.199588636534286 0.0973343877214436 0.230100386074874 0.141342839768614 0.204000922638332
0.240077031112942 0.223519088256273 0.0813994104283882 0.0955096836551542 0.224474237782967 0.0622022389699014 0.072818309794374
0.246182705111501 0.116788906429885 0.243300474819719 0.0170905177055344 0.124382475045246 0.0435014241443821 0.208753496743733
0.169725892286434 0.159416173092357 0.214398319293361 0.0928723918948724 0.0220262127395035 0.136919743535058 0.204641267158414
0.138257315026173 0.189324953137026 0.161970239109118 0.059630773619441 0.327947916035857 0.0162170827931515 0.106651720279234
0.069519055136869 0.0781314174088193 0.215488884655479 0.270709449400463 0.0694520534047216 0.241721315148305 0.0549778248453423
0.104199863323878 0.154074525747169 0.144904009577587 0.196805155111407 0.118330618930317 0.214050627729141 0.067635199580502
0.181541956278721 0.0375251122388887 0.0727405462502839 0.264393297427008 0.227393357154022 0.122078115944209 0.094327614706868
0.125161784980862 0.156455405343846 0.0471015551836619 0.0610039502910128 0.194087120233991 0.19153915168039 0.224651032286236
0.142595882358571 0.0783050481159733 0.0760293735433131 0.0919942060232888 0.248392165203515 0.253378248320391 0.109305076434948
0.238389654146457 0.0325337619137638 0.32821497043294 0.0267609811553182 0.0380790891915085 0.28320939593216 0.0528121472278519
0.209856470004387 0.153344465146496 0.010427256158242 0.411108187365143 0.063206811897936 0.109312622999652 0.0427441864281432
0.154129118567722 0.0249246405291956 0.246577925638055 0.0226215050943833 0.274170803362986 0.14467956278536 0.132896444022298
0.154195318899637 0.133783196299849 0.090560593658609 0.137065467241934 0.167846059073282 0.122129058889008 0.19442030593768
0.120885368008594 0.107039636277537 0.0156328316093754 0.143324589302342 0.121446352086659 0.156342784866997 0.335328437848496
0.120961774257846 0.173648620635846 0.155574609997938 0.0284248222367998 0.0440891435764778 0.239482093393397 0.237818935901695
0.30078138523201 0.0463685481843052 0.00255461415305414 0.129251254511544 0.0952160487711176 0.27390817403944 0.151919975108529
0.248243242870107 0.220346700250225 0.0958472765229681 0.0789118416885925 0.197243419407919 0.153655168783086 0.0057523504771023
0.0638642770130108 0.159210322535857 0.0674537315102786 0.189465018714637 0.0670401487678098 0.245759848861385 0.207206652597022
0.209549072077295 0.158653629260456 0.029702421513497 0.212764210539418 0.10636762793324 0.0980837811789609 0.184879257497133
0.117166187861398 0.224808828687787 0.0146068543466908 0.0415064975482324 0.277378619334157 0.195254097094701 0.129278915127034
0.157010760612717 0.378661216412412 0.165795509707173 0.00415589696380985 0.0954730589787803 0.132222359873913 0.0666811974511947
0.135859517893796 0.193896623111245 0.0709024451245075 0.206059204140167 0.0736579227119553 0.0843252751823507 0.235299011835977
0.0203362601693322 0.0850121142888395 0.208195055696859 0.212060373174813 0.173341876366471 0.193348869629671 0.107705450674015
0.265043982694284 0.309596508776782 0.0317684651148055 0.115637872266303 0.0792041549250209 0.0256191580038209 0.173129858218984
0.135552077531717 0.0902101750337242 0.14364240793391 0.0378186259850583 0.194484245209595 0.194885683512806 0.20340678479319
0.0327036418878852 0.243453789387226 0.0604249373287171 0.181503460841486 0.297256158105661 0.00444666174616074 0.180211350702865
0.190539090830968 0.30871798878265 0.00231045781372143 0.0543100219215049 0.143042533725834 0.178734533351495 0.122345373573827
0.0289658849019818 0.23965631532253 0.102621666737094 0.191739547245811 0.19119629613517 0.129510602203791 0.116309687453622
0.00715472993534297 0.284907273426806 0.119255773898736 0.134058257841343 0.270699254796422 0.150783894664769 0.0331408154365807
0.0174312742686413 0.264852196185018 0.269187032903351 0.118321633755356 0.135434961823789 0.167283810669139 0.027489090394706
0.0149399222671921 0.053843545178413 0.349465809818757 0.371310717311956 0.10797474458379 0.0308055196221705 0.0716597412177211
0.164012171801477 0.249248806031551 0.0313857520737587 0.0532956350789313 0.262978994775095 0.0747201282134204 0.164358512025767
0.0924710942263322 0.0828525744956682 0.188977749069246 0.189263604639611 0.260715785921148 0.159730076970801 0.0259891146771939
0.0034045732725779 0.270873382473106 0.13389622202732 0.108442604402155 0.0230814879351865 0.189658204416483 0.270643525473171
0.0216841917556907 0.111580005523415 0.252732517440272 0.279771501712905 0.0586078597275239 0.233201446510559 0.0424224773296338
0.182755108735518 0.197012318031178 0.0144522574838207 0.071629784599444 0.170245257076011 0.204238601706275 0.159666672367754
0.183483682450401 0.0484767232037855 0.0674221330375415 0.215940461176688 0.251824645299665 0.20348566098337 0.0293666938485493
0.17248534345415 0.202898899842517 0.0301730990001517 0.0249556452270608 0.160999216951855 0.209957903106303 0.198529892417964
0.0140173385762076 0.253068166324763 0.119996036384747 0.154280571715301 0.299824609619244 0.0843787949720581 0.0744344824076799
0.125084177878227 0.149499372008418 0.136483976159796 0.198045628410856 0.131308025481275 0.115222123229156 0.144356696832272
0.173098143183714 0.148258279068799 0.134814262381509 0.157987617300073 0.164679328870576 0.0710485633046548 0.150113805890674
0.431911711934913 0.0371332225701736 0.0939280276916466 0.0271872560302087 0.262951551496338 0.0654713500480505 0.0814168802286692
0.206332353227045 0.0545451250005364 0.101559438346435 0.0907033691276928 0.154596396556568 0.191376619470431 0.200886698271292
0.2454733380684 0.0657524101807978 0.109770655658463 0.104628188226708 0.0475810998959781 0.188437912346545 0.238356395623108
0.143161799450614 0.151812946679211 0.0517702464596765 0.225025571942167 0.227201234460684 0.0871764218345081 0.113851779173139
0.134377868060516 0.140064605339729 0.13205563420813 0.264547911211271 0.0536800542207932 0.0926613851835643 0.182612541775998
0.168372698646277 0.127482873469797 0.0169115310731559 0.188235516385012 0.219697848762163 0.146149943193614 0.133149588469982
0.344936757303621 0.292025699567845 0.0557515271128934 0.00740629744120933 0.00851097528934013 0.234161721474107 0.0572070218109842
0.104349842677708 0.194618294286974 0.14704385401545 0.192346567791224 0.082929882418389 0.227839529140447 0.0508720296698097
0.201881306306061 0.113671183241597 0.117799828652672 0.235097319096408 0.181243408241219 0.0066256603627711 0.143681294099272
0.0747211459012874 0.0809808843475905 0.215642251623581 0.181185162073425 0.204150721196152 0.141628892691858 0.101690942166105
0.317158174730243 0.0206479210488888 0.155624700230531 0.190370187925573 0.0788748863103136 0.0577181733859952 0.179605956368454
0.0622293729925886 0.120950064197339 0.20409769504421 0.117373553083168 0.19216672695779 0.150720522433581 0.152462065291323
0.173240540120122 0.0565590848490934 0.0127753843298243 0.0913830862111076 0.100675869714711 0.275833137266824 0.289532897508317
0.193399739579382 0.0352746378253897 0.0472479589074621 0.102586723845523 0.015938650275503 0.234340935226177 0.371211354340562
0.0803622166429601 0.332103474425649 0.167151869866704 0.0362046872061632 0.0956721309329628 0.00228387588585442 0.286221745039706
0.0888937641846528 0.158436585984985 0.111053312083494 0.159691271443034 0.0451767926044043 0.213918242382479 0.222830031316952
0.0897355693758621 0.209549750616636 0.103524564049346 0.0667221701706981 0.236158457642079 0.0355195559117312 0.258789932233648
0.154638181158787 0.00660538771534677 0.194203895691987 0.207632821608944 0.0706323557868582 0.116858143342576 0.249429214695501
0.102648797492195 0.0848757440610926 0.0489337821316518 0.205420645766761 0.184128269866682 0.088586069997514 0.285406690684104
0.153533375074938 0.222811426561563 0.155957134433114 0.22990231513799 0.149807819215397 0.00452897326062561 0.0834589563163723
0.15872317048063 0.12121058682773 0.118132291700404 0.077059101176569 0.256752299561214 0.0334868819837192 0.234635668269733
0.115405254505421 0.185656930537909 0.14159772970818 0.200985457607023 0.0923429824856769 0.0258839360989045 0.238127709056887
0.204616589642587 0.01963286863979 0.108973628806752 0.242904623858881 0.23876677958347 0.132068588956314 0.0530369205122053
0.0193104738504128 0.200758485506294 0.289900055965142 0.0415689469158505 0.159631818246627 0.0856390907003372 0.203191128815337
0.0621939592535757 0.373986229428391 0.0945464826851394 0.215903285128711 0.0983516614360287 0.0247736020037633 0.130244780064391
0.337390827284712 0.134270666543048 0.26239363209609 0.114199689419001 0.0885900232617055 0.0363429293027623 0.0268122320926815
0.216656491892932 0.113154112062349 0.182393263000113 0.149742208550344 0.0794775722366994 0.176365076529269 0.0822112757282934
0.0789769945028507 0.383643351534291 0.135609941742278 0.241498776141918 0.111989134355677 0.0279059827621411 0.0203758189608445
0.179297361785586 0.179376221538349 0.0442172937606384 0.260002772821953 0.146668540240389 0.076259895790849 0.114177914062235
0.150216908310538 0.220784466230924 0.216147901852282 0.0751944581014942 0.10121383629968 0.136776458746554 0.0996659704585284
0.16933045969931 0.318957475919463 0.0105873164191958 0.07408570713379 0.0308686408488803 0.278695630665701 0.11747476931366
0.0641560234762326 0.0613202776427461 0.201900464708191 0.359017344598619 0.211540346254163 0.033662639832653 0.0684029034873953
0.198241497230432 0.223361313590595 0.0830447167757614 0.105344580937238 0.0188893887270976 0.140750174683129 0.230368328055747
0.0700443751323867 0.0492269581005596 0.223936710805046 0.0958411563407683 0.128449748668933 0.243233663613319 0.189267387338988
0.00389129235054837 0.118309488904099 0.200204563962949 0.0143697689547363 0.359431939066371 0.0931187170218828 0.210674229739413
0.163302575752334 0.195379551633786 0.178341625325429 0.0165674635901656 0.144762395586414 0.133260974769019 0.168385413342853
0.014903785220452 0.053865186244283 0.264804932847118 0.064131667302797 0.287030728554907 0.0539471252723698 0.261316574558073
0.124514820618405 0.274727058618864 0.162044311029981 0.128173125391043 0.0112079638158669 0.270674640745692 0.0286580797801479
0.0399825444972003 0.168335910428641 0.159334134786523 0.00613843747111274 0.195639531919494 0.227824093551457 0.202745347345572
0.0797738399137654 0.254841754507881 0.00706883996791935 0.045292324890859 0.144542196829282 0.290629420827845 0.177851623062448
0.187726050531566 0.13377635642193 0.225430408422042 0.24268949409752 0.0683749652994955 0.0422515048185587 0.0997512204088881
0.148308652790501 0.0354438954625458 0.183122145956332 0.145314192253412 0.179353751953443 0.213362083185598 0.0950952783981672
0.190792003537355 0.0978255145284182 0.219116498071991 0.0134189005466297 0.18066276866013 0.210515833473967 0.0876684811815096
0.0695239598913062 0.0662821858666239 0.208804803864498 0.0975492483538829 0.178575930457599 0.187879987489727 0.191383884076363
0.0018128578555293 0.221369210670501 0.245351889196971 0.0734748500049629 0.256826584173448 0.173881592955097 0.0272830151434902
0.0960808828194402 0.0642604989448291 0.211214019997906 0.230055104712828 0.0400654073082289 0.238368122646727 0.11995596357004
0.082017682090039 0.360281148906615 0.0977728573914155 0.363029289781036 0.0354101993004891 0.019320198899438 0.0421686236309665
0.11844503965841 0.0876294808749287 0.174709564021042 0.207448612876442 0.183243802232478 0.210576357211152 0.0179471431255476
0.0537088730380264 0.205387364698644 0.119504908725614 0.0953148892880945 0.221792309492698 0.0990679242520245 0.205223730504898
0.0130307254999255 0.0752670466990008 0.176827544019686 0.227871970866036 0.2109390434645 0.131487027971787 0.164576641479065
0.224797851517214 0.194936588542257 0.143909634726112 0.0880775897902684 0.207201335331104 0.0921431989335842 0.0489338011594603
0.204472415643667 0.219762385439627 0.139880444810921 0.013042025807346 0.179496447834685 0.182249812694424 0.0610964677693299
0.314603558180335 0.102969417716155 0.207147167166847 0.0639436371015337 0.00134274430220747 0.065175793576339 0.244817681956583
0.168804692582091 0.0282555702102822 0.202386988210913 0.197974951933714 0.084318588620877 0.127716444220345 0.190542764221778
0.169052973532291 0.152737885623602 0.015810735812068 0.0237522029817934 0.0442386167207642 0.337455939180888 0.256951646148594
0.126000470504373 0.213740081600902 0.0037866049966216 0.0309845265596242 0.203007138432011 0.182248330088476 0.240232847817992
0.0828642483433076 0.059649374450337 0.032307018120408 0.185774642437647 0.0117263011463585 0.248035371802991 0.379643043698952
0.130647570566809 0.363994640306414 0.202297230836936 0.0401787025736176 0.00796316207597212 0.0329849988904199 0.221933694749831
0.133346336873145 0.0318050826974358 0.250919378539066 0.0230433730547453 0.308106101214834 0.058423751697338 0.194355975923436
0.121365782984364 0.0402986612685145 0.219381197641551 0.143330027934122 0.10958656936861 0.195248988245931 0.170788772556907
0.189568480495877 0.25938115665741 0.0989391799116042 0.0938600986237502 0.0222191781222812 0.312904280428844 0.0231276257602331
0.178674114160011 0.0598498127849941 0.0483635732274686 0.314702652116874 0.0980057487225921 0.0332436956737769 0.267160403314283
0.0332370130963281 0.212142067160818 0.220706579339023 0.0997008681511434 0.145647659249102 0.0823440086446756 0.20622180435891
0.278692847258882 0.023102306578187 0.321806991782504 0.102114180405867 0.0234508352447935 0.190943267275581 0.059889571454186
0.232591824871735 0.295392477297497 0.260522462233794 0.0635589748831431 0.0450843610802291 0.102716699705083 0.000133199928517645
0.0444099357011364 0.166985004772215 0.192771683584819 0.0912192244454752 0.212554324983974 0.18034522866194 0.111714597850441
0.0942582451921959 0.229189142383824 0.236732294489459 0.0311005120692853 0.228403369118125 0.127538945193342 0.052777491553769
0.205069432166217 0.0751836781138379 0.0562181366394555 0.222754623193283 0.19228589548668 0.0891027741214582 0.159385460279068
0.200044104591763 0.0824127586668049 0.215152049937356 0.131008369016209 0.139409400188575 0.0276903199612086 0.204282997638084
0.149559265409084 0.038590977103329 0.0311909435088644 0.175463920351275 0.160191454024174 0.117967620836614 0.32703581876666
0.149596011357821 0.147882784579581 0.295462615754553 0.105795659733256 0.116665936845743 0.184410919958367 0.000186071770678711
0.19396872985256 0.137996649529423 0.254941360592374 0.0508095589747144 0.247172057804224 0.0670218259762185 0.0480898172704868
0.310554477321766 0.0501438941104568 0.122238963644804 0.131043338800605 0.247400736720391 0.00160600399433123 0.137012585407647
0.0389959199746352 0.222487653104078 0.201434967450637 0.102392116991057 0.206052784203539 0.11648255657655 0.112154001699503
0.201853364244677 0.20808304054212 0.0723796224229358 0.223901154307942 0.117383231911502 0.121506370645974 0.05489321592485
0.174797058944648 0.145959763537233 0.0377239956156415 0.108886559953857 0.130449146349101 0.2284136046561 0.173769870943419
0.142451258103812 0.109262507594618 0.117830400557478 0.100056002763066 0.190460191507314 0.184298150079278 0.155641489394435
0.150853214622138 0.144291238155624 0.258460130596993 0.0161477041045874 0.0562590758852946 0.241183080998133 0.132805555637229
0.0386864291390523 0.0322815579578816 0.262455253425915 0.0871398096766244 0.193329292136619 0.201871241860661 0.184236415803247
0.304534057874885 0.0900347164101386 0.244575182678613 0.00585786677931466 0.169815652302235 0.0122196201150117 0.172962903839802
0.143004956409259 0.0144849122716387 0.284115971820167 0.190168904947372 0.2249885548304 0.0763226842004942 0.0669140155206691
0.186148102406143 0.070572091143914 0.0737778645734324 0.113724344812409 0.199639146467692 0.107867424578547 0.248271026017863
0.290079120851948 0.213767048564692 0.222312043037015 0.0712833404454198 0.0711813345969545 0.128937796473169 0.00243931603080129
0.0826224059363269 0.130035204871629 0.159517346132847 0.165427949304055 0.171502750183983 0.17796570743283 0.112928636138329
0.0146789798355975 0.301864537219039 0.0728560651473288 0.0799980149832761 0.0442239354994218 0.17771437607618 0.308664091239157
0.0514987357726718 0.134728751847922 0.0509209449016253 0.243355447584318 0.158494434938169 0.106477807529784 0.254523877425511
0.172999870185163 0.0891353152249824 0.152562052216881 0.0256084167663323 0.216273019696448 0.167948677355844 0.175472648554349
0.21845625066399 0.140227949978478 0.168832973514738 0.168405724025876 0.0969466643298644 0.127313821236689 0.0798166162503647
0.171675495207194 0.126067793838678 0.160849044909947 0.0555361001573657 0.163825809309732 0.195728182150421 0.126317574426662
0.0706316445972704 0.131579394334733 0.246323698410936 0.0454474469569667 0.0239101193903368 0.196260007146433 0.285847689163324
0.136320543879928 0.115323233341366 0.0589732811713677 0.194958442146818 0.092969748670526 0.161586085831454 0.23986866495854
0.0795969572393815 0.300437386094331 0.156133741952817 0.0775334199229185 0.132357147193038 0.123565585596325 0.130375762001189
0.135005006455005 0.0667962686054042 0.247392438964614 0.214386591223549 0.0813044345695366 0.0652747250061082 0.189840535175782
0.227062642369424 0.214180663702304 0.00976627587693994 0.0953925717954339 0.110265934982604 0.126514725967692 0.216817185305602
0.0562041343268201 0.281368744331772 0.0162228308790069 0.232894155971045 0.202622731493838 0.186731633635009 0.0239557693625092
0.185485562536392 0.16779374327488 0.0829763561655727 0.151752238363734 0.107188733518491 0.227263645588505 0.0775397205524254
0.103069848132763 0.28007471786086 0.10989526888996 0.0953798024870299 0.145599224615954 0.130376294061345 0.135604843952087
0.181054244782316 0.0934261652294763 0.206963322954693 0.0461085743932404 0.0874333806593982 0.196704532070936 0.188309779909939
0.231559685515144 0.0705084630954936 0.312777422598883 0.136942172315792 0.143147593539744 0.0790128683144584 0.0260517946204852
0.306973288109885 0.186722170297659 0.026224879571459 0.142704583370736 0.0821214694150672 0.0714385591716752 0.183815050063519
0.184954268326711 0.100799100726149 0.083782553689248 0.0926230604830191 0.167520979292981 0.177021053779601 0.193298983702291
0.232478013209239 0.0884794277179338 0.0972545026591861 0.14424888109694 0.0467167031393344 0.14121080608479 0.249611666092577
0.0906034432587581 0.00342838051661698 0.100949802197059 0.221346404514703 0.240504700997841 0.0367384786048214 0.306428789910202
0.062593638865119 0.316975590395303 0.121074678161487 0.278508034041367 0.0415035604351061 0.176368992871127 0.00297550523049113
0.0927499814422065 0.145475667859498 0.284245959552268 0.146305542681541 0.252288874986077 0.020860811556882 0.0580731619215276
0.156582248528241 0.0345297691611941 0.0126825235919135 0.21503232700016 0.204192735738281 0.218984011301846 0.157996384678365
0.064659769998955 0.188829764361477 0.0608602148307275 0.0843635493210455 0.133383854980985 0.195538990054858 0.272363856451952
0.0234342806810309 0.17396072375765 0.158345199949339 0.271742756972616 0.00563624488505079 0.0726490125171781 0.294231781237135
0.158663680422163 0.223865004447898 0.149438121097877 0.234481232837485 0.0100025945069199 0.0921036296876436 0.131445737000014
0.257850888967254 0.252836281824673 0.139779736398081 0.0781058158447363 0.187179962541819 0.00701403040894405 0.0772332840144919
0.0439787999487143 0.0904719385648372 0.22777693793751 0.230091658400496 0.0202910019377697 0.168000100354182 0.219389562856492
0.298613562689789 0.23611013099116 0.0658908165474646 0.0326746473642584 0.0539679280468982 0.0710762944143509 0.241666619946079
0.065060117206645 0.295943482963568 0.116024440302996 0.0570164623583585 0.104043067909702 0.203887041331779 0.158025387926952
0.177336802996725 0.0365020725365879 0.181674824125087 0.0930112838000344 0.203262515423415 0.170334017295403 0.137878483822747
0.147488006194865 0.087794454085661 0.185523565860119 0.22189172715906 0.162981467877977 0.00568553608165555 0.188635242740662
0.156408042179595 0.0914688314087136 0.230556069570441 0.253404727466733 0.00522238080454887 0.106216933964001 0.156723014605967
0.256968922227617 0.13839749794184 0.13697102338934 0.0405066098928654 0.273657347331317 0.0945468417322999 0.0589517574847203
0.162857121813929 0.0601078674807465 0.162570251757143 0.205646224294385 0.211649521916594 0.0337399868812105 0.163429025855992
0.156490711616566 0.0561314823656989 0.15460161177505 0.0982822173494958 0.157850651548017 0.205689915767468 0.170953409577705
0.0555688086727718 0.193958973194336 0.0328544021395766 0.289369567022561 0.017706045221684 0.116450753642474 0.294091450106596
0.0321733194775089 0.171676099161525 0.132249220744253 0.15921381601082 0.147089627258157 0.166934333879346 0.190663583468389
0.141014178723896 0.0926725401503237 0.225858193120149 0.0920887389312165 0.142163838390967 0.186299210684463 0.119903299998984
0.191172492452429 0.0694638265007003 0.236720173564569 0.196736523691657 0.16179403381883 0.0908322869715027 0.0532806630003121
0.0945577958415845 0.0229397068661692 0.108446856611923 0.281847727846381 0.0923265017671171 0.181046860245056 0.21883455082177
0.230774871069479 0.0535313184112371 0.172327800254532 0.219595095515524 0.119165626845269 0.142331966207068 0.0622733216968906
0.241828156394086 0.200337898767538 0.00324235945429147 0.143831608043529 0.167136203786932 0.00720750755693073 0.236416265996692
0.0807309070903447 0.219147741513369 0.126471051895555 0.224429292806373 0.0256528466917895 0.228662960105942 0.0949051998966268
0.223645418941216 0.169914452130673 0.126896178344162 0.165449097897758 0.0438642189297423 0.132333359370713 0.137897274385735
0.1530542134698 0.238599109116696 0.104487037478106 0.0312542444642134 0.105303150851781 0.103862418192619 0.263439826426785
0.0325342445940743 0.155023976118023 0.168214235457737 0.167636550075967 0.164997714497705 0.177902605475911 0.133690673780581
0.0948220591824413 0.0691712470344959 0.209682110946599 0.343573881870536 0.134668785366632 0.0401115043989433 0.107970411200352
0.166114973226791 0.160409740284001 0.219300410864821 0.113146546349903 0.282186038461859 0.0321428835872872 0.0266994072253375
0.0390498561535782 0.211914686653254 0.012150442087215 0.164821539703411 0.237328209121551 0.302954391635278 0.0317808746457131
0.259041631170493 0.000445928599646684 0.214954640154599 0.154113579177638 0.279798545300302 0.0226315880429244 0.0690140875543976
0.025031218898484 0.247064430487029 0.210923368033904 0.0209232535538475 0.118819444525287 0.275263400159718 0.101974884341729
0.118837800396095 0.192718871029951 0.148533959652344 0.238302164206988 0.19553274176081 0.0486354026922838 0.0574390602615275
0.120747810613708 0.0818693908500104 0.24996047457358 0.143680750629604 0.125923084601891 0.15801344159526 0.119805047135947
0.0635278860970623 0.201284526074041 0.0732536895538751 0.218256892976569 0.193647882375724 0.033804735801209 0.216224387121519
0.138063819507221 0.190673783994966 0.000924843659599696 0.0919546445141667 0.121056465374493 0.200369117651757 0.256957325297798
0.0735982968412745 0.172388827633163 0.134785655624945 0.171918223073314 0.151838523016714 0.157146084303112 0.138324389507478
0.290993837658317 0.0915477290044552 0.172495996387778 0.114256350316895 0.0749350436975692 0.162012926998108 0.0937581159368776
0.0437642446951729 0.253996433830132 0.271843256298173 0.046156129315746 0.149538186756323 0.161820800902938 0.0728809482015147
0.0431399675717464 0.232102517767465 0.337614911638168 0.0532548401129961 0.139097908675831 0.0962038860736658 0.0985859681601274
0.235531228385375 0.203929125027876 0.064156730528254 0.152352948197783 0.141549743313911 0.185866746134409 0.0166134784123914
0.135258270508695 0.0628753880712455 0.225935991583459 0.221049545403586 0.212278259725162 0.107892981106437 0.0347095636014151
0.0543776101792164 0.162338425689639 0.19966475145654 0.0537243638610809 0.12336635832625 0.202080942543869 0.204447547943405
0.155747091640752 0.163931700055023 0.186822549613844 0.138770614888474 0.0650209051164722 0.129678882479414 0.160028256206022
0.180520263965228 0.205435466738171 0.173186571361959 0.0296712957483221 0.0326689594817349 0.285577901344102 0.0929395413604835
0.201193235554527 0.174819141275598 0.209362186020339 0.0706503212106586 0.149437404423815 0.0623829486263565 0.132154762888705
0.217364922485879 0.0616608866060686 0.235293121790643 0.241946950274842 0.105269096199549 0.0219236439170393 0.116541378725979
0.134245240711588 0.282273263847404 0.0116609310903227 0.309719962823899 0.0394020010482612 0.046001423079549 0.176697177398976
0.15613356292096 0.256549797246852 0.0222207726675807 0.252505887672013 0.0661683076000142 0.0873029043609798 0.1591187675316
0.212716498998555 0.142719715472238 0.0609514625309397 0.18188759951233 0.0514323996439853 0.117729127104835 0.232563196737116
0.342901305156342 0.188026433743974 0.207210407178228 0.0033528060278106 0.0205570934789956 0.0815745459418053 0.156377408472844
0.134497255347423 0.248732191178158 0.0584109638170622 0.15355937167253 0.207770131896234 0.0579612742056336 0.139068811882958
0.0863536927851411 0.175249850533575 0.191756488725282 0.185949660044385 0.0383900942731056 0.10869141523074 0.213608798407772
0.100060098788524 0.281185247829936 0.0434568971448045 0.0761301344534991 0.225918108489497 0.104972008584617 0.168277504709123
0.310924071871395 0.305295440591795 0.0009333242171525 0.0103455890342938 0.142615348062479 0.173644249574847 0.0562419766480371
0.110004487923729 0.181860898695743 0.218887755750854 0.107666721170236 0.0127817036253741 0.126248242164158 0.242550190669905
0.10931745362027 0.0289510219316421 0.0156555607710888 0.0333798015843006 0.130812906391969 0.558821230093926 0.123062025606803
0.211330772543766 0.131965847531629 0.32854610769631 0.164118387607094 0.0103976099795919 0.122902429467686 0.030738845173924
0.286886043986452 0.00662462962311826 0.0602094400978998 0.265786416430645 0.2171104948319 0.0722927168477839 0.0910902581822003
0.323642023477752 0.0940514508492065 0.0908225686097658 0.204793303918765 0.0915236409944307 0.169040015811323 0.0261269963387564
0.169403565402719 0.164435896454905 0.178458084608526 0.0777030196892662 0.0660857675321937 0.0576153683341347 0.286298297978256
0.0141783673518826 0.0677710145139028 0.125041485454216 0.286131127362013 0.233545584906113 0.119612217988573 0.153720202423299
0.159168912412645 0.209748802846991 0.157095544825375 0.0758912991010663 0.121556881421345 0.0740653168957048 0.202473242496873
0.0722259006109678 0.129054995362451 0.0721578888048107 0.138001839848761 0.252580866271572 0.163585318878027 0.17239319022341
0.0698821169663083 0.363285931941162 0.3116071648567 0.128502235384667 0.0946144222489431 0.0270324873126262 0.00507564128959303
0.179044588571235 0.132763152364373 0.151844981967859 0.173410479472684 0.205338418106896 0.114451138489798 0.0431472410271539
0.132618526347463 0.0887342125424217 0.0846309197586602 0.242572996880694 0.086318310727535 0.209617586334568 0.155507447408658
0.146536885361778 0.0918845094385439 0.218542024054527 0.0962203554100161 0.103717242526569 0.15785517952899 0.185243803679576
0.18340103656867 0.212992593822763 0.157445725350101 0.258029864744747 0.0778206342909588 0.101001062511275 0.00930908271148432
0.135729328237232 0.0774828757899133 0.227388292393797 0.0834731529923252 0.251551157667562 0.0820803206469464 0.142294872272224
0.0109575929675062 0.0520644151251878 0.233285638756507 0.2827221679402 0.159402226210657 0.255969589503078 0.00559836949686348
0.0524963141862005 0.0751854508644345 0.215150427700319 0.17415721504561 0.251760377137462 0.121886688478899 0.109363526587074
0.0987412545081509 0.288684807649246 0.123554845028686 0.0143919188791211 0.321742233407935 0.0245163490687317 0.128368591458129
0.155421485365489 0.154775346927568 0.0226758541782076 0.12481112063038 0.239037606437103 0.223004061967689 0.0802745244935638
0.0944305706128076 0.101129728679551 0.202588498328267 0.182201904549282 0.169025817075913 0.128258330445601 0.122365150308578
0.149825198786019 0.252555908112318 0.110122993388304 0.0113545249404379 0.0446361941811057 0.0587754289389843 0.372729751652831
0.114335151973677 0.194113897708106 0.0200097500281239 0.12053157961751 0.203213136052737 0.176677796099149 0.171118688520698
0.0561094447209259 0.167348363586156 0.219484733635027 0.160912049158278 0.0731951189187794 0.0803544893390379 0.242595800641796
0.121130527034726 0.0249142180066718 0.182288513234719 0.00225561320177059 0.137790078649229 0.250224485958267 0.281396563914616
0.0727445041246711 0.2205844332069 0.177594034546781 0.115205509989853 0.0315245578636414 0.14567226526353 0.236674695004624
0.118779606976761 0.230967710792906 0.231360370404574 0.0860338110206869 0.214562607806084 0.0825710192514467 0.0357248737475409
0.102927466492925 0.136186350715657 0.0604359090257525 0.0894597149420402 0.145851440908192 0.244706280598456 0.220432837316978
0.0722392844570972 0.307446791631283 0.243698729745977 0.00154072129387004 0.116103157048403 0.0607911567767188 0.198180159046652
0.150524026406786 0.30702728558297 0.00872101565966609 0.111285133303482 0.0972767346822019 0.261651553058653 0.0635142513062416
0.0170856335468967 0.0287738670759228 0.0532087039878101 0.251752147154984 0.237955056820518 0.171342546867955 0.239882044545913
0.0498261623203046 0.239270779219596 0.073825494363951 0.28585102144419 0.245625454935213 0.0434195409673651 0.0621815467493804
0.181950985426897 0.01877603634826 0.227294125042746 0.117345046988011 0.159506739872917 0.157659360322717 0.13746770599845
0.147191595507001 0.0632841513214244 0.160357201490415 0.111194656162484 0.0277355800603636 0.328956411622835 0.161280403835478
0.148344476944644 0.13417066889142 0.145170152197658 0.160228525581893 0.0733805815399134 0.161536888473142 0.177168706371331
0.153587764468562 0.196161046182291 0.0973623076234691 0.0209654754322527 0.214814157656622 0.211448445644116 0.105660802992688
0.1616124123318 0.114431940337029 0.0981032782109586 0.172126717502937 0.305945233897967 0.07546761246638 0.0723128052529288
0.230102952165639 0.0224006513942543 0.121257086136113 0.0904123517747704 0.306944052000817 0.0128150349950198 0.216067871533386
0.245721480752595 0.185748682697469 0.00534288266012917 0.179262962848528 0.109628173016231 0.26424908520981 0.0100467328152381
0.126443193671834 0.26446573446155 0.248253545502305 0.0095295024738041 0.166333520955723 0.0803859790742255 0.104588523860558
0.172519065126215 0.259420690904281 0.227298341344833 0.109903231356518 0.172295839306777 0.0260773480664136 0.0324854838949611
0.0528133475572361 0.110764806531435 0.212964013698803 0.0966210474682954 0.258096402471245 0.261038243027584 0.00770213924540174
0.0786584777239276 0.0672281456586353 0.101730008837063 0.108251489107135 0.283130817441379 0.144253068383534 0.216747992848326
0.101952997979778 0.150856880730749 0.159274392776714 0.142814440634292 0.198303634531861 0.155678164073462 0.0911194892731447
0.0922225609010198 0.230490209299199 0.285023773745069 0.0397882857798838 0.0344598207678406 0.0360059205586883 0.2820094289483
0.114061224361136 0.23177165086865 0.162742855691837 0.152382770747439 0.0622730329311149 0.183386507866014 0.0933819575338092
0.143668766362455 0.19176297535569 0.127253196456009 0.276413313170838 0.156088176787971 0.104572133425564 0.000241438441473438
0.157791625135803 0.0707203795842122 0.061733033502438 0.224423753147535 0.146572423339285 0.0452322720756232 0.293526513215104
0.260711513256024 0.0591616766601613 0.215286593065079 0.264220931007914 0.0452790816296759 0.115947032666626 0.039393171714519
0.175171348688546 0.0986900334623115 0.0455558163852416 0.188896032525049 0.273701675694439 0.0801275795436097 0.137857513700804
0.207890992395641 0.027078091389187 0.136243067258177 0.177700640246181 0.18727261013573 0.0477154790662148 0.216099119508869
0.209873377277902 0.154497432363791 0.144937390742246 0.183498180073909 0.072414396298252 0.153688714577072 0.0810905086668266
0.204500975720388 0.0383852575002174 0.115049044397896 0.141370498220099 0.0216453754827785 0.266764554548314 0.212284294130306
0.168512628333133 0.121487433635082 0.189822878205323 0.217359996712517 0.158100427402672 0.127885388178932 0.0168312475323407
0.100250430879216 0.358001367831442 0.0867073161051228 0.155066665691952 0.0849200928292546 0.129528879337159 0.0855252473258535
0.161703335754991 0.1648711748439 0.158612943713826 0.14304053245695 0.199916722265847 0.063797283839655 0.108058007124833
0.152373091549722 0.146086817704995 0.0622181089265158 0.0945489526065344 0.157330070265307 0.267253678537622 0.120189280409304
0.0503961390205529 0.18665947845907 0.188962926026622 0.170696088105116 0.282052770467069 0.087850675312974 0.0333819226085959
0.176975407840711 0.0835416217796652 0.101702458841801 0.285691181190376 0.0170175909823987 0.200467303473248 0.1346044358918
0.0562435161404138 0.341251923642089 0.103422379647343 0.039709219778354 0.0588373975879217 0.167100399995187 0.233435163208692
0.004195469666741 0.227655947976475 0.232950062724932 0.135351090742243 0.10224542819427 0.157902101926524 0.139699898768815
0.226502788829199 0.122402801228434 0.0134476937094588 0.21457407948806 0.232606795844877 0.0753356361704779 0.115130204729495
0.123835573411476 0.134372237557002 0.0133351449709966 0.146701413573038 0.158665612312976 0.231334220672865 0.191755797501647
0.0324423391475073 0.157495600354313 0.145036675106255 0.185464576934654 0.110534947817099 0.196184980647082 0.17284087999309
0.102014067370855 0.117905180565914 0.249033590925123 0.102488025661326 0.0142679625670405 0.101908452388062 0.312382720521679
0.206759646287493 0.222523886943938 0.156307889975283 0.118420033914803 0.184170163682341 0.0995355297640548 0.0122828494320874
0.168981747118783 0.0481863994796545 0.0673569820471959 0.136144686181821 0.265630244728664 0.0729992028342421 0.24070073760964
0.181378519692355 0.0505730875626974 0.154541357598262 0.221622267981751 0.117587473625786 0.199947156328164 0.0743501372109854
0.0903223360565508 0.0808190168192036 0.232879568614027 0.233144107512661 0.160621802135372 0.0124362522782632 0.189776916583922
0.172312202039454 0.0225453172515651 0.213832995675064 0.205660482408056 0.180307154408223 0.122443596674607 0.0828982515430304
0.160612619700078 0.226910137479452 0.17379972049325 0.103231307338599 0.0532487796882784 0.150863041754179 0.131334393546165
0.0892524753002868 0.117217249173958 0.12111544862547 0.268702876144344 0.132780537669536 0.201396898160645 0.0695345149257599
0.0782788133502883 0.0831321213298753 0.227481129592622 0.198503637997735 0.1581785688178 0.130268193011819 0.12415753589986
0.227891819320698 0.0273200014234887 0.145964483011064 0.122876506322486 0.0688639806767953 0.161119529699007 0.245963679546461
0.166677655256178 0.268848709106823 0.084602798291921 0.202983721678076 0.050381226675987 0.0215163111281962 0.204989577862818
0.224252081502211 0.241731463139293 0.0335458976851519 0.0863135632731018 0.0121796267134565 0.0932260094779233 0.308751358208862
0.216443158242474 0.122905805730391 0.0477041989033715 0.175430027380226 0.265884304694946 0.0745564486790024 0.0970760563695895
0.0922210322811894 0.0456396072659777 0.17184862009476 0.236891738146644 0.0956202599877567 0.224940773717944 0.132837968505729
0.20619096614027 0.129785688050549 0.000195453865799622 0.220716196405278 0.214193846161009 0.0109357502221363 0.217982099154958
0.189442972191824 0.103901659005186 0.213760785002047 0.109317402571561 0.155070013200983 0.0966842278698239 0.131822940158575
0.0649906496434228 0.199338134483057 0.102332765647807 0.107491669686315 0.260224165603249 0.0777709311163284 0.18785168381982
0.118559784307745 0.17355721745329 0.126125692052993 0.168319842557645 0.11406107643628 0.141259486970012 0.158116900222034
0.145117897617701 0.230347091159405 0.189088628498511 0.147549527880272 0.012311724182131 0.104304150716033 0.171280979945947
0.135806612145103 0.108376998365229 0.14564900836586 0.132251669334548 0.116253578367636 0.179323091853217 0.182339041568407
0.0370279815262626 0.237098006402444 0.226654359003416 0.12212813516237 0.199230740940856 0.0767997044821231 0.101061072482528
0.153327717004692 0.129054973007448 0.267191098375871 0.0596976203312924 0.105825990307518 0.185442112431947 0.0994604885412313
0.135737319518797 0.202790830288456 0.146154143485902 0.10242333466706 0.00586775760160732 0.292768750398082 0.114257864040096
0.224849525221643 0.0157137193554542 0.182893571302456 0.235455490579132 0.144170575744159 0.137702732993742 0.0592143848034142
0.135706319461113 0.183820780742851 0.100086602685581 0.168909118083981 0.242743805830605 0.02488609205597 0.1438472811399
0.153396601563762 0.110952020550327 0.16482612332449 0.119091539832633 0.136382216894048 0.146688578961411 0.168662918873328
0.136051818595777 0.10180264670488 0.21764175294733 0.259308100753151 0.0985607821645189 0.0895825307282871 0.0970523681060555
0.0419220386328653 0.0566091502468025 0.277113463666664 0.0900181570435433 0.227853045760607 0.232665757250803 0.0738183873987143
0.128577857696135 0.143395569903878 0.22366822548983 0.118399937587768 0.259533940674482 0.115850648691667 0.0105738199562405
0.109445327107029 0.0736431977906345 0.00611094464355263 0.0454517907477004 0.330541635126448 0.279602607283311 0.155204497301324
0.0823619352147827 0.225008055432555 0.277706788878491 0.020908335705486 0.0936757165340359 0.18116201885535 0.1191771493793
