0.319348698511478 0.0325575036605577 0.36877285694221 0.230646983681492 0.048673957204263
0.305506336541034 0.131805557434371 0.0837722496781836 0.222593394960586 0.256322461385826
0.1802477068615 0.125963797214457 0.305646231257452 0.239994780282954 0.148147484383636
0.329145281961475 0.28309356693414 0.322577874888858 0.00541785097331663 0.0597654252422109
0.0702300433938142 0.497164683792829 0.282942336501901 0.0665230797928443 0.083139856518611
0.0160816633900621 0.158942766824708 0.413791003797508 0.13832818867165 0.272856377316072
0.269122086138874 0.209590427676559 0.0730005974613649 0.166558180308398 0.281728708414804
0.338389659360638 0.137331204590046 0.317718826009623 0.119988101746509 0.0865722082931844
0.319890451976747 0.13732585457027 0.00440098471418404 0.167849315375373 0.370533393363426
0.193517737935961 0.0160318847231888 0.380513068950879 0.264237147809559 0.145700160580412
0.0722834599086547 0.243179398318942 0.127551328563209 0.306948567782411 0.250037245426783
0.150416336841186 0.308933820865322 0.234869755150767 0.0114400921573358 0.294339994985389
0.346007702316423 0.0494681852915157 0.291607703614277 0.209843119324242 0.103073289453542
0.0565422884003637 0.31750312447421 0.00202355989375469 0.2786178062942 0.345313220937472
0.244407342081146 0.178932269625026 0.0674613684717053 0.236075726737982 0.273123293084141
0.088875739229396 0.219489617070865 0.145472928889492 0.40961954323879 0.136542171571457
0.338902581589162 0.191043169683444 0.0657906216182102 0.238315531493612 0.165948095615572
0.268784826576561 0.0191592002041695 0.114942317489762 0.13489355644057 0.462220099288937
0.141700982821467 0.205869833658811 0.176151688542668 0.24958220494086 0.226695290036193
0.304971500425053 0.00439110721024863 0.288254850793883 0.157659340876221 0.244723200694595
0.358153865811148 0.129871561793884 0.199906261876658 0.0513133431855753 0.260754967332734
0.0870469513956035 0.112757252882839 0.362350836664397 0.26114275770656 0.1767022013506
0.259262697814273 0.311781174071237 0.199007885619963 0.135258103846498 0.0946901386480298
0.125210186337553 0.15222467047494 0.408561036450854 0.260254021597986 0.0537500851386665
0.051852609740474 0.266818222789336 0.249270360914486 0.259202333820803 0.172856472734902
0.278153590525136 0.0932553652906162 0.262987835792715 0.185486176885221 0.180117031506312
0.0191546111384091 0.0252675914483872 0.470804199265571 0.285344301045265 0.199429297102368
0.241732257374205 0.291502802670526 0.0921691880981034 0.0910691441464355 0.283526607710731
0.00762092366126892 0.261111287740642 0.205965462901154 0.197637212405241 0.327665113291694
0.132196881596664 0.317842143316353 0.300699056694649 0.224088797633992 0.0251731207583423
0.294717405793292 0.0153088615654726 0.25798994329531 0.0358716829939024 0.396112106352023
0.218350750256211 0.143130795287071 0.186261920454618 0.164436531769674 0.287820002232426
0.189960122877752 0.227294352386194 0.117990206000286 0.20165618337429 0.263099135361479
0.210318138886819 0.133879858425193 0.257207894356382 0.206370775368972 0.192223332962635
0.152175409613827 0.257767227212776 0.0972805602539637 0.102774158624146 0.390002644295287
0.196539497882089 0.238136530982921 0.0635304877472873 0.268139222266447 0.233654261121256
0.305623133979706 0.173707968235227 0.0132228753371946 0.0963846162068993 0.411061406240974
0.0492774368371165 0.220289047845419 0.325907551979016 0.195192991088686 0.209332972249762
0.0309770911799942 0.272149603415512 0.304727450802745 0.257576428851657 0.134569425750092
0.303202032376362 0.287473169147071 0.100725728337997 0.304450050583305 0.00414901955526573
0.241046808566331 0.0107416313163158 0.261221753400024 0.290196663046966 0.196793143670364
0.158005955166186 0.0874859574197258 0.276136530598275 0.276139659704564 0.202231897111249
0.220218031714429 0.405235551611454 0.116294997452402 0.226078837822993 0.0321725813987216
0.124399227484398 0.0286109369501386 0.166942195916427 0.309747211933418 0.370300427715618
0.161607404620072 0.232932064407457 0.191770813882834 0.161940886161175 0.251748830928462
0.16347304233943 0.23910188179437 0.245933624976682 0.0614186208069094 0.290072830082608
0.0533017056289773 0.34119152118298 0.0996814408186377 0.298179911860986 0.207645420508419
0.172837597997345 0.275397275198017 0.00742452877129535 0.232826819807457 0.311513778225886
0.216992702476487 0.116863832157968 0.25808552615836 0.13708790650607 0.270970032701115
0.136964664016171 0.223522117818402 0.180570200313021 0.0394119448284032 0.419531073024003
0.36628408127571 0.32212856237269 0.0756931593402701 0.100713958160763 0.135180238850567
0.132327325738731 0.2421552249237 0.211715754198002 0.0528289408279067 0.36097275431166
0.289251996381551 0.0542994220186782 0.154634674780403 0.255698689614497 0.24611521720487
0.237610967070766 0.106384161168257 0.0242626494169007 0.209350873499932 0.422391348844144
0.0140789749797579 0.0956274949539344 0.238071389283486 0.365189698773434 0.287032442009388
0.0909697121120057 0.309143870004439 0.253218141226533 0.22821681253984 0.118451464117181
0.283803921754866 0.0245865652849045 0.0609614030336723 0.196207724325734 0.434440385600823
0.200049397250957 0.350421540856126 0.249103146087358 0.163248673375932 0.0371772424296263
0.271402928496989 0.302474966489358 0.170620783019931 0.0893087211800485 0.166192600813674
0.0848317365236588 0.328299241890422 0.207045278668073 0.128516447376218 0.251307295541628
0.210012109761139 0.137349657253406 0.133496611913628 0.506158059269492 0.0129835618023356
0.370869032161871 0.0182717830153231 0.374129077708129 0.0992416881605601 0.137488418954117
0.12835529112286 0.297956263180958 0.147261685072311 0.133239699653002 0.293187060970869
0.12507556276914 0.297087530298833 0.0716635767520529 0.280136579898754 0.226036750281219
0.174651191231634 0.0204726964107385 0.251679748082765 0.484916829475405 0.0682795347994565
0.154078274433167 0.24416055948949 0.256840526638162 0.251129322512644 0.0937913169265375
0.00292679925883803 0.355137338761746 0.253812813003277 0.0573954542704233 0.330727594705716
0.009417298945428 0.290185252333075 0.272490882098336 0.184548095371848 0.243358471251313
0.264958167858274 0.266958649918883 0.0971876450351794 0.157105008743581 0.213790528444082
0.114299549245606 0.282322304930941 0.143769343006948 0.151724509804854 0.307884293011651
0.013208460975312 0.267221130304758 0.144187863881161 0.347482416613622 0.227900128225147
0.147019420135924 0.092139965174757 0.246809535051724 0.293552320084134 0.220478759553461
0.104064027036971 0.326982844903033 0.325631975706244 0.169531424632491 0.0737897277212612
0.287721729640869 0.250164646898991 0.0034290032013285 0.151873520059087 0.306811100199724
0.0023821174050532 0.261716242827802 0.227837173210232 0.431926980514501 0.0761374860424109
0.207557370150338 0.492841158367247 0.00195487280765138 0.271933807624636 0.0257127910501286
0.203072914704693 0.279266517443515 0.132347201265961 0.109502109042399 0.275811257543432
0.0590755060209973 0.250729877808832 0.250511628909692 0.205610884770207 0.234072102490271
0.138402064375229 0.262173894330128 0.178208620856196 0.264849011073949 0.156366409364499
0.33395151156789 0.154558745493614 0.122511875323925 0.0954021190353924 0.293575748579178
0.156718180210975 0.274381689112659 0.271392472826745 0.170976123139284 0.126531534710337
0.238317944637483 0.165045420912019 0.232370411098339 0.119450722096938 0.244815501255222
0.0804756344047553 0.137645290847884 0.110939126355942 0.286737766044157 0.384202182347263
0.296135087027069 0.0790943699182206 0.172241975048955 0.388574114005424 0.0639544540003308
0.239303490505312 0.117538606453839 0.23493785623639 0.221594446365462 0.186625600438997
0.189360575246235 0.167399252329552 0.0312369812745464 0.346589118471974 0.265414072677693
0.124959780950488 0.223258892862106 0.424289155496229 0.17325680591901 0.0542353647721668
0.0832784469773057 0.0521408183120633 0.327415570686734 0.328471263766717 0.208693900257179
0.281189959143654 0.280400245644733 0.154219146833916 0.0536463024011647 0.230544345976532
0.190038849026341 0.2479891182971 0.332368816304294 0.0910990717259897 0.138504144646276
0.248717338161686 0.132917045505997 0.285559406254946 0.0649175643792582 0.267888645698113
0.364381585008748 0.072442473036801 0.212115755357743 0.245978566041681 0.105081620555027
0.262347326185805 0.182480270820809 0.276326872948628 0.267385879329322 0.0114596507154372
0.373719978138728 0.193912006507108 0.026178972922816 0.354839527865196 0.0513495145661517
0.179348509783545 0.264858648113361 0.397831935132833 0.146176113384708 0.0117847935855527
0.232646353326193 0.184226904176285 0.235373064870762 0.15541362090911 0.19234005671765
0.196019752145447 0.338793461253661 0.00929819860743494 0.248001624630829 0.207886963362629
0.121150245218289 0.158025662965395 0.253040370442203 0.447494339347146 0.0202893820269673
0.274582075379128 0.262914844945825 0.0756693204615573 0.145429553172139 0.241404206041351
0.296751280213507 0.28205603156003 0.0887565979403036 0.327515169680161 0.00492092060599802
0.0629133568457418 0.356394438349125 0.0967132890584172 0.439004885292844 0.0449740304538726
0.146763008255391 0.0415491752281938 0.272638583595084 0.348184347323543 0.190864885597788
0.0246812388497823 0.21347076230461 0.420322116799354 0.208787648793499 0.132738233252755
0.233239555426535 0.0986644032031914 0.127770249602353 0.396256059112509 0.144069732655411
0.278315478944928 0.194569891302291 0.317874570701273 0.181273112075919 0.0279669469755886
0.0726626105449321 0.219654881585717 0.341390125968276 0.131364487215423 0.234927894685652
0.218969870190978 0.247285903771038 0.248415098904665 0.0280397345392983 0.25728939259402
0.267400819868378 0.160153515887546 0.095981663008437 0.168352948466449 0.308111052769189
0.157861261937434 0.255884264209753 0.199822722771886 0.149999870436591 0.236431880644337
0.248768788569035 0.331640352876101 0.0732544229020353 0.30550238465682 0.0408340509960088
0.180771908128895 0.00493052311389286 0.0241292329375144 0.444035233426893 0.346133102392804
0.080738879961344 0.335691791295699 0.00501166593800749 0.467564637891888 0.110993024913061
0.227012933818726 0.338672819370589 0.155148616950063 0.0132169478723054 0.265948681988316
0.284555351798988 0.150704129104447 0.219794671136625 0.0511665382016755 0.293779309758265
0.0943565569243107 0.0502201634675312 0.744277615508584 0.109501291883936 0.00164437221563814
0.39167422853514 0.220954097008437 0.161122214077728 0.133632090543124 0.0926173698355717
0.34831883978932 0.301754037675899 0.0992233001658961 0.205281419211484 0.045422403157401
0.0300920112249621 0.0130348707798776 0.473526486523863 0.234640604664127 0.24870602680717
0.241807196586405 0.250916558838422 0.126443307200195 0.170174690276141 0.210658247098838
0.368485132051427 0.1236941082268 0.086779705775848 0.250679713460276 0.170361340485648
0.23938919881043 0.0956803520331345 0.236420615516396 0.255961254297332 0.172548579342707
0.292244348637868 0.252150604117478 0.140279009467124 0.29733754768296 0.01798849009457
0.212199664670051 0.0267952245322972 0.511178234573266 0.146444579362363 0.103382296862023
0.0400815119066903 0.260940987060846 0.239949689564079 0.238625782894223 0.220402028574162
0.258247610982649 0.174960737387877 0.233070686862843 0.284624293408656 0.0490966713579756
0.421161981689228 0.232550649554902 0.265828782947282 0.0261531399135856 0.0543054458950026
0.342235769118808 0.140259928310365 0.148007875227101 0.0903608032645736 0.279135624079153
0.15340845990274 0.17657923108708 0.240228725047183 0.21955446813249 0.210229115830507
0.0361521810033822 0.188271311471488 0.207637641990195 0.151544870283865 0.41639399525107
0.17291597924313 0.319917197797219 0.278780302189946 0.046433863797493 0.181952656972212
0.287518005351263 0.174026355540612 0.206948877957518 0.25639616757942 0.0751105935711868
0.0457132794876705 0.0141638852402241 0.310157646351436 0.345879585863324 0.284085603057345
0.352378665508484 0.00315982793610141 0.342113888605636 0.0914012519313508 0.210946366018428
0.346617490102389 0.0688479264239371 0.232160589212429 0.191444194740272 0.160929799520972
0.179138840476568 0.287540259580832 0.207360595545985 0.203664700315587 0.122295604081028
0.397076816783579 0.30023277478349 0.124405501478883 0.134818679120847 0.0434662278332015
0.271218558114379 0.260430926560584 0.0402257942030593 0.226530937661659 0.201593783460318
0.2128319744456 0.193452641793441 0.246645765652236 0.213490308793245 0.133579309315477
0.149029376837148 0.352128570197163 0.407377104102125 0.0339717013852664 0.0574932474782985
0.0508166569980737 0.161094973679657 0.238732709216554 0.403102842306114 0.146252817799601
0.370355544841555 0.273214103460611 0.0996982576733748 0.249389027278488 0.00734306674597133
0.522642318320986 0.0215027685095845 0.123711201278282 0.31083800523682 0.0213057066543274
0.27711028156962 0.339253718264282 0.107493534235427 0.0521672570104859 0.223975208920185
0.103479465563358 0.166931064144944 0.246182387560392 0.240456958001002 0.242950124730303
0.0453218273864549 0.211131434901089 0.0735496282525775 0.408590073881619 0.26140703557826
0.24577961056606 0.0713826494048831 0.231652084113832 0.19759360422239 0.253592051692836
0.252373108244222 0.181819539846156 0.0267433981088379 0.304852890044491 0.234211063756293
0.350488580329207 0.0258205817532154 0.0589226461725845 0.341343081059932 0.223425110685061
0.238403316156832 0.235545911954655 0.0944568797074128 0.0530812631284838 0.378512629052616
0.178735798760158 0.295923703212718 0.27786841489683 0.145819403352893 0.101652679777401
0.376267686656409 0.192901883031207 0.0651459808336481 0.208885877653106 0.15679857182563
0.270065608388298 0.0722572110303537 0.243867273103476 0.28343925822666 0.130370649251213
0.0855149020241015 0.169311978335951 0.407646550826166 0.154876132286218 0.182650436527564
0.323133317289695 0.302564853291931 0.12826345485973 0.211025259320212 0.0350131152384331
0.24911099196594 0.199794394533674 0.27929155519977 0.157637484349099 0.114165573951518
0.209279442172392 0.134691955671644 0.0598797345912215 0.374938841066132 0.221210026498611
0.0780355408167983 0.252267655332597 0.0631314697546696 0.323439053403672 0.283126280692263
0.0904342716455788 0.290536094440613 0.135021094646413 0.28208118880346 0.201927350463936
0.211587174223692 0.12541309969192 0.13066593772702 0.306583806536618 0.225749981820751
0.169593354833258 0.298327307874766 0.217070248521145 0.129520840128967 0.185488248641865
0.297498746189352 0.0624946978295084 0.226495298926484 0.349398439404228 0.0641128176504275
0.28235938706656 0.280229438597401 0.0748985271685049 0.0838042524254988 0.278708394742035
0.0181401087796079 0.467136041031537 0.470776531056314 0.0362219489036064 0.00772537022893496
0.203521062958357 0.25401808657659 0.382899074238858 0.0829583385311945 0.0766034376950004
0.00360612621073354 0.157022882881579 0.249444141605258 0.48482746179872 0.10509938750371
0.0391408278500642 0.414923983209732 0.126039799190308 0.028593273954805 0.391302115795091
0.11489305782605 0.236679294258229 0.266636983805409 0.250480436319641 0.131310227790671
0.104258297890103 0.305580222101472 0.110260571605956 0.247610948175427 0.232289960227042
0.0232061361098323 0.228483648978064 0.120837453172224 0.075558310153551 0.551914451586329
0.0250892149193734 0.174066608904378 0.30896400900243 0.29874998906464 0.193130178109179
0.104699936747987 0.308796079696438 0.0176339049666043 0.241877425882058 0.326992652706914
0.0458848117377351 0.233594466866552 0.378695817659285 0.246234357295323 0.0955905464411048
0.195355932395496 0.186306148703391 0.0943418304487823 0.188416604033041 0.335579484419289
0.305775439943997 0.247966016516357 0.143036262674503 0.113412934426637 0.189809346438505
0.281873010750634 0.04656190776511 0.181831264892678 0.196661743520367 0.293072073071211
0.0276485226581802 0.242016280756 0.359138605199075 0.254113664858864 0.117082926527881
0.123784870841979 0.306626629432611 0.351296333556592 0.0459928255800394 0.17229934058878
0.260293273354228 0.234258528181483 0.156751410450138 0.0941573849677971 0.254539403046354
0.20930832911433 0.0150870682072731 0.295775320276613 0.282585264470608 0.197244017931175
0.0797597458824142 0.216213967168212 0.189665676347923 0.252608688368907 0.261751922232544
0.0690744901967065 0.221548479276369 0.0779411663868117 0.329351090684654 0.302084773455458
0.285821692153909 0.206527299234814 0.289580357318822 0.18917808413534 0.0288925671571157
0.152332861266149 0.0821793329174134 0.223641090779004 0.490589056059988 0.0512576589774459
0.147867144882607 0.211763024493838 0.015156772782786 0.29945719224815 0.325755865592619
0.0564128534171951 0.257336736291983 0.458847323238983 0.217503110437988 0.00989997661385171
0.195244015289194 0.0723103463698195 0.118793179909155 0.509902970055422 0.10374948837641
0.135884165284036 0.2891845031072 0.293550003420288 0.232098189679893 0.0492831385085827
0.212325604782466 0.320640225333141 0.266018679078698 0.0303939355491011 0.170621555256594
0.376694716949599 0.00092017872529889 0.429771931093584 0.142570148870222 0.0500430243612962
0.248066090371448 0.191933054284676 0.257202674912581 0.0570456814178615 0.245752499013434
0.138750765142972 0.0432859385745766 0.455630324574677 0.278572535011379 0.083760436696395
0.276250454965963 0.515038774629575 0.00234416071328788 0.140592092692126 0.0657745169990486
0.334044959247725 0.0540463255350682 0.199275414139563 0.0508317657474099 0.361801535330234
0.0475448513376601 0.0276465535088591 0.489193293210016 0.201410594802007 0.234204707141458
0.220817255651729 0.137632947502204 0.0237265986746691 0.312517708738353 0.305305489433046
0.391103534543499 0.0284991638083091 0.290964918995468 0.242222558574739 0.0472098240779855
0.208321483409244 0.3184942652131 0.245041772072145 0.139074023706483 0.0890684555990282
0.268704233494161 0.197177997440317 0.170062997172093 0.29444792842701 0.069606843466419
0.148974745763971 0.226650100406197 0.278152642814646 0.170824344239613 0.175398166775574
0.222310689042585 0.1921913839498 0.133152645322813 0.0648306615214761 0.387514620163326
0.0558086193843532 0.200033384535552 0.390180593359303 0.0778166199369479 0.276160782783844
0.184348241971861 0.215228831557064 0.0951549462023165 0.334664723764403 0.170603256504356
0.227915351258043 0.304479157638554 0.122739382165494 0.279179742083486 0.0656863668544226
0.306531119886041 0.228873552756151 0.424318868397061 0.00989618036507627 0.0303802785956703
0.172439949624841 0.0884474454982052 0.491134559813671 0.00750017289921606 0.240477872164067
0.270314244443012 0.118393161786402 0.141106541742966 0.269167466188578 0.201018585839042
0.283409239903123 0.0796881956402441 0.159918345335098 0.112932244588609 0.364051974532926
0.194297523172286 0.272967099834134 0.233892421696175 0.188574942025295 0.110268013272111
0.348516876695037 0.311432942553691 0.0150755167771096 0.185917613630339 0.139057050343823
0.236653537907118 0.0658422058611434 0.211621184005293 0.180564659122186 0.305318413104259
0.384824570172198 0.0684390856846051 0.0679406255585707 0.293977262503197 0.184818456081429
0.286040193346187 0.517036453255771 0.0687146287788876 0.0406818784030703 0.0875268462160842
0.136394547466408 0.314181018465881 0.155169019473859 0.0493882141798183 0.344867200414033
0.0276230137213718 0.0160217086979795 0.358264163506557 0.102089360729686 0.496001753344406
0.252640518741278 0.141845582682809 0.193468289958796 0.221570916043525 0.190474692573591
0.174763021927422 0.401257349896221 0.0872166613080962 0.041497930160282 0.295265036707979
0.282489174915286 0.132678939530226 0.207975746629634 0.207145938213412 0.169710200711442
0.416999969262343 0.0359690787005128 0.323089657321662 0.053381957854819 0.170559336860663
0.502963818721345 0.117801028824685 0.187565251643535 0.0947708978985468 0.0968990029118884
0.0231853601048261 0.517574269721284 0.143074974756107 0.252378075760531 0.0637873196572516
0.093387928821429 0.290203829458193 0.347014364030356 0.11826450530083 0.151129372389193
0.0158281285284237 0.198293297980455 0.580000942830627 0.191976784620446 0.0139008460400483
0.159724685922907 0.0898699521579515 0.21935853074444 0.313368870468743 0.217677960705958
0.0428445266590497 0.286081353502042 0.229771043063629 0.286993593445642 0.154309483329638
0.179851029845318 0.215529539459344 0.0889520209924338 0.272926370551021 0.242741039151883
0.295186854611646 0.045762208545705 0.217345722194614 0.288126058092208 0.153579156555827
0.0811692726827627 0.267798933664104 0.314811929737198 0.210251591155224 0.125968272760711
0.131869400501743 0.150395101328882 0.233189120658772 0.275595432783895 0.208950944726707
0.249908716047948 0.227714970671769 0.159506418912097 0.110534803352697 0.252335091015488
0.287884695562007 0.00637292916480708 0.33538310667962 0.205531186267126 0.16482808232644
0.280287092339654 0.106400281806393 0.166015546483521 0.361954443382349 0.0853426359880832
0.341112988854133 0.282797472084856 0.0382788969838116 0.295467204723732 0.042343437353468
0.148931284750773 0.126612882415335 0.478027306606082 0.0947810375779784 0.151647488649832
0.37816654148931 0.184451652380301 0.0153088384085629 0.381134412045299 0.0409385556765269
0.296951834742874 0.158128825139477 0.139690755909785 0.130919353984883 0.274309230222981
0.0590465919816412 0.177409096810688 0.391962472450007 0.29198456586653 0.0795972728911327
0.291216457341601 0.329096742125944 0.0309723326589633 0.323856756541827 0.0248577113316653
0.272793866280721 0.00869718801755394 0.276372666968062 0.175160088789212 0.266976189944451
0.305779829436475 0.182920742204072 0.230262424798282 0.144896042194002 0.136140961367169
0.61251237039163 0.134203053777575 0.107916216916024 0.0887369775003438 0.0566313814144275
0.214478847612321 0.0857651970341779 0.262560019097336 0.352293664038656 0.0849022722175087
0.328464776175948 0.0119468305153741 0.113153006338199 0.202866468630331 0.343568918340148
0.168358110048925 0.168389985453483 0.216423760443666 0.295815182315087 0.151012961738839
0.332043374051977 0.555899701109106 0.049307195569408 0.0543619832624561 0.00838774600705291
0.214382748842816 0.204539330818863 0.220411282150125 0.0600689241231544 0.300597714065041
0.139093081722559 0.262559878163314 0.0293764062614065 0.287261867866668 0.281708765986053
0.162564873489673 0.178640576472383 0.277939612594768 0.305308313642813 0.0755466238003615
0.224149192307091 0.199562434178722 0.212403243915398 0.164694017186998 0.199191112411792
0.0899371596183111 0.0557601427818299 0.41233073215832 0.300396413885614 0.141575551555925
0.147871276280204 0.119193141891856 0.23799919807289 0.165243964180884 0.329692419574165
0.136643279111369 0.177668452023082 0.187717737965078 0.26046560923661 0.237504921663861
0.124599097969043 0.33984530130615 0.200956891184821 0.0452950207489335 0.289303688791052
0.173721874504418 0.127201817056077 0.279060067629618 0.133790195273821 0.286226045536066
0.236697014336734 0.308034705038589 0.0994336483503739 0.183416166356454 0.172418465917849
0.0316019798653332 0.145651781068988 0.179592519508198 0.166789680410533 0.476364039146947
0.395575293949678 0.00458543708905423 0.0742407640542084 0.157432914449011 0.368165590458048
0.334997944630309 0.00157341214457723 0.233328311374797 0.250612372049881 0.179487959800435
0.217280350854366 0.0940427501453572 0.166964265518317 0.150292835695178 0.371419797786781
0.135274995927199 0.33676510994675 0.120580776558977 0.307239680653709 0.100139436913366
0.109116523673632 0.151150057180007 0.354537895798055 0.0631658591936361 0.32202966415467
0.254463589893832 0.30198657492343 0.0453854560451954 0.245503747127621 0.152660632009922
0.252815771816729 0.163732185733512 0.357080769533423 0.0171257927580503 0.209245480158285
0.387922117110544 0.0131132678721914 0.252823839695777 0.310785508839392 0.0353552664820957
0.232763867958184 0.245104131210406 0.155660431806045 0.283201200174831 0.0832703688505351
0.447273652038872 0.204033349075416 0.117630595741376 0.221564361205774 0.00949804193856245
0.134239628359466 0.0198277643763821 0.216856077777591 0.387105717249548 0.241970812237012
0.178661491493726 0.164849778270536 0.295682329431179 0.0903759964024669 0.270430404402092
0.317177076324159 0.0845523137257761 0.00110980477280993 0.426825595335158 0.170335209842097
0.0504424685551967 0.206088570969 0.212749037312192 0.27275357225021 0.257966350913402
0.0567424181238975 0.205143409705932 0.099886274401175 0.369932184165605 0.26829571360339
0.356586297005221 0.170620117339283 0.0601850782860176 0.0609172769786414 0.351691230390837
0.247104737531535 0.394818653579485 0.275129218356279 0.0601219721549341 0.0228254183777669
0.185347625410243 0.12096931674103 0.294924276668599 0.11189402598516 0.286864755194968
0.220690751293613 0.179106679538939 0.270389206797674 0.152830575096204 0.17698278727357
0.175878688159817 0.316247245477394 0.13531362565181 0.0268652038379977 0.345695236872981
0.0494903502615469 0.197477950230488 0.243475729549403 0.250675514296961 0.258880455661601
0.143894104209126 0.233532482571281 0.203762846549467 0.0846116840000776 0.334198882670049
0.255203845917074 0.0566050396054436 0.363987818769612 0.224231546003245 0.0999717497046253
0.115930792855568 0.451645157405582 0.139302434284759 0.0827240748516691 0.210397540602421
0.239398750190276 0.138995785280686 0.213847449036209 0.26957072808778 0.138187287405049
0.247023137606562 0.167036322155398 0.191702674143141 0.147555317292057 0.246682548802843
0.180075554781274 0.194500054498542 0.229376210027858 0.0628403446145635 0.333207836077762
0.0352022310712487 0.0212233918464837 0.331753530863507 0.151151915038092 0.460668931180669
0.239207350398358 0.112428038531235 0.165299669212811 0.0308464601604942 0.452218481697101
0.0282381159191681 0.339358294632284 0.332322625199846 0.221044543621875 0.0790364206268258
0.260737420366922 0.232283155332258 0.0392765464725944 0.204460514117854 0.263242363710371
0.161436743597075 0.176615930117425 0.511022145385988 0.0313010030510705 0.119624177848442
0.00960692652679465 0.206786539608228 0.237323929165873 0.168210383340914 0.37807222135819
0.069762833311371 0.339106560748465 0.31490150212902 0.25964840570184 0.0165806981093034
0.144765434313696 0.38097496681512 0.100471165291965 0.209773270806805 0.164015162772415
0.247817223997581 0.0360420545696805 0.186487837160037 0.27324049047403 0.256412393798673
0.0583869794961334 0.0545642827801878 0.345605079717181 0.118175182390183 0.423268475616315
0.0539544229529038 0.320500606192314 0.161690876063795 0.31251224497797 0.151341849813017
0.259161228435025 0.0696186315203897 0.181192981033076 0.243670011698093 0.246357147313416
0.136345640969465 0.276609123830287 0.258144909730688 0.226026969536098 0.102873355933463
0.265938590684324 0.203498127554326 0.281859030099313 0.047900746774313 0.200803504887723
0.121478200177251 0.291722714243486 0.316865236797372 0.203068382497206 0.0668654662846849
0.202736335779984 0.183791916165651 0.168882362023155 0.300549303649503 0.144040082381708
0.320923835170293 0.177696590203053 0.0654559251586966 0.240380671927017 0.19554297754094
0.11435065024002 0.131707421010798 0.294415203723231 0.242863854195898 0.216662870830054
0.102119821691243 0.322694586833917 0.173323858803564 0.30380305816618 0.098058674505096
0.0473131220450634 0.151792156177207 0.273240487932608 0.207923830969142 0.319730402875979
0.140935215282079 0.226390280039277 0.192519605564001 0.308413580464849 0.131741318649793
0.171982947593693 0.0389421189893578 0.0161808684436849 0.474563683025618 0.298330381947647
0.158974787089115 0.17941633090598 0.0358936529797268 0.344180423245216 0.281534805779962
0.247455645138039 0.240495230495787 0.0246802562284449 0.257647842458977 0.229721025678752
0.137099409396808 0.237509820992702 0.00590429172754111 0.315964283413301 0.303522194469649
0.120430434026389 0.267576507244047 0.26509588567087 0.173023221019026 0.173873952039669
0.227694213373931 0.211950381143325 0.187812777041013 0.175928497307562 0.196614131134169
0.151137730426837 0.281863115806114 0.0169439016812037 0.370478472601026 0.179576779484819
0.182515759076655 0.113868081869666 0.335555434067186 0.324521025947538 0.0435396990389544
0.31040411959584 0.0721980833231484 0.365278353983982 0.230667250351445 0.0214521927455848
0.10706173060729 0.0471082877093816 0.34450333074285 0.121993481025973 0.379333169914505
0.132278354404369 0.295597091678074 0.266467775629309 0.191994958891982 0.113661819396265
0.0769783642047342 0.0173648045024413 0.345252043284522 0.257793198922371 0.302611589085932
0.214592973614102 0.257715627679586 0.105043556468795 0.244112231712185 0.178535610525333
0.0782979251266427 0.156516485854803 0.275869191864903 0.284360077485778 0.204956319667874
0.261755457537673 0.116440450130312 0.233366419538222 0.209981922128385 0.178455750665407
0.265870149203823 0.00798406942196802 0.0871503869244793 0.262983942028042 0.376011452421688
0.268357149478809 0.249858889111825 0.0435965873362603 0.0723526477035294 0.365834726369577
0.27829174774903 0.0254073679120866 0.214032937319838 0.468457597152106 0.0138103498669396
0.104731739257429 0.11917354854077 0.121305615667882 0.326833078019105 0.327956018514814
0.369329789768481 0.292983267463805 0.0963058773280503 0.126619748557029 0.114761316882635
0.263405542228419 0.0669173652260641 0.283967770183592 0.233124585685167 0.152584736676757
0.175792502131417 0.121699712963254 0.207897742169111 0.249731896264903 0.244878146471314
0.205233374194231 0.231156576003188 0.245411488949583 0.125702126636389 0.19249643421661
0.047880849625254 0.216019418698288 0.000480746145042616 0.288998304265904 0.446620681265512
0.113779923393018 0.352636741717372 0.238274387155446 0.236447397712655 0.0588615500215094
0.0154241651203991 0.380227364060434 0.182714538562903 0.388033199380157 0.0336007328761075
0.214712346398021 0.0995372440819825 0.224290021302627 0.210097005236393 0.251363382980976
0.091804576538771 0.262311244679983 0.210876864200499 0.287475622150222 0.147531692430525
0.14435302553483 0.217727593867376 0.231835921214536 0.141718388305673 0.264365071077585
0.409250086510548 0.0716970364446397 0.130033678677313 0.216074735163071 0.172944463204429
0.219957335826187 0.176066224304506 0.0291720397052666 0.326678404543606 0.248125995620434
0.0626006514712856 0.31928274253977 0.145735684318047 0.323756138306781 0.148624783364116
0.408689269454853 0.31264517866807 0.00207975407656164 0.0538714255848318 0.222714372215683
0.406931486754291 0.356940119205453 0.00372716481671206 0.143081924371864 0.0893193048516791
0.127152717603475 0.0677755462661158 0.157308145033907 0.383992887745455 0.263770703351047
0.201177253347758 0.200026658826908 0.31319383384978 0.0974405114689731 0.188161742506581
0.468780471548092 0.0215736556142627 0.180491468552948 0.13510366385935 0.194050740425347
0.153040969120417 0.284289432390107 0.348723505713866 0.204267136766241 0.00967895600936819
0.531630971674847 0.0440797536238556 0.0316601522307826 0.218992565952389 0.173636556518126
0.0349058544370089 0.306612565744616 0.0863149510197319 0.261720036256395 0.310446592542248
0.33532342319233 0.00290462688793093 0.281149164604311 0.194047789522431 0.186574995792998
0.246303415326687 0.14667371955425 0.226898690554243 0.146540901033854 0.233583273530965
0.271114045907051 0.10913114068366 0.263888152390914 0.269496743865555 0.0863699171528196
0.162661719048334 0.315473082382025 0.178753475517076 0.313715787669403 0.0293959353831621
0.264819458461737 0.271201463014432 0.238271950816169 0.173925566495693 0.0517815612119692
0.249083657725082 0.382334376588732 0.00806492456275796 0.359890888231622 0.00062615289180575
0.0659365124933192 0.0800613033225181 0.282285378507646 0.329198168807179 0.242518636869337
0.355078475986871 0.150381561856202 0.203570943939462 0.142433701905449 0.148535316312016
0.229045925706495 0.212170292220841 0.0113151597698844 0.244807050305787 0.302661571996993
0.359144664495046 0.0471274810217925 0.301218616507548 0.193942622129327 0.0985666158462864
0.47203315750975 0.333952260112161 0.134039258883818 0.0335401328088996 0.0264351906853711
0.203396131900479 0.178362691355105 0.220912647551083 0.195105149584133 0.202223379609199
0.151553400122362 0.333213573327012 0.320023793312971 0.0977415310380252 0.0974677021996305
0.0973217065544519 0.170821539303331 0.166201173082931 0.318495468259719 0.247160112799567
0.221702881559676 0.156143040379984 0.13245104928451 0.464015929777333 0.0256870989984964
0.26718439239369 0.0484872461778161 0.19176571088157 0.211032665624136 0.281529984922787
0.0745298586915131 0.269627963337653 0.319442366414447 0.053747593084462 0.282652218471925
0.171890349956203 0.161716657779928 0.295483256957044 0.132106985308947 0.238802749997878
0.0785536485916677 0.203022598667096 0.344564911435494 0.17721129173013 0.196647549575612
0.0204014819730846 0.358138634692643 0.160586979718458 0.140427421865329 0.320445481750485
0.156754088101245 0.30137221394273 0.264006036507045 0.0361170925871827 0.241750568861798
0.19184963632071 0.217029741334726 0.31389415277583 0.128168579129589 0.149057890439146
0.0993901858209314 0.240908302296949 0.447287811686198 0.093995981987187 0.118417718208735
0.0551848964606356 0.159224119510522 0.236897444713614 0.213176161648335 0.335517377666894
0.121522608380413 0.0459973588948708 0.404112309099287 0.330289751498999 0.098077972126431
0.24162704714659 0.384853196976416 0.0882240118661212 0.110394958076603 0.174900785934269
0.277005804031283 0.0247717362369377 0.119877826640988 0.401635651408198 0.176708981682593
0.0873083413542626 0.177321916370301 0.154506017823283 0.225988249771836 0.354875474680317
0.2544576266756 0.250982075847251 0.211511188047375 0.239563056018309 0.0434860534114644
0.313784886547219 0.0630458044129749 0.30778199182184 0.0728540915575757 0.24253322566039
0.141186107799106 0.263060876442745 0.15184853208667 0.234434859374103 0.209469624297376
0.129308705647062 0.196719385987348 0.192008840638921 0.381724739696004 0.100238328030665
0.0439778148025828 0.383830278481559 0.0513311746493731 0.398538563917259 0.122322168149226
0.46249389670618 0.159650959561337 0.122366736121237 0.195325702260972 0.060162705350273
0.132708303636164 0.0364149609155012 0.262923351573472 0.310889749942612 0.257063633932251
0.0450176998753304 0.171097023399181 0.27764849238902 0.368401475055293 0.137835309281176
0.188923602337926 0.380036465027108 0.273124060170872 0.10159768650616 0.056318185957934
0.225153524660713 0.409879693756561 0.0132564088869194 0.0502669559994929 0.301443416696313
0.0529894669755574 0.232149485153647 0.0876814531786001 0.0876229182158827 0.539556676476313
0.0717741815582022 0.238184546615897 0.240429219930742 0.136798324479867 0.312813727415292
0.323164731410882 0.0975896218274877 0.0480569543787494 0.0709741358504577 0.460214556532423
0.195710320219037 0.0591976662563805 0.0165390978103963 0.59773090909847 0.130822006615716
0.205486889122039 0.0519366745660271 0.0731982858006629 0.252120323050828 0.417257827460443
0.2080155561729 0.185093733158807 0.321626412453636 0.240252546275317 0.0450117519393395
0.253846100053983 0.277802000645689 0.158826500050199 0.287206628948567 0.0223187703015625
0.0268861242152841 0.0825807930791764 0.412509969378023 0.335617740570371 0.142405372757146
0.462664960455414 0.325221855924196 0.156931529347579 0.0394767440189183 0.0157049102538922
0.223477382844819 0.212759595355163 0.235163385267139 0.0538799276685002 0.274719708864379
0.262937665139862 0.178261650438813 0.266575680386723 0.249775919777793 0.0424490842568097
0.129673975416498 0.302703266515473 0.120444798630197 0.27947429955303 0.167703659884802
0.153584871414025 0.218743200199435 0.292647475638798 0.253374842713178 0.081649610034563
0.0224637524756841 0.260091267141495 0.354815096214124 0.251115099157113 0.111514785011584
0.118495011932181 0.478432410512027 0.0292089746878252 0.358151158488879 0.0157124443790876
0.0503477120707169 0.231331813638398 0.129869523109654 0.309920122938086 0.278530828243146
0.281352083800553 0.178221256062386 0.224316339159636 0.0845117236607058 0.231598597316719
0.24911110859286 0.166074698495517 0.483720890255894 0.0623146258604761 0.0387786767952524
0.371654137861073 0.201145826467824 0.267296336228254 0.0581438392690696 0.101759860173778
0.116409301309852 0.207585018574376 0.1704366083448 0.180140844632182 0.325428227138791
0.188907124763361 0.303905337713866 0.288417691033688 0.0517942597375338 0.166975586751551
0.137876232599536 0.062253510293065 0.298369012706093 0.315158613807919 0.186342630593387
0.378815124572168 0.157774265090447 0.275405322689615 0.101201746181139 0.0868035414666308
0.26975012989612 0.090832938560992 0.121616330424815 0.276677144502596 0.241123456615476
0.229181108296904 0.259126910381649 0.140440687290859 0.00761208046165311 0.363639213568935
0.208817257787767 0.122545069201489 0.442371403347166 0.221810460891769 0.00445580877180926
0.30170262342632 0.163511649645873 0.143364711331969 0.102464495059109 0.288956520536728
0.141632415245253 0.293447185940174 0.184491121934159 0.187513103263951 0.192916173616463
0.165611242048066 0.213645341652466 0.247723390699087 0.231106002761042 0.141914022839339
0.0258998941563831 0.406380197712505 0.0423466059096274 0.129308758666112 0.396064543555372
0.0224783086157887 0.173685592484017 0.185322861453956 0.256787930757272 0.361725306688966
0.238671327562947 0.121955183129698 0.223472448025737 0.156217376160915 0.259683665120703
0.254414237876612 0.25522867961578 0.152023271983977 0.138030503754608 0.200303306769022
0.332349360097688 0.233072904822846 0.114537927416567 0.239722067847268 0.0803177398156313
0.00300039032489478 0.443213327703533 0.0345957243466746 0.40962352834984 0.109567029275058
0.0318716917319878 0.159718393311379 0.126999150655209 0.198629006239305 0.482781758062118
0.122968472540823 0.327294003088152 0.168997228160641 0.277722984145245 0.103017312065139
0.24444663437545 0.027912281294051 0.299502334420649 0.416602529087686 0.0115362208221645
0.22080723887067 0.188411823798339 0.164705967821672 0.0983525098312111 0.327722459678107
0.0439243706022357 0.318667808177933 0.108496694207252 0.249469904677283 0.279441222335296
0.0431315688150802 0.0990907424914122 0.418769217229007 0.113085080261132 0.325923391203369
0.275990912254115 0.280918001502181 0.389426192525552 0.00929422075087991 0.0443706729672717
0.191298421256177 0.306731822940812 0.36264283849809 0.0400897883759946 0.0992371289289267
0.435967773291229 0.296746913110747 0.0509424290319049 0.0597113364079608 0.156631548158158
0.163410936538382 0.381834023370352 0.0370979321533504 0.240184680123506 0.177472427814411
0.194907692269723 0.165112293657818 0.234353513591851 0.248054288330214 0.157572212150394
0.137302138337527 0.301627359764185 0.0341684758590061 0.139585412147928 0.387316613891354
0.130332662468351 0.179005977646616 0.292414637340502 0.0907662989499764 0.307480423594555
0.29752102287982 0.341858587112817 0.0259880773471554 0.321437487205893 0.0131948254543144
0.0907707936851145 0.439078341440733 0.0562485750194586 0.226408442025751 0.187493847828942
0.244280495142294 0.142360494141474 0.106803612943252 0.0421051441062963 0.464450253666683
0.0772805484714179 0.184136132370847 0.255699349229838 0.153769193382339 0.329114776545558
0.124031098140578 0.0697607047754805 0.255628719919844 0.260909650161256 0.289669827002841
0.243252805685342 0.0442217638908456 0.060947793554913 0.3345573128625 0.3170203240064
0.140603923439394 0.277521877621147 0.166991965559207 0.0836284888091777 0.331253744571075
0.142988654742286 0.280161368431447 0.249162922134894 0.19334204997012 0.134345004721253
0.43954293133097 0.0560935577299311 0.117581427179242 0.324246534057675 0.0625355497021812
0.382887349403324 0.0816715399890812 0.262366562866636 0.0439419003217545 0.229132647419205
0.145658440779706 0.0630875192828619 0.221976317982024 0.281280745288383 0.287996976667025
