0.000583409347193129 0.135627878951194 0.00381827580717938 0.139727102582654 0.16605928704151 0.0173635189466762 0.178543242566474 0.192311993073683 0.105922015636311 0.0600432760471246
0.0950173551042968 0.150313087078898 0.104103501946566 0.0833517384672396 0.0037884019880448 0.139497651570856 0.143228834640569 0.0527886195022784 0.203479855782067 0.0244309539191853
0.000505788776710441 0.0642509089720758 0.119507888510349 0.116130752081947 0.0769288081729174 0.0396977155452174 0.12365060452887 0.213508314638827 0.175994056877728 0.0698251618953575
0.162159193656659 0.0585727436959962 0.147172105793034 0.0169403697051264 0.181265982873732 0.0884563727045895 0.158789643797458 0.117071894228307 0.0409747352443509 0.0285969583007475
0.142326295548208 0.159720858807441 0.0788209774719612 0.0921132168168605 0.130514129278338 0.126013354390901 0.0163047547391546 0.14279004044517 0.107936667657161 0.00345970484480539
0.0378900004974568 0.0816129368061996 0.0984249482779612 0.160898667200528 0.147874325383007 0.16481334125586 0.109061381931339 0.0230884260891647 0.0754920894971089 0.100843883061374
0.0861860871059946 0.0350850996556375 0.168504745707129 0.135621113388604 0.013335600804325 0.138533076425485 0.0439566682084787 0.158706048217883 0.127257947020833 0.0928136134656301
0.0796289696119681 0.179100919701331 0.177981739297616 0.0560094172611192 0.0270845238536949 0.0193301057888244 0.151842288287038 0.150560734536703 0.0550652294998029 0.103396072161902
0.121522448501451 0.101780889144301 0.0247031881478206 0.104839663733892 0.118128631241079 0.150948215701668 0.026422054534371 0.152461782269192 0.0585968290998003 0.140596297626425
0.198549069019761 0.184600605458132 0.0116488008290333 0.0587217987153855 0.129446598419981 0.0209370509149815 0.117614706936681 0.11391708765145 0.0982836011861258 0.0662806808684699
0.178984536282933 0.0460218853045684 0.114338113104689 0.115069116931245 0.0119528199489663 0.0568968802742906 0.125120451433707 0.121051745453629 0.0880946720430862 0.142469779222885
0.0996303079577904 0.0852172893771019 0.19046919245331 0.00606420306586628 0.0376937447709037 0.22452348570561 0.100975589902843 0.0595857237982502 0.0111042658528042 0.184736197115519
0.098735466079604 0.141223335794063 0.112094911743433 0.147846684547664 0.0396019568146182 0.116888607802656 0.117949578195901 0.0101300137309295 0.0836395498470143 0.131889895444118
0.0831597221766174 0.0745075403602363 0.0845933229118988 0.05149374111923 0.120154819082546 0.146844473255904 0.152682029789306 0.155978095487984 0.022457544676562 0.108128711139714
0.158115829596717 0.132978983862294 0.107856479417911 0.0268531469917401 0.0919322080988918 0.0631889789534895 0.119799627831481 0.0934101586239963 0.0253542849285992 0.18051030169488
0.0105293252837553 0.204110934905534 0.132913508170158 0.115920573929036 0.00858640975114867 0.00547898491655878 0.209320308419298 0.0995442336198593 0.0313165942441459 0.182279126760506
0.0800055186025051 0.137981089580334 0.140835226338209 0.107261270468266 0.00428223333179925 0.0847747494893253 0.152731506112309 0.140093168571602 0.0751926001699902 0.076842637335661
0.101662272864166 0.127834731223832 0.0710231937318549 0.151653118684193 0.140606776177015 0.0592748192686511 0.0627562970570832 0.101529091389961 0.163195424682068 0.0204642749211768
0.0782694040896713 0.00758319911753724 0.137101298221451 0.164877757551165 0.0547246072117218 0.0516768234358471 0.0925023633241758 0.130851851191602 0.143947739537857 0.138464956318971
0.137868826315572 0.00191850834590627 0.119705584929293 0.0825899989156826 0.1597515196698 0.0585150919249677 0.0493504792986697 0.12483338525087 0.167036150425816 0.0984304549234223
0.125442199383756 0.123621125585955 0.00326371408870018 0.0294261807270623 0.180641742930305 0.0630505607033066 0.0266038602807983 0.187463909363866 0.180690438526933 0.0797962684093165
0.0791658644583234 0.258973408281699 0.110511674525137 0.00645059756930218 0.0533865283405469 0.256095478110108 0.174581942116454 0.0191955703482449 0.0112446059976777 0.0303943302525068
0.0999146256671382 0.0657182093704543 0.0269149122155899 0.0738983369311604 0.151515508120515 0.0756199902338253 0.164592775735754 0.0536446932192758 0.164820155144934 0.123360793361353
0.00883789841388236 0.0929209767171994 0.116432407742458 0.134955392482306 0.138849988816591 0.0160139085750114 0.158106943513738 0.133158532742456 0.0690440693190911 0.131679881677267
0.0705604278886253 0.0597493008765369 0.176318704732562 0.0862017803286702 0.0761896012731825 0.0706875957955118 0.0771552967832246 0.101827796203762 0.171002411820208 0.110307084297717
0.207057855530461 0.0895899710533838 0.094575483282454 0.143286861270953 0.165657809381554 0.0067259157793912 0.0881289923801939 0.0501743228633819 0.0903539506213412 0.0644488378368857
0.0769870711191143 0.131745200220602 0.0288331510526486 0.0722413560994191 0.12619502669321 0.139368912216271 0.0773857292342838 0.100687369064522 0.156360664270579 0.0901955200293516
0.0946158224884508 0.14396886372329 0.165127422181571 0.0934027384853723 0.0255510366224239 0.0807032935551549 0.0332564703122117 0.135713761654846 0.0528096937880838 0.174850897188595
0.123567300682173 0.0234247720544938 0.0981268722736676 0.201210329188892 0.0675616421046871 0.130510939931226 0.0588094390986448 0.10450096132686 0.0806003700484088 0.111687373290947
0.0913062049687569 0.0188622523126261 0.0934476279159109 0.035799274568463 0.0547696843256714 0.113471503929041 0.210611997810609 0.184190807059509 0.170455515187991 0.0270851319214217
0.00598363268943094 0.0927572765621694 0.0139446446764077 0.226045609224612 0.0533541626067807 0.0849993115382187 0.172793990329505 0.0852450530508809 0.223027121257981 0.0418491980640136
0.186031246153752 0.137368217199168 0.00352004437872126 0.124369569890851 0.00437998577536843 0.252902505238837 0.0782767251911912 0.0280249457951688 0.172617197833609 0.012509562543333
0.133819669435487 0.0630620178319671 0.0519568659598746 0.142583292331406 0.179247923375823 0.0710044932160752 0.110668324623115 0.176394363567614 0.0423719421944013 0.0288911074642364
0.168841967717151 0.0177408791719161 0.0136883202481057 0.0991072124702611 0.142847321362996 0.169630080941747 0.0928451483878166 0.025536489591337 0.144081406870657 0.125681173238012
0.07693250843782 0.0440913453586181 0.0844824036916915 0.071114420909922 0.0746890838632438 0.100506577126589 0.181961917032702 0.121155920959567 0.0797728246164395 0.165292998003407
0.0255001278699974 0.186722750183195 0.0487181459412283 0.133333457180596 0.083886137517367 0.0794783542067082 0.0653982343007253 0.0970853529571476 0.131831134618912 0.148046305224123
0.0837919272714137 0.0190718838696126 0.0758588338864523 0.0730985684833532 0.136775805677775 0.136760234033011 0.128891122337511 0.163434932110565 0.0119822439709142 0.170334448359392
0.0779221586950518 0.094847363113827 0.00262196689202623 0.140644956203765 0.147981018295276 0.0690203173084398 0.0255879580165962 0.23199584367071 0.175422472558032 0.0339559452462763
0.172061247584188 0.000728677752306514 0.0749673129285572 0.168085929396167 0.125033172677579 0.0529000358639181 0.200602735718748 0.0465633320885709 0.0715163156836813 0.0875412403062838
0.097001601554194 0.0394858691860454 0.0896164574204075 0.18380812717758 0.00271734856133836 0.109420828087316 0.18663344357131 0.0814146888788136 0.0998364204057853 0.110065215157209
0.0700095076456671 0.194449672103582 0.0901782462326951 0.0865586308075592 0.0106470536215015 0.0590185880227472 0.136843029365899 0.0408828048200417 0.167554647357199 0.143857820023107
0.126575313264732 0.0688639100892195 0.0976907855290372 0.174455795513685 0.167089441859776 0.0326771130153381 0.000956531896600448 0.095849567880696 0.188628961560944 0.0472125793899728
0.00317847239797132 0.0562955786035307 0.11515396538168 0.140891682076173 0.126216781739282 0.124345208872763 0.0843092212022506 0.00859166301352187 0.15064095201042 0.190376474702406
0.167610663693637 0.00673500992188356 0.0586638312017154 0.00206211778759992 0.0678054377876857 0.0801712929107358 0.170144142679629 0.110411842807594 0.1922509701534 0.14414469105612
0.128871678304465 0.103268182933247 0.0764074564907347 0.123251529258963 0.0806716934855174 0.157099685113172 0.0286039287929988 0.018778385013966 0.107808320510676 0.175239140096261
0.121356372148624 0.128190879202063 0.154053857614606 0.00260340067542239 0.0857754386244711 0.0430121617157047 0.154638716887149 0.111604066877483 0.0841814382260243 0.114583668028453
0.160226803899207 0.166217857263032 0.0544862823697593 0.0555550652293225 0.0908898420617328 0.0359254694610293 0.0476075697403688 0.193623520157914 0.0325739244119891 0.162893665405644
0.0358937524763535 0.175844111341122 0.0963210571665592 0.169417668385671 0.0661984542327339 0.146518754171342 0.06596487934392 0.0757140087228382 0.0756226857169681 0.092504628442492
0.198642135645952 0.196055463700209 0.119411453327069 0.15408119644196 0.046338095423459 0.107910584567511 0.0103021948062039 0.0684171951446485 0.0902570245727246 0.00858465637026176
0.0563194235607496 0.0467426346355217 0.113779059671021 0.0914139055881497 0.0592751773731917 0.119048625846938 0.0315842773869057 0.15284603846064 0.183888407756551 0.145102449720332
0.0633981037353741 0.209061210985663 0.128953124623151 0.0930060520307963 0.0474194351809933 0.187487330534838 0.0366105893032645 0.0194314497001815 0.0718879899535178 0.142744713952221
0.100739588806115 0.176543292015177 0.0746422313909267 0.196501930343506 0.099123887906177 0.00563847006333884 0.0115194746457891 0.264590046486457 0.0636313579937813 0.00706972034873154
0.170048655215032 0.125942956366321 0.134683066282583 0.0699821906584183 0.0252515836088367 0.144289702774092 0.0625926679673447 0.112095145452119 0.0778713339714097 0.0772426977038433
0.0484291695118633 0.101115894082839 0.0625165199316732 0.123534301317634 0.1224520315149 0.119405889867298 0.0763629236933005 0.0513285699948902 0.120417722147703 0.174436977937899
0.0450978477270033 0.166577435306761 0.196573995991269 0.122868904123704 0.113392723320666 0.0501685897915576 0.0451953125652688 0.0473836455968193 0.156711923302766 0.0560296222741847
0.0101431122271217 0.162076267225206 0.0190767613062713 0.160407455106134 0.16840471236273 0.150478918288895 0.00649492096060408 0.141216169098836 0.0952433469512439 0.0864583364729583
0.0410785254944025 0.188475359836836 0.114581584924753 0.127267275898808 0.0143568277393753 0.176689377442565 0.10635067462339 0.00178193884807506 0.0898999267219622 0.139518508469833
0.0971379169034904 0.12266608975642 0.0546764149510435 0.0922687487642613 0.1380788662383 0.119311263790404 0.139202979415481 0.0800474445021903 0.0396100832296344 0.117000192448775
0.0915229271625222 0.0921945975258099 0.198771772563403 0.0316448546217481 0.0151097140983785 0.0857296397721445 0.0589451810451355 0.0879907807188571 0.155339483273326 0.182751049218675
0.0669902790517888 0.112615587229995 0.0613483054180999 0.11895481497974 0.128203560273126 0.137911368481784 0.0563556293846269 0.0862458213853664 0.0935427614262658 0.137831872369207
0.073644751545791 0.0159498166590939 0.000224009760205274 0.124368672307432 0.021778725280981 0.21848848706145 0.133837460812848 0.179972048100787 0.182328581808106 0.0494074466633062
0.0977604474435567 0.1145325851791 0.15386393843584 0.068196502874008 0.127098500670596 0.077057275911572 0.133098512925093 0.0289396309850954 0.111501131898433 0.0879514736767066
0.000664849060939203 0.00548416817764372 0.132359712134302 0.0679713660823765 0.12498919386273 0.123539617795997 0.17533541880174 0.146472007242919 0.0710753424970042 0.152108324344349
0.118038042005141 0.00962957436139897 0.000195282576359412 0.203070602603352 0.0595456290478911 0.043817175873095 0.127302552487401 0.184498365139154 0.0421310302510773 0.21177174565513
0.131259325446718 0.214924099856105 0.0398695182029185 0.187996107461798 0.0347621532629029 0.00469037051606136 0.0476480005668259 0.159503181783737 0.118074241729064 0.0612730011738695
0.0979439507592598 0.0708586818548662 0.000747924629001456 0.0476780938636026 0.16542261525931 0.0669472297861291 0.165620825657876 0.160436854142592 0.0704327678499185 0.153911056197444
0.1053276095603 0.151607268846455 0.135430951435705 0.127851883461054 0.176197634820962 0.072670406815901 0.109024294753946 0.0139088290042934 0.070288459606418 0.0376926616949654
0.128981082182673 0.206403888780593 0.0718015728884467 0.0327074010768302 0.0895916231467473 0.0323532475598182 0.202347905250005 0.110614282854192 0.0504600027610418 0.0747389934996532
0.124377034028372 0.0948133849222693 0.116851378758147 0.0983203219349889 0.12827412855056 0.115970273706754 0.0189314676551859 0.109808630219318 0.0676652717468783 0.124988108477527
0.0817916854695872 0.00494639488630439 0.120530842290644 0.12975734725324 0.107328131653959 0.0872470621562923 0.0478502792820576 0.185528626787532 0.119877059127881 0.115142571092503
0.0975599420459061 0.142916353985125 0.135687270540656 0.126258071498512 0.117876788318505 0.106071421684401 0.132497139802526 0.0644410354895913 0.0331844577536317 0.0435075188811453
0.0578456748782203 0.103984201591524 0.105604621303174 0.0914337095470131 0.0590402085323174 0.128122546275828 0.0670798595512523 0.130298805169672 0.140942697736402 0.115647675414597
0.0368400391081814 0.133408283397126 0.148327800952511 0.179115516208049 0.0913041178450855 0.0301025391789238 0.00743321315614375 0.129020153721285 0.0591917135823787 0.185256622850315
0.129937974794841 0.0241826561665657 0.0362428149421317 0.10376318040425 0.0106037077630192 0.0680201538404072 0.210844937202095 0.146513704368653 0.199916452633885 0.0699744178841523
0.127420965723068 0.161936081458312 0.124096183391674 0.143250928445997 0.0496127142869063 0.0251089149590512 0.101239720311188 0.127988742135406 0.12429985677281 0.015045892515588
0.161687600721771 0.213460504197733 0.19514839372354 0.0402496350350968 0.00667208071607158 0.034262804635909 0.101071153951589 0.0343881142188218 0.119388398389565 0.0936713144099033
0.0185995761019218 0.0948703438636117 0.0743089036599775 0.113951488824603 0.090090930948518 0.0592510279855103 0.185532141891908 0.192319408353298 0.145085421323706 0.025990757046946
0.11071181521145 0.0413389157061371 0.15897669288471 0.16802934097145 0.156855315925604 0.175749587499657 0.0425383404046811 0.0509214834851404 0.0293767958233512 0.0655017120878193
0.171676399682636 0.138820944432808 0.0971977997174307 0.0482924637284729 0.106087078509314 0.0598630734227759 0.0815640184417579 0.0331852062879136 0.125867062567333 0.137445953209558
0.0350723100224278 0.0767906986926044 0.0493106143650048 0.0490402133031443 0.192509658666564 0.00288780008416589 0.301920854906051 0.0792821801920582 0.109627016766653 0.103558653001327
0.115668313356456 0.120913074206266 0.195207821065583 0.117882349944513 0.0219313901291267 0.00198904719665962 0.0245056302548094 0.197078092951553 0.151320068878299 0.0535042120167347
0.139727684049815 0.0112046455195904 0.0176951831392466 0.209816519777918 0.0127645483412174 0.220949441662368 0.13496250180607 0.129012235848857 0.0443720858408032 0.0794951540141145
0.00957510486955696 0.136755005837701 0.075736275977995 0.148565817824707 0.094629036201906 0.180288361766981 0.0765747640353284 0.141990742681773 0.024243921639977 0.111640969164076
0.16303737696576 0.0627475089418892 0.0311593039436351 0.0786207856499626 0.0610095398743223 0.182314178616601 0.131854441103989 0.0123987919207786 0.0879787087100266 0.188879364273036
0.0530174626063792 0.0655401342780494 0.179676454648178 0.0205001673991906 0.0165020804507047 0.125775926245054 0.126321728771239 0.136557986666939 0.12167022238162 0.154437836552645
0.07453801306096 0.0620865364274938 0.0439403388284733 0.147091547943654 0.15729705314641 0.0435378863791096 0.0586482051998851 0.168905281684872 0.169794908661563 0.0741602286675805
0.131759772263178 0.066118103486764 0.145203061566384 0.0471505165431356 0.166809510139506 0.142660379386387 0.106656850830827 0.0343731108886992 0.0195183132338754 0.139750381661244
0.0131532859455001 0.027279857954549 0.156338580243901 0.15941472662815 0.107600841097558 0.124381708978132 0.144688110412185 0.200919090645101 0.0278904464432796 0.0383333516516434
0.194025533088719 0.0792211866509876 0.118321639706821 0.00294923355830497 0.165773343263421 0.0154551307824452 0.0114256773755219 0.0958648911516239 0.141645271008333 0.175318093413822
0.156974146883126 0.0382867128373992 0.107301682600982 0.11773956361645 0.095453052415444 0.0694880455719259 0.0200002594617671 0.180164467383809 0.0401999302268094 0.174392139002288
0.166076667264417 0.026518425504707 0.127611890674224 0.0433792899511157 0.209117447887628 0.141558900607212 0.189850460381849 0.0367307623822182 0.0249611273314324 0.0341950280151967
0.118712805604905 0.102913353673023 0.141748748199825 0.0127496684110436 0.112899813809671 0.0920329879061543 0.163404917463593 0.0813342185762057 0.107339503888237 0.0668639824673432
0.110278612252913 0.0468969044558691 0.072343050579517 0.140992378889278 0.00352822272449741 0.0837815863168584 0.0969074981547376 0.144189451232128 0.17461435146461 0.126467943929591
0.112316123301654 0.131345784170211 0.147893760257199 0.153953451957428 0.143785328842138 0.067736995494256 0.00910978497371779 0.0843851105487803 0.00573605831955517 0.143737602135061
0.0245747093538694 0.161217959960429 0.0941953524879928 0.0692596004659103 0.0816885530725497 0.0831003276623385 0.142539884129254 0.204277671207812 0.130779107392102 0.00836683426774154
0.0341502901486543 0.12819358536394 0.0838246524193637 0.119709683285549 0.0953006679592302 0.15664566919347 0.0242752302812219 0.14654924487392 0.0653051880188275 0.146045788455822
0.017736628413137 0.180341458687462 0.024400083304826 0.0974403397144215 0.0686257432639412 0.125791887146192 0.193411866627062 0.0723230566635438 0.175096470824471 0.0448324653549438
0.107657846272427 0.125919146283839 0.0957599973655048 0.0160364418053275 0.0567939948115823 0.114651398171661 0.129420234441463 0.136962929094688 0.0989871269649705 0.117810884788536
0.174887225422345 0.0308828879755323 0.032376107560727 0.120897574393582 0.130051186570568 0.0767448781387195 0.0993774173382492 0.223214980914942 0.0701981659630463 0.0413695757222878
0.205055667956854 0.0950591215436083 0.0158372616344867 0.00364994507798047 0.0388111510032604 0.184971467251785 0.0501588820471089 0.176697781281024 0.18429968609442 0.0454590361094721
0.0776571785696723 0.0594490659919466 0.0403079969983452 0.0548877459468885 0.171843691061329 0.141420176542723 0.0842133394738344 0.145576303572821 0.0198178563682863 0.204826645474154
0.207432311249576 0.0508933847590262 0.059828413037012 0.113278472294629 0.00258481516802441 0.213535977126114 0.0697395536536381 0.0164750064261803 0.136275897432332 0.129956168853468
0.121297920373932 0.0641085919996153 0.0505537662442361 0.00574034415774844 0.0855002057506767 0.168859807146531 0.0771500468805055 0.174722336064369 0.177068546432701 0.0749984349496861
0.0987369176990035 0.0523930844180275 0.142273639943151 0.0515470334273109 0.0262528701539085 0.0894845372194559 0.113456305604865 0.205753078016022 0.122002824534545 0.09809970898371
0.196589213142404 0.0135067992695166 0.123121581958652 0.0874263083378189 0.0122325042879733 0.208583668878613 0.074035241746214 0.042632770595311 0.181473315115619 0.0603985966678792
0.0494315995408638 0.164293538852051 0.0124818727682919 0.0826212119642261 0.161294864603921 0.0349229531993501 0.0501762631145668 0.153479501974127 0.13567189185132 0.155626302131283
0.0321855994923958 0.030244414022026 0.0338061601216534 0.0608858157339471 0.0403814403623356 0.182608180713232 0.211728068864619 0.148810691890545 0.0762536481632158 0.18309598063603
0.0849183461397622 0.147710517765557 0.153786216316392 0.0643810579117312 0.0638043264853922 0.0640818246782848 0.148717478215026 0.0628943067848685 0.0311427878946329 0.178563137808354
0.102504413198872 0.173423059132245 0.0266912657634537 0.0349271835157703 0.171482733553107 0.0310398679775874 0.110692986329449 0.0447250431913126 0.092739804679962 0.21177364265824
0.139461136376927 0.132396600039592 0.0587893032523828 0.131749895667873 0.0563790588088154 0.121122693034405 0.0829373916507778 0.099231059986878 0.0667919702971917 0.111140890885158
0.134335740974973 0.00256303885914241 0.0249714723897925 0.0796070024315803 0.0767077217262584 0.257950734667953 0.0478927881273763 0.263187263115446 0.0269294068579305 0.085854830849548
0.193802254415078 0.187790849204404 0.0220753142747226 0.00171732948500244 0.118598835376714 0.0938880205153554 0.0804840307899895 0.132283370275561 0.1257486750261 0.0436113206370739
0.153506386493549 0.0459865542788426 0.0429637821242655 0.231595947670318 0.00579507393575715 0.21363948098626 0.0958235111387327 0.109092620503424 0.075316571919863 0.0262800709489891
0.176034080406834 0.0381229226526737 0.0873620248707723 0.114751822374035 0.160061749509867 0.162080442564102 0.0831793108816445 0.156541527880636 0.0175039906615673 0.00436212819786872
0.0980533865238144 0.185119901290823 0.134672876467398 0.186280399275305 0.0464148540836153 0.0671941026781681 0.155827973256285 0.00722105732966575 0.114144450096218 0.00507099899870867
0.0177673368721994 0.132649280650575 0.0797049601086605 0.0293084442732922 0.110332551555698 0.117382464165608 0.155162727298338 0.134561140082297 0.133990040122741 0.0891410548705896
0.160036530020219 0.0938188573465699 0.00801008717577929 0.0499654909362796 0.175188475119103 0.174795365014472 0.066816467994825 0.0546889291890413 0.0917816497514994 0.124898147452212
0.226950627479572 0.0684198174842344 0.00860998636525961 0.182954539111849 0.0716654674001166 0.115206748600971 0.0806468150388932 0.0514038991326995 0.0561083589826132 0.138033740403792
0.129047434004601 0.0315252711890579 0.181705490211526 0.0560902454618627 0.171899271019562 0.121143693812744 0.0114785716460743 0.0605091947685156 0.0683422480230059 0.168258579863051
0.172988859832466 0.220670191092753 0.00502961122944992 0.0303858494353817 0.00973498478744874 0.0718374490052444 0.151123840275554 0.163621880156504 0.166652421267487 0.0079549129177114
0.0551260285161053 0.138696886092305 0.138440863662508 0.12781727268604 0.0904484245589935 0.0422925401037868 0.0793425892335145 0.106172543247514 0.116363252159691 0.105299599739542
0.139052759878327 0.13833921111861 0.125249059316371 0.0756148873636927 0.153569099230852 0.0539057358760628 0.1020502510849 0.116786473348519 0.0566868071470682 0.0387457156355977
0.132329965036881 0.150019420212514 0.105441037705164 0.101469145727367 0.0962400735920094 0.036035212590587 0.161996918436685 0.0291776727074844 0.0579791451595272 0.12931140883178
0.138590387179717 0.0140126709607979 0.136128330873557 0.00340507856379836 0.180975990481425 0.0515554326524473 0.113230658039466 0.0143276904633176 0.230030159834219 0.117743600951256
0.164434434313869 0.0881196529090137 0.115564385532927 0.0544352104299746 0.159757005044375 0.117358848842226 0.0358874049116889 0.0218080750303735 0.0408704673035785 0.201764515681973
0.0095700913081297 0.0623273966690112 0.0539485668397838 0.129132071881793 0.081721418306179 0.200377700106854 0.0116833985523921 0.181750055536804 0.122514747076925 0.146974553722128
0.0445174921866781 0.0928455543563463 0.0180189455751056 0.300414403154638 0.0297570880147742 0.215175422787692 0.0599662076931172 0.0393720454783247 0.0156426957450878 0.184290145008236
0.159390021311231 0.139108711678294 0.0425011692382142 0.0621162188414399 0.15952730389181 0.0434108647578363 0.117579926412631 0.116558481544155 0.0778002090165443 0.0820070933078446
0.179315880050112 0.103416291794433 0.0497385896607294 0.186257182637295 0.187281613618289 0.0686282092812829 0.121896301115044 0.059857101941225 0.0425097735502942 0.00109905635129559
0.119316016797936 0.135836854649342 0.113252321327525 0.0598483084627249 0.104299279568523 0.148173480403805 0.133665439146739 0.00830064361128291 0.136951198439029 0.0403564575930934
0.144815609265225 0.0932624522931787 0.0959243575759336 0.0834817726543036 0.087177358033469 0.115101941814174 0.0203422869914251 0.106683538997953 0.119958679017388 0.133252003356951
0.157858758281128 0.00927942718206651 0.0599644294418834 0.0926874375787526 0.139680532794329 0.0650568393967434 0.119066979796258 0.158459636613151 0.0558452561404289 0.142100702775259
0.00584875134201567 0.0828059764647952 0.0849085640756462 0.199355668992002 0.0635255013438887 0.011716140962798 0.189380405573763 0.166052067186569 0.120089510221837 0.076317413836685
0.0109630897723152 0.0683317179062212 0.16669226829632 0.126037746319546 0.16604226779489 0.0601731474208335 0.127369344963138 0.0678448572875754 0.152754898992724 0.053790661246436
0.147955611618308 0.183887757972352 0.0798203661140069 0.040120130053986 0.0169305914402895 0.0545985379958468 0.0296370433481338 0.136701655186721 0.137520932200797 0.172827374069559
0.0736503128198233 0.0288975876618541 0.0815603581684006 0.135406585033199 0.173853630051908 0.160173598315473 0.120340439738066 0.150542426469114 0.0281063485782663 0.0474687131638957
0.146605029043903 0.0481622793826545 0.180273322276221 0.077330448173136 0.02286357018811 0.0441748812934382 0.19495242081348 0.178700262142614 0.104259669409901 0.00267811727654305
0.0813415190285789 0.150862054612157 0.108086504932427 0.138633292647432 0.0828414630963593 0.119097593952114 0.135859204717929 0.000271776683590563 0.092553949848595 0.0904526404808178
0.076516756258855 0.122156846627417 0.169331814205949 0.000172503880985574 0.129271491171428 0.0935321580526158 0.109790255068799 0.124883660739072 0.0300302853519435 0.144314228642935
0.0517877164870961 0.0219114610944008 0.103660416271533 0.0481663644376013 0.0998509853811946 0.214556807471075 0.0233339246756083 0.166505340628155 0.0537645642924184 0.216462419260917
0.187631685431315 0.102213867614232 0.0595943157182886 0.12865878277576 0.115872952364712 0.0748664526229087 0.0673588721196872 0.0999509038274048 0.0221567001002893 0.141695467425402
0.0575982689551913 0.141484583601197 0.183058685876446 0.0408877994665675 0.0463025120709318 0.154315579843278 0.0476635309223238 0.146769905592649 0.148443382441757 0.0334757512296573
0.0175377505095113 0.116725893303592 0.155985325734617 0.0619032631257072 0.111174904928826 0.0800615813819887 0.137874573874864 0.0529610617513723 0.150043943468864 0.115731701920657
0.0547324106537662 0.0621976286539353 0.167747214555994 0.0567180094613052 0.160345121714231 0.166931746480316 0.0361580669765562 0.0671351706421907 0.12551445911607 0.102520171745635
0.110559877813519 0.145189642635788 0.128568040546299 0.0872023681207458 0.0866797464930108 0.154876580165839 0.0587208736153604 0.142738740401309 0.0713228243725393 0.0141413058355905
0.107872574906662 0.0871659387029789 0.0927319428794148 0.0736499204742341 0.0564114821528487 0.151390814305396 0.0632481866583297 0.0919620214227865 0.127750930240444 0.147816188256905
0.0822600210607172 0.0901936883092744 0.0775642688489468 0.0826214995644893 0.0945736179904012 0.140175551492394 0.0159783195248351 0.153581655248103 0.118231773088415 0.144819604872424
0.0323241850856058 0.020268119163506 0.0171790015862655 0.222545009274214 0.0229837371425647 0.102873305634227 0.219256268688687 0.133067128483186 0.152070152737976 0.0774330922037687
0.103598126763115 0.139408161347182 0.17867955127471 0.0679631512488576 0.187206234844832 0.06073515189061 0.012869289299385 0.0229985697242689 0.198809322902516 0.0277324407045228
0.0976363982693104 0.144357613703169 0.0737355214446731 0.164814189360477 0.155733359808304 0.0211229019048067 0.0204744769058448 0.181310096956531 0.0910991796583843 0.0497162619884991
0.12374103323358 0.102199242826613 0.0903761699141621 0.0847250366417016 0.139608058188586 0.127930308943436 0.0920278419178785 0.0564137837646916 0.0598047423623635 0.123173782206988
0.0344305012622459 0.151892873779747 0.140399085529975 0.1825954422668 0.0724946967535393 0.0193389977217214 0.0018361360018845 0.0484946415042662 0.16963771844341 0.178879906736411
0.0754621529770417 0.0855685252644698 0.0541993501190348 0.153763651113992 0.0416285709325923 0.132394203631445 0.0623786253167149 0.060916739867961 0.164593397047625 0.169094783729124
0.117740182628008 0.0914543262557103 0.124365251137488 0.0156910855497494 0.0500845893355056 0.200571438225191 0.0198742732057618 0.171754678358269 0.00382760753845276 0.204636567765864
0.146394153351887 0.0568037399553559 0.024262435313686 0.117350731930275 0.0439598849773752 0.0446601920643746 0.118271059646375 0.150957846062677 0.150455633910143 0.14688432278785
0.0361420859687537 0.161473604974065 0.0565558141821342 0.0256984815549842 0.178619760008665 0.119546575018871 0.0852077459768972 0.0160870087617426 0.114653509430613 0.206015414123274
0.00867489746328288 0.0720515995186979 0.104391819729135 0.138610981369431 0.111555128016193 0.0050115893464946 0.155938141027867 0.072646554688634 0.135003777647957 0.196115511192308
0.129930035254955 0.0443728299011955 0.123715213890036 0.129512406166432 0.144730371214193 0.11708144607453 0.0458177355159764 0.0842676394302908 0.136661579266807 0.0439107432855851
0.0250427682775125 0.0821781852105934 0.154900571894265 0.0718418907928292 0.125172506488034 0.0796408354842085 0.0418148890691704 0.157961228930092 0.144377271610761 0.117069852242534
0.152748326600307 0.0154260746327943 0.143149813614756 0.00378290190588963 0.117154694791383 0.0832321444592898 0.106873799237701 0.113349126564551 0.134145192300066 0.130137925893262
0.183775838111657 0.0066872869381133 0.0246007701833284 0.104350136849968 0.0337494830727084 0.0621068777509906 0.134945930040464 0.139729977085239 0.172599395753901 0.13745430421363
0.0344842505568261 0.048603130908393 0.146102389489912 0.0893526333942277 0.062606946383556 0.0993608574003316 0.184316779028556 0.0991335670434739 0.226554568148513 0.00948487764621122
0.0768592787196125 0.114216113112406 0.0947302063151953 0.00409066802381955 0.261135713489535 0.0530555142385494 0.188350801488559 0.00157938791461601 0.142739451410616 0.0632428652870907
0.0440928901422174 0.157449704927871 0.0963257720066203 0.165358979171761 0.0605995622467079 0.183703680210399 0.0208073000600188 0.0612528574704791 0.155190222895956 0.0552190308679681
0.0785469671899664 0.150948667327761 0.0322003647396549 0.123660606157422 0.0834029296849618 0.210535375388789 0.0389723065234506 0.0325114239010462 0.0293730208971594 0.219848338189788
0.0888229037339615 0.0664398176347377 0.115349857568467 0.0626288865137054 0.0142489380610354 0.149262008731521 0.124007332842636 0.126383168969573 0.112756786767901 0.140100299176462
0.00468207227561041 0.140975723303813 0.00311754983026608 0.102624744410689 0.118886464951333 0.16198542464496 0.108780099469559 0.0904659965592315 0.1573757288379 0.111106195716638
0.137572724310522 0.046707837221568 0.145008722394365 0.136102943894165 0.115122078712725 0.0366408296138003 0.0779125428819909 0.105379767419239 0.082441636284731 0.117110917266894
0.124834312454915 0.0756439582903143 0.0245622839024889 0.222639209516517 0.163471053423146 0.0480656786468923 0.0886060989011253 0.0303215908979604 0.108190622220717 0.113665191745924
0.0291066152550405 0.0833243968953614 0.0266694346480959 0.176310928701389 0.173637043628941 0.0461392107549749 0.101947947233655 0.138537073577293 0.110554506967512 0.113772842337738
0.193506822289947 0.12434196877301 0.182128729202024 0.115338799811635 0.020843027592415 0.0261542504408246 0.123331182814203 0.0103214440320623 0.0900116464556579 0.114022128588222
0.0274261249214556 0.143246869471308 0.0879835209180512 0.123757954904408 0.0746443871632734 0.11609384242406 0.107444742153942 0.066778771660984 0.138074187624199 0.114549598758319
0.0680940499674218 0.0310363449107105 0.265876594111087 0.218337279423557 0.0210455277685074 0.0258641326861582 0.0843694393062686 0.161278156088863 0.0286964952458388 0.0954019804915879
0.232668955753341 0.11006105594955 0.0173302284074597 0.0629073193256334 0.0285036351722477 0.0930703608229133 0.0572646319449644 0.087912927304312 0.0353399279406218 0.274940957378957
0.00841264031586686 0.171795768332447 0.14302282865152 0.149022265244893 0.063911461524793 0.169081326935485 0.184949632912791 0.0669357134149645 0.0109757886705768 0.0318925739966623
0.170812452054779 0.12456832006981 0.00110011183809903 0.0481664416836198 0.165663525139557 0.00061385533183521 0.160095390045298 0.159808965743224 0.0440659739033791 0.125104964190399
0.133310220539763 0.122858468216149 0.103162604055865 0.062011728227811 0.136502058433764 0.0887441491219571 0.00989691541924931 0.168232048077158 0.0372282775991566 0.138053530309127
0.0573897324336344 0.0996441776466096 0.1910604690167 0.0406809866252919 0.126349870131756 0.106106028738149 0.0227515252822938 0.170392777388269 0.116408266502515 0.0692161662347817
0.146660480509525 0.116151427306208 0.101676581087888 0.108026084100219 0.113294451711103 0.0976263441224779 0.145739105210756 0.0614272073233398 0.0816352003451945 0.0277631182832889
0.0851416818135347 0.151589274959706 0.153909139771508 0.0892824499212195 0.105789214588202 0.109765248899842 0.104397439568875 0.0942821759789185 0.0267687818211977 0.0790745926769966
0.0403301246168716 0.058718264356035 0.0854045079284122 0.167418884812507 0.146729409890137 0.0877291913977584 0.118269210457089 0.115854148114969 0.107502512775891 0.0720437456503306
0.187355130293408 0.00542181254999564 0.0427166983156943 0.0633426357114627 0.179625969338812 0.0483033779870174 0.176338369173205 0.0803651530131863 0.127063149909888 0.0894677037073313
0.0293098902483951 0.0273390395263048 0.14061263402379 0.123170984810214 0.111577997124365 0.125901955608087 0.110704801200864 0.16954512162309 0.122127844914713 0.0397097309201777
0.0554355720469053 0.146049551566458 0.085087815094889 0.0541064416611153 0.144691961570169 0.228835289547993 0.171393383876931 0.0763273635700912 0.0323397231859254 0.00573289787952347
0.126977891149456 0.0436907889468414 0.115727287123598 0.112458411338899 0.127059648632813 0.118174790408913 0.122591893073352 0.0125797764159538 0.106113098563271 0.114626414346904
0.0992342226627153 0.125599635988254 0.0860337376419594 0.0952061913483615 0.176921771163201 0.0340824774377293 0.055078404061991 0.164066854616852 0.137067775691132 0.0267089293878049
0.187332965115766 0.0109649023225857 0.0532319883811559 0.135855271735059 0.0609659731622689 0.0169460482596046 0.0440498677190226 0.223943827007127 0.148986662565145 0.117722493732265
0.059838471190019 0.16275676403892 0.108095039328204 0.128459687924816 0.0350150823169154 0.0682072415383166 0.0400450653777356 0.0832261385492276 0.183561531585999 0.130794978149846
0.000768385173439948 0.00494796127844191 0.100271272217567 0.112426056116945 0.0997837308739066 0.116421220562218 0.0803389891996643 0.157527959211965 0.148721440909862 0.178792984455991
0.173849332745255 0.0846504621461275 0.103339724590892 0.146577571460391 0.150035068106973 0.129600069247457 0.0481380822345227 0.0597034012690357 0.0382650505716349 0.065841237627711
0.110931404090434 0.120379258069474 0.103386138585615 0.220285901178525 0.0649852724433791 0.0287588086030719 0.129623987030914 0.0306554821896055 0.0633147192052412 0.127679028603739
0.0726377808767597 0.109140096545429 0.0480762875460184 0.122156363736628 0.0904146067306104 0.0123339483730174 0.111237792450165 0.184041717211565 0.140299138542581 0.109662267987226
0.208652025970006 0.00016024793735163 0.0421047757319218 0.108624793556281 0.0110710578251518 0.0441716869465487 0.0892293258514943 0.181814984768469 0.144638448733095 0.169532652679681
0.104619703560085 0.202863615889304 0.0785633447991698 0.164057048098489 0.0019971869283811 0.0288045750700637 0.107391702103636 0.03986455901178 0.162546845956757 0.109291418582336
0.202666803535374 0.0207698951714181 0.0156343778849121 0.0905149566408076 0.22565295915449 0.117181334959447 0.0851209744260345 0.000144671074868471 0.106458364991712 0.135855662160936
0.105630218439052 0.0795410554664899 0.0848909282638082 0.171473198143253 0.069807857018026 0.0420381298282652 0.108391591607828 0.00350227414286391 0.170964688108858 0.163760058981556
0.179227808922694 0.0521146887662428 0.121173260047273 0.0547599261463926 0.0127712770128634 0.16481768829503 0.0672130319480857 0.0680527234964884 0.184518853620529 0.095350741744401
0.108102575751388 0.129994589001834 0.096462502502283 0.0889125681937159 0.130753360095997 0.0917129423747592 0.113814944445381 0.0637493833201301 0.072121326898401 0.104375807416111
0.101559519667507 0.178583094221986 0.0758069533142086 0.150772014474885 0.091209808087195 0.158155965431868 0.068216739743239 0.0838490683201354 0.0154216819649421 0.076425154774033
0.170122199005382 0.0170854339243358 0.0892095498775844 0.0515559923776725 0.217530355959188 0.0474964038207154 0.0501612885909643 0.0178768242125635 0.0792254797606434 0.259736472470951
0.0561221256095975 0.00376711509172567 0.0604052749415138 0.0877075937884067 0.081577147267979 0.165406889042242 0.126090272536732 0.0526400730649628 0.139739755945885 0.226543752710955
0.108227830861887 0.106501025322898 0.163310146001759 0.164937544998457 0.0729164605618758 0.00909041499337985 0.0555942734744931 0.134252176601248 0.0216322848478367 0.163537842336166
0.12813650280523 0.0646747327399175 0.121899687587415 0.0828400523576051 0.0980587452066017 0.056495179156315 0.168275863368054 0.140706902535403 0.106888725582284 0.0320236086611746
0.195094720556987 0.00526846504403819 0.127052947415986 0.0680810180973275 0.189596651066364 0.0183087735330894 0.12287408447585 0.00212682216246483 0.138422974127639 0.133173543520254
0.126817040258369 0.00316210129638726 0.140845363742207 0.111502512217883 0.150495266337858 0.15966955098141 0.0492887245725695 0.136186174009053 0.103823261211437 0.0182100053728269
0.112086930110469 0.0886461180537163 0.00939062070386723 0.0959332582878935 0.117627439568837 0.166886021691305 0.180948010978248 0.0282095483915852 0.120807305415042 0.0794647467990361
0.0750675503672339 0.124235402886369 0.124825851732575 0.148839219051557 0.0927571372139125 0.104812785982803 0.0678385004722803 0.133377114214518 0.105791711376927 0.022454726701824
0.0652517799928785 0.176920453968946 0.0838208493448604 0.056853443092688 0.0486100010832471 0.0943715887851134 0.0333991119560491 0.091150139845319 0.183314504336369 0.16630812759453
0.188152949371992 0.00589197631362277 0.0184287980664685 0.100251012596719 0.111772211658703 0.071977256505135 0.155559480923601 0.00903949223734861 0.202661363245241 0.136265459081169
0.0293858768564854 0.134708917963218 0.0743694839354167 0.0979874620755227 0.240141984053992 0.150758713534097 0.0327708889539194 0.147329852194541 0.00476468334809407 0.0877821370847139
0.178374168251043 0.0102743982621291 0.186757011146499 0.0579317454675537 0.0598249571216768 0.11246870645521 0.187577219779165 0.0658155448441766 0.0668001098850228 0.0741761387875233
0.215497530720893 0.171478042610285 0.0365887169361975 0.168421524173302 0.0091520086679923 0.0403022876085628 0.16732611351247 0.0945596271033612 0.085616310199726 0.0110578384672114
0.203994605779179 0.114573583444647 0.118092257652422 0.0739611273442824 0.00524874673466287 0.0397507524055486 0.0369826201036956 0.176205505760229 0.0635717373465072 0.167619063428826
0.124618399602284 0.0601195301855055 0.0571563620361498 0.094171619873798 0.246513208718153 0.167227113440294 0.0780142426931916 0.0485848658391329 0.0676318486912505 0.0559628089202409
0.0793763343752208 0.117985969286044 0.0610057491621487 0.165011125637338 0.142336582816881 0.116869196463802 0.00384040271721493 0.161793461490119 0.149872227576239 0.00190895047499242
0.03622476094965 0.121955150420664 0.145467504844108 0.210942183365002 0.0151484639078164 0.163044721552267 0.0631747333998065 0.086865677782353 0.0365842066986258 0.120592597079708
