0.0933815875399538 0.199853241233117 0.120708755402872 0.145316950875625 0.0334877746234185 0.19720691933793 0.210044770987083
0.208502818507946 0.00280444209667665 0.190403372886084 0.193934817540698 0.150555572684156 0.189027283468823 0.0647716928156163
0.229759892524664 0.00154359298797588 0.0177904067346248 0.239160697711131 0.179649128937274 0.255072367982034 0.0770239131222972
0.138670904944935 0.131177856966678 0.100250356397814 0.0406160118242764 0.153697957878657 0.135970004128552 0.299616907859088
0.294947304528028 0.0135740066653854 0.344502307464826 0.00718727994532306 0.0148963173264789 0.0645778804516239 0.260314903618334
0.206956889673799 0.0541032025676823 0.147070213553066 0.201158219717915 0.135728403222657 0.173992179524846 0.080990891740035
0.162234248464642 0.112201510141802 0.176187150570767 0.168983909181903 0.117539159892674 0.110913538124795 0.151940483623417
0.156314978108815 0.134196708618562 0.108252529201067 0.165113582481176 0.19848740262354 0.0359812765123308 0.20165352245451
0.14404243165085 0.0933791665222025 0.147434329369713 0.218567410168046 0.206154959037784 0.0271934494238612 0.163228253827542
0.23794772538826 0.210966279810097 0.0812847687158286 0.0512277050251896 0.221021346202026 0.0671076238279955 0.130444551030603
0.115674761233645 0.175816254853439 0.162343556044879 0.0991153781488307 0.195483970499362 0.0913800606642577 0.160186018555586
0.272238010690095 0.11631936298117 0.00520045481485742 0.275032342741915 0.030497813230291 0.160178000182338 0.140534015359333
0.121820518696786 0.0039038925550314 0.168426301104885 0.0746644274131187 0.143679648145227 0.241948140261842 0.245557071823111
0.157092070246978 0.173453035138104 0.125136056857042 0.201542070908167 0.189145470576771 0.106632554281129 0.0469987419918083
0.161435271326028 0.0264099694668453 0.46145552911673 0.243487923578415 0.0951702029417901 0.00319973104258987 0.0088413725276019
0.0937767001765979 0.311581999313555 0.196061089087951 0.0919364736642333 0.0035169611542528 0.0468658387677011 0.256260937835709
0.153344900954227 0.214699327488586 0.0717207998101773 0.215329822949733 0.155938489883821 0.159307508717809 0.0296591501956472
0.164385490217185 0.291197079167223 0.184863055353062 0.0193350039857028 0.0111396807495269 0.08008028040001 0.24899941012729
0.132522440539546 0.125921965234264 0.0883393176432049 0.0432464625345535 0.197376688117379 0.196488045614591 0.216105080316463
0.0738774103013854 0.0271097371508261 0.197659504117851 0.386615978668472 0.0702392571993175 0.0322822160816019 0.212215896480546
0.175108978333292 0.24333844030428 0.173950730259036 0.124381855710574 0.0683297804152243 0.0233430925478444 0.191547122429749
0.187534970223089 0.0299867574220501 0.184593818822258 0.0207274681706872 0.205226396997269 0.162539052546597 0.209391535818049
0.27020553425761 0.0560392864174716 0.313858833771427 0.0603426858005272 0.208230005237828 0.0620664952860568 0.029257159229079
0.279610819211397 0.0421297699982967 0.0641643786096897 0.184883603641101 0.170791750023677 0.113202244049728 0.145217434466111
0.166324041884817 0.214810452058394 0.263750293218825 0.152996515693137 0.00324434581009719 0.123829652934883 0.0750446983998466
0.247985992576236 0.140174073820512 0.0980697775177678 0.199243082978863 0.0310464936896723 0.250122753657656 0.0333578257592933
0.0467573321193814 0.00682861465657632 0.237413978698547 0.274283762002743 0.038526554716529 0.177444787559866 0.218744970246357
0.124765387528661 0.208852513272739 0.024211589517045 0.251432520062778 0.0723596120474014 0.155183902548967 0.163194475022409
0.143993920873927 0.207238847326487 0.113462776677084 0.210984958187031 0.122511912337945 0.11670629268344 0.0851012919140857
0.0129172952368332 0.129959690475836 0.00534335585992923 0.279494403953103 0.04027948784315 0.23972941612155 0.292276350509598
0.160612174784127 0.238385612488678 0.00394934162338916 0.199470649115527 0.101689727465108 0.10033995644317 0.195552538080001
0.0539467508240978 0.229354888901198 0.098005699405317 0.20121246214429 0.0243597569385452 0.247891625677326 0.145228816109226
0.197748434341741 0.0613841867796237 0.202452703550784 0.201698785957919 0.124808550427455 0.0475218136445773 0.164385525297901
0.0224247534433184 0.289659768067926 0.133080255046594 0.194142108369683 0.1359408516579 0.220129825380208 0.00462243803437165
0.0290072865118735 0.114389393392855 0.147227136698062 0.114773279664004 0.0977224053347194 0.257182459485928 0.239698038912558
0.288110920393414 0.0787351866201805 0.115664863958459 0.100530969210912 0.0598082943667764 0.0366724782929684 0.32047728715729
0.0548451399111501 0.376719686491654 0.0456373529870871 0.4141928137114 0.00124209470546473 0.0670450785388392 0.0403178336544053
0.0462411308894034 0.162667817647324 0.184636775867759 0.293873902965164 0.0636998313859506 0.017052839813209 0.23182770143119
0.289571022639763 0.0697541517107587 0.0418861914319779 0.182600933687748 0.0411765794733971 0.0884965025120579 0.286514618544298
0.0412587496477252 0.140594255928484 0.146052490222585 0.178612777841863 0.191337073176937 0.135086858083489 0.167057795098917
0.114918138242275 0.0522173901078116 0.0987271999991381 0.110757472078051 0.289168020123321 0.0923186186184527 0.241893160830951
0.228016602962093 0.214329351378603 0.125239103930278 0.0077820479028141 0.1621995488887 0.0408647922205474 0.221568552716965
0.196259027243261 0.00889504528490788 0.254191866950339 0.0952081468073077 0.219309028956413 0.169260748313267 0.0568761364445043
0.0250051056628983 0.194022275071639 0.179672426327131 0.254653953640882 0.135016542747195 0.09698179293217 0.114647903618084
0.164723946391348 0.0813350876889066 0.0473217871668166 0.173413560752665 0.1686098698203 0.172718644230564 0.1918771039494
0.052097471693957 0.274535051429456 0.0713159400113948 0.0504818391916781 0.169354695206513 0.273673432685076 0.108541569781925
0.145368989596889 0.203815175778097 0.115286942225405 0.0285569986870006 0.136277596488783 0.17530360116972 0.195390696054106
0.237163681404724 0.196289392807163 0.0832816428406693 0.169962131698573 0.0644138395892242 0.215845185271092 0.0330441263885543
0.161398123258486 0.163271042405373 0.15504938848827 0.138708426307309 0.11103085120423 0.199170013288667 0.071372155047665
0.246233342591546 0.147315747738589 0.0603825883109739 0.213411799195132 0.0376336213866274 0.132788833379749 0.162234067397382
0.224815138334097 0.186652122678246 0.194603431876177 0.0855792715663612 0.151171503711316 0.0454323922067818 0.111746139627021
0.137008851438452 0.203508597656418 0.106714639821575 0.256531107142369 0.0584770768270761 0.223709060201551 0.0140506669125581
0.195007606976136 0.0841870784355302 0.0942149667696301 0.175604871918309 0.16682150414043 0.141044292886998 0.143119678872967
0.102397254107403 0.21124106416041 0.110362797087135 0.122880966038845 0.109642506080094 0.127496776620921 0.215978635905193
0.115739970630036 0.215499901493246 0.188065818942595 0.0999220057758167 0.201268527564611 0.0660354827507067 0.113468292842988
0.0384382668026738 0.227346127135813 0.0570183053704974 0.225554018251251 0.127439204925267 0.102713513536562 0.221490563977936
0.122169096508431 0.304525075658721 0.103575768998753 0.162229127250328 0.0319720945609067 0.115054659628334 0.160474177394526
0.123985650327697 0.10732202918152 0.117271065981751 0.201236214840197 0.182571117627405 0.188152448979647 0.0794614730617841
0.0941892602300453 0.109821726190942 0.139460207756413 0.163180969727408 0.131867368739026 0.17107008994692 0.190410377409246
0.096099176981359 0.208306698337647 0.185757632178751 0.164150181602201 0.0161473149013747 0.157303316144885 0.172235679853782
0.0837721604766929 0.0916488750431942 0.0395397834149053 0.228443942562011 0.210039344060251 0.154010401459948 0.192545492982998
0.179783506964035 0.169364902509242 0.0592044858655528 0.159219383188208 0.223573711609302 0.173315877643123 0.0355381322205365
0.0497307979294896 0.0990966810459676 0.149054356353901 0.0525541844941582 0.108241027163551 0.210840184538831 0.330482768474102
0.383679312492602 0.118269068889091 0.224312238785797 0.201091486453881 0.0562440006570519 0.0134486591357304 0.00295523358584679
0.383335626752263 0.0661352795947774 0.140945036297582 0.149460385783848 0.105120071172789 0.0234751759396597 0.131528424459081
0.121007712568282 0.174112947952501 0.245377528391642 0.246503500185702 0.0516087162481683 0.00837795449157254 0.153011640162132
0.143101072588226 0.169976901485148 0.115374169651868 0.138933178589643 0.130744432751595 0.158920334494653 0.142949910438867
0.285371318524236 0.0522749592765738 0.0523436630229789 0.0118308248586637 0.267672464611372 0.281390546970633 0.0491162227355431
0.154769806756413 0.23878010956127 0.0510181969984375 0.205234908581126 0.0118761025494778 0.206712735025401 0.131608140527874
0.0909880148319635 0.0372376807125051 0.310993233550875 0.172629023992202 0.196141749180716 0.116649566498418 0.0753607312333206
0.189551749720911 0.0840026098202501 0.0849999901749941 0.281715881518103 0.107044906365088 0.0164758967310984 0.236208965669556
0.148011442124747 0.114280768356594 0.310639178117473 0.155621586160052 0.020213114417564 0.141670060371367 0.109563850452203
0.207400019444386 0.191910874441728 0.118463356410183 0.0311911318487793 0.0370491766126396 0.192709953982922 0.221275487259362
0.143266252482342 0.129283423164952 0.1187807636985 0.198060991856844 0.0968355975931323 0.122772565870969 0.19100040533326
0.238236729133728 0.0496297641752618 0.196197732051193 0.212994566449561 0.0675382400741788 0.00159862587978165 0.233804342236295
0.170410331869725 0.16130986568665 0.131074703667315 0.292539183624209 0.0145610600753477 0.025806989706464 0.20429786537029
0.0445873679356897 0.0421076645519575 0.239622306808532 0.20431400062466 0.232655026639697 0.223105902462563 0.0136077309769016
0.134536904001607 0.0848607430086648 0.0906750108861667 0.159742267074745 0.292498066877136 0.163486834038296 0.074200174113384
0.0629454296860416 0.266107905964148 0.194508149596542 0.101347808794183 0.119578970583901 0.138686159870552 0.116825575504633
0.0480438203071376 0.0318800499613489 0.243420588598014 0.088459290755087 0.195608884804213 0.150523687724337 0.242063677849863
0.0795360172088803 0.280975920148008 0.20362617721986 0.279778061053222 0.0896052717743906 0.0130277747206638 0.053450777874974
0.335747961761937 0.139945886699182 0.0569472558332785 0.0282393955528627 0.0298758882876976 0.292588193797439 0.116655418067603
0.113187449509908 0.206739013249424 0.0691342484159629 0.237808914531457 0.0671668684572743 0.0462479193112267 0.259715586524747
0.196860742110362 0.137140604727641 0.235149291609184 0.135073945404862 0.0400340869517279 0.235089947866238 0.0206513813299848
0.160767087556728 0.219357221685715 0.202696942818369 0.0937434209973967 0.0713076676497847 0.132968769008847 0.119158890283159
0.00478145401015451 0.337920339659277 0.184039667136948 0.0543261680709378 0.173886392543464 0.159785297949184 0.0852606806300341
0.104898021937183 0.157560713395442 0.178594841026512 0.231422685205112 0.173035911495644 0.107592139712414 0.0468956872276934
0.125213692931061 0.139365278337358 0.174293349245352 0.100841758343396 0.19563116873608 0.0427510664483803 0.221903685958372
0.0840604869009967 0.0962226113634055 0.268250225907289 0.111842424080124 0.158030297453296 0.025616276542239 0.25597767775265
0.0659286788796675 0.171863390899737 0.118558737795437 0.0261707153891726 0.222650894146834 0.19336765722274 0.201459925666413
0.02521826568959 0.112373045001151 0.224096304648473 0.00499363334249206 0.196733962645618 0.229541531755483 0.207043256917193
0.133191969639039 0.161266842091804 0.0594446460107498 0.186883983901758 0.153599755094885 0.104164524646795 0.201448278614969
0.189196861928098 0.211803906889748 0.0559995079357667 0.126076544348749 0.140650138698909 0.194208779061949 0.0820642611367803
0.236295238617087 0.070436202702241 0.191786963399682 0.235876433657761 0.0782287598897627 0.125930105535145 0.0614462961983214
0.0931422913934466 0.19853733036573 0.127579386105349 0.0914254292766089 0.20328172002739 0.202359275014439 0.083674567817036
0.126501841178216 0.0271181584181351 0.140754032479927 0.084454234788682 0.222709499228576 0.224732255071452 0.173729978835012
0.0158821777985392 0.0795965619338007 0.227614130496004 0.0153050263621015 0.250929923990518 0.302725917329993 0.107946262089043
0.0316426429450013 0.315635210967925 0.012835377141076 0.105469750563352 0.0834228545640188 0.142921936863003 0.308072226955623
0.317586285213751 0.205208614074317 0.00976836864411807 0.152264165031236 0.112330399141516 0.00416298610938864 0.198679181785673
0.181259136130352 0.244452540374405 0.265291191333427 0.221838615975398 0.0385973655331183 0.0381673326582503 0.0103938179950507
0.224625686764873 0.222463853653267 0.233009606267995 0.162830266731622 0.0298617773768393 0.0153138690577098 0.111894940147694
0.254864749720746 0.114790552000081 0.155882699322128 0.080262552037463 0.119334272456605 0.227308807437252 0.0475563670257244
0.201782951555194 0.262344396625065 0.104636809001887 0.11081936443202 0.043943953372002 0.0737105958563333 0.2027619291575
0.268986136958208 0.126156375038843 0.208749769319561 0.0386927567588367 0.141327675101964 0.114606579892003 0.101480706930583
0.126915557096337 0.279947049215304 0.14665073128942 0.0542178856353506 0.234730361315294 0.0257208654317762 0.131817550016518
0.264496545737714 0.21250636457494 0.0388529618727969 0.131257949592272 0.079638910032505 0.0182128653720686 0.255034402817703
0.219029446601058 0.154990185593024 0.248065830211559 0.0635511236400238 0.139833105633754 0.00574218846718027 0.168788119853401
0.132474012143813 0.00279105162697162 0.136262407320096 0.136256633855201 0.175576750983711 0.249755825390615 0.166883318679592
0.138440084098897 0.17133462691489 0.276176589241999 0.123793335122247 0.138032738986999 0.126018379769492 0.0262042458654762
0.145927323080217 0.272511193737105 0.0281626002259602 0.262255756543917 0.130565888273768 0.0386684488568242 0.121908789282209
0.190892932779569 0.0331364793863867 0.098765141850186 0.143495459877775 0.154605394535229 0.200485761526351 0.178618830044503
0.228438123665261 0.186266859377057 0.0634210250888852 0.149447361335047 0.08271311451045 0.19859159977622 0.091121916247079
0.20152199266048 0.0138229293215216 0.2028701406282 0.0974633774026003 0.113393527523861 0.162881833890796 0.208046198572541
0.0566814087498509 0.0543059036608008 0.207787462884554 0.0432013615636916 0.228288469096223 0.200824588323563 0.208910805721317
0.0704702085678956 0.1670500178157 0.157149199808096 0.0658422150844653 0.175995202241745 0.19349885188304 0.169994304599058
0.102795533155041 0.0350755986763339 0.0257693147168094 0.188322625780156 0.339594697468149 0.0258655951158069 0.282576635087703
0.16467249990659 0.0151300652473973 0.138005849932402 0.174347297813726 0.108493055540966 0.263947887479678 0.135403344079241
0.000220739244536073 0.150828228155045 0.12682499651365 0.123767974296865 0.179687629637399 0.209548063050556 0.209122369101948
0.16163268493863 0.168637241153468 0.127546088095047 0.125822770555527 0.164956678977486 0.120634829194938 0.130769707084904
0.250795866059253 0.128560300427327 0.0144769460639075 0.189391747551611 0.0639527672494251 0.110278429265132 0.242543943383344
0.243470745554484 0.0491323693691245 0.100138936962801 0.276004652138832 0.0577375812828236 0.0694794100802753 0.20403630461166
0.232704151383051 0.0651245469702468 0.17983306377952 0.190094046259653 0.0205490239499671 0.146278885695247 0.165416281962316
0.107281240181478 0.0972351497711318 0.16781371833538 0.197987783346517 0.221247100903735 0.117857241669782 0.0905777657919758
0.0476851901079291 0.141180286524781 0.0305964274485354 0.213908002054743 0.139261269035361 0.20477635256065 0.222592472268001
0.0645719223010518 0.200928479744281 0.30820324801944 0.0573763885081388 0.043778899811219 0.316991380023667 0.00814968159220301
0.130369789716087 0.0551750896471341 0.157918880620625 0.223612845596594 0.0671002617125612 0.0618796546340954 0.303943478072903
0.0786368103236502 0.041072231491096 0.159117428207843 0.267761013298072 0.183330760040153 0.0575196571709011 0.212562099468285
0.247063504120682 0.208827590030188 0.0744940033121402 0.229523119864785 0.0585450676662598 0.0995388268708605 0.0820078881350842
0.0927744197315747 0.159849587461817 0.148544934038586 0.166690266293099 0.146577223535791 0.142932073287132 0.142631495652
0.102317825504846 0.160705097753403 0.225375766535584 0.121470620138873 0.228892252272285 0.124304382717085 0.0369340550779254
0.200814413153445 0.00109117761339455 0.162997773394222 0.0644161483341664 0.178465966235824 0.191774063757609 0.200440457511339
0.204823190019422 0.058411748532535 0.0249384032809019 0.171805895785937 0.238287378214157 0.130800659122698 0.170932725044349
0.172248782254008 0.162394594518505 0.0643244691541885 0.0102043171741529 0.286737006466699 0.178257972591873 0.125832857840573
0.009854041469253 0.0597820406454731 0.156014376035542 0.203387095571613 0.0755596188128581 0.24767062072843 0.24773220673683
0.140885670334786 0.00150339550160651 0.0535816338351983 0.232709069057245 0.282186917100643 0.255207601945511 0.0339257122250108
0.119775879698459 0.0774996391431873 0.178787796050429 0.183558263831482 0.170665469246897 0.0407989764684789 0.228913975561067
0.209467180195122 0.240863298958423 0.175024672558277 0.0861662491173218 0.170405794023482 0.0211018153257424 0.0969709898216323
0.272732362201946 0.149748648944846 0.0305309441409153 0.26006585130304 0.125155115756307 0.062218806830103 0.0995482708228438
0.162008698403451 0.0920650677833956 0.0652940924009588 0.314889266333472 0.0816177114352798 0.0846473344924439 0.199477829150998
0.107690166617024 0.0666727469645121 0.299213759234662 0.0585875679890528 0.0549761579909485 0.250313225393103 0.162546375810697
0.222917790788705 0.0360801991183109 0.0583557550597128 0.230670720323049 0.0170264249550083 0.279403985160882 0.155545124594332
0.286880502035759 0.185944824476263 0.150888471124998 0.057647801881632 0.0478144090964966 0.0506710403606474 0.220152951024204
0.0196156377307109 0.0261820604974032 0.161271380049521 0.224878881382412 0.172757525189099 0.235146308595147 0.160148206555707
0.198957565401096 0.208815928804254 0.122446950546997 0.101009126321855 0.0720788379518741 0.197164677957799 0.0995269130161252
0.0785267380990444 0.178859901544969 0.312703986564166 0.0238520003306075 0.173699683151269 0.211339217590123 0.0210184727198207
0.208450051052397 0.00459681226058423 0.359005400490915 0.0280640840396736 0.177907352020798 0.00549267312126712 0.216483627014366
0.102426880097921 0.258008716874493 0.181803195486586 0.0756707337052339 0.265014004267817 0.0388298201465796 0.0782466494213691
0.223172504080264 0.0332369715125952 0.0511156330899758 0.0921509040521515 0.182311047798025 0.210946085048838 0.207066854418151
0.241890986967474 0.235993413821791 0.100776606793265 0.228654927100291 0.023548588205966 0.0622443369288536 0.10689114018236
0.162909042186948 0.105354188166755 0.0846123553865934 0.294996045273803 0.0220593602636187 0.176964886996875 0.153104121725407
0.238673883088692 0.0267416021061924 0.0433165343219096 0.199791584608054 0.0914875603386277 0.17416285430497 0.225825981231554
0.11478839662354 0.158220328174241 0.125812244670081 0.116170163790768 0.161949866419975 0.158078064273263 0.164980936048131
0.0337374748933994 0.199787242847533 0.114419502216811 0.244010533547783 0.243939381709369 0.0988229589303747 0.0652829058547294
0.251229646784152 0.0747352399080964 0.218610310065975 0.102901214615319 0.223486672810483 0.116067418081488 0.0129694977344863
0.183042138131011 0.0310761717664827 0.153218370327983 0.0691161457188938 0.211498644267268 0.0877432087673579 0.264305321021004
0.14914575292128 0.241173285265127 0.111033731249545 0.0385381762165145 0.146242577285157 0.262328580456451 0.0515378966059256
0.201169386605608 0.039511888737248 0.215813981541416 0.161055174475883 0.0792013826171473 0.182947208905801 0.120300977116896
0.113183882967115 0.149571181638651 0.139880397171351 0.181055010436396 0.0969332471503541 0.123547383904691 0.195828896731442
0.0351005236248386 0.199076397261149 0.0611938798545856 0.102719696879401 0.306688705000415 0.245043772091748 0.0501770252878636
0.167608455244931 0.117976342919436 0.16668402796284 0.102696258379397 0.00632433356420674 0.195775209016544 0.242935372912645
0.0701963926644844 0.149270390191392 0.148783727335096 0.0297273573917137 0.298134864876059 0.275164997968692 0.0287222695725632
0.00775119515825913 0.20671545970672 0.242129667814114 0.176545259472518 0.063734853479318 0.0930700368910183 0.210053527478052
0.242621996989747 0.0510618036178806 0.183423786244344 0.1478609964713 0.0979261978905382 0.057702269389109 0.219402949397082
0.152702858472188 0.164508602239101 0.0739699774959704 0.103200214013266 0.231319236939031 0.226441803698284 0.0478573071421595
0.106734350184116 0.307757683431031 0.00983350916541409 0.0405258187293709 0.193684244474086 0.0808218707318907 0.260642523284092
0.333911993949667 0.341065207134494 0.032985040540571 0.00743318056599595 0.223596907305078 0.0223332935331446 0.0386743769710501
0.110244644707783 0.144766462050377 0.159090855346154 0.129922120020884 0.237885267599962 0.0658184905993534 0.152272159675487
0.189247990194681 0.18431148013161 0.0663769451257775 0.103333716803491 0.150408580219647 0.165029234855674 0.14129205266912
0.073606212469439 0.187172368748638 0.154781808511604 0.166470030585154 0.142547991500965 0.0845330397538723 0.190888548430327
0.234294709210906 0.0229347399413152 0.197422164464022 0.165920997875837 0.0500535583687821 0.214606066904274 0.114767763234863
0.0706693235396229 0.312185234790897 0.196367971381127 0.0827780826707875 0.142934125906679 0.167367340111431 0.0276979215994556
0.0228082373179431 0.332658767594769 0.0495140124260193 0.0581124483005051 0.275703778019103 0.0356064075216391 0.225596348820021
0.0851211965716275 0.203461138760833 0.21093790946118 0.163695111477819 0.142844967942915 0.160525996282926 0.0334136795026989
0.0773311974468652 0.118681824164431 0.164293888656937 0.200052970217581 0.132565781881424 0.237735223356595 0.0693391142761663
0.124728487895385 0.0841266942716565 0.192673339304379 0.226659497053733 0.128266015275232 0.00740587121293684 0.236140094986678
0.22603312604496 0.112816580554833 0.216569561427199 0.0304982598123386 0.0927143485171971 0.0344087582720575 0.286959365371415
0.0666616037300452 0.231563665533374 0.231098582524849 0.0042581151799178 0.187664992861477 0.211964813361158 0.0667882268091796
0.197351412842096 0.0562213362513428 0.204814409700846 0.125477829232797 0.172913191319428 0.197610635266203 0.0456111853872869
0.0833668612474558 0.192699049411881 0.215736828144245 0.0358991965071879 0.154587461681587 0.0684305851783004 0.249280017829343
0.177589828807002 0.12979032584798 0.00104378363979316 0.308615718778029 0.010844229092371 0.077530169654241 0.294585944180584
0.233118934544804 0.188662872933912 0.0855202114773218 0.0742873995477466 0.00633309535065417 0.218681074700173 0.193396411445389
0.192810222460815 0.0177217580865247 0.107296652123752 0.144826283074436 0.196403727347982 0.208409654271193 0.132531702635296
0.0874817844082943 0.209743899594529 0.295768082998826 0.0998479232957633 0.0482956371299077 0.143211361455878 0.115651311116802
0.111628098075378 0.132665176857278 0.209996167001141 0.0805315141848072 0.221838153355706 0.0683107049581201 0.175030185567569
0.132320047987118 0.185453480879671 0.185592170992418 0.158123941412682 0.0475111260374942 0.205638738423512 0.0853604942671049
0.228264584174343 0.103519361775019 0.16446762500175 0.135506964752461 0.0418194678329026 0.1694081117344 0.157013884729123
0.0950978623335373 0.243154486784452 0.0777770229478125 0.0472519725410913 0.284907037445979 0.0955317162238868 0.156279901723242
0.199176459073169 0.128165161287085 0.0443549484841527 0.116378941528113 0.168466752683523 0.150629407896331 0.192828329047627
0.150148750921961 0.294756914659359 0.177376246422043 0.0518551533502074 0.0245966746156376 0.118082113535421 0.183184146495371
0.0534150686256016 0.140455507584549 0.232643912034337 0.0696205173375819 0.222451500678424 0.165135543448772 0.116277950290734
0.218541327208748 0.0670771617636837 0.205115001052759 0.195077713177515 0.111082925256564 0.114942774961156 0.0881630965795746
0.224051895552807 0.0558565252864359 0.134411329100512 0.174581849632668 0.184787857438261 0.158052173062183 0.0682583699271338
0.195409074210235 0.0933717367026234 0.20754982363638 0.0988030507336204 0.0107183147384399 0.324297052394842 0.0698509475838587
0.177446541024564 0.107394757549581 0.325522235132644 0.257687903533783 0.0308642338223979 0.0595600938545645 0.0415242350824661
0.232668647914817 0.00805359532072879 0.0816703561655339 0.122666522967532 0.21889319148188 0.0841414989381294 0.251906187211378
0.108560098084482 0.154619421760831 0.022971310863572 0.188143086211576 0.156064708718888 0.189326795888297 0.180314578472355
0.192155640003466 0.155058804391403 0.13702614621284 0.159210605953727 0.0819027271299346 0.111139322459544 0.163506753849086
0.0475861753089311 0.179620975250376 0.234304225818838 0.248433947157922 0.128580436297117 0.158986856389085 0.00248738377773072
0.0516707689686984 0.151940987604942 0.109968546618807 0.061614174219191 0.1803917877094 0.188147896541201 0.256265838337761
0.18665339021641 0.213043812781037 0.211618815957563 0.0154722722222553 0.0451166820614888 0.186905254775276 0.14118977198597
0.0268987892979788 0.275565899013569 0.103268167888436 0.00773803838775777 0.318437233322409 0.174187736931483 0.0939041351583664
0.0491491159846085 0.241765137003718 0.280130287956458 0.236255592711515 0.107504438244036 0.0773684175994176 0.00782701050024732
0.148098240865595 0.184110298863945 0.145842143940989 0.183501725091721 0.18405816428523 0.072076323989963 0.0823131029625564
0.198198045882878 0.0172429355802449 0.104969062773426 0.189333656293767 0.0157853802492902 0.346557577036567 0.127913342183827
0.123127905657328 0.0534500992685437 0.166781578573404 0.133907598884839 0.161463744383015 0.190460989571277 0.170808083661594
0.0646218865063112 0.0731401631751083 0.0961279678544621 0.175191827248824 0.101867899415903 0.351011768846958 0.138038486952434
0.256550307299283 0.234411865652421 0.180276159398295 0.060738969956019 0.0485202388105312 0.100119870504222 0.119382588379229
0.124280428999038 0.175311281672989 0.23491584302144 0.20290503486126 0.125836762330851 0.092247311871819 0.0445033372426043
0.0234972728865885 0.232021320274819 0.145978626717524 0.188026382655898 0.151703364111557 0.0996468314361599 0.159126201917454
0.205076327720791 0.135941702283228 0.000119866301144753 0.227753112388443 0.2053704697295 0.00926688588554458 0.216471635691348
0.133713624601253 0.188787248443678 0.0207711530632094 0.232529432443689 0.132675853826521 0.177792377103328 0.113730310518321
0.243966720866415 0.131816956085441 0.13194087245135 0.0672077089949109 0.259373060229495 0.151244678946063 0.0144500024263249
0.137607892218115 0.211942699274133 0.0929048709581759 0.106104419883662 0.0864237991260827 0.192992145217362 0.172024173322469
0.0156967334407767 0.153899725449493 0.270294446562897 0.0938085474818223 0.190778217203429 0.0153303589227495 0.260191970938833
0.079544585148744 0.155849849271156 0.260020891902484 0.255060658990052 0.0355899658855491 0.180593962047339 0.0333400867546767
0.137016135964318 0.114780793736186 0.0784255421460041 0.189546220909634 0.137780999183478 0.12907317299067 0.21337713506971
0.0448988406249796 0.0922763427261988 0.222048672664131 0.211119261901314 0.146529298407128 0.244282273338231 0.0388453103380178
0.118420447733733 0.0712359678822569 0.14835296391876 0.124034600940925 0.187099394805055 0.193155733957655 0.157700890761615
0.20329131818043 0.129439516351282 0.101414931374338 0.0602816860201732 0.209466504572323 0.209732021025529 0.0863740224759258
0.0302718064094502 0.0438321688915979 0.165292657559168 0.136274608361165 0.135075417127738 0.255377709344006 0.233875632306874
0.198637966731172 0.197798846211228 0.0245084966310071 0.145351143571493 0.166072063160052 0.072557786913686 0.195073696781362
0.239522736775891 0.163466773846689 0.215529907255845 0.103821660458102 0.101823561856782 0.143599695548914 0.0322356642577762
0.204424560036394 0.266264641878398 0.146586297691498 0.0101341684390359 0.137725404464443 0.149682595310808 0.0851823321794239
0.237279511254012 0.0567278010912109 0.0922904565536194 0.121052207040506 0.161575190271215 0.110854708263506 0.22022012552593
0.143186533459307 0.170644119186774 0.180172486102871 0.119349295363311 0.168730000697824 0.0746106676462829 0.143306897543629
0.126177196434456 0.000998493435271732 0.113079363808458 0.214899913699691 0.106144526337222 0.196238437597991 0.242462068686911
0.177604731553492 0.208053151948308 0.12006611304063 0.109649289752142 0.260311333985483 0.0216845427773644 0.10263083694258
0.0938210298670405 0.0901264405718395 0.0320980388961443 0.164395332700891 0.21967591695065 0.231784896358792 0.168098344654643
0.179050599280821 0.265717074316174 0.0163349458636588 0.00958823975413548 0.0798221775621925 0.245802390821859 0.203684572401159
0.246522117913037 0.254321300146656 0.176756782966278 0.00138846278525135 0.138578861689141 0.108532925823321 0.0738995486763148
0.0940238019585713 0.284129018793936 0.22396250099151 0.121908921233233 0.0139807621750316 0.0135373914323412 0.248457603415378
0.0856794915287296 0.22679685487798 0.145518078207993 0.269991571564232 0.00680386299686966 0.0678160434676098 0.197394097356586
0.257464289221832 0.188247829672975 0.0240740185956767 0.0381598302867613 0.217725752248563 0.189184096647371 0.0851441833268213
0.0464709466170416 0.0650058484638689 0.271891721479272 0.188458033573268 0.0816851089053902 0.0677650998340266 0.278723241127133
0.184358738183868 0.112260884862007 0.154518758081213 0.088083006104002 0.135913173496805 0.174293969638578 0.150571469633527
0.385004035440695 0.11749674836085 0.282070266123396 0.0270171705393609 0.0106769678087714 0.0796665257109071 0.0980682860160198
0.212162068545827 0.139284228849943 0.145621116255471 0.191608996634747 0.108695241366964 0.12141555256774 0.0812127957793089
0.203167068914846 0.072876217417223 0.034886563162599 0.203507282903202 0.175244533824298 0.187222596378704 0.123095737399128
0.0476369133912087 0.294693767572949 0.111165699373017 0.334143455981167 0.122287471271869 0.0740122888738214 0.0160604035359675
0.0141702734375317 0.193193028891136 0.153336512337618 0.258715213028189 0.0411602425043261 0.116118529084199 0.223306200716999
0.259469716091363 0.147787004470052 0.174445783251782 0.0884559828743195 0.0560299666282985 0.153566311986159 0.120245234698026
0.0381426496832924 0.152235493135341 0.103229758819952 0.218205010491611 0.107735213608365 0.139275282538792 0.241176591722648
0.0552603257338478 0.185940306644367 0.213738087943718 0.0523952954773333 0.289955909145544 0.163229142378986 0.0394809326762043
0.227758658262469 0.226003145940402 0.121184646839626 0.041132916614386 0.0224959388152716 0.101742241827417 0.259682451700429
0.172937647363367 0.0287627619442093 0.308095528912274 0.128541094206816 0.00738619783647552 0.106477947554533 0.247798822182325
0.0533168717037296 0.0796973309667181 0.0756621642237258 0.12944885635124 0.242472498500394 0.246589513068369 0.172812765185823
0.118433698999873 0.211090830631541 0.170968927054718 0.244643190844826 0.0845431299173138 0.0200678139955258 0.150252408556201
0.0643757127433721 0.189099928395532 0.0242712685733979 0.164420619597764 0.224626896559145 0.227261800698458 0.105943773432331
0.12651925362529 0.207363840504665 0.129327958578096 0.164885862446933 0.213938711700386 0.1225432125996 0.0354211605450302
0.153694749014905 0.192845044779459 0.109804313274227 0.129694179482545 0.258355664895948 0.0944814439293234 0.0611246046235929
0.191615715761725 0.187492249568833 0.21049052864205 0.0562232491714822 0.0448407041092005 0.25606971603117 0.0532678367155397
0.225417766486538 0.167684696211385 0.140837052161313 0.11127086649099 0.0442578044375608 0.141876408126867 0.168655406085347
0.23694768579574 0.188287625724113 0.0145521609693485 0.144771463922848 0.179338864897987 0.162746201681505 0.0733559970084593
0.0968564415909594 0.248037039498336 0.12404492430631 0.152705032227026 0.150805580037957 0.0179195064933898 0.209631475846023
0.135619572077165 0.223915408200659 0.113826676280247 0.157400924440791 0.143280766758235 0.126356697590228 0.099599954652675
0.241963455494905 0.218798992193721 0.236348620761998 0.0505319250065637 0.0375887828464653 0.206533037327769 0.00823518636857694
0.196369909489756 0.163985004589024 0.0545017393361427 0.206514985949696 0.193118149923935 0.182381656908408 0.00312855380303808
0.170790835366944 0.224087851688348 0.0784960117998746 0.028306210873091 0.0665564307038233 0.188468073589974 0.243294585977945
0.0394142095544801 0.194701934603309 0.0869222761417629 0.11647539134051 0.168908454583438 0.0614574368657948 0.332120296910706
0.165350992706428 0.192162559360326 0.0225902127209139 0.147431794195155 0.0652988330006584 0.27517081162693 0.131994796389588
0.124142302423574 0.00984192082336736 0.141632764037872 0.216434040615621 0.151498614373722 0.182000015500117 0.174450342225727
0.0280352598277625 0.217507174946599 0.198675434738252 0.194811296985473 0.158436299026242 0.0278280380617556 0.174706496413915
0.0666590538284656 0.208389412225754 0.139137480700562 0.258749621395756 0.0288640205165719 0.104111420788137 0.194088990544754
0.147060673918766 0.126150229907872 0.154551698210736 0.02110941244898 0.201464831232721 0.206785221670078 0.142877932610847
0.0665725400924397 0.187609385674963 0.196408578186508 0.10069853852792 0.0713261836659532 0.206866295299819 0.170518478552397
0.308620449200215 0.0200053496072701 0.0423428631239645 0.200315911466675 0.098273534660657 0.0882817515192564 0.242160140421963
0.0175782178615908 0.189886328686662 0.31714901999724 0.0854006064816297 0.0170595460025097 0.0544097441015014 0.318516536868866
0.0149390454573015 0.249706082554118 0.257958119208956 0.0704255918105518 0.116525546288524 0.0851177576648211 0.205327857015728
0.138626125563359 0.19039972853917 0.127057796053009 0.173080238016244 0.0811091231270342 0.180355062842927 0.109371925858257
0.279087988082274 0.0210340741408284 0.0592186556543478 0.0806441342837212 0.275748359538759 0.104422453154497 0.179844335145572
0.0879156647636959 0.169214347455259 0.0591446531104003 0.0681935569663046 0.226924636628019 0.257803120076007 0.130804021000313
0.0211998073147259 0.294166195015873 0.223387244313218 0.0349952768365721 0.034466390761584 0.19817415049407 0.193610935263957
0.0486690474852777 0.262430232997284 0.152150625534717 0.200106354622164 0.0628152487631965 0.0311849211344771 0.242643569462884
0.123914848092719 0.200742732597909 0.0311037074331848 0.253030052797507 0.217193602494602 0.106557974548508 0.0674570820355709
0.0776777418395254 0.212273894539668 0.0201685917265539 0.119098393341212 0.287095713668766 0.206698113477042 0.0769875514072326
0.191294247042385 0.0496869270307964 0.141733044812385 0.181869923363456 0.214036697295934 0.0648484195490502 0.156530740905994
0.232658157876919 0.120644021217446 0.104732480861629 0.0329696311155668 0.346328850247161 0.0940302479702776 0.068636610711001
0.222829878494855 0.250209602311719 0.0787728462438621 0.0730669390649254 0.0555950993505387 0.0679781051931848 0.251547529340915
0.0914144805423699 0.24477890733358 0.0168777364857581 0.164947779475616 0.251098797446608 0.131449019071606 0.0994332796444623
0.0826557089792255 0.145592668861958 0.0923103389738799 0.234074633766174 0.0291751382266812 0.183441276572137 0.232750234619944
0.144973606920129 0.149725003453923 0.134436936704217 0.182228595117693 0.214108733937886 0.0633080702470675 0.111219053619085
0.109333324527132 0.105101701106494 0.134824414121955 0.261265216593652 0.234825631017726 0.10685640056881 0.0477933120642316
0.124689311131201 0.133679812086744 0.206537388386946 0.0909435878292005 0.137368624309117 0.0862502376396486 0.220531038617142
0.176046649430031 0.0627078933029395 0.161724493436642 0.0137031076825736 0.14007055388502 0.220607162907068 0.225140139355725
0.199964606772058 0.165576027789837 0.166417085560704 0.116396346228768 0.0548906260711824 0.140358488220736 0.156396819356715
0.0475974044860583 0.195907354021132 0.1968929787923 0.0579395072728277 0.127754868481494 0.159538299183569 0.214369587762619
0.249614861044254 0.19456273436658 0.187148440392541 0.0926697308406085 0.0200291762703378 0.0439519062577051 0.212023150827974
0.0128194781830672 0.0182118457501699 0.0971840959534752 0.168699075734952 0.266486426289284 0.178827883024682 0.25777119506437
0.0680455056545541 0.241711208095526 0.230515757895788 0.0394423068299395 0.0642659056751091 0.292858503439702 0.0631608124093811
0.0996038427093097 0.0419086735023697 0.203063860439499 0.00161822821151072 0.349944466049095 0.214814641076377 0.0890462880118396
0.317644779766646 0.101711715226404 0.215979731681648 0.162462004717476 0.134589793082785 0.0277934740588236 0.0398185014662176
0.0237964857255026 0.0613744019265126 0.226636717258547 0.123043544760701 0.236387958320114 0.146108331628565 0.182652560380057
0.179199726399904 0.194379679717658 0.095733158802904 0.036618999580999 0.0444508400882794 0.247644893504233 0.201972701906023
0.168337306485046 0.213114059835265 0.237149832252183 0.0891686610390117 0.0576713529733355 0.226860898912558 0.00769788850260141
0.158502797991516 0.15707646116397 0.103695170196881 0.165515396138276 0.176127547994394 0.146637585856823 0.0924450406581401
0.0159841393908456 0.124585028219109 0.175673061799379 0.0351266264770978 0.249190937747107 0.230913296123237 0.168526910243224
0.178883688869204 0.044783314981464 0.115305306533667 0.0573769267153608 0.313949499412777 0.0865896530732492 0.203111610414278
0.12532539803948 0.227907232217054 0.183428220278702 0.0632587124248947 0.146452612477786 0.0703977031652692 0.183230121396815
0.168504260968897 0.179748390090362 0.200270335854118 0.0387921469084989 0.0736369444505245 0.14183729870357 0.19721062302403
0.292844893806718 0.152970665563707 0.0552150758906409 0.069388076558988 0.308584267542289 0.0798065968229789 0.0411904238146782
0.214976225035366 0.177778423421027 0.199230816900106 0.0891948448094883 0.164735093497779 0.0665225738481714 0.0875620224880625
0.21779939422203 0.118436327281775 0.0296176605405062 0.102039208852828 0.0702492251497953 0.318460557026359 0.143397626926706
0.0220000395106827 0.210605749446105 0.250481614174712 0.127378305767027 0.133284869722352 0.138697219136575 0.117552202242546
0.201834375323503 0.227921316408304 0.133814926087187 0.104327002548148 0.0283667892115484 0.281286795338172 0.0224487950831384
0.0496298063409533 0.224301589324843 0.252093544401203 0.0491187988082636 0.310083926489875 0.0576993385353447 0.0570729960995171
0.147735295523032 0.169625449900011 0.225416799055426 0.156928199352742 0.21000148519146 0.0216076109015086 0.0686851600758201
0.0137883224809671 0.380889132208376 0.255162047497398 0.131016294007456 0.109627258544964 0.022761032257693 0.0867559130031456
0.151444763162745 0.161178006254296 0.193434952460951 0.0469403846592672 0.0729160253150891 0.195290309357806 0.178795558789845
0.1392963049862 0.168943799446031 0.0549981591391123 0.109631680432864 0.262136445776981 0.0593346475436407 0.205658962675171
0.0993950660917082 0.0395680105135436 0.096699826230768 0.273409895964613 0.305806034910708 0.182263214654 0.00285795163465945
0.0969409802861748 0.0143225717228997 0.146147085917892 0.228167659894956 0.205523832849863 0.0331808896573553 0.27571697967086
0.194970041675779 0.108935265184513 0.156977707100934 0.0875497908157954 0.153338888374206 0.109119520481663 0.189108786367109
0.0921118447924191 0.200500132592464 0.124871384826021 0.137352192522184 0.179536653432434 0.108248011876564 0.157379779957914
