0.098186356578394 0.178664443886085 0.0455249873884349 0.0895719025841745 0.1021478984463 0.0167127396801241 0.113959093600038 0.00768777144442942 0.133964315031804 0.213580491360216
0.0911967154418591 0.0360732811647252 0.140860156684157 0.109333396773813 0.052613249745814 0.160838665864719 0.111686829275792 0.0239807127362225 0.146629202991715 0.126787789321183
0.246771563536791 0.0556213282202441 0.184251473811096 0.126558460549241 0.0457098678836458 0.126131699708933 0.0521011449896425 0.0152047429382942 0.0906470249355346 0.057002693426578
0.173644023536625 0.160310266289345 0.000560542261383813 0.141676112150542 0.0306985614705884 0.113998188392695 0.0224834307705855 0.130739871608946 0.0940413101397412 0.131847693379548
0.0819606814687765 0.0917216670219989 0.178029773006331 0.0630546149504472 0.10253744354168 0.0195794723305058 0.129416749429595 0.079774497275338 0.0305573161647964 0.223367784810532
0.0757458787222669 0.221808506464402 0.0908684394285992 0.0774826979111667 0.011137279880309 0.151999811440032 0.220100828777599 0.0187905344699545 0.0694251024349778 0.0626409204706929
0.0241266978502806 0.192985126666206 0.161659753100243 0.125344817488399 0.0711174910532818 0.0470295777577207 0.1391624704817 0.0918577176055124 0.0629831285625055 0.0837332194341502
0.136243238891371 0.142597805557809 0.0507886713837893 0.137545579129411 0.06391855209262 0.124207701651395 0.0526631377474657 0.0289949272850651 0.101978643628288 0.161061742632786
0.0340591716096771 0.149916760398089 0.153705850960815 0.0778529522776888 0.0915491069199221 0.156907240622057 0.10944438815504 0.0975698327967372 0.0693649405718139 0.0596297556881593
0.127750215649359 0.099403760385432 0.147708347755157 0.153737258068449 0.103218540540122 0.0659756256658218 0.015515638977611 0.184487136122165 0.0422891503195194 0.0599143265163633
0.0842651546497671 0.117859682933624 0.0919424015592319 0.11470078523301 0.0959543265073356 0.0625882705833642 0.00270963749866199 0.101890691063794 0.169354611233001 0.158734438738211
0.156912426366343 0.0819546216754775 0.0826397893094742 0.189453709200679 0.144172880956525 0.0747069845477669 0.00157244498167022 0.0165257357185728 0.17986030836599 0.0722010988775007
0.0757531472403249 0.1240019171688 0.165154050576908 0.10080315173903 0.0873727615036445 0.0633924050000691 0.101450562587494 0.14841068343953 0.0667336925696817 0.0669276281745175
0.0691077235431587 0.0120242469375929 0.218497446460679 0.252035987879404 0.168164516149458 0.0615058343562462 0.0263120948192664 0.128160901565206 0.0305449261032668 0.0336463221857223
0.00072020592171723 0.238043948543876 0.0690004430713044 0.0394003616819232 0.0642325575889839 0.075892949425307 0.255424906002239 0.00399856611407553 0.204793961284699 0.0484921003658744
0.152351059344424 0.056500058726466 0.00129914062283071 0.0581222263336706 0.164766978291883 0.179292950109974 0.205623553891098 0.103538088440957 0.0483244558756413 0.0301814883630552
0.0490765510178486 0.154538402252012 0.188593293002152 0.0716122235177462 0.149566185678544 0.0460699064479669 0.0192828892282573 0.0643703398621232 0.0290692938863764 0.227820915106974
0.216289292414995 0.00359723449061172 0.0696509258712603 0.212752722071565 0.0430983586382267 0.0931395933055373 0.122625206219105 0.0541978752203792 0.129668528927294 0.054980262841025
0.117418550555069 0.110871715527646 0.0684332726994347 0.0946625675884197 0.11668912732568 0.0730479815410949 0.153569291333569 0.101870170380048 0.0649336230500605 0.0985036999989782
0.0986917322120647 0.0941985660799703 0.0349306080840119 0.0699618959325593 0.0669797195384818 0.106383342462645 0.040067157889634 0.162106806148252 0.152238809003459 0.174441362648922
0.126714242403597 0.0472649719470414 0.10353241954518 0.141148287790147 0.0788419986372377 0.169936015047036 0.0932063863217402 0.00759901063274729 0.108016058465924 0.12374060920935
0.125173396226126 0.0111066048541058 0.107939149099045 0.0179839595923126 0.135899891523509 0.190839037990605 0.0108313587361006 0.012344659399815 0.199277442841337 0.188604499737044
0.117483018855071 0.00669123578889373 0.0662892929110089 0.131782731494224 0.0117795760554369 0.046625907132119 0.264974923168523 0.116941439976095 0.110647244012242 0.126784630606386
0.0695351586606457 0.147332254456373 0.168145888165948 0.0770392481903479 0.0933528064752336 0.0762838853050659 0.110471571592004 0.104276941150899 0.114836578769967 0.0387256672335154
0.192617719222296 0.143892982735429 0.0253583173041582 0.0523817814712474 0.202169098368077 0.022978880979487 0.0160484413648026 0.103745783402492 0.177562860723517 0.063244134428493
0.0344084309928036 0.116430281301287 0.0406675932676574 0.138573394161441 0.145503693114313 0.10292234174263 0.109660455485758 0.0726581340117641 0.121970274320779 0.117205401601566
0.203270779717831 0.129942649647156 0.150858723503935 0.0187056209793383 0.182588560925854 0.0212077848849264 0.0755567787359829 0.0427033739963784 0.117040596071889 0.0581251315367091
0.118051959901084 0.13589163791904 0.131156308628017 0.0822054013771305 0.12435684925561 0.139991157646317 0.0516560723858113 0.0959839767342663 0.0760916444856645 0.0446149916670591
0.169923702911719 0.168100896299187 0.0664496923949607 0.0716765602818965 0.173695410407807 0.0316149525159712 0.0540374010304314 0.126320320432145 0.0619949203779967 0.076186143347885
0.191003191369032 0.0425846753626575 0.0302936590191938 0.0880127566094182 0.0210045007549111 0.00211411321592813 0.191954820843188 0.218453030533503 0.0891622896683941 0.125416962623774
0.0692938316211645 0.0951912499958943 0.155604145183715 0.0653020949736887 0.00670295783306146 0.122796227148613 0.143310872883786 0.00860695774890073 0.175453451837301 0.157738210773875
0.0584936829871537 0.0655334964426094 0.118251374624428 0.20687008448075 0.014363252365284 0.0209852300999976 0.123362894809919 0.08521659704543 0.104975328480905 0.201948058663523
0.0987034345062407 0.0659180678352938 0.0425296470552065 0.0344311831561993 0.0462756958543952 0.179142603947468 0.189362572752198 0.111708268367396 0.179028003935154 0.0529005225904479
0.27870590414481 0.0244269384349461 0.00236706126973467 0.0337050953744553 0.0291104918230686 0.254909897466545 0.124383549582897 0.0892343740159575 0.10789216847738 0.0552645194102064
0.0222750475867414 0.0208014792274373 0.138990939159423 0.121454854588458 0.0441109393890034 0.0906173805402972 0.167988285990807 0.159129057547155 0.159048035813255 0.0755839801574208
0.10099889723815 0.0901256240780911 0.0954900839208974 0.149177413124926 0.138856492011281 0.0553483489855753 0.178875210731298 0.072145478100881 0.00355432578034437 0.115428126028557
0.0901399151514775 0.211023236220051 0.190151844799202 0.200346888809343 0.0105119877326431 0.00673529029801225 0.0742281087902458 0.14812791861837 0.0116529477128922 0.0570818618677634
0.14014100915269 0.0822473541956968 0.0562330438086571 0.160059405389947 0.066182047823797 0.0663780062740413 0.142109127396851 0.0762609855448459 0.0571692346640096 0.153219785749464
0.165392085353143 0.0534497734896697 0.182650368258493 0.0306480291578936 0.0444283415067787 0.15364424516045 0.0829251355593266 0.0759665442028139 0.206347192082858 0.00454828522857314
0.178227818745548 0.0988502159690109 0.076746718144933 0.0164294863914545 0.209245184907277 0.0395745841535172 0.0323773391373665 0.134844657910919 0.124048788149555 0.0896552064904181
0.0702160547440324 0.127565986363919 0.17150318272666 0.110136605843096 0.0897987474669343 0.10465876686066 0.119838684650372 0.11244847840305 0.000855883962871877 0.0929776089784053
0.137945613237048 0.165905330009994 0.00984854204735594 0.0265354259137276 0.174594105877875 0.12223941583827 0.130773540980065 0.0994504146875808 0.0454692979868389 0.0872383134212451
0.0714503304510118 0.1344008385622 0.0638625493180025 0.0903991936370608 0.186313692208874 0.0776083739086909 0.0260155136975681 0.184030816484358 0.139370995276585 0.0265476964556495
0.0669182686178379 0.119232671190431 0.0748600341461948 0.0817308344278835 0.127491317656121 0.146256211738302 0.136137010183335 0.0904716823874985 0.0374853578957966 0.119416611756599
0.0596186322730716 0.015875410100605 0.0767449167057661 0.126398798983781 0.104714667168892 0.0292845041573527 0.170432340051873 0.159602177024271 0.152905778146955 0.104422775387432
0.150200888683059 0.0510550646263593 0.0909161322401026 0.135883613080257 0.0969002588765314 0.140942437903936 0.0245500322367289 0.12852790962814 0.0257955782603187 0.155228084464567
0.0520584656963564 0.164082451870781 0.0618064591354181 0.147383793136165 0.129054834625235 0.0954310793042197 0.0682143089828346 0.0639357750306755 0.122511930036286 0.0955209021820289
0.130469657431718 0.0366476351713799 0.164661396439189 0.138740878688938 0.0333331922590978 0.111373297311106 0.117967412424923 0.154369660576281 0.0524346765894644 0.0600021931079034
0.109998293726094 0.116330079713502 0.0833571521715961 0.0877236116645257 0.19615439238813 0.109996884297483 0.0115805167777885 0.108915058357658 0.10473857378176 0.0712054371214637
0.116826942445149 0.0589503850133797 0.091808256992654 0.119503707352416 0.152237776840581 0.120046525456002 0.0422634425534677 0.0346558957613105 0.129520540740519 0.134186526844521
0.0956037239066618 0.0378951068240049 0.153118528825669 0.160975748912823 0.165682102111583 0.0975473680690519 0.0975227014567571 0.116768130659607 0.0134276818589062 0.0614589073749366
0.151771302944346 0.00956318767224541 0.123524155131113 0.14300217698133 0.134613162821913 0.114801471478065 0.0460299804783018 0.141134537314649 0.0392811147407594 0.0962789104372765
0.13705789436497 0.0853618905295372 0.126179328295723 0.125768885211824 0.0873413402498942 0.0805144919539169 0.138506322513425 0.0549590638590415 0.118428084913288 0.0458826981083805
0.00576459295574654 0.0431564404169486 0.00270540005890058 0.146107612187711 0.0656347803900028 0.0996925446409741 0.0814728104830088 0.190467970754577 0.276129120305171 0.0888687278069601
0.162182059744145 0.0312372122856637 0.120118821623494 0.0828816527190352 0.149433860878826 0.0809617314342631 0.0644097009403745 0.151965785591878 0.132461251230621 0.0243479235516999
0.122636980380293 0.106406360371584 0.100031758132306 0.0384766969117125 0.168805089288981 0.169891907811022 0.0510223402999048 0.0211187886575489 0.00643846909302605 0.215171609053621
0.0112281391173851 0.20349774884966 0.224274923742296 0.0596491722077875 0.0150822363256304 0.0335023234174667 0.0624363121101985 0.116311763557127 0.160612152833724 0.113405227838724
0.0177408397729129 0.11530389008388 0.157569850549752 0.0275732027378668 0.134736993976154 0.0775765881210947 0.0125243079507321 0.069261387608665 0.156399918541463 0.231313020657479
0.125592917650115 0.214716113589921 0.0698253433941991 0.00350724112078335 0.120140336736923 0.0432373107223265 0.0954589356180603 0.224585116459825 0.0185478356911491 0.0843888490166983
0.0481240760764809 0.234974847149741 0.20147823544683 0.0190733854053819 0.220888386926089 0.0255773011344369 0.0596190938353005 0.0298941627063229 0.0195759785442768 0.140794532775139
0.0490886838011482 0.0874679373500645 0.0655119705052162 0.095143255782814 0.159538855477928 0.0586076273429328 0.148959500134186 0.0547115586021647 0.155589133946723 0.125381477056822
0.126721545926453 0.080734010142897 0.126227544264484 0.127197781745597 0.106250552889506 0.110392973098343 0.0164199130390502 0.131337527818955 0.0829580198162387 0.0917601312584759
0.0334076130704252 0.197405743322703 0.0370210079539275 0.166414761104082 0.158761412615425 0.13377877952412 0.0434535621479796 0.0766349940522918 0.0239472467766358 0.12917487943241
0.133675546081427 0.0165741160013535 0.084823484019821 0.175157225759962 0.0637735511723599 0.18148286466151 0.0223682352634167 0.183474877284008 0.000640886186174883 0.138029213569968
0.127530089636495 0.149841163694669 0.0674016072135727 0.149268779398578 0.119999828298938 0.00119307444431941 0.164447343054781 0.0314220269406579 0.136417192299111 0.0524788950188795
0.0400746767848586 0.140007908547909 0.0268147090841355 0.0548245212377357 0.0688149830763121 0.156979464987214 0.107654124590948 0.149311692120516 0.094886824547089 0.160631095023281
0.0222913561888333 0.187312347184322 0.0515690770695479 0.00452730282389088 0.116595895329497 0.0699132238939505 0.0351538386642146 0.352016289931061 0.142796118823331 0.0178245500913525
0.067030863084748 0.129144125703456 0.0314322153133334 0.0506118270291576 0.0730332328464911 0.140684524198979 0.130935109002429 0.153179516042577 0.0915305467907201 0.132418039988108
0.0725739968098282 0.124525778530588 0.00423373051466933 0.169379757630073 0.0973674813736427 0.148296963412049 0.0242307704060845 0.104527780167587 0.152085485475877 0.102778255679602
0.127420251325333 0.138958221140138 0.0387332470223088 0.137751967954799 0.0989554069613597 0.0563666115321539 0.126017979248565 0.0900619874660891 0.0914329660182757 0.0943013613309774
0.0662077248024552 0.18215151948327 0.0118222999846769 0.174730234119388 0.0475062785266666 0.0961244963482607 0.122193582444489 0.00164007409834966 0.143556685131068 0.154067105061375
0.110561656911573 0.0177499723212172 0.0284435543212559 0.137395580081514 0.130994790421336 0.138634037191925 0.107538225661731 0.209867694484682 0.0913062167095932 0.0275082718951716
0.123256608875126 0.041547576789808 0.0886133251473967 0.11874953967463 0.00454581786063281 0.133028544974768 0.148750941473253 0.100865447350926 0.0935100274471419 0.147132170406318
0.15877580974102 0.106962219379783 0.0845257778094986 0.12817275975075 0.0176427981610509 0.0850025738200945 0.149325584715711 0.0434220506746819 0.0660848941570524 0.160085531790358
0.170867877042472 0.0669136123009563 0.170051656870743 0.0632885379992865 0.0519030118768375 0.168719870526528 0.111385789080915 0.067572265728261 0.0161907238125993 0.113106654761401
0.0542151775045305 0.0327027486143506 0.103720429913476 0.0401822031934716 0.149180195607554 0.178684026100785 0.0394114021102694 0.0953903247247184 0.124216108101278 0.182297384129566
0.179390649994528 0.0674666849806833 0.0856273572266696 0.0147108686046177 0.183068697940938 0.0482664642918847 0.0909976977892791 0.115734519384376 0.0578473942914506 0.156889665495574
0.0480860861666773 0.0482091080779247 0.0455191285413474 0.0445216169282909 0.134959142567303 0.164068198989646 0.132543214307965 0.0725294753876096 0.142782955715823 0.166781073317413
0.132301806069088 0.137423301174285 0.11850519777848 0.0921103754337349 0.0597278509478279 0.0189039167862212 0.120147159660407 0.159915787882587 0.123294664205556 0.0376699400618115
0.158014189577235 0.0904949553498948 0.0481637032766094 0.0588843210344254 0.183437365989025 0.0599573977796627 0.102701899556713 0.0304162242948279 0.125049941584222 0.142880001557385
0.184148725303438 0.115964824801139 0.0729525870604784 0.0885216135482299 0.0980699140536956 0.175674383142522 0.0196910440857264 0.137163891090216 0.0471460341098403 0.0606669828047144
0.0102152800203283 0.0567735679874862 0.0882859265382038 0.144913708309588 0.141233677107409 0.0620175971273841 0.0892240270300264 0.00143077847141337 0.209922571533995 0.195982865874166
0.176368378949963 0.0482960852409283 0.140880290817884 0.158070963138018 0.054624774274628 0.0564519761277222 0.135569405310782 0.0533481850939849 0.0825117996050605 0.0938781414410297
0.0405964914377314 0.199120855569097 0.209513890932244 0.0232610273876628 0.110312303131431 0.0226696034945291 0.0118379863683655 0.186592848992793 0.135720133231759 0.060374859454387
0.0177455750684579 0.0711854974508728 0.0348267478498574 0.141637803950143 0.155855798765658 0.140846231710403 0.159721465800544 0.0190218634799904 0.165055061033128 0.0941039548909449
0.0395001266667669 0.176991071026958 0.0331835473980831 0.0259565738456525 0.138226075806593 0.161735218405469 0.1132997765483 0.127330423162699 0.146516174187853 0.0372610129516257
0.0525945826272016 0.161397198178985 0.0034379020961389 0.0385460188629698 0.0274103250182811 0.118654348110797 0.15841256069472 0.123873918202018 0.185189585648053 0.130483560560835
0.187681764488584 0.11724224839017 0.120576679103269 0.212803888684073 0.132558541959123 0.0116320012837397 0.025525538890945 0.032945654683616 0.0126955692256714 0.146338113290809
0.0122998008114656 0.0240970520507559 0.186334214363656 0.104597475316798 0.121436774815665 0.135107305705435 0.224059545818334 0.0259279190079879 0.139213589690702 0.0269263224192012
0.055860334530275 0.0490534695091913 0.0817058562403872 0.130586445056471 0.128322244056564 0.113097820134815 0.062746623763274 0.129199093077855 0.0790677774545037 0.170360336176664
0.0265784527300911 0.223929239360805 0.0839096882346651 0.0532363968840408 0.0810257731518661 0.0602418148611272 0.0135893320120961 0.198070084567351 0.111947355946987 0.14747186225097
0.145488259499587 0.0336386941359136 0.162846861685158 0.142169244454635 0.141749218884557 0.0549510406026192 0.0585841464504925 0.128440930250442 0.022666658184301 0.109464945852294
0.0126674791410803 0.127852595101969 0.16866233700569 0.131704637575422 0.163164810398782 0.0282713036279434 0.0707385036645108 0.0776773879379447 0.139971665723746 0.0792892798229116
0.178040466892471 0.0195119584480104 0.101466873581739 0.017479671042226 0.0637134706190319 0.166679473614442 0.203210788640896 0.0355938394197279 0.0752786230542165 0.139024834687239
0.0438432763543194 0.154375537461295 0.154758609332537 0.082687587247579 0.134753992510733 0.0255996938766628 0.143125490020694 0.0808732307752785 0.091170622766798 0.0888119596541039
0.00136176019446205 0.108514323803359 0.0823762203236463 0.102708292115264 0.139255170325949 0.131865386293655 0.136746671494966 0.0113512109749954 0.132353570899925 0.153467393573778
0.0424050826154726 0.0872035564096065 0.0798099009327309 0.227143589838481 0.0967691086788567 0.0122828613216758 0.0256946670063544 0.138873247966928 0.178382118447155 0.111435866782739
0.0794439042081981 0.199500896010299 0.139831162174291 0.216141314318352 0.0660010549544141 0.0230115350136239 0.0877135016204784 0.0879312710136913 0.044933680436523 0.0554916802501292
0.148032638798899 0.0168160826546497 0.0422604661121771 0.134400121274621 0.138918804159568 0.0680312429602037 0.151042882575979 0.0818777860619663 0.07848358036471 0.140136395037226
0.0456791673209793 0.171512075280996 0.0408155108157699 0.171413200113486 0.201636657771189 0.0444661189184088 0.0804472172402588 0.128848711771545 0.0856642937101791 0.0295170470571869
0.00130007494888351 0.157081422291951 0.079376479283821 0.109054310825225 0.0439868165998455 0.129925377155145 0.158083470856566 0.0586973189410394 0.169646404336926 0.0928483247605973
0.106812252462171 0.0773088310801726 0.103399739622417 0.0757454246441438 0.170569622495181 0.0802702120469105 0.0912159489272842 0.141398658018796 0.112826973633742 0.0404523370691815
0.129696353616322 0.00984788650708939 0.0526728498272238 0.145278209016278 0.126989890121365 0.12245798467427 0.130929108598615 0.0481213029977622 0.013329224398028 0.220677190243048
0.0849856945031239 0.0734413563683426 0.100987218872258 0.105027422641482 0.101557252908078 0.190701185683314 0.1811008864415 0.00242056079067082 0.0627129523455924 0.0970654694456393
0.121087205541593 0.0296710172662278 0.129690586500801 0.138337568081425 0.141038889519632 0.123469757334888 0.107614964745719 0.0810082724553915 0.082136275547403 0.0459454630069198
0.0490388535556475 0.00723545636873566 0.213550322629877 0.0731826871992689 0.144096669129901 0.193877394107458 0.0178794420268913 0.0940236178959181 0.0459047651623104 0.161210791923992
0.12655962359599 0.194627475678921 0.0710294681528958 0.00733939389327659 0.155509996852153 0.0732124745692201 0.0462518211461545 0.0358323469744582 0.180283639318897 0.109353759818034
0.0568899176928264 0.0740389459918498 0.0139239712779205 0.0677158705781972 0.0735790490342648 0.163762463255227 0.219475505496507 0.0137378796054891 0.0820958539438613 0.234780543123857
0.0933711774841057 0.153479144511823 0.0984542701071124 0.00103975862062747 0.144523414423782 0.0208354692587935 0.0888540084274797 0.150562752562462 0.124568567873828 0.124311436729986
0.00632239493653886 0.0674203584598441 0.142932637697766 0.0110113583988205 0.045388392578224 0.237763224202504 0.182988354414375 0.0960235911365143 0.0875572857804003 0.122592402395013
0.191391259485885 0.0743498332747499 0.027636538077301 0.192632296691256 0.0404379330721546 0.0422586303840651 0.138296925024444 0.16861393751157 0.0378087268013901 0.0865739196771849
0.116469352438905 0.0896615197294949 0.141395301299676 0.123911447764374 0.014870859435545 0.121131875214161 0.0891997894024345 0.115322594723632 0.0587508658002131 0.129286394191565
0.13260754564035 0.14018429092857 0.16748567441347 0.161664078507121 0.0474953712220098 0.121793727152021 0.0363915829242392 0.0481878499000116 0.100537655682764 0.0436522236294423
0.0740320532277882 0.167505296473728 0.0929797161807192 0.018956767596417 0.0339501214114112 0.19033933106183 0.0841472555419778 0.0456892188554838 0.134281584876904 0.158118654773741
0.0799097881921235 0.0977437413258252 0.137654225697996 0.0709968952192296 0.128808200651246 0.122866057032736 0.134892268476866 0.0334552550691322 0.0914565316803895 0.102217036654456
0.117366867997696 0.113105156827915 0.156631639935976 0.148036215978664 0.0930332548969677 0.109103633805401 0.0885857645110598 0.0238312038100179 0.00488819702224851 0.145418065214053
0.138058852276065 0.154438733593344 0.112526636149186 0.119979452072808 0.0181134931562515 0.0244168201609032 0.0410458518707824 0.126870059976628 0.109970864973464 0.15457923577057
0.00457042016663801 0.173666682352136 0.057706707279313 0.178389803613863 0.0256279979121791 0.140913153789265 0.059795198469165 0.179051983454223 0.0044246513291341 0.175853401634083
0.0564847707230611 0.160720902902381 0.166405703031034 0.0250903885423123 0.075112334864855 0.0338646219629656 0.159265975484391 0.120490510458534 0.173196247714435 0.0293685443160304
0.0615536603058875 0.0319460594600657 0.107892267533938 0.0380968123507563 0.116872126536437 0.135730566433128 0.138987898036761 0.0429286418934703 0.139077857719633 0.186914109729923
0.123364232974892 0.148897078581524 0.160645742786481 0.0801204719725238 0.0280469574839024 0.144920187851554 0.13012506550688 0.031933782723373 0.122840291463409 0.0291061886554621
0.0199201696240384 0.0969772292257384 0.144594202934234 0.0195676998860976 0.115265493219292 0.144199623810295 0.141464630932492 0.137566067095 0.0551017412672028 0.125343142005609
0.185956328301781 0.17139597627694 0.0258151141468145 0.0836679631967859 0.181846275701303 0.0413376544338038 0.166249091353622 0.125619019523318 0.0176380677692879 0.000474509296343162
0.0741830471240244 0.0755951145984078 0.132879545678244 0.0885911878637308 0.0035280291612451 0.209513263293396 0.0259633385743692 0.0984135174820666 0.0723270106380253 0.219005945586491
0.146106774690621 0.064660759317431 0.0633914936356385 0.139620547187199 0.105398693012894 0.0461338485526125 0.0457401379264266 0.0562380875341448 0.160174979780744 0.172534678362288
0.185135856886145 0.21383058068634 0.0131956398332421 0.0712593541549689 0.0049042556921774 0.0530340747838907 0.196688163341421 0.00522764513063538 0.0543953098670119 0.202329119624168
0.0716437893866514 0.132651697361964 0.130879304375376 0.0500147292256524 0.0582063012783582 0.135311169974913 0.113774135719692 0.118337933195301 0.120210888203492 0.0689700512785997
0.00828023084208613 0.165344717345897 0.12610284612322 0.126987729394414 0.147394639679245 0.0643783114622788 0.1358387905038 0.116397915717767 0.0400750743851954 0.0691997445460962
0.0835755002827212 0.0896886154442438 0.00756924617697927 0.103688222204147 0.00803781500842847 0.211686246721937 0.161341041399042 0.119159563110924 0.173393531951435 0.0418602177001436
0.0729032732202721 0.00314200168700195 0.0384707789489194 0.0465492296109366 0.144964131364149 0.0837919160515124 0.2198784608819 0.216124951017497 0.170451752681845 0.00372350453596662
0.00173184507499707 0.141249767912413 0.0411945128108068 0.0338119310659184 0.0207998176573517 0.0966837643637665 0.182872973987294 0.197550838387478 0.102747232678576 0.181357316061399
0.115373610328409 0.129386856832235 0.074490759640579 0.117168180671829 0.128227134397574 0.0166686046966694 0.116643380214027 0.146776871119969 0.0514316532936248 0.103832948805084
0.00427110673201928 0.253070701722571 0.134297205645461 0.0569990152250422 0.0505315455442008 0.000741341631902396 0.152725563019093 0.134872479985356 0.135668304958912 0.0768227355354412
0.12860371212642 0.101284934316824 0.13062628406873 0.0174580071713675 0.0994360170694128 0.25688748384989 0.0616345405187224 0.075644896395308 0.0969143110639861 0.0315098134193393
0.0402998292709373 0.0167477765408511 0.0845391885990272 0.229915232264967 0.201906988354778 0.0212712220402914 0.141295496469235 0.244226922531695 0.0107352791945288 0.00906206473368868
0.14717736173371 0.0282026999555484 0.225959642110433 0.121810296333529 0.0449559939469985 0.0992433155990219 0.1244596132862 0.106532814313266 0.0393606091543981 0.0622976535668956
0.0906635058568028 0.00494402778890544 0.121885298298819 0.0514409300397023 0.140169997581105 0.136606145971057 0.147427997635037 0.094571909755033 0.123590548699977 0.0886996383735602
0.142429549120068 0.0638022973324217 0.137309190497182 0.0727303151591827 0.0517338115719983 0.0136263559340733 0.161363349655125 0.13977957104332 0.136036293102109 0.0811892665845206
0.0228519121302626 0.19560461266297 0.0159025596758181 0.149869121564484 0.106038202094728 0.134776403364568 0.168817398420818 0.106996648128929 0.044390400443797 0.0547527415136266
0.171262259711557 0.126859718944377 0.085931469083023 0.0685940164304592 0.112618992074653 0.00300691126897414 0.225092520596457 0.0263664643420771 0.1260381860317 0.0542294615167223
0.0192629705913612 0.0653179986002364 0.0837370800945074 0.101915153540681 0.188362223443263 0.144161725633868 0.196516346505174 0.041798602108285 0.114549449970453 0.0443784495121716
0.0680892244614057 0.0248886882890004 0.0975624812838392 0.0141974596985786 0.20169007570429 0.206038833846071 0.160832697622618 0.206154396888132 0.000115729569953881 0.0204304126361104
0.0824861521944214 0.103462777525391 0.14028100869679 0.0642088606505875 0.0881362167210579 0.148092854049479 0.0631086845711408 0.0804642185147109 0.125343960708433 0.104415266367988
0.0698823748217464 0.177217758829236 0.155085905408746 0.0140305818575093 0.145158370439926 0.0906463152312465 0.0205379979246117 0.0368625061639692 0.153909918374536 0.136668270948472
0.0809418626407301 0.111404128364464 0.0940833323533086 0.0146192071418245 0.115696754321188 0.108464432662101 0.0923519787507453 0.149261405315703 0.183678338596337 0.0494985598535979
0.130442269003654 0.16133044402077 0.0872030905516017 0.0733377526470043 0.149066305093339 0.137244320177765 0.0832696319059467 0.00465217776589816 0.157475536569124 0.0159784722648974
0.0763317007518199 0.174615869497353 0.0462233275024676 0.138334982810729 0.0143695482039759 0.0950666545537155 0.0452359631958961 0.158458838709969 0.0845775852591242 0.166785529514951
0.074922258807249 0.157119703674419 0.07625711408998 0.0575679040707015 0.129889824716859 0.0930063691118723 0.167560890627974 0.00432878078475066 0.0883550219453876 0.150992132170807
0.0842820754735059 0.0446458419402852 0.0972903510398696 0.14016485467983 0.074838944049116 0.0795516828450424 0.114573650988221 0.0793730444932658 0.152120887946388 0.133158666544476
0.103944819288951 0.115936139363346 0.122882133855331 0.0952946647648252 0.166160716907731 0.131844719333764 0.108697146194294 0.0189660345548547 0.0707364897050953 0.0655371360318075
0.0794747191751538 0.0425571549689326 0.101773040049818 0.0239057775839696 0.157597616114389 0.171260891492059 0.145988588464992 0.103061187722712 0.0399040601800985 0.134476964247876
0.0259976576624953 0.113839732989241 0.202160585721544 0.114593273939136 0.162205252515763 0.00488072528077566 0.120024539093383 0.0666664448511621 0.059720428190836 0.129911359755663
0.0321577980301378 0.0416474766754438 0.112905383572494 0.0991472734407545 0.12384984644842 0.154725743381424 0.0425934738886194 0.162648024208634 0.040682257449039 0.189642722905034
0.212937077680394 0.136228050441039 0.000760896202319532 0.0398374664058466 0.0502147517893553 0.0422004936226579 0.149567222738727 0.179219855653208 0.00609484753934051 0.182939337927112
0.123604780616517 0.198348555387739 0.0352090261982949 0.207955141598842 0.108054835749156 0.0988131008433412 0.000121747998630886 0.0290189559477047 0.138387863202978 0.0604859924567965
0.105151482880104 0.124474882138222 0.121655111355712 0.119557185750855 0.113604467664555 0.102211806000165 0.0642338463872377 0.0491645221896902 0.0798846980070737 0.120061997626385
0.0873978106319663 0.138899216078651 0.176226377860306 0.098587069933262 0.00566700763775228 0.140664267395207 0.00178005500235648 0.16430134367812 0.0802566282195316 0.106220223562847
0.097000740019936 0.104080586893341 0.0177817692276041 0.15102450309873 0.194332308571071 0.0664607202214784 0.213344235009833 0.10860132046697 0.0374622983765217 0.00991151811451368
0.00776424257134509 0.0845898506604709 0.152786236574284 0.148097392219011 0.0892216594295002 0.0251444133904333 0.107807884077746 0.0807505749324664 0.0932285576490843 0.210609188495658
0.0907873490325128 0.130650804970109 0.165353142112136 0.0933763475987974 0.117811122955342 0.161011688790963 0.0027822119595283 0.0226645677137999 0.098806306506144 0.116756458360668
0.136174575380311 0.0531636392528951 0.088242926744546 0.134301867080318 0.131058049805526 0.105038276440563 0.0733978865989133 0.109859984020529 0.136083650586302 0.0326791440900972
0.0631940262000517 0.0717520543628925 0.0385036920282108 0.100172476104013 0.0953374520677707 0.172764020913557 0.182276700313499 0.0443779484169181 0.200416815743923 0.0312048138491635
0.102130323099048 0.132592874460946 0.127667381226303 0.0934730547657511 0.127243123624569 0.0650316116350478 0.0237060801109886 0.0860903830257501 0.107495311507307 0.13456985654429
0.252176555687491 0.132189419844723 0.05754597810448 0.0124522133306521 0.114655901224828 0.214039659378453 0.0342224108323598 0.0183481709745188 0.0295919720589334 0.134777718563562
0.173211134497409 0.0552690237079915 0.0284743277046189 0.0445509164418127 0.0472824217975721 0.0953430244962442 0.130943310165634 0.202036198097994 0.0492427648132667 0.173646878277457
0.0321940635218239 0.107911470516353 0.0545122515827599 0.118798243685247 0.0934121068371275 0.0431317183339558 0.0795948972881714 0.162002157546801 0.177773290940055 0.130669799747706
0.0660731373119393 0.0449845671106474 0.210705691561711 0.125568394341013 0.113386596164573 0.0908049226143334 0.0529175483051052 0.151108230394038 0.0101895512337309 0.134261360962908
0.128180722181298 0.131090333022974 0.156086378216715 0.0689416338120208 0.09984577601452 0.114942433267154 0.142930860978571 0.0231916744596598 0.0950052253685521 0.0397849626785359
0.125621346972442 0.0545060183159011 0.0554453788796759 0.145316576031535 0.164877817275949 0.0118568939465758 0.177765054356298 0.0813393954548963 0.114932153702201 0.068339365064525
0.00919589921280351 0.122452325902804 0.0443141702467854 0.140508227253821 0.133518840451412 0.192148647777439 0.124249016530474 0.0323101800448074 0.0628756098347653 0.138427082744888
0.0431738260561611 0.07972839368176 0.0789800685791468 0.0587451810028361 0.129221414240939 0.0919335948757778 0.182096112794338 0.166130219788399 0.154514994839163 0.0154761941414785
0.174429646829637 0.0247668658417313 0.0985487147968586 0.104226915490092 0.187650035294469 0.0482175360197495 0.0942520251627729 0.174818700082229 0.0126081634432316 0.0804813970392294
0.167916863236772 0.0668503876605988 0.00786801311954904 0.076372118857177 0.0807751648207929 0.0517035405459893 0.136985588675293 0.118286466480546 0.174008099542186 0.119233757061096
0.034336474843083 0.118312447339274 0.040816270034717 0.116331940586835 0.169765343386858 0.100399032606095 0.0463427497857405 0.149565775792048 0.155182423291355 0.0689475423339946
0.0279301703273433 0.0855536555179712 0.0364000520468727 0.133700296443698 0.158730990630805 0.119177002546082 0.0844347344786676 0.146403576652456 0.0429564974992573 0.164713023856847
0.137094276226363 0.0303024788431969 0.154330589735726 0.0119116069412742 0.0380041283659438 0.0887124188096714 0.189601632176669 0.14811190627078 0.0715240821850342 0.130406880445342
0.0684613449204035 0.17582085535722 0.162679107218187 0.147184127549085 0.125963411663649 0.155862380101309 0.0196590582259036 0.043322496570139 0.0727191839852141 0.0283280344088896
0.0433875596477232 0.133685028949073 0.19766724169007 0.0594774437297516 0.165194459203853 0.0966915994140076 0.109225562750268 0.072466614661868 0.0555490857982469 0.0666554041551392
0.173936094239682 0.114964303724179 0.0820285763256138 0.017727378180778 0.172681867096892 0.0091724811264729 0.0578968113471057 0.0922835496766859 0.164179981493381 0.11512895678921
0.130339803820297 0.00553804703169298 0.211789258377909 0.047951519373693 0.17629665515466 0.0104605518879831 0.100396616405642 0.0601087388908001 0.0507392201139829 0.206379588943339
0.112072752158421 0.0576177140073231 0.173529966453055 0.0792878850616656 0.0699363360267785 0.080902639187825 0.135454031625796 0.138608209876479 0.0788811940172263 0.0737092715854309
0.0367739544030967 0.111559072552845 0.0299968078836777 0.172555893676034 0.0936433502699671 0.16541220312343 0.0166080917237319 0.00361482537660489 0.144953896060459 0.224881904930154
0.107900680439002 0.141617993987665 0.084773227189732 0.16812258642445 0.0756765542612653 0.0416392914452557 0.0899306064528418 0.10636073367274 0.0605354323390268 0.123442893788022
0.100247497083508 0.104762192949823 0.154746886637825 0.217478413691357 0.0520999501977599 0.193836887162073 0.0605593422186591 0.0548419098775531 0.0216194188345205 0.0398075013469218
0.017777184757561 0.0689643934058497 0.12905165454773 0.0919865341676525 0.204302113673768 0.0130375778588313 0.000358613174686943 0.123170781046127 0.165683203316487 0.185667944051306
0.134616326530528 0.0671105734245553 0.0668931514835798 0.133715087198387 0.120627294377931 0.0504123344820865 0.0925205099762231 0.11422272045022 0.10651995490855 0.11336204716794
0.126378241203894 0.124275010973545 0.12697657431322 0.0574061150710549 0.153011443733491 0.128959615687958 0.0266460209263897 0.0166938213978618 0.0714210996510024 0.168232057041582
0.076361933868706 0.118898831962371 0.101274097546017 0.0638993905453694 0.14857361580518 0.136656658200971 0.158068781379732 0.0860841629863033 0.0399491726928 0.0702333550125516
0.128545011921332 0.047330505745832 0.176962155513407 0.182686941672163 0.118982305980842 0.00595463576542014 0.103549112771878 0.0293328554836536 0.165431343743484 0.0412251314019888
0.0270294967249497 0.0945920218626905 0.211285826938221 0.00841919064222902 0.108818499286411 0.0825323638569667 0.200854308044823 0.110164601621259 0.0976165691075483 0.0586871219149018
0.0997339773558374 0.0568914389319845 0.101082821330862 0.0266240934101346 0.153639659982412 0.107708945316261 0.133965678605501 0.0695818527738478 0.139980350393173 0.110791181899987
0.119770832850239 0.109612780815102 0.0258477638963712 0.0412829335811718 0.0740473084789275 0.165951470756612 0.155474161119385 0.126014785280873 0.0826852099997784 0.0993127532215393
0.144696622634171 0.0609615473576241 0.191977220498434 0.00925678168823846 0.11070734765777 0.14925940538032 0.0461533339487761 0.0532877909596362 0.224544653798706 0.00915529607632467
0.0885046306215359 0.182446508374234 0.104455197807496 0.149418363896153 0.108488445869889 0.100520534543679 0.187889890266915 0.0439527793455661 0.00120003506660597 0.0331236142079255
0.166521123081933 0.116540279600703 0.0306585110323413 0.14462939858258 0.1187666617238 0.0273363409598888 0.13284167425064 0.0391962521278477 0.119413222197917 0.104096536442349
0.0468761550315255 0.121711160549926 0.108035955112298 0.00989680192696018 0.0328946426441229 0.0975185423097466 0.144697117983698 0.159451391212778 0.153987193312938 0.124931039916008
0.101815587926179 0.125249275201489 0.121955231025623 0.11139916866727 0.126318186623392 0.0549852202282055 0.0972469866997841 0.102947139160146 0.025039205940014 0.133043998527897
0.0110719090707159 0.0497054010516974 0.17067858013788 0.151430735936995 0.0153046050443757 0.10494966312411 0.148404443477939 0.166322566699499 0.113340426311003 0.0687916691457849
0.164225404949316 0.111007598050562 0.0443052714347825 0.0501258232019117 0.179728483938971 0.0343780349464429 0.174687858659585 0.0875056759843343 0.0958752866599819 0.0581605621741131
0.1216617162842 0.100549495121687 0.0536808491784299 0.111097146520924 0.135282108322971 0.130542117518356 0.0398507631316319 0.110314201951957 0.0591789621365767 0.137842639833266
0.00853430386082167 0.0624121653829546 0.195182102851364 0.0446138868001057 0.178327442261564 0.200014082150476 0.0576774145961058 0.0829747011426888 0.0542948105662047 0.115969090387715
0.0257081581753357 0.104685200623401 0.00616747622860376 0.138105130333001 0.114657570533809 0.0702120011603817 0.147952986740472 0.149995631733656 0.139211724120807 0.103304120350533
0.0432128540681849 0.123357940892142 0.0228610868855721 0.110096554080016 0.150277878094032 0.00643074935306633 0.150264207680651 0.135828893120447 0.140937000607501 0.116732835218387
0.203219043200917 0.0897917383089338 0.00231097259262823 0.0263352853984085 0.0393400405126573 0.0148667137955702 0.0773920917186978 0.213206455044599 0.168765327575351 0.164772331852238
0.00990614019150551 0.0499037774628285 0.195653681369185 0.00877919742046048 0.0399821342586185 0.135445078095033 0.158406844792193 0.0670512573805394 0.189210007997071 0.145661881032565
0.159690284336165 0.161351436869763 0.163190887810677 0.164302790530035 0.00314135877650665 0.0238345799912072 0.144529792926604 0.0147477836284075 0.130946862624762 0.0342642225058729
0.115671262374776 0.0547078377699566 0.0788457143647581 0.0812639431113246 0.0681751004273953 0.10700699167131 0.145410773883393 0.159797059633418 0.103379047022928 0.08574226974074
0.103244725775202 0.125923533131503 0.140922223767264 0.0621734195016069 0.204407794388409 0.0321943817908059 0.113181891636801 0.117371595248248 0.0802081820433135 0.020372252716847
0.0786996450700852 0.106107922923979 0.0293084807658125 0.180298920976692 0.0322692175548593 0.0700436360814001 0.168623198428531 0.0837412166229071 0.165869305600321 0.0850384559754117
0.160005728896783 0.0375179842411801 0.167824229518247 0.127701737860307 0.115595953968985 0.129853192370632 0.0289237349508468 0.0105095632239082 0.118762838986864 0.103305035982247
0.0990880526674903 0.114390975580204 0.0892783669109904 0.0531713600709576 0.117852435925214 0.113459454715735 0.141316341079555 0.144262258185667 0.0785452083219405 0.0486355465422463
0.0641819904213522 0.203613325458946 0.179455695638256 0.0316632286618266 0.0711340488117841 0.189191920137188 0.0774269753197849 0.0112188532900773 0.109653760905979 0.0624602013548066
0.0584265695745876 0.0400549456719083 0.102927879739727 0.00275114602577277 0.245634494421043 0.179419060305167 0.0889123817346962 0.0423881883645856 0.131578059531955 0.107907274630558
0.0634066018242867 0.0721028933090454 0.266399918699969 0.264302775000266 0.0860268864166836 0.0924641217811813 0.00980413111096 0.103941422256373 0.0371647197711865 0.00438652983004861
0.0901972717476632 0.155545618212436 0.128817246418174 0.079524027413933 0.0385380852956917 0.170791323092127 0.144964729103114 0.135438594434694 0.00724395741675567 0.0489391468654109
0.103601063669241 0.193905022979206 0.123206154705821 0.0906500291644747 0.0505048995555394 0.0330773565759061 0.0481120188679218 0.0168134211373062 0.16965547172627 0.170474561618313
