0.0800711517426816 0.173448788129706 0.0915421297194813 0.17150247018233 0.164414498275818 0.15583634609502 0.0602968586981411 0.102887757156822
0.139528953994706 0.157057514719081 0.141463714144767 0.0894970285460971 0.148275885613006 0.0456464778608204 0.12241074427471 0.156119680846813
0.237237132165212 0.00611313407235768 0.0711604898952177 0.0764567343166761 0.0494631814684248 0.212596103351735 0.0361373857440295 0.310835838986347
0.00513407919233878 0.0942140796830105 0.275088696114906 0.058965915869414 0.172219266238924 0.0485545646062745 0.258125997343136 0.0876974009519962
0.0261381372076264 0.219965389005474 0.0904807624457406 0.166404299387491 0.0464061106760726 0.179854088968274 0.146611000285404 0.124140212023917
0.092413216357628 0.153200547416162 0.117174980545652 0.0969643546348712 0.134160652390481 0.113721084227211 0.150613479125401 0.141751685302593
0.130324320923096 0.163201367680381 0.167418216941675 0.00694797737352867 0.000367099177897831 0.227779996582053 0.216314591155187 0.0876464301661821
0.0479648273494483 0.187921810757842 0.101209979021853 0.0839505968975627 0.0390501902767396 0.16839466624255 0.194117524261405 0.177390405192599
0.263661401419759 0.16988210280907 0.0540834459252367 0.0902840372368084 0.0830864562034271 0.0768892687667068 0.0374627788984991 0.224650508740493
0.146521358177426 0.081257784372257 0.157649883072658 0.0520179220744406 0.105343457252574 0.208118247239881 0.209457282996345 0.0396340648144184
0.117489753146441 0.106569535104331 0.0689726188280869 0.103359839987697 0.178410236386758 0.184052830503124 0.15036496826724 0.090780217776322
0.190646583058562 0.0349669450945872 0.172351647813192 0.173224660115849 0.0250236999419963 0.0892501392800295 0.156329564656145 0.158206760039639
0.102316633343153 0.147085914570431 0.165833056583427 0.137233215397577 0.0460268128159355 0.12497393310658 0.17339200486198 0.103138429320917
0.0322443241920258 0.137016194419922 0.127915988513167 0.0177326709085057 0.227694076154041 0.0774049108212945 0.243334821051576 0.136657013939467
0.148562819995075 0.0567334985451203 0.127011354899783 0.185240391045099 0.0722463304158119 0.152850621424179 0.0899006548545527 0.167454328820379
0.0992980829293041 0.174853662468567 0.1248654170452 0.161297706821114 0.0656870404367175 0.146415274329438 0.0874874327392775 0.140095383230381
0.161527595393256 0.144359757037903 0.218099502145676 0.13122439140068 0.0373776372835652 0.0411356023396616 0.246653637781756 0.0196218766175022
0.2109965837561 0.0506615333075596 0.143816337873059 0.133612706773723 0.200288342013637 0.0766411910475993 0.0731456174915776 0.110837687736744
0.210976128010854 0.139641677005318 0.00921750966669784 0.0195794702863008 0.0433626329429304 0.199978873209869 0.180272825379991 0.196970883498039
0.0140729216295162 0.0476328110438166 0.0450221333867959 0.220773445760096 0.0476108286460675 0.241167912327563 0.10075422514791 0.282965722058235
0.0650508580993294 0.135537077317794 0.0939944810461745 0.187441673926989 0.103599182492245 0.134313824308916 0.151858485911796 0.128204416896756
0.193577418919763 0.04020860158782 0.171214018772863 0.151895777450875 0.175799443507439 0.125184177253982 0.0679662447806252 0.074154317726632
0.153040773145193 0.146850649729005 0.152793918758653 0.0180154832046153 0.167481622733672 0.0771034898925516 0.0323836750344861 0.252330387501823
0.223668831447069 0.249869806471156 0.0924413969249846 0.00229008828184794 0.0722309183548416 0.239248751040205 0.00891667991810388 0.111333527561791
0.176905474216862 0.165132134776093 0.0735579640477503 0.17155472016896 0.206454400152939 0.077593863269412 0.0783389196303741 0.0504625237376094
0.158569407241751 0.194912284108107 0.088740025316394 0.0149940392846208 0.091374273818428 0.198184921366257 0.082482722675319 0.170742326189123
0.184350716422789 0.211027788063243 0.161123752214899 0.0499420727666051 0.104292778648446 0.202565304083668 0.0462274809954457 0.0404701068049033
0.274262983338662 0.104962290536894 0.0508957868510262 0.0213317871677841 0.06841126126758 0.27471435825326 0.0179068001331791 0.187514732451615
0.0198386285352643 0.210369043496016 0.0951723519684096 0.103398727006829 0.113429896315479 0.120406494483427 0.0923991326368711 0.244985725557703
0.275209118403697 0.0876240854990961 0.125544796599741 0.145533724211247 0.141101758179734 0.0879969589292802 0.0819448743876721 0.0550446837895317
0.178727727743169 0.140571295210264 0.0714273250785472 0.148411787510814 0.13440314615329 0.0437878770400749 0.138503580037019 0.144167261226822
0.190936467401534 0.12789302337838 0.11820101843749 0.176944416221678 0.107469166266296 0.0473359363526354 0.0929587609374792 0.138261211004506
0.0591026320085848 0.0922985636356416 0.0757917852624772 0.0795986051569077 0.192801030325075 0.134499417749071 0.194753601418122 0.171154364444121
0.156305930553095 0.11797690983568 0.165593999077606 0.165483266661232 0.101105970125422 0.120860918178559 0.0710443279993567 0.10162867756905
0.0417515298257413 0.166903312522996 0.140338388684248 0.163530147019893 0.155900542812827 0.120218781514135 0.0597246759430527 0.151632621677107
0.176530994268577 0.198476681277369 0.0358661199242604 0.156475777911758 0.061736575606079 0.0890626496087687 0.170661737574076 0.111189463829112
0.0429889708060604 0.0560034681346541 0.188647339990606 0.00929713912008895 0.266926505073723 0.0919180804872952 0.229550337124029 0.114668159263544
0.202750156402437 0.143677121743696 0.10067099057908 0.128703645329897 0.174428666212905 0.177746170835414 0.0343950623798498 0.0376281865167199
0.147368524248805 0.0628735237803612 0.0066162338543282 0.282581470357879 0.112631478159358 0.10859812866337 0.167025241552129 0.11230539938377
0.192777220720116 0.1214576261803 0.156299469824802 0.152466111979998 0.134711404893099 0.157705099151281 0.00838085502406069 0.0762022122263425
0.167331893916273 0.0303945677731394 0.0390615107982915 0.263775086044809 0.059117621974173 0.197378727231273 0.191216963555679 0.0517236287063628
0.153318211938404 0.1645688275625 0.136920749270135 0.137430632028742 0.0973097091051942 0.203274508237045 0.0905181808034364 0.0166591810545432
0.134300468381152 0.0380972357765955 0.0495948942182833 0.00922139309117836 0.170018775566663 0.0984670927344822 0.231986940886755 0.26831319934489
0.0797489018192261 0.15400775393537 0.154085997785023 0.159942279038022 0.153412051501553 0.0464181586264448 0.105187129055485 0.147197728238876
0.0551557210970094 0.0600704756998223 0.0705698489856946 0.000342006682429693 0.242482864246089 0.0309832637183735 0.278326699405275 0.262069120165307
0.127955873081083 0.0309449037657052 0.150396014852327 0.0904673577321083 0.193394660691206 0.184444037496863 0.180086662120302 0.0423104902604042
0.109120852209799 0.225778331750213 0.172032689566088 0.0179718779738695 0.106147436157904 0.0683947574163325 0.133907466455605 0.16664658847019
0.071076847498627 0.102036231863224 0.229718195661455 0.179691486722723 0.00128938956190795 0.245906224595653 0.106832782290767 0.0634488418056435
0.191837271284813 0.0311573096607374 0.236448458660636 0.0377126652716685 0.177407243756443 0.148467806568975 0.019949885647293 0.157019359149434
0.0725132589204689 0.0851431954980182 0.121947061910817 0.163060018141808 0.161508466174428 0.124159541489562 0.148442633036191 0.123225824828707
0.0183241976088583 0.0431776960163187 0.184783616902728 0.251984580769248 0.19151283005574 0.192240206412844 0.0736805943805575 0.0442962778537057
0.0335096629996133 0.28106072851439 0.12631873364033 0.100646204888549 0.151326242575115 0.00636969208724722 0.144225148973526 0.15654358632123
0.236040310420519 0.194114380886954 0.203058252021322 0.00238730563566854 0.0754813537853011 0.0504985179992489 0.127087163802968 0.111332715448019
0.14850179795619 0.129004248598859 0.0386992817014929 0.0424985857190895 0.182429834745537 0.157025209333693 0.156173641229804 0.145667400715335
0.210962129917359 0.142368668671127 0.0569553753947023 0.194102687682648 0.0603681333618291 0.17752302800447 0.0703731345701139 0.0873468423977509
0.0955079461180289 0.149279757202309 0.266562001676032 0.00397237207711612 0.00965044869883727 0.250934841226639 0.00796981089154963 0.216122822109488
0.144520593351881 0.107128300796466 0.237669197183601 0.0791856092090193 0.130594590292808 0.178581591658907 0.0916190996316042 0.0307010178757146
0.20832384788461 0.163244262362309 0.113010625289379 0.0190932308453691 0.147148929465599 0.048554944210822 0.0423758138745226 0.258248346067389
0.0394186406802066 0.112433165961575 0.0814399490685301 0.203522952234165 0.20638749884577 0.162945469376047 0.109338117721344 0.0845142061123627
0.0954158455814373 0.185477685925542 0.0074689956116313 0.0982553057037844 0.0981970117082961 0.144625738785785 0.150781852552099 0.219777564131425
0.167082125738916 0.0629385445360661 0.150058114408349 0.12518070100908 0.159555169418499 0.190799718321412 0.0564357202242922 0.0879499063433858
0.269297059392759 0.0859682714219888 0.0443757361400157 0.244266631190571 0.0680346225403776 0.00954982572352887 0.276530461679213 0.00197739191154562
0.00152329416588019 0.211832404585552 0.0175236921614526 0.286343860201925 0.129978903820503 0.0750091897596607 0.137043749501081 0.140744905803946
0.237824459664258 0.0648317518632081 0.123896486781826 0.00392812304788526 0.235753250138991 0.0712643309609063 0.00710558240748314 0.255396015135443
0.177980142298468 0.12595485088873 0.169823641938856 0.144728555356787 0.000974769159086026 0.115628175783202 0.125257408125372 0.139652456449499
0.141096775572147 0.134271396524616 0.168895035205798 0.0979113064451586 0.179630074772191 0.129297450613649 0.0428823684753527 0.106015592391087
0.123997582783733 0.0671043761911607 0.14492438554031 0.110658630048015 0.123620521634018 0.158915534669796 0.129439116320753 0.141339852812216
0.248725545654759 0.0107911352102521 0.0603768519876176 0.22120305017372 0.004592477103342 0.274707799939508 0.0673629249042848 0.112240215026516
0.0022677871939837 0.251487827244151 0.15891745371815 0.0208326093918125 0.0189267336403784 0.211944309682429 0.194544616190438 0.141078662938658
0.0410685120245571 0.180144794700287 0.182807322192523 0.212094602854273 0.152507896661317 0.00476574809038852 0.0289704571303427 0.197640666346312
0.0305690937765983 0.238891465667729 0.127421653515739 0.00386171789320098 0.0913039677225753 0.215567853296804 0.234713923190218 0.0576703249371355
0.153175767078071 0.160459738703265 0.0804552129474833 0.0780757190646017 0.0129068289980315 0.195157560929866 0.139866100248128 0.179903072030553
0.175242508437598 0.0872011065154556 0.214771044123133 0.0530720220691382 0.104846107817427 0.227305079750117 0.0341772766524543 0.103384854634678
0.246241347618146 0.0921508216263455 0.0443637243641879 0.08955983588112 0.0745636671064133 0.00594696873972102 0.274101846041643 0.173071788622423
0.0111199592757802 0.16136212572885 0.0591208044365668 0.188209417057861 0.0361978970319216 0.223945045570036 0.157937277858851 0.162107473040134
0.154485779001235 0.0909227789795804 0.204817254304356 0.0835259033692553 0.188160278082398 0.068227359076694 0.0969405679768349 0.112920079209646
0.0893606464808706 0.0539228611713735 0.14555125381363 0.152381338037228 0.0528908892696922 0.225545603375804 0.178232128786907 0.102115279064495
0.115195914540408 0.0416183488224386 0.203632390755542 0.173430197652401 0.0720091882370315 0.15771336903345 0.100940026489132 0.135460564469598
0.143109730834417 0.157772360158709 0.0858903870480437 0.165288029437859 0.156316689826095 0.0450462351804957 0.107005440337078 0.139571127177303
0.172569817813683 0.159372448777514 0.210090939972633 0.105038260401141 0.10388061625441 0.167013204418465 0.0793760615844047 0.00265865077775013
0.181172588506437 0.0105389156738107 0.241739589569203 0.0376457252152242 0.171782772037923 0.167835696970545 0.0468472672976893 0.142437444729168
0.181488829652049 0.180135963557172 0.109618970962425 0.163874973121127 0.125681732096678 0.120851286783302 0.0476403238969998 0.0707079199302467
0.00875179150788438 0.026624662252429 0.274078472098462 0.185347132099023 0.190557699275926 0.0746170547497212 0.0993647154852767 0.140658472531278
0.175646366838567 0.0380597653977925 0.183641889630001 0.0652038680740003 0.148721226381698 0.121948141217671 0.22642171308415 0.0403570293761207
0.215708700053908 0.0821521161748842 0.21897458226736 0.0357926118656268 0.201807595838287 0.0608509463932276 0.157811948339187 0.0269014990675196
0.16829265558543 0.0407717166559216 0.107050490589313 0.0429320711203526 0.092962538255982 0.188823954732836 0.197982898546204 0.161183674513962
0.228622650507173 0.172541995055521 0.0194611913784036 0.142630540597768 0.0677421828215445 0.0193248362630088 0.245222678454456 0.104453924922125
0.0328794550973541 0.087676683062856 0.201620060020239 0.247757050709598 0.0221234278546275 0.101995861859822 0.0570247853208864 0.248922676074617
0.114803459006974 0.160289139138049 0.0157446158619962 0.160631580529595 0.187405114110761 0.10239348704506 0.169944779706728 0.0887878246008351
0.179481399074715 0.168556772100874 0.0845792013627223 0.0864020732343065 0.102817092088169 0.109372958631471 0.0795198023118664 0.189270701195875
0.136888350554745 0.0534578538485873 0.148602918079243 0.21460614926472 0.0199389719846533 0.146048813850714 0.153234962400312 0.127221980017026
0.0257082759523501 0.028817216443528 0.111865372981103 0.00621690732684154 0.227779622835775 0.167886880319426 0.245637520513053 0.186088203627922
0.224686143106494 0.23423031130772 0.0338470848259096 0.0174716064466557 0.222223233912009 0.023853775502158 0.146385659064804 0.0973021858342499
0.105421174362946 0.0973621789144448 0.0968165860638624 0.0175241779728047 0.0898733348749798 0.193486035394623 0.145458030525487 0.254058481890852
0.218981362136572 0.00416820007000181 0.15902508353716 0.241371455009783 0.00334119350094032 0.0653672507707448 0.059102057936162 0.248643397038637
0.0570384521441587 0.126543448340148 0.283285918825059 0.0313170425807537 0.0382447368791262 0.0856163272033074 0.156128497908135 0.221825576119312
0.172019020962574 0.113006544285683 0.137906830952079 0.048624613508237 0.225398589159031 0.0575887912256677 0.149115033203615 0.0963405767031134
0.144129109271726 0.177435855598348 0.000649806136282701 0.263831932679978 0.0897704804587565 0.146932894940764 0.0424440228201615 0.134805898093982
0.0879257259004366 0.111780787017258 0.0998538064728693 0.25818849487678 0.064078949086632 0.0726380179968009 0.147927479694254 0.15760673895497
0.211399345987587 0.124211263586861 0.216223313159247 0.0348303104265739 0.161220795436442 0.0424391104006312 0.18030224785679 0.0293736131458673
0.267544144284554 0.0243883724419576 0.147907499479607 0.241581776819743 0.186353242181874 0.0515868442956555 0.0504272854388351 0.0302108350577742
0.196733508819744 0.0700112443599923 0.1663124265952 0.193953353307653 0.0298933992339557 0.0696643128782342 0.0716009308992666 0.201830823905954
0.0157029208938266 0.235187043103542 0.131660913036726 0.0876873598179472 0.00711757457727036 0.233236878634183 0.239230148287286 0.0501771616492186
0.0535077167071698 0.0049790858562136 0.224622049783515 0.205864784996683 0.110090369454199 0.0417612410509577 0.160800050488285 0.198374701662976
0.128932307142547 0.157723350460136 0.144443740236051 0.155010932619239 0.0745753366617538 0.0757846531230644 0.0820078506266515 0.181521829130557
0.21091365424412 0.118161097516831 0.185942856172815 0.019297349907651 0.221821732181532 0.133950767728248 0.0305805242285447 0.0793320180202594
0.181168445644965 0.0364227179288497 0.163919744572217 0.181336564816605 0.196202663924249 0.0983301232821409 0.071186207268298 0.0714335325626752
0.10108542783383 0.0968978467329387 0.0858065541073319 0.223426976173928 0.127072385092175 0.245158768127082 0.079149181438654 0.0414028604940598
0.235979409821318 0.00317405010565551 0.216365121929584 0.167354443579422 0.0191637371753006 0.0723627515474845 0.125962010160249 0.159638475680987
0.194692740215786 0.0139706512848645 0.184211783441365 0.0932047079355895 0.0395224074423884 0.141951431179076 0.218546213736204 0.113900064764727
0.0517464143563405 0.0568203283706968 0.237624267266163 0.212675087738404 0.0619723340777889 0.0881180837624707 0.0269630846610303 0.264080399767105
0.0272878089404373 0.172471893608585 0.191941792694358 0.1979869856805 0.0227716111837578 0.129253998706466 0.112037032762753 0.146248876423143
0.0697961319223155 0.0044468304518985 0.159509186579669 0.268490756507618 0.0917790717626844 0.273380987612371 0.0414470495254252 0.0911499856380194
0.0379787818592609 0.153429624571056 0.0500816691172686 0.130334529044277 0.036899737783243 0.221939655081035 0.0286940470891183 0.340641955454741
0.169820603818015 0.232113268798343 0.187055892577232 0.0630940153603843 0.0455999932428512 0.1665918509399 0.052628590863544 0.0830957843997311
0.0620079245535725 0.192163781463493 0.0115338808985121 0.036683690993364 0.164099844085027 0.210463402610402 0.181733687706747 0.141313787688883
0.0648643129714567 0.166043380514177 0.118221825626192 0.0955312300675873 0.183700754464554 0.156622804448851 0.0317022982323093 0.183313393674872
0.170745073913991 0.172861425035726 0.135882871909223 0.0743296484750249 0.0947064759598757 0.0971596244521151 0.087181201827368 0.167133678426677
0.119604538025124 0.0485473493097751 0.209528866528707 0.0173352149144446 0.19714968109052 0.153478127278971 0.150476557658666 0.103879665193793
0.0538762766470832 0.150244989488051 0.201411737907121 0.105812731936622 0.138347170675637 0.103229915063765 0.121646391034338 0.125430787247383
0.133510881157933 0.0482123789271808 0.214273886209995 0.016242100087674 0.218301535941773 0.098742764866951 0.0913192247344684 0.179397228074024
0.152598733982373 0.20038532778696 0.000474095206569073 0.214075712187571 0.152135529096346 0.0793233446750881 0.158691853274085 0.0423154037910075
0.263891085149004 0.141064003388688 0.143015894286906 0.0243343220848544 0.0928328971374705 0.0110401464462359 0.106800759163914 0.217020892342927
0.08643239554767 0.0232374487304621 0.141655975087958 0.160048566060309 0.174005487278209 0.0700730819608187 0.11353618159744 0.231010863737133
0.040050432081799 0.0534669080209411 0.149762361929372 0.179011901639168 0.161071333468927 0.0916544511748929 0.177356479131887 0.147626132553013
0.123855484904993 0.168023595646901 0.137957051202521 0.102604440119465 0.161120068352667 0.164649314869945 0.0348904535002538 0.106899591403254
0.158246523987239 0.159964534458444 0.0921033068425707 0.200643916813664 0.05772895597233 0.0139788702296599 0.153713138706284 0.163620752989808
0.100224902110856 0.00741571660915733 9.75320983197569e-05 0.217098236443211 0.201851337523185 0.0112935247126857 0.262423158180561 0.199595592322023
0.236489230525042 0.210886034357748 0.0585272448087808 0.0273774289948986 0.0187804654484364 0.200959406912934 0.191052891946686 0.0559272970054741
0.127303815031217 0.146839677188908 0.289319260458838 0.115251445087957 0.0387334089596067 0.0183736001754185 0.184761986703676 0.0794168063943789
0.152288055703828 0.0985578633985071 0.172309697932402 0.220517955929427 0.16836626737228 0.0125905589695867 0.127601174344881 0.0477684263490883
0.0632464096309732 0.135720664569723 0.191809104757333 0.172870269330429 0.100615526737676 0.0561086940467492 0.130706409373615 0.148922921553501
0.00709014388497031 0.212267146289275 0.11451544745207 0.00575144413361399 0.232415472193589 0.107772954471532 0.125364227886487 0.194823163688462
0.124295521809975 0.15106129584759 0.124176705655127 0.156594612933709 0.152707158556357 0.102237935234154 0.105625036638843 0.0833017333242448
0.0975070539118131 0.213948630264491 0.136559752429016 0.161846723748564 0.0891863023901499 0.102971339163089 0.0505210813181872 0.147459116774689
0.302007639069992 0.0642354234889234 0.0522357663028206 0.0202143963424747 0.177956970804689 0.0179274370352532 0.262001201267374 0.103421165688472
0.20436902403302 0.044274039213009 0.0939228265427045 0.1832586128737 0.0140553946649376 0.265691330368297 0.127949966409852 0.066478805894479
0.16260060244615 0.159560267093081 0.258474998696417 0.00268847196283516 0.283034778569819 0.074376560261972 0.0248055613625019 0.0344587596072241
0.119296870991932 0.0684583365975367 0.120069494148572 0.0274600156898327 0.22671233715361 0.226828999686834 0.146933265243219 0.0642406804884638
0.0937352094869855 0.241206686571045 0.00852815545788609 0.094095985914923 0.0726239655500558 0.224556909484908 0.25849068492294 0.00676240261125663
0.0633403147321153 0.0519217539276834 0.189625436611885 0.219315161282012 0.0188358884333552 0.180952924125349 0.134446170843607 0.141562350043993
0.163399009838847 0.207480007446109 0.00520097090075589 0.108901679373399 0.0327604621411997 0.128420299860814 0.16326648919905 0.190571081239826
0.0823412653110112 0.201447663820126 0.234334939485302 0.0640222725784132 0.0532694748731416 0.0968316145802345 0.0412264087269243 0.226526360624848
0.0898971452574776 0.227780647935051 0.187083564947827 0.0341076293203312 0.203140954281485 0.0193343973250311 0.0381173877209772 0.200538273211819
0.11430335011592 0.139467532425627 0.244815004607493 0.0052512612375968 0.246517863073966 0.00706958195260912 0.12677435086755 0.115801055719238
0.112917758069056 0.0490288010072469 0.153540302548375 0.16078216229789 0.0619302362422807 0.108229701690915 0.174287924838309 0.179283113305927
0.00113940936356413 0.0133166120216066 0.215890595149571 0.227429294447392 0.210813299762551 0.00568394850804813 0.266265872161 0.0594609685862682
0.163628190134288 0.0054431033597958 0.301847531540428 0.35494864293846 0.00656935199176417 0.123643118747088 0.00804443638425366 0.0358756249039214
0.113422683368811 0.195809374309128 0.118028538798579 0.225760630058129 0.0800999080530521 0.0324328315992714 0.0814020032843671 0.153044030528663
0.0392055745799227 0.202824511205717 0.164582763354006 0.0661370083587534 0.177817962828031 0.184098649568693 0.123989934971412 0.0413435951334651
0.138173607335994 0.00840765376019784 0.271450901840721 0.101202349598715 0.234908788756846 0.00463969792389356 0.0316022949143901 0.209614705869242
0.195074000178983 0.161835166387003 0.0716019956990146 0.0055270399095143 0.0266675943628584 0.187059306402794 0.185432011984506 0.166802885075328
0.111826989735899 0.00401803230787143 0.0640731360061118 0.152921896266035 0.208253840591096 0.124086118597972 0.314961637343249 0.0198583491517658
0.0624957519086333 0.0919603978216118 0.19165075914193 0.194896319327737 0.0893694858055516 0.0394358777934299 0.121379593737952 0.208811814463155
0.20479945363307 0.0335056833794518 0.0817569402765566 0.014244066895164 0.19473235776467 0.0431442549399021 0.158703664330764 0.269113578780421
0.0424594044229799 0.197511782980268 0.00603349792237621 0.110098301427501 0.164188299720912 0.250388790167421 0.166537376525314 0.0627825468332284
0.164587902355559 0.157833810039412 0.0643168274257985 0.132319418799159 0.117569988536421 0.130278798374225 0.0543157716515392 0.178777482817886
0.178075637618691 0.190394914544188 0.107787198108901 0.196922512411912 0.0728023699283567 0.0355370278747002 0.10234263110053 0.11613770841272
0.0978945764279172 0.220700709194389 0.0640646130316943 0.0914121579982355 0.202574784669953 0.0243819012783873 0.0475567461877261 0.251414511211697
0.0481570183144455 0.0286860377512052 0.09034270037641 0.168319815250981 0.0648193913027254 0.0611518794182939 0.198888885132097 0.339634272453843
0.233495020783035 0.0462758172298858 0.124228713853463 0.0183002640201921 0.00738118730032498 0.0755412866911869 0.325458698491743 0.169319011630169
0.0949650444279029 0.0707422652090346 0.120877224465782 0.0518081153161809 0.142389659045302 0.101444301300292 0.0381409624940184 0.379632427741488
0.0937471493537685 0.105104149383345 0.079941403474244 0.0593716789657934 0.239801791322988 0.046952391084977 0.105537214581809 0.269544221833075
0.0777061606329484 0.100448450518508 0.0249668311194066 0.203369533832406 0.145275464268819 0.176366466725638 0.078955882994045 0.19291120990823
0.130857895486317 0.157635222580806 0.179249124366746 0.0891777668353022 0.148812211885148 0.0739350037571618 0.0517505862038025 0.168582188884717
0.0508979759702861 0.0743608289283682 0.249346805361117 0.256420743612684 0.0370623764266469 0.150599203297117 0.161729614337129 0.0195824520666512
0.171539606947864 0.0949721134747641 0.196859087347688 0.12463470140599 0.0691975689957532 0.103919334875984 0.116181607104185 0.122695979847773
0.150808726937996 0.0454990421051648 0.245027832658217 0.182076056729099 0.054235546262624 0.187699931291816 0.0611171579484146 0.0735357060666687
0.0598310098403415 0.233779246210293 0.13525389220231 0.0994251359724709 0.164959836933206 0.0893684228233245 0.20837595135943 0.00900650465862425
0.148994401137871 0.0441600252117548 0.165322518982859 0.0577938647497456 0.152169509645506 0.184063963281121 0.201173404605609 0.0463223123855334
0.143679936664827 0.25886126819394 0.0319152964107385 0.18666737397253 0.0829814196520248 0.0375383660826165 0.229201124876991 0.0291552141463323
0.176930503334389 0.192359841015852 0.00201894316978593 0.046888592588214 0.0858626737164459 0.112907833330137 0.14882651914245 0.234205093702726
0.0293090730730835 0.195541280433582 0.190760725239193 0.165976194395203 0.195337444884624 0.0489538951161172 0.0803913838669106 0.0937300029912863
0.0918093965039861 0.0751850112456058 0.20275126939571 0.177735863630265 0.11573316726082 0.113366200440733 0.0745033712684425 0.148915720254438
0.0348375081981145 0.0191695214207213 0.0259120702029174 0.322089346058881 0.0380230075215871 0.357811758272399 0.136890214182139 0.0652665741432407
0.18567954276784 0.0634345849216897 0.352574381993012 0.221322099668971 0.0511098903222429 0.0634715037115002 0.00933897718845207 0.053069019426292
0.222369473167255 0.0508893112407358 0.095089157652395 0.0930956288234378 0.156983484259224 0.156003867379572 0.209590935930602 0.0159781415467783
0.0281723645280999 0.11053405205903 0.0800755950599226 0.0453275752623563 0.298819903287934 0.169210099543754 0.20071808923144 0.0671423210274632
0.0302630397472294 0.102621566062468 0.212180823479803 0.0692554304383069 0.268309228302139 0.0259762037962094 0.150824821488374 0.14056888668547
0.162481424961006 0.0910577839543741 0.108341719085826 0.116226446156403 0.0616162867401343 0.20537008208137 0.131348691504508 0.123557565516378
0.196325345598938 0.0661098085426968 0.237190932804939 0.00602673332802238 0.0563030305690672 0.126181717500073 0.162904508809208 0.148957922847055
0.127559646796242 0.0397630294808972 0.223933592662859 0.0516216388550824 0.21268668160043 0.0426915920467757 0.225861384362785 0.075882434194928
0.22179198565415 0.0548985206831209 0.135267134305488 0.0559135280761245 0.0141056234567599 0.178746184088961 0.12040889641149 0.218868127323906
0.00445518056173466 0.0970312593340791 0.0840763514546174 0.206185180315489 0.0947283708080936 0.15266304353145 0.197316414109533 0.163544199885003
0.16867106841878 0.335265707430738 0.0210051119020772 0.186430502095934 0.0498044815715802 0.00995078890637539 0.0162920066473267 0.212580333027188
0.15044815839474 0.199565000629585 0.131487705627422 0.199857636770007 0.0163522964520163 0.0229691222260541 0.139205430192832 0.140114649707343
0.194028578517442 0.0883066062488945 0.177731102449646 0.0103574424451579 0.0707095809607617 0.171825181970716 0.109895276974095 0.177146230433287
0.0629564897520738 0.132280634108826 0.205008718489589 0.154917329245723 0.0929222738413791 0.0670606300738805 0.0899974899425183 0.19485643454601
0.187662934519205 0.143663477684747 0.155753594422609 0.158703934071058 0.119752152522725 0.137244745785066 0.0318597019080103 0.0653594590865796
0.138113299463298 0.0254938354740312 0.111695813446423 0.162173853079717 0.163086433442603 0.151734984411584 0.0685520818187053 0.179149698863638
0.0930944184567439 0.15648849066596 0.124051624714433 0.0164802724202662 0.0519046037588107 0.371845616892607 0.0256465801364034 0.160488392954776
0.00110537351906915 0.0465329326435466 0.0703677569420587 0.31478383729322 0.278351000414455 0.0712233700397513 0.160278928913251 0.0573568002346486
0.207471049047034 0.0630663965039415 0.107828691512285 0.0723692713164678 0.166835798799313 0.145229126132647 0.0113454104983226 0.225854256189989
0.0593010317632208 0.104825075485404 0.163712648890797 0.0962814831631456 0.142036837826628 0.171037245998852 0.101332910077186 0.161472766794767
0.166405085222438 0.0898981085765172 0.103487592291929 0.0795479515152078 0.120111868308143 0.188532236605233 0.10698285328291 0.145034304197622
0.13880148315952 0.237202590493892 0.000818617289013504 0.0481503536384467 0.0867429109423671 0.112982224373287 0.141508872790332 0.233792947313143
0.128037174355992 0.16708058478764 0.127653032645357 0.179996696385948 0.0963047319836915 0.0884786929581557 0.0800596642773006 0.132389422605916
0.226486859012749 0.0546468026095516 0.12461728497905 0.17335955725392 0.0304785573817172 0.185318356485164 0.0850834966415921 0.120009085636256
0.1213515611197 0.153467895600843 0.0856063180682426 0.155851095979561 0.12250955946682 0.137992860809181 0.118471472660699 0.104749236294953
0.199195111681054 0.0936809376380057 0.133132194896809 0.0760748834691441 0.130906411930941 0.126127019592764 0.016558305425018 0.224325135366265
0.147451313038243 0.221475248339533 0.0160736037745515 0.0532551277805739 0.100155289418034 0.131910105102602 0.223691446267865 0.105987866278598
0.030402580139213 0.101432914869489 0.297995379987337 0.0659374495798605 0.179606160282753 0.125696375983787 0.13926113417796 0.0596680049796003
0.133336654694724 0.162051400287801 0.132864015490265 0.0927154285410806 0.180760002027985 0.104738944745481 0.100263235118296 0.0932703190943674
0.120966201684157 0.0414583027065824 0.172407987548237 0.15700140730638 0.143786669551668 0.144120577233241 0.155246809781873 0.0650120441878619
0.211070922401225 0.169344390460437 0.0436186270916552 0.17121863973867 0.039696862803593 0.123360765182968 0.199589589895366 0.0421002024260864
0.13823504591975 0.15871407169372 0.080655198186029 0.108617909319011 0.0961381269600411 0.148541637212457 0.101970534096172 0.16712747661282
0.0499271794981547 0.013449934250068 0.175367978327821 0.222435676039994 0.08996509666261 0.194487788310193 0.199015325851488 0.055351021059671
0.0213311329597387 0.00693592818148845 0.0365133417281705 0.0898200638256565 0.425943632010571 0.0458644902432103 0.37195396193848 0.00163744911268475
0.108069599356325 0.113350952444666 0.113585220327336 0.183188581531336 0.211668325119894 0.224440635181553 0.0130299355415746 0.032666750497315
0.0811321812743662 0.233215767836868 0.0823330328008391 0.1171894992863 0.238366102470796 0.10089556900322 0.0432470548499947 0.103620792477615
0.11439776384878 0.00213554887332313 0.120546896417857 0.154615821386813 0.258680267993639 0.0263000583381305 0.169800705508717 0.15352293763274
0.152205775247734 0.22311843548948 0.10886493170414 0.144620046037687 0.0406415317919311 0.113532634958271 0.118861560632711 0.0981550841380462
0.0666899442237407 0.197645711957683 0.201812862997259 0.0981766283357105 0.0782873736320322 0.174134311579541 0.130582968128325 0.0526701991457084
0.0952374186621703 0.107689256411089 0.0655820341212453 0.145687427729746 0.164575830936727 0.142476387067352 0.197648630075638 0.0811030149960313
0.115105868147108 0.179157286163228 0.0459684392843451 0.182536820898573 0.0337469159587644 0.14462936026034 0.180444682743876 0.118410626543766
0.0211004605954664 0.0410342901291938 0.115791649558483 0.0140530993554929 0.292751400876829 0.141190979177603 0.191085777051787 0.182992343255145
0.00885896114255375 0.0123519456386483 0.184645761849201 0.163051192560324 0.179695255305354 0.174489347607594 0.195999785922694 0.0809077499736317
0.202280652280646 0.174698638043043 0.201045486902252 0.0223616250273442 0.104614873335285 0.0440859427045878 0.160641571777555 0.0902712099292873
0.0960960604761062 0.220798292309183 0.0106280346253431 0.0348723910805988 0.0740135340261936 0.231075727903663 0.046558953511539 0.285957006067373
0.04894681316923 0.0780776312960426 0.0052479616764728 0.117466392499774 0.266539864415609 0.222381050227981 0.0817358279257021 0.179604458789188
0.00917298060510839 0.181426691384772 0.16377476788302 0.0685082693832904 0.0969211824754448 0.148603164157395 0.176872428111229 0.154720515999741
0.172310418160027 0.154933032521697 0.156991391116549 0.0748746454768547 0.156028370382349 0.117769398620174 0.00463563240158065 0.162457111320769
0.0887819799523908 0.212751304850584 0.120926501714101 0.0708722077312042 0.0380346033740249 0.203348523929804 0.263185413424003 0.0020994650238874
0.0486905341348379 0.0140478995293349 0.0382234183437783 0.209375328457144 0.0918166131139532 0.16088058016843 0.233549611494202 0.20341601475832
0.158251207614372 0.145225956015275 0.0224042187717564 0.0843336792800233 0.0423158190720284 0.0612765375748845 0.279638725742824 0.206553855928837
0.163487863684827 0.186763401967302 0.173002657963915 0.00347463086630685 0.205948312826153 0.19823971230045 0.0579369935345596 0.011146426856488
0.0506136369539035 0.043367802339534 0.116929050600066 0.093510538625801 0.123118407400094 0.211637904781251 0.0654580327695676 0.295364626529784
0.195304006766392 0.141065236014409 0.0297871318645354 0.0797334787722172 0.0903866559876469 0.182906751154727 0.245101818230981 0.0357149212090919
0.0181552969143278 0.200708583775583 0.107210189045634 0.0564518232406183 0.014749928427526 0.215060664104445 0.200961770428623 0.186701744063244
0.203511136073045 0.0567591652363758 0.215608226136666 0.00394523195261353 0.0844698428890788 0.129953959513942 0.166492743427133 0.139259694771147
0.240349998259898 0.0372629927769347 0.0871131852931206 0.13517795266133 0.244214339378982 0.0275272624506959 0.197942721018425 0.0304115481606144
0.164372028285737 0.130248597830167 0.146120482983872 0.189099963342932 0.061654393659317 0.00414497455856726 0.127299874604092 0.177059684735316
0.16358627760348 0.152375955818732 0.0196074809282717 0.0689104310973111 0.0952281825564815 0.133400166877177 0.278344070203111 0.0885474349154355
0.168216635009031 0.192474600172429 0.162398746246583 0.132210797347906 0.108208755171066 0.0482440546330713 0.0728771600690509 0.115369251350863
0.169808577916917 0.166158550518404 0.0540220046600561 0.19317321520423 0.164890160775854 0.0865524539502557 0.102401616225929 0.0629934207483535
0.114805501481646 0.125135137314826 0.167397880346706 0.151823565670127 0.092183268204864 0.00297984287086904 0.184292838263782 0.16138196584718
0.0601345508482044 0.268823702057572 0.0429200584171218 0.121486590356484 0.280928919146216 0.0361096521003643 0.0892375859708698 0.100358941103167
0.192205768131825 0.133679521571731 0.021757364177029 0.164127658534583 0.11454972812849 0.0791659034842954 0.175731931842181 0.118782124129865
0.0743378387940529 0.181050824904605 0.155239791359766 0.0217555140952055 0.0578558849474128 0.108497310548138 0.152545994896235 0.248716840454585
0.22154788520097 0.124090060861925 0.14221036504275 0.020953645461514 0.25916622841188 0.111337445855497 0.0504309532780013 0.0702634158874631
0.1343940683238 0.101019628893993 0.189027866933456 0.0121229758911019 0.0714756678091674 0.148043284157024 0.0432153953579536 0.300701112633504
0.101388987809218 0.0961810384436425 0.144363807704036 0.124403770377266 0.113983410046436 0.149449193256133 0.0818320386677864 0.188397753695481
0.120040359231441 0.13860057508182 0.147219236287931 0.283539294553419 0.0390091731193799 0.0695350913513031 0.136938763284693 0.0651175070900126
0.272293051050573 0.192520172991738 0.00534397777885416 0.119850213999585 0.0480666543189618 0.257420585564628 0.0775008236983694 0.02700452059729
0.100593415838589 0.0392507802337867 0.0882022175806944 0.188657073995529 0.16458773533088 0.227076838327385 0.10041916115742 0.0912127775357153
0.213673600871993 0.0510567286996532 0.175719110688004 0.0950474267418749 0.170406007262094 0.161590643348383 0.115293444347155 0.017213038040843
0.0108285471275607 0.0619198820803025 0.0403087004721311 0.131339106921845 0.216426167043462 0.200509336642629 0.186393202840028 0.152275056872043
0.174976872534046 0.143195065571458 0.10554484331827 0.145152212420133 0.176267358191144 0.00362291446939035 0.124300069443261 0.126940664052298
0.0384678799390374 0.184910408935371 0.225287521124036 0.0382535270026163 0.221865897745071 0.00705971511568437 0.222790440125795 0.0613646100123896
0.0406626278243544 0.20544696046773 0.251182067061081 0.0429894112667288 0.0150964860012483 0.236289944172363 0.20004562682229 0.00828687638420354
0.111727433330565 0.0747396309375239 0.0147441942522427 0.0895788988441421 0.277064138791115 0.107360788867349 0.00218349662137345 0.322601418355688
0.152524054748729 0.142624245506085 0.06915782826771 0.13072099165236 0.0958396634070656 0.1466168746525 0.151202435045742 0.111313906719809
0.00575237091746899 0.208439722749764 0.0890038966042981 0.0436005971417857 0.190869836936488 0.181444402680175 0.114387358997274 0.166501813972745
0.0173896329612883 0.194717192857284 0.0395342462967996 0.176696383155988 0.202215895259518 0.101429112166466 0.193279623032355 0.0747379142703007
0.0844616712959465 0.191479618566927 0.088784009523681 0.0679146383913367 0.245105238184859 0.0586351142190266 0.0893284700272978 0.174291239790926
0.0552558570527641 0.0537515075414111 0.13171554492242 0.113200930476049 0.219289579625615 0.137885617915587 0.135106570152734 0.153794392313419
0.164281320574305 0.0929725566610993 0.177298275512917 0.0476818723644027 0.105098846783965 0.153696714596698 0.0961687167460585 0.162801696760554
0.107800099009206 0.0965598197223977 0.135812454493479 0.181831588127189 0.187312404468853 0.0896868548977778 0.0107291701353874 0.19026760914571
0.0598891993735224 0.178231393676086 0.0583328613423314 0.0448490639547387 0.252694282560996 0.117284755539094 0.0402533518359144 0.248465091717317
0.159898882815742 0.152721936678036 0.203840386495572 0.178982019462086 0.0106513861335108 0.103179790938491 0.0854353631309378 0.105290234345625
0.175180603407834 0.198771415623678 0.137060004544504 0.204624168051713 0.0591238217162999 0.0269469110948342 0.0818256136534312 0.116467461907706
0.183751888445368 0.0697845051535884 0.148223413398519 0.132748851360765 0.0195495761780926 0.109227756480324 0.157892387275296 0.178821621708048
0.0346407509550092 0.0612755468356125 0.0826983001629602 0.258500708735063 0.189898056122127 0.0903441339187519 0.188525129542049 0.0941173737284267
0.178625636463674 0.034975563856935 0.0120321999579086 0.203074708068341 0.195093725752805 0.195837084961481 0.112649747019194 0.0677113339196608
0.183695231851209 0.155710674619636 0.00965874714935208 0.0504016703843785 0.0628454332768918 0.208343564629192 0.163568569591817 0.165776108497523
0.179161179793329 0.0780468191809974 0.177290244531435 0.118772651959099 0.124011589552398 0.140453708201099 0.149067386933774 0.0331964198478685
0.0127484481944131 0.145048625040998 0.0683468774846589 0.0992124298870847 0.125155928480309 0.141834235564108 0.273603958022209 0.134049497326219
0.0171209208416917 0.0329009009230676 0.250029506865498 0.0510917986105068 0.080202719029052 0.140407508280332 0.135986790119858 0.292259855329994
0.136768860342008 0.150404869693503 0.147567455400244 0.0401390295544576 0.00744716957413397 0.125583479857088 0.226526253300779 0.165562882277787
0.157047409667213 0.164207954687471 0.176956650078893 0.0571325557304198 0.0735285513975585 0.144520245572259 0.0607948750864878 0.165811757779698
0.0156318905875795 0.0918076047868078 0.173264260397089 0.225876587104638 0.127690661447068 0.188104469740725 0.00752303551626674 0.170101490419827
0.112868558395886 0.112704268268046 0.208103021324237 0.151290349484622 0.0460240499094769 0.147353389640572 0.0142796771531896 0.207376685823971
