0.0508449392503727 0.161573661632726 0.167522901944693 0.171474748048678 0.168584479567005 0.146059988122753 0.103745152343983 0.0301941290897885
0.206433194362266 0.100399503675399 0.0178684751113464 0.130925580874043 0.273633217777651 0.206724887357559 0.0202484075003779 0.0437667333413582
0.0539073036450552 0.289084906083012 0.0362287043063148 0.244285323857582 0.0973705213870643 0.0644706956201069 0.0183396971990623 0.196312847901803
0.181533291144553 0.125699285358016 0.203809850171246 0.00867978188259294 0.220679455227646 0.0676858067785953 0.0042534728237383 0.187659056613613
0.27867362384041 0.0156464643019321 0.00333283492217689 0.190295110336185 0.0350309570988055 0.100767266697149 0.016485352951597 0.359768389851745
0.156193230214636 0.164414232657858 0.140035767174297 0.0527140938632229 0.0281057915328866 0.18409126725553 0.18650755442828 0.0879380628732894
0.0990809378689716 0.205763388828138 0.253421836927649 0.0966668528987234 0.071157454583945 0.25853210186096 0.00171526400329307 0.01366216302832
0.101721686889507 0.047798121798842 0.056665218540425 0.143989855204761 0.269092664588668 0.179791328870962 0.172745209639521 0.028195914467314
0.0834990962466434 0.115588480275342 0.131883278595491 0.112208726077026 0.186658072028689 0.178501826329711 0.0542502072048542 0.137410313242242
0.273474960297481 0.266345027808276 0.104046115711742 0.0509675374800387 0.0918635669020213 0.0348482520061966 0.156909299673623 0.0215452401206215
0.1258642287173 0.323974628733019 0.175488280118 0.0572744664015356 0.0268573209536074 0.0145914528490614 0.00209991919006896 0.273849703037408
0.174450369098161 0.0511603076777108 0.145525530798277 0.169881373486731 0.230106174100483 0.0997174993018498 0.0223227101834273 0.10683603535336
0.088919704659044 0.243319218920321 0.209631602307964 0.0981507689442586 0.21567232490165 0.0214880387458434 0.105520197325769 0.0172981441951485
0.0315077124282069 0.166097943317572 0.233822815541995 0.211273703127784 0.139350457241974 0.00194602798738658 0.195786258778332 0.0202150815767486
0.0237259155896402 0.205698015002838 0.044653202960103 0.190537066923921 0.0382431978354295 0.189629556609897 0.192188889151656 0.115324155926515
0.145644769322861 0.204104018951178 0.00540877541689975 0.150507510985593 0.0994801349651255 0.166306549424896 0.192350911926471 0.0361973290069767
0.0298483435022801 0.0942780518705345 0.234387212776021 0.0214464590348423 0.111204674998248 0.1670499863957 0.285784097279558 0.0560011741428161
0.0319835877334186 0.0106957030872983 0.281423956882656 0.0732178311340248 0.00640403507249952 0.284365293211517 0.0786732403216938 0.233236352556891
0.192750136136946 0.104796189740195 0.0532558951927763 0.200112656673408 0.1198548314932 0.139243239744042 0.102817367295445 0.0871696837239876
0.0869230501710545 0.28377324473202 0.14531871955505 0.0331703767868004 0.159241017270745 0.117902863564011 0.134163908870915 0.0395068190494039
0.174435447636832 0.00336234550989074 0.0341188538077939 0.0370232216477937 0.234917944864385 0.190058152038336 0.16958965611492 0.156494378380048
0.228879393926971 0.241374477556762 0.0370108707155013 0.0214134440079688 0.0281826774861942 0.136720659831942 0.042922508696351 0.263495967778311
0.0131823735096495 0.0713850176470042 0.160804719239459 0.177794638450905 0.0255860770246978 0.0852492346153175 0.152165307739945 0.313832631773022
0.152242668037373 0.0480230808609542 0.118364185279878 0.151227941011129 0.164967691545425 0.14560696144541 0.0501472834254127 0.169420188394419
0.183487701134461 0.0764189510588989 0.206891694153563 0.16877900411561 0.134663084691957 0.0555504373351373 0.0516064858929981 0.122602641617374
0.0533236062996757 0.167111194801976 0.144272231617481 0.196608753418409 0.119316311955241 0.170785991625206 0.110266262140802 0.0383156481412107
0.0842568375521485 0.0142148383923465 0.0615249466034655 0.258022213724816 0.230541322381545 0.0822543475267095 0.211948976120062 0.0572365176989066
0.163050670203407 0.0943890086778099 0.0627952039245082 0.158492545764978 0.0987943775594997 0.170401761820171 0.147036704681235 0.105039727368391
0.0552393596032507 0.103581880564969 0.106836453975217 0.0335142078523726 0.218956920454979 0.0128999192837649 0.238333769343215 0.230637488922232
0.0229483237023498 0.227140405050299 0.142477454105016 0.0982579303525348 0.165275698227875 0.234597147989124 0.0748030885641059 0.0344999520086953
0.214065107416781 0.218685361148742 0.0751660167457439 0.19618235020058 0.109979742228439 0.113033086953136 0.0710467373479158 0.00184159795866277
0.174193680677403 0.104356384721947 0.214130848062824 0.0848971266400019 0.198854434359027 0.0772297486223656 0.139493939584573 0.00684383733185813
0.014595322409634 0.198009548211024 0.170824467391838 0.0585176884011591 0.214938364400646 0.109928685872375 0.0415615238290176 0.191624399484307
0.0210389724940824 0.16212538260109 0.0652835283895972 0.0323233735235812 0.216665325650644 0.0380915761892812 0.215999374858833 0.248472466292892
0.0146551630790282 0.160020967985148 0.116603467423404 0.171487983964709 0.14958853361416 0.10372186685724 0.170347654602552 0.113574362473759
0.0565956662774753 0.00463456801346003 0.13052728673551 0.24845192961991 0.1852657260651 0.143700260941495 0.135777239985953 0.0950473223610948
0.105121699062829 0.130768975504096 0.214811991020703 0.0253971318488219 1.76107501126611e-05 0.076546583304334 0.260456778292721 0.186879230216383
0.049889685237197 0.154703450165076 0.04794237633653 0.0646000985208537 0.151609247821642 0.126439101708489 0.213963014532056 0.190853025678157
0.0115117601540834 0.170546344065183 0.0260760505040301 0.212164039019842 0.16966712032565 0.0670609675667625 0.20389520607828 0.13907851228617
0.114353961191775 0.190450029761936 0.206475597274082 0.128641439304461 0.147323235311754 0.0344339001013444 0.0462851684542367 0.13203666860041
0.194384689280564 0.108890396191857 0.0477584788443498 0.0737561682183152 0.173956180955764 0.0260548955628924 0.162311337923423 0.212887853022835
0.174016597438349 0.143360640263742 0.0943842295776262 0.0212758023096006 0.124211236533731 0.184816487470608 0.104849301933714 0.153085704472629
0.184405175492675 0.0376396982887308 0.163885311480434 0.103586503969464 0.163611186466932 0.180277822719662 0.00906939989813694 0.157524901683966
0.225670168707921 0.210289252636013 0.0512543438281818 0.0631609651637099 0.0743383431642949 0.0328067046932932 0.216834428071557 0.125645793735029
0.204858939772694 0.0669750481064617 0.0363716337482283 0.127797194376388 0.183492895832758 0.0443910834410795 0.150505065956162 0.185608138766229
0.022700064164255 0.0722395165781991 0.157276996802744 0.184863182701604 0.112128199559743 0.235147523555729 0.0328205521170315 0.182823964520695
0.0254431517705683 0.0858714483441541 0.0909655546034504 0.116688651833021 0.225211883074436 0.236040245967886 0.200027996816629 0.0197510675898552
0.175628706105304 0.00277959299552081 0.0379635205126406 0.231856641604157 0.0833753462992137 0.204963007846016 0.02140309164113 0.242030092996017
0.236529345216572 0.175752824346222 0.134811113376434 0.149109597319603 0.0500805257801664 0.212375739250711 0.0355483993577583 0.00579245535253478
0.205115787745599 0.0196820927180594 0.161199907175793 0.100621437773279 0.14745202771517 0.0597402753601353 0.0976353215476645 0.2085531499643
0.0887409284224324 0.128825885854802 0.154780958557304 0.134471393567835 0.0604606969729691 0.219064303571032 0.0226922834922698 0.190963549561355
0.177262429570153 0.184931648605016 0.162933811801075 0.118351297289948 0.048429696662442 0.00637396981971929 0.142773068142582 0.158944078109064
0.174425624911049 0.0277337681081036 0.229659515638315 0.394917925169697 0.038903530794358 0.033324021910443 0.0874331698328573 0.0136024436351764
0.114684159517199 0.211579821103515 0.223152961617748 0.173179741283131 0.0712988255760105 0.0642247097562361 0.0509536845022762 0.0909260966438837
0.122938110416858 0.192063354749303 0.0421248291736602 0.173933409599707 0.103992827751468 0.0980457661767349 0.230112742088743 0.0367889600435258
0.110377420500627 0.0793865946095526 0.193577775663534 0.109426486256395 0.131227692653198 0.00726330925863308 0.23096328138837 0.13777743966969
0.0274220452135681 0.204156056043443 0.20646940593163 0.0326316437565479 0.140951094007959 0.173653326411535 0.0819457703876838 0.132770658247633
0.0176466764069112 0.00906633679679361 0.201838720773914 0.165966719857998 0.216498986439457 0.0543824154050735 0.203902747864609 0.130697396455244
0.0411017676152754 0.052524119255802 0.128973674429629 0.112685788674965 0.213510584792409 0.126525518351197 0.109899494547139 0.214779052333584
0.15824020513295 0.0585397546084584 0.242063621617543 0.00383762485459044 0.202929512128384 0.00821563379872936 0.264179996014803 0.0619936518445419
0.136990046413218 0.154666607167788 0.161268245035338 0.0313146479708887 0.174365428620766 0.0739871149984378 0.0817245539946885 0.185683355798876
0.161772610393069 0.164018271832089 0.00993569720819608 0.0967518081928145 0.19202577209077 0.177023117043132 0.137783322744958 0.0606894004949708
0.000782888449909775 0.0798290890789855 0.108319359719585 0.237945838312598 0.0707085286653215 0.14129966775507 0.126750286012768 0.234364342005762
0.20268260005587 0.0821554361619103 0.109718440614254 0.123767684885333 0.217294795138655 0.0292582909086786 0.196060503224291 0.0390622490110081
0.173820881000216 0.0757205746090844 0.063617707810259 0.00304228697837647 0.158436815104152 0.176042886523446 0.221468664536036 0.127850183438429
0.0121332764703666 0.10971423347256 0.191771811454165 0.0247863558740698 0.219286651098377 0.127622875884223 0.278705720240506 0.0359790755057325
0.184976582675402 0.1844741045281 0.0444221875892763 0.123574890544193 0.0945001795555952 0.119769864337864 0.214242247822645 0.0340399429469251
0.0659812355344735 0.324811141854988 0.0670608541162798 0.0953082423619076 0.129778924273305 0.0725031612297681 0.159845755513031 0.0847106851162472
0.204524801193582 0.11311188892738 0.0502455487312534 0.137430273688441 0.127681315768163 0.0815612137395509 0.0909580584508119 0.194486899500817
0.167316952094632 0.0498003780059843 0.0761218216369938 0.164443043673641 0.266776742515262 0.0636352153004717 0.00319125170251084 0.208714595070504
0.0157510395685361 0.241322353675662 0.123264829806676 0.115709271192886 0.216363068192446 0.110167935344533 0.104234870277424 0.0731866319418363
0.0587226445379655 0.19383180669895 0.176323059033466 0.0788311986065594 0.174281560630424 0.00973179463194338 0.177751177451286 0.130526758409407
0.0368344883026968 0.00768685466198611 0.101988619221036 0.154525545175527 0.300074103337309 0.215659003190615 0.167062574192757 0.0161688119180732
0.258379166288718 0.0752336671656652 0.0983769992174598 0.0927391145098375 0.0927525241505123 0.0341567414626085 0.204145068435379 0.14421671876982
0.0619046008598915 0.197893354936501 0.0292425413598252 0.146190957685303 0.185924995455194 0.130860819632212 0.157486054701163 0.0904966753699091
0.0361283843250673 0.0152776582873955 0.299524852038917 0.0352835722004572 0.242519749174115 0.271499565344174 0.00844865529459638 0.0913175633352773
0.1640540324948 0.195609641402202 0.188903142334935 0.18600494920211 0.0488962280136942 0.0801955617779498 0.0705183146639951 0.0658181301103141
0.21652534394529 0.0113389019805773 0.0639401257255371 0.288170854207657 0.0625496450436948 0.0181850455894684 0.255746311983666 0.0835437715241096
0.20045189433815 0.143743407092403 0.113603083363241 0.132868695801859 0.242476176859762 0.0349521027349513 0.0929160316132681 0.0389886081963657
0.100543678078115 0.163728754970087 0.0900925655543057 0.116557221205913 0.181917990345934 0.147033971861238 0.132310722233394 0.0678150957510126
0.0762085854556719 0.296438495941868 0.00813540371798629 0.153171974364928 0.0227187725978638 0.02289080504213 0.273645347770619 0.146790615108932
0.119382694515493 0.045119360860024 0.0905356029943711 0.126726922795339 0.0373264435012837 0.209647883394505 0.197673580103946 0.173587511835039
0.0902535502223045 0.0795218295924004 0.186204658404504 0.107824459003015 0.220399993161917 0.156489638517743 0.0675287580710989 0.091777113027017
0.122478139599405 0.0768783912208338 0.0308263218208825 0.136722487422135 0.294924861344381 0.0845049142064489 0.0493826313030145 0.204282253082899
0.221984573622802 0.181404909201588 0.242300512123285 0.084275896156742 0.0481915604030242 0.0201459374416112 0.0137608405902592 0.187935770460689
0.212506149466455 0.0725827044184785 0.103497280526867 0.113035502935537 0.132188037359751 0.153719982445308 0.151605892704756 0.0608644501428466
0.206583722643036 0.0618523526094275 0.117006844202218 0.118133737938207 0.104927556854306 0.0867264545316242 0.0999685636438651 0.204800767577315
0.275371677328957 0.00512268347972898 0.102638928707792 0.0608120448086802 0.228527320327808 0.0267033124032137 0.22977296475388 0.0710510681899402
0.0380589473397733 0.102845940130695 0.0943920094379374 0.224705495466649 0.0931623264912521 0.0823684465593852 0.230102989527519 0.134363845046789
0.00348153299370143 0.0216604714753476 0.283875746577523 0.109792501476499 0.274470910427512 0.265783369237055 0.036919951237823 0.00401551657453776
0.160380966232495 0.0561521730355556 0.0794853609690089 0.251654727801377 0.221960603874079 0.0520606301543191 0.00412706269243236 0.174178475240734
0.159505247405344 0.0309517665501283 0.00764722167528575 0.221143641922651 0.122742540700403 0.00633295300859653 0.243506005514227 0.208170623223365
0.0923245241302877 0.204074069009218 0.141205375095988 0.155878914883743 0.133632347744657 0.1870721124769 0.00387391649491311 0.0819387401642924
0.268436429749795 0.218155408586353 0.0237825317308314 0.147296397854398 0.124360087336659 0.0366023799506238 0.0254552305818769 0.155911534209463
0.219460879526353 0.0434101835442033 0.0225379138273909 0.164966141419617 0.224648354623397 0.0577474626687346 0.0486194795521922 0.218609584838112
0.104773790444499 0.22275059837418 0.108877702149957 0.197527030756001 0.0468601441148281 0.0209230496840835 0.116291766538961 0.181995917937491
0.205224248192952 0.118972849091955 0.12476197992508 0.13996846552867 0.199425341433219 0.0892821545341166 0.110734163574623 0.0116307977193849
0.144330092570854 0.171342783521793 0.176394151872207 0.168378114475476 0.078703646681224 0.0117752861533806 0.121579493642838 0.127496431082228
0.115668635379943 0.157926601612255 0.0327370424332004 0.17147540313415 0.125272894787394 0.195928459985238 0.14095116162347 0.0600398010443495
0.0584899504439479 0.0728900786199982 0.0379479278827677 0.0467021421289015 0.247752449992583 0.0906857994414446 0.126740102120933 0.318791549369424
0.0982872693322635 0.106613092110239 0.185266932596748 0.0256941594571485 0.162426806253069 0.194572060362598 0.0449506870452717 0.182188992842663
0.030027011834837 0.217604457651958 0.167462784011856 0.0966193682184225 0.0271212119867325 0.231423875184476 0.0981240807388848 0.131617210372833
0.198031368092073 0.161116070451879 0.199162580297615 0.0453447577839317 0.0438588939913899 0.181979156401825 0.0843072631055164 0.0861999098757701
0.0935984388616707 0.0695071024985531 0.0637609608111201 0.219880563275008 0.155389971973874 0.104938476387059 0.0643777179832605 0.228546768209455
0.00587610586534916 0.195137930577104 0.0607408460743573 0.166763471502477 0.198206596200062 0.14531922205261 0.114421528437764 0.113534299290276
0.206900546383021 0.109752393961749 0.132011194192212 0.178799775081291 0.192331850606104 0.0410210897456982 0.0239940228612141 0.115189127168711
0.202431761763649 0.201052740735522 0.00528433156587979 0.0791352413415178 0.203245424462062 0.00776399626848848 0.175561777304984 0.125524726557897
0.202857358608201 0.180457349353916 0.1178481238686 0.120454699614038 0.0857085181099042 0.00551021305069771 0.196019871297855 0.0911438660967876
0.0372939197234225 0.305372708764032 0.0874946397838288 0.0374357998726003 0.0314165913754475 0.0187693762894863 0.182618233656282 0.2995987305349
0.181783243727348 0.138316943133902 0.141460915952445 0.17383238410762 0.0512293123670814 0.155464160228057 0.027398183880766 0.130514856602782
0.0597898601082933 0.210368524065221 0.0973797497397692 0.00232293680335079 0.0735580156065089 0.0897111797337963 0.387289050504556 0.0795806834385043
0.117435223513252 0.106743696505217 0.217878923272652 0.188621451233475 0.0566816590540439 0.100298665637352 0.166259021628249 0.04608135915576
0.204467071261031 0.0306227916591193 0.196239038223072 0.146497473415852 0.0789575386831254 0.0579742432293423 0.18234263579615 0.102899207732308
0.121834036266998 0.18797214196077 0.193916288221661 0.186889459511501 0.0721500655627839 0.176746706086617 0.0238470827949998 0.0366442195946686
0.0257953157710932 0.0893824984220257 0.133583426559259 0.323118011839938 0.0338513889094019 0.0921390742179481 0.277544303612339 0.0245859806679957
0.0971542581283968 0.140996999352007 0.1288762814034 0.146610519346171 0.102720445815582 0.143471097221885 0.054722564298549 0.185447834434008
0.161281765825791 0.0727830189263044 0.157134607029902 0.0581455155472034 0.156149790547407 0.178075987370028 0.0841154445842632 0.132313870169101
0.114943427551112 0.118296218647787 0.176716315615522 0.186404712032098 0.120319397668592 0.0616530566436529 0.123373359006321 0.0982935128349153
0.0525251271509264 0.184534235008454 0.162661530395283 0.0875068180261305 0.13640889253943 0.115481842671903 0.14764057292967 0.113240981278203
0.198844402957142 0.208124697166127 0.126741621127837 0.0330975229959143 0.116982028509171 0.117278458838865 0.0439759377721775 0.154955330632767
0.250647637888119 0.110371001468092 0.0745485339015898 0.0165248899407995 0.0971240715234035 0.339196923385017 0.0530273179820674 0.0585596239109113
0.142389885420297 0.214245462963353 0.125885855189927 0.239144738122412 0.0312720628791132 0.206813158113371 0.0354949143211195 0.00475392299040824
0.170292350403379 0.0523570759583902 0.088882872106088 0.0847182021343081 0.205938634429791 0.170461155986116 0.215330250955746 0.0120194580261815
0.0526400359896167 0.188932426369414 0.0417374144498622 0.218844126274534 0.18350677412273 0.0433416115293541 0.105536737495719 0.16546087376877
0.0871524505012543 0.168371354085454 0.127552392333627 0.215400122839908 0.12795309950433 0.0402571579494872 0.18985737049202 0.0434560522939201
0.134202724747659 0.0473545594988025 0.114195792119168 0.108272739325697 0.169048746661225 0.000167558279586752 0.139741718598039 0.287016160769822
0.1798660481244 0.171764594314347 0.0168043681744479 0.116089765450646 0.051765104324245 0.14783901965307 0.165427864457492 0.150443235501351
0.166320483336853 0.165075034410925 0.101991810461269 0.0871071742476362 0.0869910925514663 0.0993186668424948 0.144220227212004 0.14897551093735
0.157810885191762 0.0875279453535755 0.0913326638269026 0.215186926394549 0.0159018098617623 0.223575499702297 0.0621144869305135 0.146549782738638
0.216829994035442 0.116679320312488 0.216051344574987 0.127648910826841 0.0148593483036206 0.219109175300139 0.0864250849808412 0.00239682166564132
0.17309766712348 0.0331498467550615 0.141282677210758 0.136043284632829 0.157836255434884 0.118460406740102 0.0825604843827604 0.157569377720125
0.242944271197842 0.169748602458791 0.213963640909034 0.057243465191853 0.0920192621677845 0.00248064660355348 0.213692687807541 0.00790742366360139
0.1227443333304 0.197694641647694 0.0464240056900583 0.0227179778555528 0.182533912611646 0.152048230149655 0.0386900198035086 0.237146878911484
0.161203520100427 0.203708435315676 0.0957487121651904 0.0929382097070151 0.134618790447173 0.0184575923416166 0.189344486117829 0.103980253805074
0.0646949640269126 0.215868298616656 0.103573473650896 0.0443681190770996 0.00871940893559894 0.181141838839222 0.299917978735563 0.0817159181180513
0.216446142188674 0.10645551048324 0.0813318476535932 0.19128867982415 0.0906859773511085 0.0397822003506893 0.0680871852302599 0.205922456918285
0.159201695479394 0.120608279917945 0.130331473018664 0.171241028629375 0.0714282271852152 0.147207540241685 0.0895739804726325 0.110407775055089
0.126854451262287 0.12593153156068 0.172201573311043 0.0947104065031492 0.0584016161206455 0.173564498379072 0.167445873794017 0.0808900490691064
0.141040271888264 0.183657962564388 0.0215256893394369 0.170028567736658 0.0737344685177106 0.165998747973053 0.110920355754786 0.133093936225703
0.184620031113643 0.174217275443341 0.0498405552598154 0.0872054679588527 0.190778982331546 0.0894194725978837 0.0699703676354216 0.153947847659496
0.0617663673708034 0.167954730031513 0.0645226071355109 0.260331611463544 0.0135396201908249 0.116105009498137 0.0867866485767306 0.228993405732937
0.163613081288923 0.0571847396572834 0.160236763250073 0.0743634190487845 0.0982457905912784 0.171192214526212 0.12109839719404 0.154065594443406
0.0537570209160369 0.171979721776312 0.0988193910641454 0.183825837696691 0.108427978688246 0.174771852612484 0.031589043322709 0.176829153923375
0.19335277295676 0.167964154148742 0.215433439135894 0.0794197574930143 0.0832862675025136 0.140894267725631 0.0234141274473716 0.0962352135900737
0.208771325243491 0.208931915228242 0.0723782362543824 0.0455404469174414 0.131766568558082 0.180948369213816 0.0579409298809927 0.0937222087035513
0.116353883455222 0.0140921711951536 0.198153838722412 0.0235699243763237 0.241244569167339 0.103884232528917 0.0807092277945814 0.22199215276005
0.146343597027374 0.160460417870083 0.134153199065127 0.112149882174728 0.183870863470014 0.0113330332822868 0.0753169601066496 0.176372047003738
0.0453111199693691 0.0073856886578729 0.157490257825657 0.112357771568494 0.194252103798857 0.0970256951921981 0.187631269243625 0.198546093743925
0.235860298903252 0.270174244448374 0.0038056318871715 0.0179321564426283 0.120364685045229 0.179163236199605 0.0299500438375335 0.142749703236207
0.194654239623863 0.152609375755387 0.141637663448862 0.0949740554975678 0.00380543401254799 0.136423380335177 0.0501444052100619 0.225751446116533
0.149975681429079 0.0813198575818189 0.0921740746092904 0.161793137270385 0.108808625878789 0.145048962388525 0.128943376633291 0.131936284208823
0.00675413456513215 0.167747003887298 0.0933163025037615 0.000352408111494794 0.202909335492648 0.191960509970231 0.169884950744911 0.167075354724524
0.123468800700621 0.0559150372196687 0.203130290945344 0.136371774521145 0.0158594207156251 0.115408551529968 0.198266498913843 0.151579625453785
0.0658868540024484 0.145617196755029 0.0652294082129086 0.180535271952574 0.192830653045894 0.0602254838698839 0.14631625579369 0.143358876367572
0.0685143722786267 0.160675421028206 0.111407128558952 0.0298207504103814 0.171816975657568 0.154756385773543 0.128604455909818 0.174404510382905
0.0981633975023125 0.189738702208594 0.109795251843427 0.205102421624688 0.0800467259379533 0.0669085350438231 0.203536765994668 0.0467081998445348
0.133397630059782 0.190833359764888 0.0188664292022412 0.184448722688431 0.0980624147256866 0.00124575559445003 0.0894948784910996 0.283650809473422
0.0883493462477608 0.157115430929503 0.0616464961277495 0.191144091530407 0.206032669730747 0.0466466132998816 0.00210860890055441 0.246956743233397
0.178690011026358 0.0669112266170944 0.0369600200947301 0.0747930568989183 0.010900430415468 0.247224237604644 0.146871509177084 0.237649508165704
0.0771382519234978 0.182502623886623 0.161845838121711 0.147925060869837 0.0485414691016803 0.12643597455351 0.090353624947927 0.165257156595213
0.0327708214778722 0.234076986707987 0.00951593615423483 0.181809392369915 0.188533205395756 0.223115410955162 0.115692016514498 0.014486230424576
0.209071093359523 0.0302704828841221 0.154260689125144 0.181543964287587 0.141467084250747 0.0606767031474868 0.0618861042584092 0.160823878686982
0.192547795574026 0.033872270751537 0.120013150509895 0.162217007601405 0.0727966910390817 0.204882724141704 0.0728790188037393 0.140791341578611
0.0895303394042574 0.253844780243598 0.127433732316034 0.153396645896786 0.0451683307597954 0.073431723082765 0.0624144879717946 0.19477996032497
0.0165644134230996 0.0892940399339562 0.222177038637117 0.194156146877599 0.0401124080006465 0.049862950922271 0.264640423358206 0.123192578847105
0.174192014448853 0.185335713463732 0.0875729750612872 0.131283304576608 0.0362032607108498 0.0766757814724977 0.100855370918033 0.207881579348139
0.022179145083798 0.199818182026891 0.230283376821811 0.14054667906706 0.00245283983304987 0.206466715933084 0.155195995455714 0.0430570657785924
0.188968715852842 0.106805099629581 0.0571775919661904 0.000886403345141526 0.209187722506426 0.0841371504687212 0.147534570284083 0.205302745947014
0.0116778172580595 0.193854060729543 0.200416918572299 0.116690947409099 0.153891835680449 0.0334461623549748 0.0661232632516932 0.223898994743883
0.0634283990687085 0.0615307967111165 0.0493447740915202 0.00975003807118202 0.280528584069064 0.137160019395244 0.266788578150918 0.131468810442246
0.12194318710551 0.215573830626182 0.194643534544476 0.179772644961118 0.015029274398877 0.0782496034058407 0.125232374876006 0.0695555500819908
0.151699968192256 0.0211456963569713 0.213807271227548 0.0670962493943433 0.216286137959525 0.17893875295279 0.11111656955627 0.0399093543602959
0.226091512301162 0.0253370326941068 0.0431440198133066 0.0655679967993987 0.185484665100781 0.194121039254129 0.170478549218839 0.0897751848182774
0.0343533842513365 0.0566877930898718 0.13340157077891 0.113849308696174 0.223626950249982 0.0891434384184416 0.247974636708644 0.100962917806641
0.141370985385695 0.0629861042012118 0.0541225131971972 0.264704170850588 0.0954674190730609 0.111393654555252 0.153355367130257 0.116599785606738
0.0135174225221954 0.00252478409326589 0.223452859606854 0.157669644328847 0.259671266826292 0.0759045887635912 0.0755702215192284 0.191689212339726
0.134085594256847 0.136668202211817 0.00205002469888563 0.208362398489022 0.0317857304340176 0.186207447978273 0.239237914750463 0.0616026871806755
0.0593640105194042 0.229326555287227 0.0041090389081156 0.0936430088102635 0.0980993311660353 0.210042083735363 0.235211292998725 0.0702046785748664
0.0792162243828666 0.0850826970245029 0.145743078493857 0.0316691186740026 0.139025607255321 0.205379398503231 0.130416443871925 0.183467431794294
0.193330152290143 0.202806771298714 0.188987354486602 0.0160654174352815 0.0733671545033591 0.0264137043065909 0.248571191088974 0.0504582545903354
0.192258395543548 0.0761179235927293 0.107173394412742 0.1735580037639 0.11687315573643 0.189052283827158 0.111491128157597 0.0334757149658974
0.232284665434231 0.196259269182545 0.0669633616734574 0.0759254006342134 0.125154385215427 0.229628722569888 0.0223324533866236 0.0514517419036145
0.0614689099876727 0.252988997730612 0.101864407757253 0.222791840274365 0.0145007345820137 0.200856264388311 0.0423548331890526 0.10317401209072
0.07686464230212 0.136442522792827 0.154857003423801 0.155348211090313 0.188108508942385 0.112050347328421 0.0859588949010653 0.0903698692190669
0.0552388089008488 0.0203772655053461 0.223196005603082 0.191492133158514 0.191081628216708 0.12681620150781 0.0692336892510085 0.122564267856682
0.0147006557468727 0.118673068764548 0.0812204549887384 0.208445695284863 0.0302400649722055 0.145794914574619 0.238160822941464 0.162764322726689
0.144968386617269 0.144393446009934 0.22016689281321 0.0775241813765526 0.113801118380056 0.256512335456172 0.0150832959550214 0.027550343391784
0.14804780434857 0.160692235531521 0.103874981439799 0.164445479695039 0.0997074468638227 0.0873354106102072 0.0778556288758621 0.158041012635179
0.161812881728212 0.100441026338151 0.0955337818409467 0.149092180110218 0.143885136883184 0.0363425198843652 0.174569232013223 0.138323241201699
0.161515472432417 0.0717401474455558 0.129003058674954 0.0357659469074237 0.114633221728586 0.148992933265569 0.166641044332392 0.171708175213102
0.179920513636665 0.0985208329914168 0.117791843488561 0.192971012570007 0.0593757518840339 0.110241674127822 0.0528921412799847 0.188286230021508
0.00507312140406993 0.204709344568654 0.0374008176765988 0.243241531790497 0.169899891031288 0.0680693091687181 0.174731986928526 0.0968739974316476
0.157124180330249 0.00144525919335333 0.200484302970825 0.176530074957341 0.0573701823247634 0.214087728333803 0.0364789375540052 0.15647933433566
0.000780031301659306 0.106313879945126 0.163956134709071 0.0785224653407122 0.128672730209019 0.13629550756497 0.157570065419263 0.227889185510179
0.149116375537961 0.14074500094686 0.171319070094161 0.129649621285802 0.0188501570041837 0.0934907890110955 0.135354938540655 0.161474047579282
0.175558427552691 0.20519001912471 0.0293257695181091 0.0121910671561177 0.15122958939854 0.0843934572414286 0.172067291985342 0.170044378023061
0.111504685076903 0.177721820380438 0.222451286274939 0.0417844642388848 0.0719303800371241 0.0704793328022708 0.153996957630628 0.150131073558812
0.14065649203601 0.0975524353976389 0.108593680082231 0.0243845879413821 0.0772577851939615 0.196250538479047 0.155015626836615 0.200288854033115
0.234982577345243 0.146688327562143 0.146954171304442 0.147265964746667 0.0656090144484892 0.078759936455401 0.0167221581493881 0.163017849988227
0.0417798300512266 0.229804323985095 0.166572178241858 0.189039211091827 0.0339756914273348 0.166351584110289 0.121552010930046 0.0509251701623246
0.0823595183233338 0.0842708803123037 0.0051636553802341 0.016128880142008 0.104293280852093 0.234512356030581 0.241190698931528 0.232080730027918
0.0918691903318371 0.0578976816034453 0.221213334713568 0.196198760564772 0.294742868157625 0.0104680733289256 0.0243578544734871 0.103252236826341
0.171683187708159 0.134452217633917 0.18807785939383 0.0111932330910317 0.155467146250547 0.0168725223962304 0.1623879508112 0.159865882715084
0.163078801381673 0.0354615958267063 0.0418894498054756 0.198718775520489 0.027863766525071 0.116529422775202 0.169295950308187 0.247162237857197
0.0133579226546749 0.0839462763074338 0.199101245038152 0.222861274036606 0.0744062997744656 0.0322444894664488 0.169565714920609 0.204516777801611
0.0367476948624924 0.177504273141078 0.0631856637048317 0.20176553638745 0.167863381263108 0.159693681241845 0.0477442282837174 0.145495541115478
0.111694614033498 0.1644827167681 0.151698533779313 0.119599607997408 0.172673098527433 0.0687390811207604 0.161538418526931 0.0495739292465581
0.198405104371653 0.197772519863242 0.00286964616929893 0.102992012089842 0.213657458606659 0.0768728603865467 0.00414631678414284 0.203284081728616
0.186904642615941 0.100972362006993 0.115062970008389 0.14124499233531 0.0415515479107817 0.17175686696456 0.206641609981268 0.0358650081767563
0.159628785141255 0.186410224008138 0.195050663620131 0.110497796797691 0.0234520729010275 0.15761438566087 0.0786494955221109 0.0886965763487758
0.268367015259651 0.0640389825854368 0.121703281671962 0.262030083095758 0.0299834308432803 0.0543257030120869 0.156946041746238 0.0426054617855869
0.194612603899336 0.176907771447939 0.103723067014588 0.00324162465949772 0.19419585005792 0.105793019169471 0.0908835848312646 0.130642478919985
0.211206360816337 0.212494243419214 0.120862070681587 0.021425061451008 0.0240396648056615 0.0868727651942459 0.0930910493941856 0.230008784237761
0.159658608005257 0.101267552779343 0.0212456435563828 0.211989039868168 0.0573741192835736 0.197461819036512 0.093110035693932 0.157893181776832
0.132767674376111 0.0361042303864313 0.0810610792502441 0.191100426697828 0.231830278506964 0.217183283144518 0.0465300665027103 0.0634229611351935
0.205668246470806 0.0114178760553442 0.132001288403981 0.0565507072290575 0.0114791131842935 0.169419043686125 0.193519420108119 0.219944304862274
0.0806622289210793 0.0664533322069797 0.123829631654338 0.259571705869883 0.0942589175720584 0.173581796276123 0.128606345504795 0.0730360419947428
0.182565110789099 0.136893058907216 0.141334688930059 0.0693626251751131 0.0619731009468612 0.117695028834189 0.103612647611224 0.186563738806238
0.0541686519907331 0.153708412329488 0.0854675814762654 0.0337138788942669 0.0591172686309795 0.190814208887134 0.207323040279136 0.215686957511997
0.347688224630071 0.169989403231837 0.0283619053158698 0.13739971790583 0.0775535722925499 0.0820861199875205 0.0555101911231714 0.10141086551315
0.0701805644128315 0.104146519153872 0.181320622833834 0.00192720284988757 0.146734074292731 0.188885987581119 0.105741956330015 0.20106307254571
0.171211872502897 0.0400488183523892 0.0162236352393642 0.19597564983962 0.225453556770139 0.0533438587355471 0.0686101817744121 0.229132426785631
0.193092385773539 0.0253621846782237 0.149836001718583 0.0482078259530982 0.19951134691191 0.154389678668861 0.128172484309866 0.101428091985919
0.223418410075145 0.00494248646509955 0.236710040133356 0.049439592925814 0.0524425212667743 0.134806775472544 0.130936375526372 0.167303798134894
0.163761671342495 0.11375420521664 0.126905213164157 0.102331942114491 0.0883542380526531 0.071534975030059 0.168306544949185 0.165051210130321
0.149427424339625 0.133328140342987 0.0607233978987886 0.0483677541969284 0.143547527625328 0.170170018623057 0.208462646781066 0.0859730901922198
0.0187543671647799 0.172811307655158 0.0920071064636658 0.134803793387645 0.176936739169989 0.175984105822875 0.0888645623233667 0.13983801801252
0.143791407566366 0.000439946780211048 0.135228121077277 0.106651346741207 0.0133926236067161 0.186699555898355 0.219296014315611 0.194500984014257
0.16977339438697 0.0677252809919329 0.187043719815752 0.0942584996481514 0.187923446293749 0.125189059856795 0.0548970318015076 0.113189567205143
0.153410365186487 0.16313656686879 0.149288054335582 0.180444830002487 0.0270086475078258 0.0440505123591667 0.10298391612255 0.179677107617112
0.101576304410784 0.242061695393884 0.0561092073627049 0.248142973619978 0.0183819665172581 0.045613568504791 0.133752046869632 0.154362237320968
0.161907629382293 0.272487209812925 0.0274505118232002 0.217682076446788 0.0270250208766315 0.173347317002622 0.0950217254743683 0.0250785091811722
0.0478856069638486 0.166302422996214 0.0920143497037929 0.188283520657182 0.116491621501591 0.189638337637946 0.122892060811564 0.0764920797278609
0.0812870631079628 0.134854691803031 0.19114036684044 0.247853724594146 0.133693093609365 0.0793982625349581 0.0924258447967677 0.0393469527133296
0.0111760331464962 0.216088629905289 0.132773159569935 0.175311365698923 0.0998604109425475 0.111877101917885 0.122734332597683 0.13017896622124
0.211714568850381 0.166665592741436 0.108633217853024 0.151953431998179 0.0970057361603535 0.0852767440602408 0.0475558677273487 0.131194840609036
0.0148867008316526 0.139316527360857 0.213457499260635 0.150253638851237 0.178380397276724 0.0078208706672384 0.107701581232543 0.188182784519113
0.262878952752496 0.00950063430804973 0.096350306567607 0.0591688905490084 0.0725452090371591 0.23791383867737 0.0411638579926626 0.220478310115648
0.00364496983851277 0.05731354120814 0.20592416302889 0.155699919503697 0.198557492032543 0.126714526926449 0.0929141493180892 0.159231238143679
0.22896033429857 0.240696234836111 0.0405043978380335 0.114401310799787 0.117450862367251 0.172522726710264 0.0612849956458991 0.0241791375040842
0.0403172433579834 0.0465811913458269 0.123019256542614 0.14304745900778 0.248506146159521 0.206055642382902 0.0219713094492361 0.170501751754137
0.208110574225377 0.0896635694023489 0.167589870552988 0.0358136495597587 0.0909473258697516 0.0607777583515592 0.183181912463702 0.163915339574514
0.0541677010871138 0.0223589535536343 0.07524117618423 0.0581384350118955 0.180440050650625 0.234507007515645 0.296188640132501 0.0789580358643545
0.0113304358792752 0.221436327323912 0.19986059705347 0.139826800199825 0.0469507713056295 0.130799996159884 0.218189688708355 0.0316053833696491
0.239120264277533 0.112455951581965 0.161089262285994 0.0678746768091435 0.148237402487335 0.0706658097278931 0.0855131359591886 0.115043496870948
0.120385764887217 0.193393765333559 0.123205808456151 0.0908327060637019 0.0349283615266012 0.141196665951514 0.142918932629971 0.153137995151285
0.179731793356564 0.030112909726129 0.129055073735489 0.185924612007887 0.150902593688403 0.069457203356954 0.160696090349861 0.0941197237787133
0.055489956561487 0.128611283965234 0.127487915626874 0.246170681467298 0.0402822268032749 0.153288134186451 0.0727457197422417 0.175924081647139
0.0803798998524021 0.0565127308350735 0.0966944668517185 0.0209792777763342 0.120606382885461 0.160774407625196 0.184929922241912 0.279122911931903
0.0793447992286581 0.0864403613841614 0.182575801793297 0.169836971242855 0.147229878916892 0.178693936037349 0.0209592342643913 0.134919017132396
0.0443691864558776 0.257778565135808 0.27684575126121 0.10443661280514 0.0273958732891176 0.0563996381724563 0.19915718609992 0.0336171867804701
0.0774866692045471 0.133908170093613 0.0616522232959463 0.107083347750072 0.164092546999538 0.0774592535599067 0.169651086592517 0.20866670250386
0.0447068947565865 0.191128025593038 0.108491241949053 0.0824247917537013 0.194341633191093 0.195207156693569 0.112901351167934 0.0707989048950253
0.114506569887173 0.124540984683761 0.0634294547810656 0.196767677983462 0.1645302413978 0.130899983470388 0.00827370936789256 0.197051378428457
0.199647368555486 0.0297286524860691 0.204914105380484 0.0288991622848482 0.0698634809508724 0.13414799160966 0.00933920880185345 0.323460029930726
0.0684482487881161 0.132299183203184 0.10284222938979 0.0344500129822417 0.215251360615492 0.134672641650685 0.00839142065237268 0.30364490271812
0.137116868885876 0.0817825004431744 0.0505601613496529 0.0360977510615243 0.248257336823519 0.0344568102281858 0.219506115889002 0.192222455319066
0.0289641384973486 0.273752835334973 0.15618135760429 0.212025155190554 0.00787997407608649 0.0462915142276952 0.0796377485270983 0.195267276541955
0.118191548625305 0.0254724432179239 0.113577875963215 0.13840397099849 0.169248712653732 0.147719113766562 0.128448490804228 0.158937843970543
0.175750667188223 0.148775154279439 0.0883434926717199 0.114892612208622 0.186882763477149 0.129468317567116 0.101276240130718 0.0546107524770136
0.238457848574079 0.207037042452418 0.0787407910518513 0.0741658769804354 0.0426039604069701 0.0509436356870369 0.17138323151403 0.13666761333318
0.187248379380523 0.0238031935415184 0.0737455481126696 0.137239437825483 0.116245699110498 0.115596722801748 0.139125660869333 0.206995358358227
0.14681708430501 0.147561223610203 0.00932043408652672 0.0648377174986631 0.16918660606723 0.0556547871337212 0.234424479792395 0.17219766750625
0.0870018783160287 0.0769665160253188 0.184103479313428 0.174491288485037 0.130335942042295 0.0602888682150264 0.168730504952991 0.118081522649875
0.181467319199932 0.158275946353423 0.012594937045601 0.093433714591646 0.176543888688106 0.147288051048924 0.0673896832944985 0.163006459777869
0.100774940704951 0.168233541764693 0.321841536254224 0.0399848921795735 0.157105659794467 0.0777189796182573 0.014514450270385 0.119825999413449
0.0347463838815551 0.0211969950215282 0.114815357551312 0.139771490011857 0.251277843342326 0.0867159616033376 0.27380921391953 0.0776667546685544
0.0958544536889487 0.0890094105968561 0.241832026884792 0.0152256084922024 0.0615964668629902 0.110395125753703 0.18143701361899 0.204649894101518
0.167786720723024 0.120030162657579 0.0452553427430111 0.153428956335567 0.119750092101311 0.143989576976992 0.106100178914568 0.143658969547948
0.0014156623639268 0.0438377747041314 0.169203706001525 0.102713718688219 0.12652856060233 0.0924495150171541 0.195959291563582 0.267891771059131
0.114691170901 0.246315821776715 0.0484561615619273 0.0020730652154274 0.0746352738478093 0.211465125081079 0.182451868007707 0.119911513608336
0.0226314784595495 0.193013028176108 0.152831940112944 0.222233363645261 0.110841827027704 0.222885572773945 0.0725000134636231 0.00306277634086422
