0.0398042663645005 0.250961264992348 0.101942341323578 0.218401526342381 0.241798542322419 0.147092058654774
0.248557468307407 0.29920697244793 0.0290815273023328 0.00785602985751876 0.100271534407488 0.315026467677323
0.268420042555112 0.122168301707398 0.263102480291981 0.295118434141367 0.00850556569679222 0.04268517560735
0.138800728440139 0.209181582158231 0.192268698953974 0.167445545777472 0.189071922022721 0.103231522647463
0.187347886100534 0.226618690148388 0.112088645481016 0.082987157388527 0.171523723556489 0.219433897325046
0.263213961958071 0.248331955280779 0.0328211007907909 0.0412232887892399 0.129727670872248 0.28468202230887
0.346709263146927 0.0312451784665218 0.0570706081088404 0.184850358781182 0.255525907707983 0.124598683788546
0.147828779140523 0.296138888312605 0.205276385428676 0.0529175515841672 0.0639780894238473 0.233860306110182
0.0696205209778958 0.204846301146793 0.323205446322199 0.0627925013801248 0.246569989453842 0.0929652407191455
0.0364399496593951 0.0990777234854983 0.243590930197016 0.289820419377679 0.251586252333534 0.0794847249468787
0.0497331772187281 0.275194386697947 0.221296903909799 0.209192704466505 0.0349652928100385 0.209617534896982
0.0563404488471563 0.197149864348725 0.245119471264055 0.268912547589417 0.168577164291617 0.0639005036590297
0.36168207126214 0.133037035091641 0.110690061650373 0.0457462530512971 0.107482273430712 0.241362305513837
0.258477202906252 0.240542222835542 0.149555891459198 0.0341812369354263 0.143983055926766 0.173260389936817
0.0840963610789892 0.246828727796564 0.245288626710434 0.0266663357506107 0.160412782858504 0.236707165804898
0.0244607365250739 0.293758847328263 0.236644793395613 0.129367960955252 0.0649733668861094 0.25079429490969
0.137177157339853 0.247803241356739 0.128439576775101 0.0990272451770791 0.0985457292359544 0.289007050115273
0.231658146435843 0.143611912129445 0.107854346176645 0.275539249293345 0.217270526236441 0.0240658197282809
0.188023904235441 0.203142249568732 0.124944532588348 0.169105717182265 0.239794034772628 0.0749895616525856
0.0379249144325412 0.01733099037341 0.147462039759518 0.423852825814734 0.0430059538867728 0.330423275733024
0.0402263991165604 0.305411477994618 0.319683070515957 0.140724338854779 0.157710092240321 0.0362446212777655
0.0103928263341374 0.203336296254592 0.0644763982759324 0.292217551685936 0.260859261180804 0.168717666268598
0.400785032502786 0.328677787245846 0.0727893558091639 0.00189739780474674 0.18262515157453 0.0132252750629265
0.0349012463938388 0.282571726851172 0.139200692396112 0.13256914881074 0.177004841002516 0.23375234454562
0.0229822668734586 0.227686085931573 0.235639058326695 0.101792350691552 0.24216745461188 0.169732783564842
0.281515333421198 0.149874412289232 0.206893902609905 0.0635614369106344 0.237855609805825 0.0602993049632057
0.00380439493237579 0.0473083229542986 0.250793500962746 0.342645927529988 0.220264698033941 0.135183155586651
0.16146775643197 0.138714220367792 0.13515325455727 0.0309438742867185 0.0707213468996645 0.462999547456585
0.243661829664049 0.135245212302709 0.224801236510636 0.183178370243752 0.173731948639448 0.0393814026394072
0.170996549639316 0.298797600491482 0.226238485094384 0.201011786625903 0.0195244288656956 0.0834311492832194
0.124443620563281 0.0373452630959131 0.264822377779587 0.105169264189284 0.16921778172475 0.299001692647185
0.179278801046783 0.0236996241277764 0.216374952153432 0.370408613794238 0.0848997615908196 0.125338247286951
0.195299505077323 0.155364279361229 0.0621873105027023 0.213330066539104 0.186461568862666 0.187357269656975
0.0236079413512727 0.121186301601602 0.00333414014496032 0.182059795451376 0.50920849395991 0.160603327490879
0.221800743039357 0.131577867990169 0.136972340850402 0.0659629346613394 0.342526608117761 0.101159505340972
0.171241376847482 0.208648905667907 0.256705811243787 0.184020752442333 0.0807674498131763 0.0986157039853146
0.077755849527271 0.274123939752655 0.0920104753526397 0.0644344435368369 0.171693295052933 0.319981996777665
0.327411160687995 0.00141642310650086 0.00753921549649881 0.0300807988081589 0.285262607278791 0.348289794622056
0.129178040435314 0.115076492627452 0.234421366045405 0.172880736839878 0.0927941414301462 0.255649222621805
0.186886964009154 0.110503785297506 0.252362401863741 0.268209414958832 0.0846645628829552 0.0973728709878121
0.172183705262172 0.248032433287741 0.0491671754659316 0.240888785756439 0.281981690714005 0.00774620951371104
0.14193193032468 0.204514747249187 0.168106531513851 0.00204941486389788 0.225979315551339 0.257418060497045
0.175750717277369 0.248012015182071 0.0332198007301406 0.216457316926384 0.243236057862989 0.0833240920210463
0.140452255828698 0.0085021483881441 0.276860724458213 0.347558040799319 0.0420807454363059 0.184546085089321
0.245630020294882 0.120164953499444 0.187662139440748 0.208755536345421 0.220797465795546 0.0169898846239589
0.29988444275436 0.0372297339867539 0.030756676554657 0.180418418989081 0.15472684493165 0.296983882783498
0.0289602946683016 0.104114864273285 0.0757370277181052 0.417917209802761 0.035361893247715 0.337908710289833
0.322660990845872 0.286967703832436 0.181754124646617 0.143724259389611 0.0506139570206389 0.0142789642648252
0.0744270357111588 0.16957733781641 0.228043908914458 0.209119682321736 0.224857133394793 0.093974901841443
0.196833259621978 0.112757077244067 0.223551372423486 0.0227477875302756 0.205103114042713 0.23900738913748
0.111863863086378 0.176680353699759 0.134751479689381 0.209152317396473 0.181525276905565 0.186026709222444
0.179193294387961 0.181771468793516 0.270802304393464 0.104101051187961 0.264015905660789 0.000115975576308761
0.170320298290425 0.012120408758474 0.0659077485528465 0.162725931795327 0.29048035074011 0.298445261862817
0.0202659284087563 0.236488256236397 0.239832540540453 0.0729962074052768 0.274161488486868 0.156255578922249
0.203442636051351 0.0903499773707346 0.258471813273737 0.212123704903869 0.175338027833282 0.0602738405670265
0.131427665845912 0.0835478435173486 0.113411723307428 0.138042891341223 0.263863961429847 0.269705914558242
0.174802836829322 0.0140002482256902 0.182908363412047 0.283373465702108 0.114283565589929 0.230631520240904
0.183392652779141 0.104860015172125 0.189843634244991 0.126365317290805 0.236965401756514 0.158572978756424
0.0525812578478331 0.130912475164421 0.106303990971504 0.110682484785125 0.359783474310291 0.239736316920826
0.0543993236292698 0.207254442478148 0.280946866079302 0.333440072944375 0.0504313649074875 0.0735279299614175
0.282878855712099 0.184177100943149 0.0384979683296242 0.265599957205666 0.153916542172879 0.0749295756365827
0.178415992071388 0.101846964839077 0.0419666861618011 0.236530807877388 0.223135676143707 0.21810387290664
0.0733557145749429 0.0352197637489089 0.0804269586321606 0.146996034436222 0.437410861836175 0.22659066677159
0.185000998888261 0.202895136194306 0.18555444141081 0.136816223226239 0.0786954563850085 0.211037743895375
0.00382343876462248 0.194443599457219 0.167492764765254 0.258269888325416 0.297737286631006 0.0782330220564828
0.0581931697844698 0.250124656441711 0.0457689490005651 0.284518716987268 0.0908809194580715 0.270513588327915
0.0760111266892827 0.200250114926716 0.160750110309989 0.332672579002772 0.101842396061044 0.128473673010195
0.211324937428156 0.269790590603003 0.0260106938287446 0.0811948762152014 0.0804196916928643 0.331259210232031
0.182458104753105 0.0473517621837558 0.0165929899850271 0.220014814629701 0.291096061263254 0.242486267185157
0.256173033748128 0.134981150250313 0.358649048465868 0.215554756404591 0.00791453220994827 0.0267274789211515
0.0103094139536757 0.194459292030492 0.219509528298211 0.134700642776544 0.17094375218896 0.270077370752118
0.144613703060748 0.0682642762433343 0.194679077092702 0.201480042580349 0.182867742138838 0.208095158884029
0.051435076268168 0.157080343280992 0.245030701826396 0.13141239528296 0.188912774399349 0.226128708942135
0.0406340249706628 0.286326173143706 0.206746779141829 0.189209106457401 0.0764917505492839 0.200592165737117
0.0806217866058936 0.3200331124993 0.210365214429826 0.290001287476063 0.0632187955748508 0.0357598034140664
0.240272910188921 0.0678823613529561 0.181147999120592 0.119633506974485 0.283734780039761 0.107328442323285
0.232873460748019 0.171081658043987 0.277637268103674 0.170143220957476 0.0324482831176707 0.115816109029173
0.0537272692034283 0.254704700091148 0.256473433781267 0.149212305397544 0.0263889965148172 0.259493295011795
0.320078971483501 0.30072501375587 0.0607927899828596 0.139702832640719 0.072352504072473 0.106347888064577
0.170171147948033 0.223442723261344 0.166976920485472 0.144045415030668 0.0487568695087648 0.246606923765718
0.235534428564599 0.211367920896827 0.247124216904615 0.0532725463914144 0.0102731248731342 0.242427762369411
0.16561558968597 0.180729232502322 0.225356090960839 0.230329073331543 0.0137557304001266 0.1842142831192
0.409259485779842 0.163762897227159 0.0631506707071013 0.166645353784447 0.116278129630238 0.0809034628712128
0.213919423170356 0.154869931596458 0.214553398900478 0.0522378341421966 0.182480656569327 0.181938755621186
0.0893584179757687 0.277709651289847 0.150008576765853 0.201951913458336 0.106244090438117 0.174727350072079
0.166138512835104 0.116973423616337 0.319262029894852 0.218332232290426 0.0127249200349892 0.166568881328291
0.125109854939141 0.215297147345553 0.154341646539961 0.0550795703226102 0.20801925446665 0.242152526386085
0.197234381450022 0.0810240783944833 0.251694082807323 0.0689349892955664 0.2093427377658 0.191769730286806
0.246805375560994 0.0372013485223665 0.0971773501635044 0.290578311993734 0.131414427739627 0.196823186019775
0.0446875380109328 0.0541560058768078 0.531886632650027 0.239570750622441 0.0231160348295651 0.106583038010227
0.256631246211488 0.101460840305041 0.172020610802778 0.187549608133653 0.0786457819036434 0.203691912643397
0.0680028525384479 0.183862317443432 0.173967716594211 0.377167963766309 0.0622220810060407 0.13477706865156
0.108413401676515 0.105560409957184 0.284779275648891 0.0041994234025951 0.289066859642245 0.20798062967257
0.251726074601605 0.179670859316862 0.0503148510020165 0.197761477668574 0.0815022748261664 0.239024462584776
0.135002612382219 0.142781907683424 0.273967295555254 0.179269403871766 0.204128970510689 0.0648498099966476
0.00291750172178316 0.258005484828843 0.190825295936619 0.242562015315842 0.220862940947496 0.0848267612494166
0.155015290236551 0.257103710892871 0.0806960192537401 0.118599943771074 0.0907272663285487 0.297857769517215
0.319013488623435 0.153264605428876 0.0594262567635984 0.277660527673339 0.131427673194432 0.05920744831632
0.258523248133839 0.18269549879619 0.232843944472676 0.13579882536024 0.179029342674825 0.011109140562229
0.183443374743926 0.0579039599861216 0.265748270988583 0.102040753280257 0.0276679937166781 0.363195647284434
