0.114332001830087 0.0310447348068878 0.00808143453794638 0.1060247753135 0.19349475156651 0.314035256214928 0.232987045730142
0.196624657679145 0.0463415184015927 0.175153440316826 0.14595646490315 0.101372600466774 0.0875364793188128 0.247014838913699
0.0106872569611106 0.0392453032147555 0.264335755868564 0.166866277407012 0.262758825759572 0.00257379168639397 0.253532789102591
0.108967501302731 0.175955974469307 0.13611992495236 0.181936900992681 0.198327533369708 0.155655191223715 0.0430369736894965
0.10980206857702 0.206606344890391 0.0681904189589403 0.291929233500916 0.0265778270867329 0.162895085094841 0.133999021891159
0.033710758414567 0.0893920393836257 0.300237024027403 0.153279876888867 0.336579508671051 0.0467496948815693 0.0400510977329173
0.0329608701918396 0.162275800533741 0.13372727156327 0.0868376269526125 0.176686493271497 0.380205192186434 0.0273067453006054
0.157237929949718 0.277880933306326 0.0163838314396614 0.2182801782504 0.0639793979803246 0.257867044769082 0.00837068430448827
0.293589039001724 0.136632378533841 0.161348249969713 0.320876895233189 0.0217410154922882 0.064810339834502 0.00100208193474297
0.184665672901526 0.051425296788577 0.189095756393323 0.286780178675246 0.132770685355445 0.0912461019591995 0.0640163079266834
0.103937754049944 0.249198242501339 0.192788606373221 0.126007425542275 0.0811588869913043 0.0211408587011403 0.225768225840776
0.105122775792778 0.146230683526215 0.155532309192372 0.255457914892316 0.0570151301535207 0.256040194174217 0.0246009922685821
0.0257527702369822 0.174387170966436 0.210107734656401 0.164301924549758 0.112402471707268 0.27173579462173 0.0413121332614246
0.215497874739169 0.123812493379891 0.0419023459814062 0.0947800598512764 0.159604258197683 0.19554899540276 0.168853972447813
0.165454801420245 0.0445659850396131 0.234843593294942 0.168061931209653 0.116630781006872 0.2456555652333 0.0247873427953753
0.0216286005098926 0.152000503894736 0.172659861673515 0.0475167887382196 0.23149959252289 0.0215034330896904 0.353191219571057
0.025433036441812 0.175733774813259 0.297290428304572 0.0365762605631919 0.174308783795791 0.241088396027885 0.0495693200534903
0.0529317610788969 0.0223650073546596 0.202129031973022 0.187301731840214 0.0686750723694371 0.193728737395174 0.272868657988596
0.164804405767979 0.112066004090985 0.117088360485426 0.166525167442054 0.299388905292186 0.112917272343607 0.0272098845777625
0.277475727720377 0.188041270763637 0.0437950777789138 0.0748287434076844 0.0896820962095099 0.164253847326732 0.161923236793146
0.258145204127102 0.105251274010533 0.0673655713736799 0.153020991078349 0.171136160592288 0.191256961523329 0.0538238372947193
0.0578120867727606 0.223990614035187 0.220213662765332 0.10641666721211 0.241121983089515 0.0807576153782124 0.0696873707468827
0.0168825047278419 0.242227526170178 0.151107436944752 0.181437646309032 0.17608339443989 0.0572894895436048 0.1749720018647
0.162699626558662 0.0501288332959033 0.146206847562698 0.165613531769861 0.274254573789545 0.118912799477961 0.0821837875453699
0.152705502138941 0.123859673735598 0.194098822000882 0.103983121865025 0.266551510994936 0.039693796642462 0.119107572622155
0.0493006488118945 0.229083663007288 0.173681707522566 0.153007596798811 0.0555528095112814 0.210672044813288 0.12870152953487
0.00182342435051875 0.37662582839155 0.0435506327204711 0.19047259656665 0.0921594557186365 0.217322163611877 0.0780458986402978
0.250377111188317 0.190237945428514 0.112525935106062 0.104564273098506 0.156399306819217 0.0378728456081455 0.148022582751238
0.169709293567606 0.0789764041483604 0.234419803062773 0.132007377305779 0.013731166396921 0.152551881074764 0.218604074443796
0.147555604229894 0.218142676254953 0.0144544998061906 0.251889505322552 0.0816798116566632 0.273560028258901 0.0127178744708465
0.0125532762679275 0.323246149033623 0.222125541971291 0.290237000603337 0.0280672876645714 0.0890636374368267 0.0347071070224241
0.0398298102918744 0.19012080291883 0.178249560523293 0.150761027541113 0.174630020357526 0.0899941829944613 0.176414595372903
0.218175887386047 0.183253114198705 0.256297120573299 0.228417773263741 0.043910955784541 0.036629352656217 0.0333157961374514
0.0797168252890373 0.000501325812864475 0.235906510411745 0.101107039683714 0.243554088007824 0.112803622363769 0.226410588431047
0.0843634867516318 0.191052181464313 0.188484921072121 0.156890242397893 0.118813494348198 0.187173483155974 0.07322219080987
0.267017418414033 0.037747618248642 0.0546991900908231 0.0951414469388226 0.186383807611186 0.307492352981337 0.0515181657151553
0.084839665300042 0.238960892201352 0.152999578446437 0.233454083473019 0.12537726312166 0.148426905787369 0.0159416116701202
0.0673462409079966 0.00709869089023211 0.0143406464731671 0.254307348211524 0.210409922452662 0.257113765942174 0.189383385122245
0.070522471795242 0.132397597000837 0.170662628453331 0.152449784537709 0.148680057809058 0.13922914759473 0.186058312809094
0.136038545846831 0.167259275024526 0.0417056182569957 0.204437240030579 0.141043609774556 0.193683745840428 0.115831965226084
0.241546581060673 0.0651440754646295 0.221428325483339 0.144838903332151 0.13041895523781 0.0234059371355634 0.173217222285833
0.222933161925372 0.170338252011393 0.0659654024396952 0.17064779895323 0.198165477421236 0.0652258566657937 0.10672405058328
0.0304442259023216 0.110114582797369 0.249261127867662 0.287927947585747 0.159533025543727 0.0732870234217491 0.0894320668814245
0.182827234078985 0.235905603501418 0.170149882524129 0.058597503693736 0.119341413203059 0.190512928798325 0.0426654342003475
0.103365009816085 0.0520852196107857 0.0646358817236423 0.182275357740743 0.338252980557663 0.147074402541706 0.112311148009374
0.15840710526961 0.16603051739375 0.172869399784151 0.115665415293255 0.186434165068131 0.0321870685080995 0.168406328683004
0.196168805153069 0.0826637772158437 0.188088562509619 0.0780451199127532 0.199537183299065 0.131435843138075 0.124060708771575
0.210929090934141 0.11065152635225 0.19641229965345 0.0968854237451386 0.111289225630494 0.256462057512976 0.01737037617155
0.0974195770715648 0.0527306118567024 0.302233873156551 0.0415278093748767 0.326952252852513 0.170660881803252 0.00847499388453922
0.20419183695662 0.190758372001609 0.0602969439173843 0.0228545513051322 0.167569824297519 0.193705945143721 0.160622526378015
0.130010144720636 0.172209524544982 0.168407190883279 0.139831942890985 0.214715305524986 0.0526032991690401 0.122222592266091
0.0474919398337933 0.203716877029014 0.211186190214967 0.167852079513111 0.0694859454983231 0.137041612202747 0.163225355708044
0.186853856719225 0.0934154388808176 0.235780270068126 0.090813947823652 0.285285040834896 0.0673833250962549 0.0404681205770276
0.0458352696128795 0.186934199730464 0.289380601495894 0.0411935408367928 0.147629325150287 0.139780334127075 0.149246729046607
0.133747014502126 0.159995983881244 0.194155870148202 0.155822354925096 0.193473814111625 0.142730655001747 0.0200743074299597
0.269138204889344 0.2176390102652 0.0360853134047028 0.170652384235868 0.0236816800100212 0.0377556650218068 0.245047742173057
0.302949281324092 0.249232906965526 0.141560035994314 0.0671681460797242 0.104340014771367 0.0215592377185293 0.113190377146447
0.119347383086541 0.181069022141271 0.0486106548470152 0.247751330818526 0.210747390896858 0.18011779153544 0.0123564266743479
0.191627175856062 0.18348806809484 0.114968757340648 0.0475062265834954 0.163859116044753 0.176036128953674 0.122514527126528
0.0540957615585099 0.0544019995428408 0.202425731337337 0.203861296763857 0.145301881373081 0.160263850242908 0.179649479181466
0.129686718641862 0.177065485338104 0.0421388474165488 0.177913105452264 0.188433448658864 0.0572439553316379 0.227518439160719
0.145058365159061 0.272891484177661 0.0978307576885537 0.141419260256786 0.0109918763065463 0.261478020551524 0.0703302358598672
0.23056933409935 0.0348825126392078 0.214226811842766 0.170957127851703 0.0690861542941648 0.166658384887273 0.113619674385536
0.158352899738709 0.133484168390926 0.0128394824677428 0.170379347368199 0.152597094706736 0.166703030363688 0.205643976963999
0.364667399265692 0.0706192485879811 0.253834283797824 0.0327647749484213 0.0243028273195289 0.134202715975145 0.119608750105407
0.175706733921364 0.163423829186782 0.0934160060918024 0.136908727422151 0.0916569311218283 0.130904063349 0.207983708907073
0.114902775697232 0.293654381084561 0.0216391930284048 0.166802485411544 0.155412708542043 0.180273707340608 0.0673147488956079
0.0412984313678026 0.123629151858172 0.156078969781672 0.0770259836764389 0.21661014375975 0.136787648704096 0.248569670852069
0.307714968209073 0.0169686260886935 0.332799505014839 0.112097062263569 0.0364011602386825 0.137376889506252 0.0566417886788899
0.0682300766293329 0.0228684738914337 0.172583201585462 0.130611347196438 0.250089586142097 0.0589746125347621 0.296642702020474
0.00518153849889221 0.212420044472212 0.0458439262273375 0.262743003886587 0.0353071663465161 0.244721994733344 0.193782325835112
0.216502923583493 0.124498613667019 0.275861791344239 0.19344749828193 0.00785520277562451 0.120597455342129 0.0612365150055649
0.111166158127912 0.207400841013236 0.246120156126123 0.15805319312573 0.00781154954666941 0.184483880934709 0.0849642211256198
0.182921543308401 0.0919586505354494 0.0734061747181821 0.196011847331629 0.244319850746584 0.128185840533602 0.0831960928261527
0.0704306426831229 0.155822252522393 0.323952921313917 0.242524568330398 0.11063193792379 0.00860287890596091 0.0880347983204186
0.0620656384180975 0.0470574138277241 0.0244221673368908 0.314540661757173 0.0499729322736963 0.295714583922826 0.206226602463592
0.208093896031859 0.117308493760559 0.147966391871157 0.0914574757174112 0.111046310803822 0.088776822235031 0.235350609580161
0.2813303258111 0.0235302526089291 0.162785876702391 0.0436083831403054 0.0295693307444517 0.153462621573998 0.305713209418824
0.0893875641490718 0.143268247314964 0.175448291705497 0.300449448295074 0.119700232904883 0.134685426740752 0.0370607888897576
0.192824703111486 0.21514221911236 0.126666140404292 0.0639863511246962 0.162086950866875 0.153534780656712 0.085758854723578
0.1728246555301 0.260902694851845 0.108931252394012 0.156413747381212 0.0799387879809954 0.0522682611155797 0.168720600746256
0.20608890456361 0.150077235893542 0.198817084994155 0.135780708765543 0.121365780135297 0.0853535375085949 0.102516748139259
0.0199826064875789 0.244931351605637 0.0298490951778537 0.113771584174918 0.044243176974591 0.285170271296673 0.262051914282748
0.135399203779352 0.0856939271819726 0.229473414527333 0.242601834596959 0.18472886137519 0.0522815420541591 0.0698212164850348
0.253458822596317 0.346097706898241 0.0237384277626792 0.00973321574918148 0.000233334270990349 0.208250355748868 0.158488136973722
0.168697470015281 0.0629819629085738 0.180046185850359 0.198667903209821 0.208062476762277 0.06220190315216 0.119342098101529
0.112785924986052 0.112858581709695 0.186601524905623 0.109669491285057 0.164317494250087 0.169112064609576 0.14465491825391
0.0429497741899797 0.0244211254615595 0.0363708353667801 0.153321344844326 0.339086494773286 0.165147415547408 0.238703009816661
0.157049971951142 0.068636242396805 0.0996778529535332 0.232285850673858 0.238709031306123 0.14727210186081 0.0563689488577303
0.205108813923846 0.00644945286828904 0.235205685553975 0.232088295905189 0.0577615894847473 0.0812074408479722 0.182178721415982
0.0536009199948362 0.207264367201675 0.0658139037169828 0.117750435347236 0.203725586288467 0.217153169797235 0.134691617653568
0.0184411760188414 0.360651859252043 0.0421892435455537 0.213416226616382 0.14092105336136 0.188265992880221 0.0361144483255989
0.151086714280738 0.148309903914531 0.0586211494361426 0.124848972992212 0.0995319008218032 0.246611441743644 0.170989916810929
0.0884520970504567 0.158968187919733 0.0801587884106635 0.194552352759672 0.171181400649246 0.16782447904798 0.138862694162248
0.00835898956029803 0.131388513300947 0.113792882664389 0.223982822359713 0.286832102070761 0.143819792311822 0.091824897732069
0.31207371101899 0.0492766564030278 0.0115535938087986 0.000947211495826388 0.329365430174104 0.109735184183775 0.187048212915479
0.0766521813345851 0.235312761178671 0.0716354209864979 0.259114406063918 0.226522641792166 0.00601973577805189 0.124742852866111
0.132535537976086 0.143682369694597 0.131728683940745 0.187590881948036 0.171768539108755 0.167239526844342 0.0654544604874395
0.070972269935695 0.208717927388785 0.15554990679074 0.119863812863407 0.169678129552447 0.233512886853992 0.0417050666149344
0.0536360522676937 0.062765803416436 0.197206755161087 0.0666389674782064 0.212948711210883 0.198526475115877 0.208277235349817
0.134638381920198 0.151295980466842 0.092638143774536 0.0132426361764116 0.216607505107221 0.215529530481384 0.176047822073407
0.326881357260135 0.0472229339762227 0.0161940774274188 0.064577994194023 0.243643246906472 0.035219151045426 0.266261239190303
0.198227133265574 0.110768769610086 0.178789345273668 0.0373101629620243 0.117515707772868 0.178064072014921 0.179324809100859
0.133438719944808 0.144831403755907 0.011425515025039 0.0712469316883741 0.158845036787689 0.242509785810161 0.237702606988021
0.129119564485961 0.202927158294968 0.117709435931721 0.0847246711537558 0.184122252477874 0.196794171776561 0.0846027458791588
0.131227114291973 0.0730696419059974 0.075812840687562 0.109554861691207 0.302944591214773 0.00107569497280571 0.306315255235682
0.184711848276763 0.123432273571295 0.17829206689153 0.20267123371544 0.163508281099842 0.143299545551341 0.00408475089378875
0.267568183289469 0.130210370110665 0.16751674830675 0.295121489676487 0.00997858258958056 0.0503849822425332 0.0792196437845154
0.139399958754562 0.0717862419657804 0.20634998220751 0.157413665737766 0.163620177761574 0.116090286475055 0.145339687097752
0.178796148789076 0.180541341818718 0.222158656614563 0.235594951950603 0.135514701724337 0.0337098825706457 0.0136843165320571
0.065847596433449 0.0514377300450381 0.229651797706762 0.204081243097833 0.203393998742131 0.0581321430903493 0.187455490884437
0.042255120849751 0.0305391345915366 0.267988930970876 0.212022247292902 0.140462720006098 0.243624807020343 0.063107039268493
0.0371301562230118 0.199277095609773 0.12904120804899 0.297326346372149 0.0155422140294204 0.271505494796529 0.0501774849201274
0.25437395206325 0.133018749892992 0.0630570984615939 0.00522645713327994 0.151449762416221 0.0390641318443263 0.353809848188337
0.182640465424309 0.0723287129352758 0.249713323569763 0.0578650944221905 0.238809067376884 0.0190665191545025 0.179576817117075
0.278274862696615 0.0218031312300262 0.220292896419136 0.01064617862887 0.0780663311457746 0.331542499656105 0.0593741002234728
0.146686699246298 0.146079916558202 0.175784046656633 0.0684686740294979 0.160711331941344 0.26416494571777 0.0381043858502544
0.142090330523564 0.0173112193985228 0.0559592000184392 0.32227600489135 0.204608815543764 0.203441568725628 0.0543128608987312
0.227095891448787 0.0736849844129376 0.00643828799638611 0.126520335617402 0.332907591663792 0.126314934096995 0.1070379747637
0.183096219079669 0.00426823965658074 0.224936559153144 0.250467163003543 0.190388550369655 0.00855269394863678 0.138290574788772
0.148410680595997 0.0851914830831212 0.326266886044203 0.0520281324221882 0.0257488439314943 0.295410444340755 0.0669435295822406
0.173835672635293 0.145197964434583 0.0130992713339405 0.00481756627114225 0.210696755643739 0.241442667644674 0.210910102036629
0.0774298190198548 0.186923714705123 0.127622242290825 0.154182057804445 0.221941942761959 0.182806687571638 0.0490935358461544
0.233406891021722 0.163781573836895 0.0882797242600049 0.134416261398657 0.148270001286532 0.130229685281433 0.101615862914757
0.197716794452993 0.142527366626879 0.154180795746366 0.142503645459955 0.0966631623417667 0.129416662656052 0.136991572715987
0.0279079188214615 0.207493539127002 0.0580928427475147 0.181506487217778 0.125166022079696 0.216930755857776 0.182902434148772
0.0371155229600801 0.165198500971438 0.277210282832633 0.0876065912414715 0.245294112560965 0.12934550143493 0.0582294879984817
0.151788519928068 0.072443755519595 0.0110296408292748 0.237941195920091 0.197006228387177 0.173267484424456 0.156523174991338
0.00290646034221722 0.211875910914666 0.191150967027656 0.172281755630484 0.0473777542060152 0.227672927831036 0.146734224047925
0.101902569716844 0.242664448117591 0.216991482906057 0.000735677154871327 0.0726321191013653 0.126954640736971 0.2381190622663
0.0468067777411367 0.0433926500783002 0.0520338902697402 0.210445299459694 0.0839907090575835 0.282409944863151 0.280920728530394
0.0130078379331543 0.0374865207378183 0.229070574032782 0.249661574082618 0.137270720838704 0.0828813899853613 0.250621382389562
0.0265754598938922 0.185464930497457 0.166841006675829 0.141968468160268 0.270553372743704 0.135564765548889 0.0730319964799592
0.255144276391068 0.186031507740446 0.141403798566231 0.0040962506732014 0.0616198663614964 0.238266440287853 0.113437859979704
0.0879758202195145 0.159996145803568 0.137825290884601 0.184392956967916 0.104145067668926 0.14858458314305 0.177080135312424
0.150635187749524 0.000738986595786994 0.240651380338248 0.256996794397934 0.0968468947924134 0.0857455835629973 0.168385172563097
0.218906727795424 0.116440119887956 0.0643240673844362 0.2380444858576 0.136739033207301 0.218530580012404 0.00701498585487755
0.124772719145295 0.132876732166106 0.216404591457249 0.160099144605884 0.0451383501890524 0.108924352058303 0.211784110378111
0.195841637610842 0.108497235178766 0.18043268332634 0.087654658140356 0.129666697260326 0.158809151803336 0.139097936680033
0.205238847860057 0.0601138435796004 0.0310212910177252 0.00049946750589108 0.22130836477922 0.2797668962536 0.202051289003906
0.0232397010081271 0.202223144545838 0.0453826943633531 0.220503023716644 0.228129791273768 0.153131932768038 0.127389712324232
0.14628979485462 0.268911767630247 0.00124733755655435 0.0777266360450873 0.0974089277718162 0.168898495168799 0.239517040972877
0.16805555847078 0.167329532689673 0.109039834283396 0.159685393304439 0.200663326840601 0.099208999960236 0.0960173544508748
0.231616218250393 0.252615644535622 0.21374285049743 0.0407510818894918 0.0749371924976006 0.0151468919988916 0.171190120330572
0.0768820534629817 0.199681492064786 0.0480023475126141 0.109320493503885 0.101988280144425 0.127492291737533 0.336633041573775
0.186194406181973 0.0371072575811167 0.220843632153989 0.248132642967684 0.0155091157138825 0.248549438211897 0.0436635071894581
0.135701809927367 0.010098129816756 0.126410082513611 0.234480921092798 0.10932773644708 0.148005657001885 0.235975663200504
0.217612397053526 0.152775616702802 0.0981940095177287 0.0704288967743026 0.0795032172909985 0.130299339130471 0.251186523530172
0.195361478470155 0.042171907190475 0.158795954007545 0.165758595092849 0.0950193961735576 0.12103166644383 0.221861002621589
0.162767289784913 0.186740444217705 0.18326664616427 0.0420623233983282 0.0997912535943034 0.128772763172853 0.196599279667628
0.0181944456754521 0.176439086718176 0.0803332947111534 0.213801777189207 0.000386182243631182 0.297533429699456 0.213311783762924
0.198158994394973 0.0168311514963491 0.156343124982684 0.0714407486237107 0.266741522252648 0.0107470407387106 0.279737417510925
0.151625886927029 0.0233766797482437 0.0665467336523596 0.136938227238449 0.242820737549261 0.121506748304066 0.257184986580592
0.292699255402403 0.198914472289536 0.18835167317764 0.0146515573271604 0.114270881903411 0.00230672703677273 0.188805432863077
0.13643451547657 0.260008912725184 0.0539545514259763 0.0188124615335149 0.212977917345319 0.230108409861215 0.0877032316322209
0.107642650304792 0.232015049386844 0.0852942131027703 0.22208362718351 0.126469445137727 0.20581728942691 0.0206777254574469
0.27105006277809 0.224840448204734 0.00137712544011754 0.0758676637405227 0.284249700148757 0.0440457889152173 0.0985692107725614
0.0848263114735383 0.158408169732095 0.0827285334990074 0.202355318798941 0.0473717444264044 0.229864878157734 0.194445043912279
0.2427648665801 0.0383021678156961 0.104167847307752 0.127571312664951 0.0890255586668794 0.23289226607064 0.165275980893982
0.158804549599577 0.184454023587177 0.0597971556092679 0.167658580580735 0.210955536923495 0.200470100994532 0.0178600527052167
0.031161771817586 0.119594776692361 0.076295876422818 0.2995746257126 0.0144517099812405 0.238212688599008 0.220708550774388
0.194005653251874 0.0617979658125787 0.136669843211581 0.141624635086595 0.127806555737692 0.148093834474076 0.190001512425603
0.155428547633369 0.220816237178843 0.154164498913815 0.13246533512411 0.0956563526884975 0.0828169526097763 0.158652075851589
0.168652227894948 0.17074637001623 0.0957846077323087 0.0781742827717938 0.175909399430199 0.182019098677746 0.128714013476774
0.127720839014527 0.122620676042147 0.0968678465683342 0.0469321589671167 0.199197557929412 0.12289575216937 0.283765169309093
0.254020260403154 0.277335692413717 0.0141082797163444 0.0988313393310517 0.117002144102425 0.228584801611568 0.0101174824217396
0.101336119319367 0.201846252614078 0.111251742817736 0.103718880076559 0.24451458880276 0.0582829634335112 0.179049452935989
0.179780874123702 0.16390526183002 0.233208406098067 0.164159152353786 0.0931360484169333 0.0945119622801407 0.0712982948973508
0.144852031199311 0.362042710983907 0.0331624746889085 0.0580434517023253 0.0426730380649493 0.109698116003566 0.249528177357033
0.143045155420387 0.147330761625429 0.198919891827475 0.294230380932318 0.00290438360566044 0.053859407778983 0.159710018809747
0.144479048962452 0.111953541443362 0.163761496931043 0.223148694186477 0.0372843602897784 0.139162752147026 0.18021010603986
0.0658536942740792 0.208056270007327 0.226853062047921 0.0456908722159947 0.0867201606391236 0.218219217434601 0.148606723380954
0.0364129523005203 0.127534922214807 0.0587046317479176 0.220230665187953 0.151519904802722 0.215164427386402 0.190432496359678
0.206133600661128 0.112142796601263 0.206497939482797 0.133188676718366 0.0843104103306373 0.0550358744363498 0.20269070176946
0.238761207275703 0.175079309013382 0.0562531087925692 0.0407996786072828 0.228711549887366 0.205780227336068 0.0546149190876289
0.13930646546425 0.135207091411258 0.166147734436248 0.23418679931512 0.0220241230874447 0.14729232382698 0.155835462458699
0.128855110375118 0.18886836569903 0.195265681451385 0.133726053810613 0.177992279717894 0.140338881080204 0.0349536278657567
0.166527049616762 0.321034831785334 0.039134991847631 0.106017879392872 0.0695270131310954 0.0212709514373878 0.276487282788918
0.238942484109102 0.179919005933683 0.132170498770618 0.0235637475376563 0.0999358067249568 0.088909161954004 0.236559294969979
0.0524906936984423 0.0911934751758463 0.017856779944334 0.0888086677382846 0.327305910529638 0.103508355699473 0.318836117213982
0.221822001740022 0.190764202436185 0.169461149411954 0.0517826629469841 0.0266908530549658 0.0816997842204319 0.257779346189458
0.000409551298049224 0.161308881283579 0.231945243661303 0.143643723710149 0.142855721444045 0.0468357386746718 0.273001139928202
0.11875393022871 0.14668878882714 0.228863158711842 0.0523498409791931 0.0427621174082494 0.201063159863124 0.209519003981741
0.0856813320551796 0.0101856703859529 0.139866032879606 0.0383125538499191 0.351740984867485 0.252520983663297 0.121692442298561
0.293072995927436 0.284729651735519 0.143261609606805 0.073934473273126 0.00238308344057262 0.0738618107552794 0.128756375261261
0.150184774185104 0.112405183096667 0.0956458898192839 0.127607275932136 0.203963415235964 0.120714041148288 0.189479420582557
0.206181126580499 0.0645584982696595 0.196086242638707 0.115518636076812 0.165831259079371 0.215458648497617 0.0363655888573334
0.105890574634504 0.00639290312274519 0.367474895140593 0.184943406470268 0.0165401557206637 0.00901984269366049 0.309738222217566
0.153408906370414 0.191823151816039 0.0310770926493213 0.182232754998167 0.240042103795418 0.084161479929572 0.117254510441068
0.0891086515174858 0.246250168417012 0.273637468447273 0.014607497560404 0.247394647965649 0.0531452923551955 0.0758562737369811
0.00956043872067413 0.158278113598769 0.227571552855636 0.237918860406393 0.289523785618935 0.0726296832234168 0.00451756557617614
0.182823212339201 0.115887008897194 0.0888922982448318 0.0436304597713264 0.220657030211389 0.150842976439265 0.197267014096793
0.171190504898079 0.190583547321037 0.190841201747319 0.147903818251518 0.00410749487250742 0.136980333508062 0.158393099401477
0.159285938477314 0.0438872949947403 0.183151490201997 0.0834244395095475 0.219786868699708 0.170642626842784 0.139821341273909
0.050156824600656 0.215447046162228 0.0353708359724046 0.24483942508478 0.0476181119647232 0.22754893050561 0.179018825709598
0.0791874687702976 0.201858580384315 0.152036387939435 0.0781554757511506 0.22940755024487 0.232196946485083 0.0271575904248487
0.141693268187801 0.0355179859650919 0.146880884740377 0.189969548846709 0.157232946598278 0.125884023820794 0.202821341840949
0.307450454695004 0.258523513394082 0.0556972962507945 0.005779854339015 0.0459870432493004 0.114090451758843 0.212471386312961
0.228827476003734 0.0268881579936447 0.235533190749456 0.0564010158334892 0.236716062947779 0.0374771977839558 0.178156898687941
0.204074287142505 0.0158327083500251 0.180938350081591 0.213933752422741 0.0665403418657398 0.166060418212509 0.152620141924889
