0.370129231940641 0.166048809795897 0.27619869513887 0.0229264948841845 0.164696768240407
0.281674690165765 0.26604646499258 0.187082577946478 0.0211318115954829 0.244064455299694
0.249513613943212 0.177046273112429 0.0476012520391483 0.271055952098833 0.254782908806377
0.281161495883003 0.00486669457850889 0.0199071471874816 0.381972729735445 0.312091932615562
0.312887731367048 0.0730163152806899 0.288165065916805 0.158398107163748 0.167532780271709
0.203963139488203 0.0579142172811753 0.0428330990177021 0.155028511607672 0.540261032605248
0.0718299233309105 0.489587650004918 0.206203471911749 0.0635825582694072 0.168796396483015
0.00590103736164168 0.332928440566541 0.0437033018713503 0.202240650931214 0.415226569269253
0.0114360658506323 0.36241215031415 0.47350160767415 0.152203718661273 0.000446457499794965
0.231110166708335 0.209364110441258 0.295967756919588 0.0150535245410497 0.24850444138977
0.100886882147606 0.317877162099357 0.159130673969116 0.298395598342459 0.123709683441462
0.397053167324401 0.250405096246463 0.109899574763654 0.0683076229138229 0.17433453875166
0.186327465810149 0.231488858934868 0.195907469373728 0.225864641980394 0.160411563900862
0.405090029184077 0.0188829263179303 0.0670574530694547 0.0770329460560215 0.431936645372517
0.218216295518499 0.0465169196976148 0.236378924372945 0.33892801708859 0.15995984332235
0.243059656393579 0.0288228739395612 0.298952372668359 0.23449508839047 0.194670008608031
0.194645614679357 0.21207453891954 0.200444684971578 0.15125936521069 0.241575796218834
0.000371190487987269 0.388235727110705 0.422836473311547 0.00808685948290978 0.180469749606851
0.167061722746881 0.268183345754917 0.192364008649567 0.164135226569431 0.208255696279205
0.0855587644061031 0.236040531332006 0.25458419775925 0.215534519643144 0.208281986859496
0.288496394663603 0.221828321160655 0.0232437003963946 0.226718504704171 0.239713079075176
0.346155443883091 0.278275708218169 0.212054364097306 0.0997524384578915 0.0637620453435421
0.434362646771851 0.0364564570038041 0.324831927141395 0.148540880480504 0.055808088602446
0.0869135448720951 0.106920795209789 0.229651330005187 0.379644553611859 0.19686977630107
0.377134051114749 0.250036713251053 0.247741530914875 0.0471938426405196 0.0778938620788033
0.230704895096573 0.253348731528582 0.0904617572258745 0.056740041809364 0.368744574339607
0.0414349278143834 0.322935579893201 0.318170937179543 0.297989522409477 0.0194690327033949
0.260795898274093 0.33410274674968 0.0599752240365886 0.334180423320003 0.0109457076196352
0.192424347867368 0.11693029940963 0.327015121175573 0.0930160480666447 0.270614183480785
0.0925860285612545 0.20419295644143 0.287445021764168 0.142834125998534 0.272941867234614
0.190452677238347 0.0711354353161849 0.260941725009225 0.263686361621926 0.213783800814318
0.274598352563569 0.149302581790905 0.144644700797929 0.284542243874836 0.146912120972762
0.124444812661493 0.214143744573318 0.226266038552536 0.347788685596898 0.0873567186157547
0.259390745925982 0.13282957640423 0.303567079901697 0.278793120205343 0.0254194775627486
0.0169195037578493 0.266005419165245 0.0664005844193451 0.168861226888965 0.481813265768596
0.580986871915186 0.106568258464634 0.0055742975251748 0.0695578532139473 0.237312718881058
0.250833219098362 0.17179693555732 0.210608198670266 0.140555387522862 0.226206259151189
0.257864069920372 0.203036229479767 0.0735174988984886 0.259464812873897 0.206117388827475
0.239487459233864 0.0865936547835227 0.0099733247440283 0.38915991462591 0.274785646612675
0.215080135446427 0.240801180650746 0.144180285673596 0.169357266415124 0.230581131814106
0.324603789000042 0.253565718909639 0.0206797054213088 0.0447228572845296 0.35642792938448
0.255903046220824 0.189529695144668 0.26828386650141 0.184968447410944 0.101314944722154
0.245248526420013 0.268078818071399 0.110600336389344 0.182952756121252 0.193119562997991
0.351895482312257 0.197761117754699 0.289232751033589 0.0203914880115058 0.140719160887948
0.0019129721231788 0.295701701851683 0.256469407951864 0.400844816526579 0.0450711015466947
0.212215310359778 0.221742753603361 0.154097983603709 0.256491118219123 0.155452834214029
0.119672512130392 0.35146919900422 0.0802962670808008 0.333660211061747 0.11490181072284
0.147171279942606 0.461641974342221 0.1040837839023 0.117159195095211 0.169943766717663
0.276935686486937 0.149973587550491 0.137945549878627 0.072582147731427 0.362563028352518
0.333292638538877 0.297432325985439 0.158816406488789 0.193299301812242 0.0171593271746524
0.343557731126355 0.131718899304017 0.12853128877092 0.287331185136116 0.108860895662592
0.111909645145947 0.220321907337717 0.315816076196635 0.168636060496604 0.183316310823096
0.318789109958528 0.328854590647804 0.0856035901000787 0.00762787560009603 0.259124833693493
0.257078703688959 0.397441423354099 0.110623396244713 0.0421291761635658 0.192727300548663
0.0442406373292173 0.177257960722487 0.255963283410091 0.216755678799114 0.305782439739091
0.165680218562894 0.0531667712161296 0.163048183141798 0.224986387280104 0.393118439799074
0.302504742646978 0.0792490154290023 0.328848343844181 0.152317618039549 0.137080280040289
0.309209781971239 0.172843224250678 0.245069607059319 0.151053027270759 0.121824359448006
0.094707589976989 0.151991824842725 0.436385781492388 0.286030943143246 0.0308838605446517
0.00857020440340088 0.22094040938875 0.161650222768125 0.246058926935347 0.362780236504377
0.185416269772799 0.239883893636868 0.229593221902395 0.131010649856654 0.214095964831284
0.235506762128916 0.263724923498797 0.133727109890632 0.250862659776455 0.1161785447052
0.239867419150411 0.0742320190489076 0.462811392514555 0.0405426825530227 0.182546486733103
0.277839553094615 0.0764565942565318 0.109059267432015 0.296965519702537 0.239679065514302
0.220831153011609 0.193706909909705 0.176685495153694 0.283962680810804 0.124813761114188
0.104408171100887 0.0865674192560647 0.0317075931481679 0.59866328473625 0.178653531758631
0.251547612697128 0.174440422766139 0.178582173432609 0.136528494477586 0.258901296626538
0.404964505057811 0.0149088618356505 0.221688409394071 0.20891578935306 0.149522434359408
0.253646256245522 0.276120220436459 0.0315126165457871 0.238478208469041 0.200242698303191
0.132468672421838 0.0316282879086081 0.156069040464244 0.344325636105863 0.335508363099447
0.00424078769955813 0.198646969296262 0.354273182118369 0.28542103339184 0.157418027493971
0.254834865322867 0.329308413587097 0.265397842473092 0.0130688520810498 0.137390026535894
0.209890600450148 0.214381005602442 0.210955411214589 0.203091390665287 0.161681592067534
0.425478632246079 0.137300713774444 0.370348259129149 0.0522785209625258 0.0145938738878025
0.28829008879418 0.032911319189915 0.0146856503128372 0.369301531070442 0.294811410632626
0.2763601634967 0.111716466582921 0.355763662456157 0.048962854323908 0.207196853140314
0.172211137505133 0.257280916451844 0.266974471504717 0.191871640784619 0.111661833753687
0.175478617463407 0.131283914154167 0.0222197242405263 0.272794094440906 0.398223649700993
0.11610904440182 0.141922616444844 0.400551405143919 0.329245219520773 0.0121717144886442
0.200407237351039 0.136765693500657 0.0483556241874555 0.1863106497026 0.428160795258248
0.181245464179277 0.360212367340268 0.0397888263110713 0.415795157982013 0.00295818418736986
0.095028878565853 0.0932433147994344 0.154443556386672 0.42402688240453 0.233257367843511
0.0469955972429913 0.0370402310786597 0.524604323285769 0.039094280740075 0.352265567652505
0.279934572614051 0.152464787227209 0.0332923690072092 0.23426109922062 0.30004717193091
0.185949030921806 0.424034539194942 0.272072197253008 0.0529635902040933 0.0649806424261505
0.250324917618506 0.160796173159584 0.300239446679917 0.285733446669798 0.00290601587219492
0.451204614561417 0.0278534534180109 0.076357580499969 0.262637131745185 0.181947219775417
0.236221577326232 0.0327178340193422 0.323887972608276 0.10936275418844 0.29780986185771
0.225535435465931 0.147498181984659 0.241877627870499 0.256552184179456 0.128536570499454
0.03561276560227 0.19200778838938 0.298035842889761 0.185382109760156 0.288961493358432
0.326302934705135 0.252619880764243 0.24522261704033 0.155646451565135 0.0202081159251571
0.0547314219820337 0.0911824687877704 0.148796924365155 0.252651252294521 0.45263793257052
0.290977517097742 0.174048806698633 0.187347851726833 0.0873769882060374 0.260248836270755
0.317944915294948 0.0695150923434548 0.137850919817728 0.228741781336831 0.245947291207038
0.151040482986044 0.128167522840779 0.461259325911749 0.243759052697342 0.0157736155640858
0.0402099184432231 0.367486480396582 0.204072127554506 0.281162215572621 0.107069258033068
0.253501912386614 0.205557869175345 0.168416893196812 0.182099411825091 0.190423913416138
0.333217832067504 0.304627207187696 0.00536541462600257 0.052099634778616 0.30468991134018
0.0625921167757209 0.260453783232297 0.0238255070284587 0.345660464576231 0.307468128387293
0.292788132512067 0.248802797993602 0.348146321455911 0.0298739457282625 0.080388802310158
0.27995293085092 0.047676356629466 0.217022043954499 0.29655455361465 0.158794114950465
0.314690064344537 0.227566318875947 0.0128943883723832 0.145591326161591 0.299257902245542
0.144726888642183 0.0917747360551196 0.136573603447599 0.310319131063913 0.316605640791186
0.0142773139959018 0.353624226905725 0.145274217149784 0.418367062092226 0.0684571798563641
0.100918305479039 0.299124730985741 0.308965127208268 0.133550607926536 0.157441228400415
0.123998502051499 0.259991437834943 0.385429509077028 0.0390565943395603 0.191523956696969
0.0369073958561607 0.0329465125353674 0.563376168337694 0.094721870435031 0.272048052835747
0.0339634297498787 0.244103432296393 0.121475765024439 0.276798903370318 0.323658469558971
0.0895634343147064 0.265698499367695 0.228949687321552 0.222737451368929 0.193050927627117
0.221274283239134 0.1144388259576 0.204185359330138 0.105546628644897 0.354554902828231
0.213990131986028 0.125244210401529 0.429001363704354 0.19209443123218 0.0396698626759092
0.230769317370861 0.231527438506331 0.224289644662212 0.283364576120641 0.0300490233399543
0.333832237429381 0.160929681863088 0.11478606823544 0.271054590646041 0.11939742182605
0.0568170361495503 0.34952451013903 0.227589124320001 0.348868002408394 0.0172013269830239
0.16433737522549 0.0678103351099301 0.361486321704459 0.300990335783089 0.105375632177032
0.228165218630199 0.178468302743542 0.246282250299863 0.166052659449973 0.181031568876423
0.0550693815924759 0.340183798050749 0.219662450797579 0.135353126765545 0.249731242793651
0.432568987071287 0.0164233350735331 0.0694952855756921 0.452350373666277 0.0291620186132114
0.184783248918723 0.180445032927609 0.255559277550198 0.118005791308997 0.261206649294473
0.0770301102031252 0.231357480634618 0.0861970221413015 0.0772031066640247 0.52821228035693
0.136466411459802 0.172042750684779 0.139340242789011 0.205444410070481 0.346706184995927
0.0583789462534558 0.349481318574046 0.353342409560839 0.128250930359424 0.110546395252236
0.231460028392955 0.299017842460389 0.198665385454174 0.230605933571582 0.0402508101209004
0.410165780805169 0.0223578140804004 0.388779402694841 0.128989515119069 0.0497074873005195
0.0357292630058905 0.264728462092883 0.191140995713834 0.417155481319339 0.0912457978680526
0.147252124836372 0.370469383624128 0.364235017531149 0.046299687613993 0.0717437863943579
0.185239547258986 0.255932817990868 0.168355338640928 0.186118431597519 0.204353864511699
0.112252367817808 0.149313743876531 0.174727876231412 0.162472264736079 0.40123374733817
0.218155747192248 0.176626139207094 0.254345661693423 0.249284928726171 0.101587523181063
0.059419031032872 0.318814428260307 0.220659468865282 0.0558063738784648 0.345300697963074
0.0809195416559639 0.129044567591458 0.348923909959573 0.225035600254142 0.216076380538864
0.249241427440956 0.184829166902541 0.151986418494244 0.223117781488699 0.19082520567356
0.293942561725337 0.326021701409265 0.0864719458686658 0.237333423892798 0.056230367103935
0.246772513450157 0.220754722773249 0.294551855366352 0.156514276689432 0.0814066317208104
0.208290037494915 0.00597111913016132 0.0729218190411352 0.198156925047483 0.514660099286306
0.316317064188394 0.155115413868041 0.0684113563974547 0.199621110504971 0.260535055041139
0.258441732594606 0.366018877176642 0.277203527667564 0.0025429090945827 0.0957929534666058
0.27193681928233 0.072760767781554 0.0139358290595191 0.336273185269599 0.305093398606999
0.196738320011123 0.199821341035273 0.216590276704813 0.132557391619956 0.254292670628835
0.197373156497158 0.316427217436962 0.28327092489805 0.191673043878668 0.0112556572891621
0.354664291719714 0.110899254076006 0.491015707807827 0.0301527741678133 0.0132679722286389
0.287869102115954 0.125620828295996 0.264560262968233 0.102153008783791 0.219796797836026
0.16463429448843 0.0991992738813255 0.163544880009053 0.386431155128043 0.186190396493148
0.322488039626232 0.0305020324835318 0.205506829356713 0.262661305385949 0.178841793147575
0.201552950200863 0.0646462590572299 0.266111247920869 0.250622797987762 0.217066744833276
0.041042655731268 0.394977337448689 0.00740466250000709 0.352937829555014 0.203637514765021
0.166681007737584 0.267884019436023 0.0929607878376929 0.185757831062254 0.286716353926445
0.313598110749955 0.111304291929124 0.200799465841199 0.178117340178357 0.196180791301365
0.0228791968773433 0.163624056746702 0.256743467186351 0.323391532724539 0.233361746465065
0.0823612819884862 0.0732755180276869 0.291449244527142 0.364582490723494 0.188331464733191
0.0673251988377938 0.0209206327442552 0.429071550390443 0.105905612362488 0.37677700566502
0.120763882957092 0.343551684860133 0.156804895788342 0.348405389921598 0.0304741464728346
0.22329119385702 0.216008198573296 0.313166128430133 0.00972716455823472 0.237807314581317
0.12868345279387 0.155078721320091 0.381445090577586 0.282829279612101 0.0519634556963518
0.0408273158844914 0.257532638098468 0.230560639050909 0.247819546792138 0.223259860173993
0.216560918893481 0.22705038253972 0.0610727463145352 0.162460807905412 0.332855144346852
0.0774823763427715 0.178944517055038 0.30120547566873 0.236667196213303 0.205700434720158
0.225707239299031 0.170335391050005 0.0193812569367006 0.252657475239306 0.331918637474958
0.209298969387501 0.157974376149106 0.304036129578548 0.29192005477625 0.0367704701085957
0.260295581582064 0.246571389040573 0.306746027874251 0.17085620681268 0.0155307946904317
0.107218486479459 0.286297171540599 0.130725308621239 0.297129347361606 0.178629685997097
0.368677249870621 0.317774527694154 0.196846309907018 0.0957104197657545 0.0209914927624522
0.0169484390788513 0.333198032496317 0.43608217426631 0.0473605933776667 0.166410760780855
0.18498850210639 0.291509490669724 0.22769569413535 0.273961809698867 0.0218445033896689
0.0913540961408498 0.371262674596758 0.271229697181616 0.0591087590012955 0.20704477307948
0.116510106187909 0.0176333070117349 0.386888668837345 0.434660741049382 0.0443071769136293
0.410783332006292 0.0762903991048307 0.21103652335641 0.286868535596478 0.0150212099359895
0.329804351898935 0.00986733459043539 0.260043453282913 0.0197189546204011 0.380565905607315
0.109497493955218 0.20076468331355 0.144719655005089 0.272330050562842 0.272688117163301
0.225213377067883 0.299709644213894 0.0452110074012558 0.240490986718599 0.189374984598368
0.306051271467636 0.183111464119033 0.201076968993162 0.0474669611839215 0.262293334236247
0.0986608209141218 0.325159255082749 0.18930571327301 0.148756161377694 0.238118049352425
0.129845290787716 0.0781180584105282 0.267064240282732 0.190010456371605 0.334961954147418
0.323084980343621 0.196735164106356 0.00957802538469595 0.4150566737687 0.0555451563966269
0.0724922942060549 0.268704985275361 0.133183699963177 0.252012748695766 0.273606271859642
0.298405375117938 0.269128858150326 0.113358235413372 0.19867726478465 0.120430266533715
0.00399785207654473 0.330452523719906 0.233327193865786 0.317014942138805 0.115207488198958
0.00498755273038693 0.403008068277645 0.0110156929544558 0.21790626975086 0.363082416286652
0.276923895206436 0.187726061529922 0.211600422513122 0.11505555542316 0.20869406532736
0.0638868504898145 0.334815948347034 0.170541861787804 0.305873004131943 0.124882335243405
0.185802097582144 0.474159797720615 0.19441069717096 0.0416677523214533 0.103959655204828
0.488058212665318 0.100773117544665 0.0304092392573797 0.25489896282084 0.125860467711798
0.247738420291652 0.179738118674257 0.152487195613847 0.223067575574021 0.196968689846223
0.0262293653350073 0.25278393951723 0.274602998132117 0.0988071883900754 0.347576508625571
0.0291633099923451 0.222073160366233 0.110601206683279 0.311712465257727 0.326449857700416
0.143812481284463 0.40336471949927 0.332625247746148 0.0832477176288577 0.0369498338412615
0.0177766617493321 0.230015387806302 0.247572688910807 0.240024979036744 0.264610282496814
0.059517403080046 0.430210918243382 0.0382852978016262 0.0857687798110739 0.386217601063872
0.134872401728857 0.212934624084439 0.509898526820878 0.0622792119001246 0.0800152354657015
0.372853529135901 0.0150084811322265 0.100028677171693 0.176762618610541 0.335346693949639
0.127374786718501 0.23210732153482 0.42297929422396 0.178366574960646 0.0391720225620721
0.0821651212893525 0.191773039795942 0.214263354829384 0.143311119909002 0.368487364176319
0.271612616176924 0.30973745733605 0.0624927419481933 0.333070759139147 0.023086425399685
0.186015712039315 0.32073049880307 0.309913933983406 0.0199397100137244 0.163400145160484
0.232790654626717 0.169968870005521 0.182416332995466 0.347915300080249 0.0669088422920463
0.000142946709874134 0.0418362557372829 0.082420941211101 0.5267441557098 0.348855700631942
0.398326674604896 0.0474544538272136 0.0560875245437238 0.115954006760201 0.382177340263966
0.344186959995057 0.348068974614936 0.242546250129463 0.0579069815852197 0.00729083367532461
0.148547358214557 0.180536508647685 0.180910693166938 0.37283678018735 0.117168659783471
0.0722374604174622 0.289689198768853 0.211431928520567 0.114403847915879 0.312237564377239
0.392340342248787 0.0626787782494681 0.19435962774535 0.0773235626422596 0.273297689114135
0.252480814734661 0.227066379504017 0.176899978189653 0.334022757290158 0.00953007028151083
0.0879435261250257 0.0630369611524914 0.495493806683175 0.170084122044541 0.183441583994767
0.304396549959989 0.16596346671726 0.209181344716914 0.0257307813801902 0.294727857225646
0.1042717312316 0.112172108064491 0.185919171355834 0.458550660853636 0.139086328494439
0.296737733326172 0.223810995611975 0.244796796750994 0.194922021330355 0.0397324529805038
0.0357953015014228 0.110571369909441 0.289208948038595 0.0793586622427936 0.485065718307748
0.13416718244626 0.188210352215859 0.381280704334603 0.235830616589417 0.0605111444138616
0.0278633651725426 0.0612972616604328 0.361970320450251 0.351119563316567 0.197749489400207
0.231548791314225 0.309207365929458 0.0607502239917312 0.331253724971043 0.0672398937935425
0.184741340713363 0.240429325230106 0.263146417481532 0.144189306936958 0.167493609638041
0.090224435327794 0.109254420625851 0.147626257306613 0.318539373665824 0.334355513073918
0.240601645614622 0.142191321010035 0.165014297471504 0.390782045983536 0.0614106899203034
0.392976813115512 0.436610488212884 0.0301486762469585 0.0418563379871506 0.0984076844374957
0.0097512935656151 0.136970760173737 0.270636879137228 0.305347435436846 0.277293631686574
0.269141593508418 0.336830683499625 0.145312524807838 0.109258097748171 0.139457100435947
0.28489288692545 0.272123816160846 0.00308907730169345 0.0553479031964678 0.384546316415543
0.262703793216776 0.211657357862592 0.1680240871372 0.145184511912211 0.212430249871221
0.308421105067645 0.153701905359435 0.333717837701629 0.1936017476795 0.0105574041917907
0.30894374413279 0.269223177149382 0.05854551261373 0.0294936015655709 0.333793964538527
0.0477912066311523 0.271066830406023 0.378878079357426 0.197895504660057 0.104368378945342
0.226287567480187 0.100650169676581 0.259715753034433 0.251871617599966 0.161474892208833
0.310922314751036 0.11076237850492 0.252028363552159 0.201894534140485 0.124392409051399
0.176664151811003 0.155973474246997 0.291540749338491 0.361396460757337 0.0144251638461723
0.180013524420891 0.0578045073613586 0.282643234966043 0.256772429349269 0.222766303902438
0.198970537106343 0.183968219469496 0.24178349221302 0.194766626824668 0.180511124386473
0.210358248531736 0.266984344729566 0.0776316969091044 0.35039591446752 0.0946297953620736
0.247369786993046 0.218824065742149 0.226081628820613 0.140719223141964 0.167005295302229
0.114131036153297 0.0628737525996754 0.0715398825504172 0.425621391987419 0.325833936709191
0.220287127461849 0.192343908700363 0.261235850229606 0.146286311651441 0.179846801956741
0.253493837730799 0.253157014621837 0.143180307985631 0.0679179768121833 0.28225086284955
0.196241505503914 0.146513491075569 0.281425811805971 0.0789295481402802 0.296889643474264
0.0444608388209583 0.153796427128439 0.116788530672187 0.16081808054023 0.524136122838185
0.0236436532658062 0.346445866423743 0.299807228229994 0.255075320707913 0.0750279313725443
0.26512219101095 0.16787649921954 0.184418968054221 0.294763462410814 0.0878188793044756
0.509751131844915 0.026173695528849 0.221598597816494 0.107851814634792 0.13462476017495
0.370827863938741 0.00535134201722925 0.143051002297142 0.296313361329473 0.184456430417415
0.329738278524918 0.331798173332729 0.321309129127985 0.00464422854389421 0.0125101904704737
0.29620907443836 0.0615505377792739 0.300288934689521 0.233504166320568 0.108447286772277
0.307977499738141 0.0612015227522118 0.0520872863824015 0.187529360989557 0.391204330137689
0.218487809505012 0.210587031920656 0.265411115178046 0.2008778247888 0.104636218607486
0.258296672221499 0.267917100160875 0.279174121209648 0.0753502572612365 0.119261849146742
0.324257039409514 0.0249279577975985 0.304725882850834 0.243425954587814 0.10266316535424
0.158103519983516 0.249563099152311 0.275662484799758 0.253491180147679 0.0631797159167365
0.254525504727523 0.151798188386914 0.15434698305943 0.194476384187143 0.244852939638991
0.152464445434025 0.226527352333061 0.197515487623569 0.131107532306985 0.29238518230236
0.191905229284162 0.145156847342816 0.227241656342642 0.351581275177518 0.084114991852861
0.275971069795851 0.207697260172615 0.144792466124279 0.0455997024792744 0.325939501427981
0.328505941984454 0.184025151297064 0.284775398879836 0.17968316765706 0.0230103401815864
0.283219074653161 0.163435669154158 0.0532151494741626 0.310324399435219 0.189805707283299
0.0297172749616329 0.267018084259046 0.167240271999762 0.449074884634335 0.0869494841452241
0.470366002997152 0.0982447476857656 0.140084270453181 0.172543754459198 0.118761224404703
0.0820640909985073 0.137440142795032 0.434608020647569 0.0713837785850735 0.274503966973818
0.0755964441156359 0.0396091929486701 0.0777162675339588 0.622041621484839 0.185036473916897
0.240657992446146 0.056477846951585 0.231501287921216 0.207766703052289 0.263596169628764
0.157235393339148 0.289785023046528 0.122486461813221 0.192693217229558 0.237799904571546
0.249316207756353 0.109481140285099 0.115231217033677 0.301307370044517 0.224664064880353
0.0445294036274363 0.132265655488743 0.206995254238831 0.359591397759456 0.256618288885534
0.0343672810282823 0.128089420469179 0.529140270818456 0.0694199193342048 0.238983108349879
0.0199972811485546 0.0769125120758383 0.0830108353552335 0.124604183029643 0.695475188390731
0.15699528704052 0.363705986017833 0.0271437207270472 0.341687885072019 0.110467121142581
0.062796590610505 0.296301128184762 0.253917494389511 0.0429174631928162 0.344067323622406
0.024845350542948 0.0967386508274218 0.297699943299487 0.269008892099451 0.311707163230692
0.0891930241463822 0.262125064316123 0.0564744909588212 0.33228403653118 0.259923384047494
0.245179748322154 0.0412002567070739 0.277449893781159 0.148961541532477 0.287208559657135
0.414218261391101 0.181692331490135 0.0107814546373111 0.121414918143254 0.2718930343382
0.123127147785776 0.12434565893578 0.297265603551546 0.265628820805572 0.189632768921326
0.213258366114031 0.16224756456819 0.20419537540157 0.24990052696468 0.170398166951529
0.330465396535402 0.0569442156161497 0.257035136205577 0.147323305540516 0.208231946102356
0.2701644422618 0.221195678178458 0.105494693263163 0.196687615192789 0.206457571103791
0.265362529463927 0.266878624153367 0.18156085358039 0.176333614055702 0.109864378746614
0.0632854964406391 0.121996570812529 0.449064058082086 0.147680121294717 0.21797375337003
0.15027847239584 0.312175921230211 0.056303495604225 0.0277653309816139 0.45347677978811
0.0574782167587498 0.219817237085323 0.32043958280815 0.033948246557081 0.368316716790696
0.27517981109997 0.176956414225182 0.188443657699103 0.0956181139210781 0.263802003054667
0.409076804404438 0.38159224625847 0.0973891876139364 0.00177631192911833 0.110165449794038
0.0384722518209921 0.255297661967375 0.289997900494547 0.160074577076694 0.256157608640393
0.208745692491132 0.163089520404899 0.297532089698076 0.212079084507876 0.118553612898018
0.232858291918135 0.267551614545721 0.293813879133528 0.101814425342712 0.103961789059904
0.255591837869508 0.0102054031075331 0.304854385295571 0.399900060472053 0.0294483132553355
0.216232762339167 0.0463733265629977 0.237978626638216 0.255324439713508 0.244090844746112
0.125116202648243 0.107992468436313 0.333201462087841 0.280117617834693 0.15357224899291
0.0825076206403849 0.456191747653726 0.375927425370353 0.0494475712773581 0.0359256350581789
0.284736772970788 0.143426347008927 0.392397929130999 0.13522012341565 0.0442188274736356
0.163467435747096 0.0611284486969632 0.309025077152339 0.179313351203926 0.287065687199676
0.128884950751318 0.250569009874217 0.250575205004193 0.165241159222439 0.204729675147832
0.0670863061296228 0.206051738709165 0.269692809825579 0.241059661214641 0.216109484120992
0.0741050315270277 0.210553540552465 0.332827920016828 0.0276547657045194 0.35485874219916
0.0268326419055097 0.178494871155793 0.197308129393905 0.209863630835442 0.38750072670935
0.150739883934322 0.207152954179404 0.0652727314588221 0.245505916220291 0.33132851420716
0.00137010213354227 0.0308852264130434 0.484722948184155 0.100087821640595 0.382933901628664
0.0907672303311592 0.257206031737726 0.251038626584047 0.155455970601998 0.24553214074507
0.327607968226075 0.0642826235785167 0.219139748892201 0.0310007610226147 0.357968898280592
0.220802581407556 0.183373143090557 0.0517853283462451 0.214203594025123 0.329835353130519
0.116967344763225 0.0758660400078047 0.196890434679498 0.443660530007143 0.166615650542329
0.0156064569610713 0.385087067285807 0.021507446802824 0.152944996332241 0.424854032618056
0.00616168338917903 0.217136379454351 0.290480529616186 0.256212432056597 0.230008975483686
0.107365702027092 0.227424499822465 0.281587638110765 0.0604804017236035 0.323141758316075
0.00692239903514217 0.0420581022171786 0.342991232843275 0.380493051962086 0.227535213942318
0.226671780481813 0.182817522162716 0.0401193006652254 0.260731335443548 0.289660061246698
