0.256202112671358 0.137961436964166 0.34485401677336 0.101673195181526 0.103604692540893 0.0557045458686977
0.0756769270382354 0.0343765850194906 0.185140345405268 0.276802435444665 0.0775208820535449 0.350482825038796
0.178616111767063 0.342760512449764 0.251657660932167 0.0172341235812415 0.152088349226826 0.0576432420429387
0.0546964063383951 0.143984480341455 0.229971197887566 0.179715246907551 0.161531606988128 0.230101061536906
0.138783779118186 0.124689170327308 0.189110220187923 0.20659371932879 0.263903884904157 0.0769192261336358
0.106785678068067 0.0152659368764807 0.297562902600283 0.25524400326345 0.259203995177396 0.0659374840143237
0.223575807760467 0.0914812534793213 0.201142293250425 0.0994382465726183 0.174942089264467 0.209420309672701
0.257087191656508 0.189023465915062 0.114745270208543 0.2371366280008 0.170891575167307 0.0311158690517793
0.0558891128814409 0.197615153581538 0.217807829994687 0.19200666400535 0.289975045865055 0.0467061936719287
0.219429156879757 0.252305667641467 0.0459732131805264 0.199406116385602 0.081966782419571 0.200919063493077
0.276783820507614 0.283606627236579 0.0486080550537403 0.0733261044338175 0.0371639988852934 0.280511393882955
0.0589487943993294 0.388160243555098 0.0152634591937765 0.214205006153372 0.120864270375116 0.202558226323309
0.273190736927153 0.153837150544457 0.0101307257596377 0.260832927873726 0.0566602273783133 0.245348231516713
0.120092211692691 0.272318255714793 0.162837174627242 0.183042849187216 0.0955996767459549 0.166109832032104
0.110091356658348 0.212753342597468 0.253849643010848 0.0977098022728934 0.235167970136057 0.0904278853243847
0.0910344339518887 0.239732457887443 0.255159841372417 0.135799055062268 0.259385812843172 0.018888398882812
0.0686878153828616 0.207722412709689 0.253933056785941 0.275144132235179 0.0584970804117376 0.136015502474592
0.0213602091379748 0.116678024060812 0.139611651898663 0.260975458181697 0.0247035673657652 0.436671089355089
0.0306736872665071 0.161347623010599 0.0699721069661845 0.391949070463316 0.0308178762425676 0.315239636050826
0.0692576306434018 0.158087253648773 0.192619097897201 0.118959994090334 0.15236241953737 0.30871360418292
0.147613265961352 0.00633926347700989 0.169361747687531 0.230047376144844 0.187607344219654 0.259031002509609
0.217317222478537 0.241880414041186 0.267100773360811 0.0191801939778613 0.238960748708051 0.0155606474335539
0.197457996358006 0.226199420749126 0.103971800439352 0.206398663963339 0.0857541219295918 0.180217996560585
0.276331348560823 0.0963808185541188 0.223337425313857 0.0524400277652033 0.131465147713235 0.220045232092762
0.17236958318408 0.162356823734121 0.0502054711758712 0.236861674122265 0.360736368789636 0.017470078994027
0.212425729358117 0.15485586569991 0.258880911281499 0.25557749971398 0.0741232069006859 0.0441367870458075
0.156123228286009 0.200973887598149 0.189881254245407 0.122402126210713 0.246613808146103 0.0840056955136191
0.261688140638624 0.0793747218041113 0.0129964252813408 0.336317489422472 0.181037563160929 0.128585659692523
0.00696723564759876 0.0845958789788066 0.0833238278826618 0.22814446391589 0.315433751306679 0.281534842268364
0.0404688401657374 0.135035285158223 0.289869996292827 0.202378590249549 0.0394820150416791 0.292765273091985
0.106648573339907 0.210235910296401 0.0761426072287131 0.177788534276263 0.215081278362504 0.214103096496213
0.1124462112851 0.0653768631271909 0.224422213856648 0.187399902499112 0.236596820053847 0.173757989178102
0.17435206719089 0.143922082104478 0.166075218126145 0.171676684695672 0.111380464396312 0.232593483486502
0.246663319408254 0.108266572927108 0.180628365435045 0.0588527118809327 0.0928298098639385 0.312759220484723
0.0961267283722061 0.20082063664518 0.119626925865497 0.23665986948346 0.175907192752255 0.170858646881401
0.257998749541473 0.0401947974269189 0.270268323100848 0.0979236391944151 0.212842928392467 0.120771562343878
0.0989946600476427 0.322262153458904 0.416485327453239 0.0429309320455994 0.0774273495373722 0.0418995774572426
0.0857345183435971 0.25859343038901 0.223195793752751 0.0322134204645402 0.258074780918079 0.142188056132023
0.201698547326834 0.0764500685513793 0.160017182710084 0.106351751876365 0.210226040478231 0.245256409057106
0.182330576615379 0.15804039853147 0.0267222373917406 0.190418614499123 0.274697503920637 0.16779066904165
0.0549058827282648 0.178981640653245 0.236564473944755 0.239675573808171 0.1989505192853 0.0909219095802647
0.186679649385151 0.195425704964471 0.177389981022855 0.17546726874414 0.192907903323547 0.0721294925598367
0.239301737784157 0.162886958622381 0.0280144358874043 0.154463804019302 0.206219221880892 0.209113841805864
0.124790486345831 0.168896695451203 0.214829322464009 0.208739624866443 0.139440707148136 0.143303163724378
0.217697794494416 0.112578674309305 0.191214174040877 0.16071070743148 0.0974413597551875 0.220357289968735
0.160352594494793 0.276155052756482 0.0699166604394372 0.0593519097743062 0.317252212077022 0.116971570457959
0.248911667323219 0.294837497205154 0.0929548359408373 0.220546658760234 0.0306606109370436 0.112088729833513
0.0216935728447844 0.15800739729118 0.205377663037842 0.149030675854065 0.259425211112246 0.206465479859883
0.124784204428412 0.055702170844095 0.0555147707883953 0.2595801537529 0.289836784706679 0.214581915479519
0.204033791279645 0.143443369696546 0.175472489822218 0.108516225245721 0.250735685870387 0.117798438085484
0.121121371768476 0.250396881369093 0.18171692406462 0.044903559872693 0.222995826046723 0.178865436878394
0.259055972488358 0.201003632055468 0.095972122068528 0.303840765804066 0.109929220942294 0.0301982866412854
0.10668669773388 0.0572105110794717 0.228187406150503 0.194942310453298 0.183250847281935 0.229722227300912
0.00911795468956758 0.0874951548743467 0.204596545373702 0.323688828352026 0.102176715947826 0.272924800762532
0.339666924547607 0.205270238685868 0.143096429511079 0.213217253954376 0.00177482370982261 0.0969743295912468
0.239466936668414 0.0935508923566116 0.286607729664303 0.130657297027827 0.022529515761813 0.227187628521032
0.131138500158115 0.0881896821083173 0.166191172706227 0.177001097122209 0.231771110326235 0.205708437578896
0.10699251934511 0.321717858362397 0.00269843900531223 0.139648548061945 0.228236703290089 0.200705931935147
0.283791608300332 0.16684555347502 0.275605113601077 0.0768700503042763 0.175022749700783 0.0218649246185121
0.319495604341007 0.123150369867312 0.0873095886570371 0.118953479194376 0.166014926556426 0.185076031383843
0.242452991212049 0.0389489208461562 0.254817079430148 0.122198021570082 0.19641826593767 0.145164721003894
0.0597288510093953 0.289417397533712 0.161162478739793 0.289354072419737 0.0364257897588567 0.163911410538506
0.354488039278912 0.0894045734053315 0.148088465016073 0.219832997784967 0.102266117331269 0.0859198071834468
0.136571378133222 0.146459732940337 0.265454163332951 0.0373075868254376 0.0814444466766632 0.33276269209139
0.10052699036324 0.0889781540510711 0.161668280697998 0.240867529103257 0.167769217855785 0.240189827928649
0.282064757113547 0.225616151309446 0.275880803917265 0.0298121205887267 0.102325813070853 0.0843003540001634
0.144980484573768 0.155911763219763 0.240355580675615 0.176355751596159 0.197648397618934 0.0847480223157607
0.00489043039065147 0.266624487378987 0.12127000304961 0.121367287973113 0.230874453570457 0.254973337637181
0.0237499225720291 0.250686884342185 0.257823772972495 0.255598523097592 0.122308312853186 0.0898325841625145
0.340377489581003 0.239437907317652 0.0353833069326958 0.114528824196117 0.24636694753381 0.0239055244387216
0.0843312526590191 0.22096544414647 0.0974057775537903 0.206182422701022 0.202864163431149 0.188250939508549
0.00493202487402541 0.211153101212643 0.162707794406923 0.38600358559894 0.133063549704323 0.102139944203146
0.0577207391655321 0.19023983660506 0.0710681515326311 0.0328940463477899 0.24011503054695 0.407962195802037
0.384076772755771 0.0572064027279233 0.317901099795536 0.123470101743344 0.0151352080552753 0.10221041492215
0.0416462652541494 0.152399007547458 0.316573491560121 0.304446071451374 0.109027677785292 0.0759074864016055
0.239573398862064 0.150849281565417 0.404400240136311 0.000752719890344296 0.172397784670038 0.0320265748758252
0.05291969061689 0.214912553791972 0.222984208236195 0.0190466157627841 0.323613665622423 0.166523265969737
0.0958166268601583 0.0400030420009647 0.16405051416645 0.226348880617809 0.240741760012673 0.233039176341946
0.142442936426851 0.275075711061116 0.0975324131410407 0.0492813038497193 0.240767441810836 0.194900193710437
0.265003684460047 0.0221286011421676 0.050806232664817 0.25470852114652 0.304791889170093 0.102561071416356
0.164547107290564 0.0487351219836713 0.00799571921439904 0.23698972926708 0.34106937720518 0.200662945039105
0.221801439124767 0.164972744265458 0.177432813806215 0.168741234501052 0.0766760020875677 0.190375766214941
0.274648809783683 0.230258108083982 0.0904064342792403 0.00911126505048408 0.0924224245933711 0.30315295820924
0.301278325889522 0.1415397535041 0.103431339420066 0.0230275805871065 0.139457273990224 0.291265726608982
0.163580157541796 0.228383377751876 0.220627773573284 0.0864390556656393 0.300383609179346 0.000586026288059947
0.042443808517246 0.273218759598659 0.112719479776928 0.214640041741178 0.080197504907573 0.276780405458416
0.0625053699170972 0.105171540918245 0.112565971356367 0.244445376516939 0.193393757504569 0.281917983786782
0.0523470863341586 0.153003922594746 0.0859764175070987 0.11625466667909 0.238504794213658 0.353913112671247
0.304731911876792 0.316523949690236 0.0207818937288484 0.0626470924432085 0.204292087993313 0.0910230642676027
0.102950319782591 0.373877451430076 0.031418000564322 0.0591618640466426 0.0621022613877436 0.370490102788624
0.00566850999420207 0.186370836054442 0.179850781513037 0.266085183640223 0.121404841877052 0.240619846921044
0.259366201376433 0.0477618472522493 0.243664283411689 0.220283822121958 0.137651605104227 0.0912722407334432
0.127209957579147 0.0991273949464395 0.183766294589997 0.292321261378977 0.112664369711106 0.184910721794333
0.291442692218029 0.0630528259765515 0.231008237904103 0.145046438282605 0.0517742159234386 0.217675589695273
0.327374075512988 0.135459566054675 0.0226761658359368 0.180513847873264 0.263082705193038 0.0708936395300983
0.105767595200198 0.212633866745133 0.217840463688874 0.0187419174984745 0.203291531270181 0.24172462559714
0.232818721848687 0.253092971820149 0.0640339176915791 0.273450268763531 0.0699418078986056 0.106662311977449
0.0655093083694133 0.154152244930095 0.060796552218608 0.179371888402 0.484339776809409 0.0558302292704742
0.136600934099083 0.119773951059868 0.15767693433194 0.195639561421514 0.219546254295269 0.170762364792326
0.253321003884346 0.158837684176352 0.102728676450139 0.0950068170882231 0.130998955379409 0.25910686302153
0.135466440091323 0.0624627277375101 0.258121203035364 0.0545685659122163 0.147209550487019 0.342171512736568
0.234221986184816 0.141160396814894 0.225692894070637 0.166648990082962 0.0213169455231469 0.210958787323544
0.112552156625783 0.154910819232511 0.151850564207684 0.199695180597312 0.375546433804741 0.00544484553196742
0.173133067879129 0.148773821510927 0.0682309238932234 0.132456848141407 0.262735290202083 0.21467004837323
0.0340993690675406 0.0110251564609199 0.037934698279517 0.197424419254529 0.392057924198196 0.327458432739297
0.0932171215755905 0.17524416208137 0.183999939365659 0.228965558195259 0.106258680165369 0.212314538616752
0.175809398417692 0.165643091843985 0.0625551455408542 0.206777349605731 0.204110056905263 0.185104957686474
0.0094150528970027 0.217344851930263 0.235909767696355 0.241667071176357 0.214538980105424 0.0811242761945988
0.0231042044268545 0.268514446550804 0.127720681046688 0.30285805115984 0.251903842592764 0.0258987742230488
0.0322537266631382 0.0697937188130271 0.453109289256959 0.0200131442302549 0.29392776933038 0.130902351706241
0.107716169954901 0.294273543991565 0.280660014752401 0.0778356418892296 0.053035540801789 0.186479088610113
0.27868067370654 0.0539883406444099 0.283395247611415 0.0405538405334089 0.087866378850186 0.25551551865404
0.10916787501498 0.227932255971544 0.223421488306954 0.197900633451089 0.22821362877181 0.0133641184836235
0.154421838496659 0.0158948667793105 0.2141480322113 0.178824285127348 0.189610479859744 0.247100497525639
0.165510597026258 0.475495657898208 0.0512904477116457 0.0053009061647005 0.0513997633499689 0.251002627849218
0.10828296182204 0.197308571169863 0.197666437811732 0.163740638766453 0.0846529381787891 0.248348452251123
0.00453584959729473 0.0949213793317639 0.370018865436485 0.147273647612175 0.342459798369872 0.0407904596524093
0.12666655763549 0.251843637006287 0.191555621051216 0.204815762773376 0.0706535670871765 0.154464854446455
0.240869947508071 0.134625878911618 0.0776494547461081 0.0653103985477132 0.266642847656313 0.214901472630176
0.24599082157028 0.147298043684248 0.063207080048306 0.272214308748251 0.252802261239925 0.01848748470899
0.199057375605034 0.144066825548713 0.160424838464252 0.132141532604911 0.206573926104875 0.157735501672215
0.0183665712372658 0.148751783595499 0.174172935040593 0.232472863484764 0.0893177748394315 0.336918071802446
0.0666965875131047 0.293229099184209 0.0385740565166292 0.2996342509189 0.152251424894707 0.14961458097245
0.295472436132354 0.0910727510150273 0.00947577431063797 0.233576296064626 0.286548869727069 0.083853872750286
0.214163754044642 0.17685273416205 0.0197384500505526 0.222964777708085 0.163027233951636 0.203253050083035
0.457142614184792 0.189361028200849 0.0368604512827184 0.167965586935266 0.0459741840376858 0.10269613535869
0.12995280070248 0.0967637009331715 0.210479260221307 0.296192970068708 0.127497739599962 0.139113528474371
0.105989311495647 0.227569627334054 0.235332775509134 0.184623334409902 0.20500476896983 0.0414801822814333
0.17930656785333 0.194907615779354 0.159678552737398 0.0981969669555076 0.175044202369088 0.192866094305323
0.0150706989377316 0.0760392502654887 0.340429163503528 0.220018184993107 0.295687924127398 0.0527547781727469
0.0381240338343487 0.285234953682946 0.243197247994495 0.168220440680878 0.00672265392020285 0.258500669887129
0.148703468369443 0.281907097721826 0.0931942571445282 0.156626233448372 0.0967302520345795 0.222838691281251
0.126527709582314 0.321182475660065 0.101645694985344 0.0639508699636751 0.278151825903662 0.10854142390494
0.376306799784624 0.0297760873993467 0.128611332059498 0.186783275082121 0.180240448168814 0.0982820575055971
0.254535987755287 0.257960191337205 0.0134444165820912 0.206886857546443 0.0261636958167733 0.2410088509622
0.141829085103644 0.105045406858347 0.0525546568164797 0.339981855345528 0.189983805432973 0.170605190443027
0.0155554794241153 0.247643999646761 0.29972275489608 0.20890945369735 0.201409897608295 0.0267584147273979
0.00144627245048979 0.188433439327385 0.275828349223746 0.157650979317495 0.161732288704892 0.214908670975992
0.150195222847416 0.0434143903972811 0.417758647612144 0.159487111108163 0.0233264552179487 0.205818172817047
0.274566147543104 0.00878930570342664 0.293473456399544 0.177519876252789 0.172510548680242 0.0731406654208934
0.194227275054938 0.0250197604960848 0.28353305909745 0.396236682671757 0.0394621446177899 0.0615210780619797
0.248185214677054 0.125899745193141 0.117828108433906 0.0906233305463326 0.314328310673353 0.103135290476213
0.201193059861864 0.0830611747746926 0.284777268388774 0.110414267232195 0.1257949343711 0.194759295371375
0.26461173769148 0.133456149067714 0.0530708453993587 0.246258350963747 0.0478723764785631 0.254730540399137
0.133832628699428 0.129239156604046 0.219184869524986 0.0391196212254948 0.442845605784312 0.0357781181617334
0.18908135947844 0.172491741587636 0.0868781018678163 0.320137790158238 0.16374197781023 0.0676690290976393
0.051988639379931 0.264274937958129 0.144633062420996 0.184586505077457 0.169366436392287 0.1851504187712
0.228331694875226 0.190433891704958 0.166259163600981 0.0481259809123793 0.235556143595919 0.131293125310537
0.350440779071296 0.0357252537156954 0.279162799721118 0.153734969974101 0.0240215596769606 0.156914637840828
0.233417776738658 0.0801127690389567 0.24618830065818 0.100619008704134 0.259118242235378 0.0805439026246932
0.355757860517639 0.0329443247069397 0.112991368751284 0.169913184539362 0.0650576146503411 0.263335646834434
0.0264246443056882 0.261371111441758 0.262622079763087 0.219663223855898 0.11670718161168 0.113211759021889
0.33612535136222 0.222674589611138 0.233671303228697 0.0932555205524636 0.0431700498356108 0.0711031854098709
0.234577530021883 0.179848057639638 0.198619730304068 0.0851274779620003 0.227535818489378 0.0742913855830323
0.0948009158772251 0.001648388963089 0.195933996367889 0.178929725224091 0.225707162433147 0.30297981113456
0.153462848948307 0.146291264173282 0.0341860998714398 0.312613821565167 0.0866479761511318 0.266797989290672
0.229224328940239 0.132670081269519 0.273857080060667 0.182435653229733 0.106830390444185 0.0749824660556575
0.201338892532379 0.262249592920721 0.297424023669063 0.108517915198433 0.123276148590189 0.00719342708921485
0.117370654944237 0.146553696179246 0.204966531952483 0.282623291852955 0.0194708411568433 0.229014983914236
0.0463594564934324 0.364051699165688 0.158413656012749 0.169153338422398 0.0954629060234873 0.166558943882245
0.146065248565362 0.228824739576676 0.173696397836613 0.165722404482164 0.237547320102851 0.0481438894363337
0.107663962749837 0.213043680506331 0.15991534566695 0.0322233532346971 0.121822830317108 0.365330827525077
0.203151812519631 0.0685985736305112 0.0504685027854074 0.117030491130455 0.275859301819686 0.28489131811431
0.233347981096001 0.21218084223139 0.0838594501302362 0.186821093040809 0.156890780427538 0.126899853074025
0.0888326030406931 0.204789708518397 0.18819386942823 0.147458045435881 0.210350574709232 0.160375198867567
0.199761211311061 0.271639053265684 0.217556803148562 0.0166159193506383 0.0460259234547212 0.248401089469334
0.260999400243727 0.0956139726761373 0.119939698598264 0.0130080595684788 0.222049539066121 0.288389329847271
0.0712835193369403 0.0507074591990447 0.305696614679418 0.124204921170913 0.254329399114801 0.193778086498884
0.040975813077291 0.184973792063551 0.170736889039252 0.273681909048277 0.316462199915597 0.0131693968560311
0.163499816945062 0.229877061333639 0.0150131528078456 0.29268444835305 0.240556492291382 0.0583690282690216
0.0356518303010986 0.099156224642667 0.192242096130252 0.234273885060632 0.0768195352167745 0.361856428648576
0.102272615344547 0.153855670665558 0.0626883503949496 0.211604263013453 0.352304610604997 0.117274489976495
0.0597168995132188 0.272223011379426 0.0536388614918336 0.244183771909695 0.121845388632581 0.248392067073246
0.0404040702823419 0.295094564167249 0.352866231350453 0.0198128817479523 0.00284989429070681 0.288972358161297
0.0864928619284087 0.164226647979965 0.0249529940545191 0.234130791986809 0.234051829497455 0.256144874552844
0.300687648064917 0.0758733028345981 0.079939220275139 0.116327116257854 0.12358373022906 0.303588982338431
0.276524871468907 0.0168552977684411 0.14462047851407 0.179946772644173 0.218578452873701 0.163474126730709
0.185553850884623 0.207429066533195 0.0467487853686122 0.00769806435023225 0.468340914935032 0.0842293179283058
0.0195063208062525 0.199263141106787 0.311202303360603 0.230185994395316 0.0837847552661846 0.156057485064857
0.0499972060502966 0.0461140987100006 0.299617643601637 0.210533851844892 0.0771072945260364 0.316629905267137
0.267562086917303 0.208367221794053 0.137388602179673 0.0640100797633047 0.242484143966243 0.0801878653794235
0.294042136548995 0.0448451343701484 0.219314112297238 0.113102907897521 0.137940019531193 0.190755689354905
0.198480794252833 0.257866940121032 0.0828779835221642 0.297822007198077 0.0882021036406558 0.0747501712652382
0.0358469725751342 0.0932336480599323 0.271245843459939 0.226922348949954 0.195552340402563 0.177198846552477
0.0076900451823498 0.265969652648879 0.142526358528294 0.0224246322496561 0.319253164201767 0.242136147189054
0.239851467255569 0.227353817739192 0.104420577909128 0.190420755761256 0.166444102532115 0.0715092788027386
0.298252506388499 0.0964120149081147 0.210324131804329 0.256080868688597 0.0255152402823962 0.113415237928064
0.0613507353480238 0.0527466188655181 0.147238710023688 0.389103516229074 0.22799067942642 0.121569740107276
0.13009919752049 0.153020303607365 0.0205286030998219 0.322242188650092 0.209396384222834 0.164713322899396
0.294959572842211 0.0093963166020736 0.218128690992431 0.221681913088797 0.0745069716477868 0.181326534826701
0.0883243348820438 0.254216513265784 0.242026584443756 0.0190141000454091 0.269465003331867 0.126953464031139
0.126916559308887 0.0415743122429854 0.196113959641251 0.25095827761283 0.168147914813251 0.216288976380795
0.0721368112414584 0.191343855087847 0.262724254673665 0.0700639210204791 0.187899299087304 0.215831858889247
0.000428016726143527 0.0115389441339976 0.311613130003695 0.297684442973857 0.247335472213086 0.131399993949221
0.230835653020454 0.111862655123543 0.221843484181478 0.173896609633507 0.121495560895413 0.140066037145604
0.356572586267175 0.11057686150227 0.115625778569243 0.0815927151145142 0.285201993686306 0.0504300648604909
0.15719338898633 0.225129080179438 0.219371205793523 0.167011800122675 0.039074385662512 0.192220139255522
0.0166318593145756 0.074782713992053 0.467228908044708 0.132161750873767 0.16088374651622 0.148311021258676
0.297614909972213 0.186401352062114 0.0136199018443156 0.318016897410026 0.0964146812294646 0.0879322574818669
0.272783016909717 0.301425373579424 0.118345748846237 0.182978096906911 0.0600414857529146 0.064426278004797
0.154398781549884 0.0897208112193616 0.307302975126769 0.0659807062776471 0.201032553816484 0.181564172009854
0.155188909780363 0.216052619240093 0.260032035845115 0.299248779751547 0.00892774705790979 0.060549908324973
0.00663677922357832 0.255264359253068 0.174152204692834 0.081685774684446 0.293690203428007 0.188570678718067
0.0687859845704457 0.329758759916709 0.144939293940748 0.154010845453379 0.0769866487498825 0.225518467368835
0.255270188390548 0.219307470149187 0.12268987866367 0.0263968065453467 0.273600791011153 0.102734865240095
0.154154618527782 0.00555587534405636 0.0489488728174872 0.0430091151010526 0.488262128965612 0.26006938924401
0.0499081133295321 0.31344603118351 0.146646172315685 0.0579989060364225 0.146047293894955 0.285953483239895
0.241080947733429 0.156626045635992 0.272194846007577 0.123927772967737 0.0965623150356527 0.109608072619612
0.231490726362793 0.0518209268821288 0.216765650455418 0.124080708051016 0.171886111962548 0.203955876286097
0.249555015396698 0.257559873553134 0.182169156798168 0.050010570451708 0.234423894964974 0.0262814888353175
0.0111347899162022 0.217495508580879 0.198223970284335 0.262165552622536 0.0993329480685789 0.211647230527468
0.116573314559301 0.259255543376924 0.249510797126773 0.221915453188204 0.0525179687458069 0.10022692300299
0.158335478569486 0.311893900306876 0.0928259863223608 0.172156888774449 0.125164866171325 0.139622879855504
0.128635025549192 0.0637356544759639 0.172022282448602 0.154598126977358 0.23644550311361 0.244563407435274
0.234843290087911 0.0190370579300116 0.302688296572851 0.122688404723111 0.130614716717637 0.190128233968478
0.128568790978902 0.232836792991868 0.228091816424906 0.103016553051534 0.112333975036214 0.195152071516576
0.0845079896923716 0.263625119545406 0.0276004358836019 0.290786867854846 0.276424926581798 0.0570546604419766
0.164275718353192 0.194642357062406 0.115994636143265 0.128139988045078 0.177970673073632 0.218976627322428
0.104501361176724 0.232941555279762 0.267346704353955 0.000928310764098425 0.189840887413144 0.204441181012316
0.100831857231099 0.13191976714834 0.208435782252169 0.120871845239135 0.216767082697455 0.221173665431802
0.193988199204187 0.28766520723716 0.141944823001946 0.0054163597222639 0.243171753629718 0.127813657204725
0.335748362746438 0.0551907425505542 0.0940845485496415 0.339116918112592 0.0878453172630707 0.0880141107777039
0.089896940312613 0.173618073667595 0.26635539981445 0.020953189118806 0.272485502184101 0.176690894902435
0.260430425915444 0.166969382920762 0.0137929968991557 0.220176002070745 0.299043320628824 0.0395878715650698
0.295916039231274 0.140902071504177 0.042875568957997 0.271923600877522 0.0562570983953775 0.192125621033653
0.0799730422493537 0.234364382944901 0.366009335080605 0.049564324669177 0.229674537103512 0.0404143779524517
0.0331800598694193 0.020434784676878 0.281607901863919 0.319763844071675 0.143282972508379 0.20173043700973
0.274530991759476 0.218935071906556 0.0672955719733585 0.0939156933903314 0.14206315284693 0.203259518123348
0.243759054208994 0.0994330252741569 0.0340382133203413 0.0992360288051962 0.257009246509936 0.266524431881376
0.0749186471096165 0.109216916324948 0.182026124081603 0.197499977766873 0.217459137930667 0.218879196786292
0.250129284344306 0.25746988695822 0.0784216207701341 0.328433960701505 0.0738106635579837 0.0117345836678508
0.033494925481748 0.164083116077894 0.108265159322096 0.342343869507701 0.24720067686802 0.104612252742542
0.0218540808166679 0.00883153428682312 0.188905933757469 0.0625655136687795 0.476433719573752 0.241409217896508
0.208466078103042 0.0718722975353786 0.145922646097574 0.240598487553617 0.249318275529071 0.0838222151813165
0.063475648009697 0.0635078909742019 0.228291000640308 0.252266071795544 0.188633296649348 0.203826091930901
0.161558782427169 0.129644773133378 0.205475526647954 0.239210479771904 0.0446963572967335 0.219414080722863
0.200314124565232 0.0343215040512114 0.211401722680494 0.224011867890193 0.11686870409476 0.213082076718109
0.16664828647584 0.202689589835984 0.289875339512542 0.0595784171452842 0.238914741472105 0.042293625558245
0.283584472043646 0.272213899203827 0.251180541757198 0.0146033803747716 0.0112163815963391 0.167201325024218
0.0392053212337393 0.275904757834499 0.283424642830215 0.0853557020351114 0.199036184978081 0.117073391088355
0.145744862276261 0.297483488431539 0.256334989480173 0.267225942869195 0.0316501565031553 0.00156056043967701
0.0961903507821611 0.0596497957801057 0.165371878298726 0.151188606916505 0.308170883957943 0.219428484264559
0.0516113851673377 0.0612872206152659 0.255928669176765 0.0386259153628443 0.266083732489062 0.326463077188725
0.00705571834784518 0.0466081038651884 0.384078996784824 0.150187802829828 0.22414381939477 0.187925558777544
0.1823998556983 0.290742277824142 0.121614394851981 0.091197211091696 0.119021759414096 0.195024501119784
0.170048138441172 0.170065677641429 0.263237737831066 0.147725842637307 0.201582647463029 0.0473399559859953
0.110447231091752 0.110343728376636 0.203718538736507 0.202542926136307 0.0940425575625211 0.278905018096277
0.100846289199916 0.00952197476515687 0.207659186552246 0.237136084118882 0.209307399275851 0.235529066087949
0.194969126644893 0.168417152128131 0.179380298963122 0.0565933972077754 0.145883985972946 0.254756039083133
0.167236643518578 0.24031634470482 0.0824380934563473 0.277613111112201 0.214702046433755 0.0176937607742978
0.189874728657834 0.0806197456537158 0.0910358632592431 0.225014200012008 0.188887113967772 0.224568348449427
0.0984596300314211 0.195563102150902 0.316077235790429 0.0126848938661525 0.160082798705053 0.217132339456043
0.255657132192319 0.0434684201670988 0.0103295117547223 0.350738618561731 0.117729577996303 0.222076739327826
0.122860584390426 0.238334003083595 0.172820904190774 0.206574614204184 0.129233353699501 0.130176540431519
0.0575949239200504 0.177835161188434 0.243923859229358 0.212774814386089 0.0964476279976813 0.211423613278388
0.121349468143475 0.238531763202176 0.256417578026797 0.285901055593352 0.0625649971259567 0.0352351379082431
0.28360783529188 0.186838861062174 0.0288477465169591 0.281423198130378 0.151818507792118 0.0674638512064912
0.212130773995613 0.289151611811794 0.0472101689166469 0.134723004805545 0.0981041538435934 0.218680286626808
0.163524220299674 0.0119165063454617 0.171269237959127 0.195683552879561 0.242416602954769 0.215189879561407
0.0386101805679476 0.200232698886783 0.236660266473807 0.36722275739504 0.093768453470439 0.0635056432059838
0.0500463437559185 0.0347746918400306 0.042135339417167 0.276253939260776 0.330137031418023 0.266652654308086
0.133076352019889 0.227943782710805 0.185435372066726 0.117868620791615 0.14633048458289 0.189345387828075
0.231175929663607 0.204560887066726 0.0307794675048369 0.176059049390165 0.271085729383497 0.0863389369911686
0.328029410851791 0.0995836669013568 0.244606443613803 0.0325571360367753 0.233009270283499 0.0622140723127753
0.20624666509714 0.341127268633323 0.0993290098149363 0.057530116456293 0.0230528308451713 0.272714109153136
0.161582934355238 0.196023920926141 0.1562601427445 0.211023010886526 0.0639801956837835 0.211129795403812
0.203961470902612 0.258544429539659 0.00943665289106778 0.282731206563375 0.00751530525557495 0.237810934847712
0.0527034023357236 0.244500048818622 0.16916121184745 0.114983448545063 0.375254126629879 0.0433977618232614
0.207850705854881 0.189571891852821 0.240769039197047 0.0778018062766237 0.203674195317816 0.0803323615008125
0.107684109988441 0.310219004224983 0.0997086565247407 0.132254536905274 0.123870851034 0.226262841322561
0.195165388775412 0.100701732793609 0.111270641973778 0.076734133287707 0.25031269191154 0.265815411257953
0.0263070045758811 0.0819088916001377 0.249141646582049 0.259098789434419 0.201238835323102 0.182304832484411
0.171000607221813 0.165070735421205 0.145015738065118 0.0750811157383634 0.427062356501132 0.0167694470523678
0.0515155982040962 0.165357314844103 0.184892985875759 0.336528662862198 0.0815299925308479 0.180175445682996
0.187840526223829 0.0523802193978344 0.160806029711738 0.136040218878755 0.119208123311775 0.343724882476069
0.0281526641997044 0.179148812136654 0.221857067376128 0.283853864194609 0.0803796341597786 0.206607957933126
0.134539995475531 0.231032087061829 0.205968108649945 0.124053285558233 0.0542854291202639 0.250121094134198
0.191951237047068 0.102221561693642 0.166261998965517 0.0997434548585636 0.349849255749425 0.089972491685784
0.135335370644699 0.0297059099062595 0.226588409153118 0.230200789300355 0.199979293901909 0.17819022709366
0.117686961233127 0.310510631312571 0.0284343534814322 0.420261126685867 0.0267385831595915 0.0963683441274107
0.192112246294658 0.187082542855263 0.0461981452719149 0.128073732807033 0.256580632666105 0.189952700105026
0.0599012606816929 0.0749197495319859 0.297255633478859 0.160180857988854 0.182254538850525 0.225487959468084
0.0393836903863272 0.134981415253387 0.187913663257536 0.247863118030179 0.332770656138582 0.0570874569339887
0.290019906291113 0.0896858409164017 0.141971917113087 0.202776712388491 0.018348508812931 0.257197114477977
0.22818322162624 0.0990857213633756 0.16822208001496 0.165480455084406 0.0643027001527207 0.274725821758299
0.148216430726383 0.121012677371976 0.397687812635818 0.15055257308159 0.126521301136871 0.0560092050473625
0.25342401634819 0.135598245129559 0.0261177080004813 0.274710168163692 0.0622681238271631 0.247881738530915
0.164172463847776 0.0617022926576599 0.137806625930319 0.190987460238575 0.24010252611754 0.205228631208131
0.246346827888039 0.156609562134761 0.161723349449025 0.198314813783296 0.00254851215133999 0.234456934593539
0.230044167397064 0.000176849094842453 0.256044601525816 0.106889573835292 0.236674013197671 0.170170794949315
0.0583522519309081 0.244702514520481 0.256345048456165 0.0452127289749092 0.189030461844297 0.20635699427324
0.156653551435569 0.198548574779281 0.020910433496801 0.165190616829868 0.114255756830144 0.344441066628338
0.0511538284777802 0.0347185692186258 0.331148185923145 0.0620700431863304 0.283903647088776 0.237005726105342
0.250444369705191 0.0414581555603766 0.160935412439005 0.110652667494809 0.138284755750472 0.298224639050146
0.244319765409287 0.159403036854976 0.256281742936324 0.00439852643246543 0.0109092716668166 0.324687656700131
0.102270398930189 0.122073558280842 0.22026342228572 0.214806378047659 0.335283651979769 0.00530259047582136
0.156504641357102 0.0729445683164543 0.224213032830874 0.164657985264489 0.145892756593484 0.235787015637597
0.131074146022404 0.154198609055418 0.272343149231799 0.163267026714762 0.170509380597031 0.108607688378586
0.0913555092418018 0.0352797165162387 0.0983816631017072 0.310168809854409 0.188398302907556 0.276415998378288
0.0381172437164542 0.368136420557323 0.0315992287987954 0.251020075571851 0.116200855514558 0.194926175841018
0.032079052567477 0.250376072478036 0.201733416019648 0.199458974653784 0.253616394897865 0.06273608938319
0.0551827778815542 0.0886503191904255 0.364386263365888 0.115227703513438 0.0303084167544361 0.346244519294258
0.263234975952827 0.12941493702801 0.120891444712823 0.0931164685851397 0.16940442200424 0.223937751716962
0.113656215040742 0.0137137243985945 0.193994054055471 0.240610822763611 0.200302171716151 0.23772301202543
0.153000687850529 0.256970830737524 0.277713966992615 0.0120390672112216 0.0441135975925616 0.256161849615549
0.174400566630884 0.0147692316552878 0.247425898385336 0.200085805654762 0.101221042850999 0.26209745482273
0.200247444334869 0.24336288620074 0.0694912084885483 0.13743877961141 0.0935880303865659 0.255871650977868
0.132016055860313 0.296914047577618 0.0303578944395806 0.156471018526714 0.296564044484614 0.0876769391111603
0.191136403627446 0.143707360553048 0.232041268938076 0.134411845443616 0.194709580188898 0.103993541248916
0.150150579024612 0.1158264711033 0.217789941030737 0.228321777723574 0.190296835638787 0.0976143954789906
0.285368448336688 0.0611638646779715 0.216991255101765 0.111993300843095 0.100225749364402 0.224257381676078
0.0148407282791676 0.303187077308954 0.0995382656414138 0.190481245213858 0.337137097585132 0.0548155859714742
0.279908234453605 0.0417054153172067 0.122109591531018 0.232812146909515 0.123419709455905 0.20004490233275
0.17993474230749 0.160447998475462 0.13280597524625 0.131998792523538 0.0559442916397278 0.338868199807531
0.149947354011062 0.179178700380985 0.192202003743772 0.0771012555609585 0.203940085282535 0.197630601020688
0.165632428767711 0.190881956101196 0.190766142291314 0.171550440084469 0.256050706791042 0.0251183259642677
0.268735128095116 0.190406174736203 0.0586331576184858 0.0541096752678703 0.248624644016432 0.179491220265894
0.218572655641669 0.204503043125798 0.199147716769931 0.155878494410345 0.0834950649090869 0.13840302514317
0.0284220709760624 0.25038766439394 0.148200292648968 0.357894743090699 0.0364663418007196 0.178628887089611
0.199851861461812 0.1128690485581 0.160268241103564 0.117875336202497 0.192221615090201 0.216913897583826
0.204522699368539 0.300400455324632 0.359553558238786 0.0565137369366347 0.00159592734389873 0.07741362278751
0.18859383259142 0.125300646642765 0.0946514206504776 0.0523071722999974 0.33370724287019 0.205439684945149
0.181158774057956 0.143097068608689 0.214576544261368 0.209008952133 0.0499070666971365 0.20225159424185
0.273907028408969 0.134356615656294 0.247850370929732 0.0343073866574425 0.197728127358047 0.111850470989515
0.149775557027538 0.0889353385690606 0.192377989580909 0.176498771320485 0.30300824575912 0.0894040977428876
0.232174701157369 0.132752332306622 0.1683242671711 0.276571329485979 0.0113102458696141 0.178867124009316
0.262386956661891 0.140403883568747 0.0205313730506785 0.261812380688 0.0120288635191507 0.302836542511533
0.22855322494453 0.103075470251267 0.315368154423099 0.167157493483849 0.107185566413176 0.0786600904840781
0.0877325798383321 0.240354715563175 0.297988984001231 0.000898918058353859 0.172949797917696 0.200075004621212
0.00501327267745008 0.335015696447324 0.114816591462863 0.183517820694152 0.0638963294793818 0.297740289238829
0.0765039675800973 0.170775958837164 0.192706269815024 0.201510774977307 0.284040614413049 0.0744624143773585
0.210076323046807 0.113550534960887 0.0338300781599297 0.27813734549772 0.123122643836739 0.241283074497917
0.236671489574291 0.0129045184961954 0.205800225391213 0.215262814648975 0.159377290690001 0.169983661199325
0.00582014903546083 0.0164685420919849 0.283370109522202 0.428236681821531 0.0437701867573911 0.22233433077143
0.174714652303114 0.0758921810504382 0.13978909172862 0.141264805688569 0.229371006166699 0.238968263062559
0.0606087087995176 0.129952161732782 0.228660910781684 0.173421832326162 0.25341912843094 0.153937257928915
0.269225403966611 0.0667365068324638 0.257492231283043 0.305948231086946 0.0775449586426248 0.0230526681883118
0.204144159231105 0.298219642571569 0.0409399701966094 0.0617780427614862 0.123806023479317 0.271112161759913
0.260214287455731 0.266837636588244 0.187759039302266 0.208595876409832 0.0748819434121788 0.00171121683174815
0.216657098960021 0.19791890322481 0.0861896769728467 0.242392724198912 0.0572057549759105 0.199635841667499
0.102681344759092 0.237809987133751 0.0737795264924965 0.0606119316070224 0.283562991241307 0.241554218766331
0.0930166307471542 0.24954711160908 0.0750112480596074 0.0995574002023827 0.225059102452876 0.257808506928899
0.225679510940062 0.00915270119065932 0.267392981398292 0.0997177199282051 0.127817231464622 0.27023985507816
0.261425301746012 0.106499450900455 0.0949503693016343 0.0162385828618403 0.290437839770038 0.23044845542002
0.284673872276254 0.025290351502411 0.576570288122055 0.0356075342792379 0.0160083494388882 0.0618496043811542
0.00299357029577538 0.169123050327005 0.40821020931704 0.0720942150171395 0.00792944964712778 0.339649505395912
0.18673938946318 0.182425769655923 0.0970121566465897 0.130291361890365 0.233180207571923 0.17035111477202
0.127070863417117 0.35891042995773 0.0860569460728656 0.127411708022512 0.0765368492497346 0.224013203280041
0.201233847727724 0.0148563334368748 0.184702302626 0.314068806783513 0.153290638698027 0.131848070727861
0.175621823224102 0.0906637753654718 0.184244788027791 0.109443863463368 0.221846376781956 0.218179373137311
0.0383714589362463 0.152038177325882 0.352819034212253 0.0964832309975162 0.131903167795979 0.228384930732124
0.0145204699698799 0.155367166527922 0.14612661357523 0.106458447175262 0.285811033745702 0.291716269006004
0.0542670246324496 0.179092838314428 0.199898420608284 0.328141882642719 0.169826924245504 0.0687729095566153
0.16222587982365 0.360970913689447 0.0827537062137068 0.347554852667973 0.0445483112365406 0.00194633636868315
0.232532794293973 0.204085663365698 0.095989595966136 0.00849384779615956 0.247434534305095 0.211463564272939
0.195745424532633 0.0888857569977959 0.151667981731089 0.0772421389897882 0.288946943579256 0.197511754169438
0.108710416153701 0.258160488764395 0.28347748690774 0.0273922454552587 0.116225023810701 0.206034338908205
0.253739099299119 0.0518459784041865 0.088469788570218 0.205256638384208 0.247801702066734 0.152886793275534
0.244892503521834 0.154537852485596 0.0990661554499326 0.238757549503359 0.018182734422378 0.2445632046169
0.0394681060380008 0.170201592132041 0.289170742998268 0.0828678154608718 0.173462866411436 0.244828876959383
0.0607606921407338 0.269609083252245 0.181340997235378 0.264819390768473 0.0971686785147554 0.126301158088414
0.244542003912972 0.109636294256195 0.243045766058046 0.101144455608259 0.116218889683815 0.185412590480712
0.374743142509005 0.0828051385292216 0.0536764982281382 0.178891248992656 0.266891550172906 0.0429924215680726
0.168253356266841 0.17646773349507 0.114909635749318 0.20280101403138 0.140771013047735 0.196797247409656
0.117382909091121 0.391197225201188 0.261583915512641 0.0180876417935355 0.194020140258398 0.0177281681431171
0.19905582611434 0.0787316902816532 0.129139203377576 0.0160500321889143 0.310685931334276 0.266337316703241
