0.0365182933575984 0.299665993690854 0.10291774669176 0.131647860776247 0.274892960898932 0.154357144584609
0.0157769017436288 0.0546598624494124 0.270950854640042 0.218842610071162 0.170522820142713 0.269246950953043
0.153470809013686 0.150098428403604 0.0883434227656947 0.252589416946975 0.145769959759503 0.209727963110537
0.187381917852933 0.237076363115073 0.274960780950976 0.0297312351817238 0.219154473084894 0.0516952298144005
0.273488610247898 0.308492533908883 0.102544994014361 0.0565235952167822 0.250078083158112 0.00887218345396404
0.102063043497095 0.228437877099942 0.263617702020186 0.164423068623624 0.0827257710466417 0.158732537712511
0.0126422260010302 0.354468157127545 0.318004816493251 0.00286699596535391 0.110416229875633 0.201601574537187
0.108832848521513 0.105943189311298 0.121311108986636 0.219433703988147 0.130554910335515 0.31392423885689
0.144356580415669 0.256086739996109 0.0158897507992415 0.257633593256405 0.242637674676671 0.0833956608559044
0.255641995283833 0.181725285318842 0.0563489178622441 0.28119587792989 0.186339889607686 0.038748033997505
0.105613911403111 0.159732780671037 0.233927128172056 0.177797599110018 0.116555231490915 0.206373349152864
0.287596094114845 0.117366806770199 0.0810536561544577 0.236129093233085 0.248871006780849 0.0289833429465643
0.170716720787426 0.323417017120175 0.111068365901453 0.0264843107203987 0.0180144391127213 0.350299146357826
0.240483047181576 0.330552468761211 0.11491056281025 0.00795573335723657 0.221510176456957 0.0845880114327695
0.0704676737208132 0.0496153882701668 0.259345186084645 0.264676621961472 0.14827728176347 0.207617848199433
0.281623148560135 0.239655026380725 0.0883329250819411 0.229479861310303 0.0649846002100596 0.095924438456836
0.0754504586089502 0.207664250818191 0.217872150391434 0.153604882999764 0.187220258094075 0.158187999087586
0.204103348661975 0.187033861355797 0.0418338024570688 0.301838433799875 0.219071495418798 0.0461190583064863
0.154840359940681 0.141926929769447 0.132123639035872 0.190076300707465 0.193144494805604 0.187888275740932
0.155774189868012 0.272317383150361 0.173099339871478 0.00769068351388376 0.251909651100299 0.139208752495966
0.184052984369655 0.142897382865746 0.183187140370171 0.216310074114976 0.0893528711453776 0.184199547134075
0.213045555447701 0.127465605492692 0.129253905562941 0.168116285421366 0.094514220706207 0.267604427369093
0.0512530520167151 0.267404228905407 0.0579091529734389 0.28651050171482 0.208566414884161 0.128356649505457
0.0982690730285247 0.17540916675213 0.165587188887118 0.169008971303851 0.0302108726755861 0.36151472735279
0.0343555913823397 0.116183777166338 0.291228111174784 0.387020068731629 0.0573755475276894 0.113836904017221
0.0883483745019405 0.0519582450231461 0.397265666214672 0.0401713137698455 0.108934109509966 0.31332229098043
0.24837780246152 0.0154563321781344 0.183022396405249 0.0425512862560089 0.158012977011762 0.352579205687325
0.230626897734629 0.259409281176055 0.0617990400147382 0.100455944513331 0.227238140195205 0.120470696366042
0.230433149803363 0.224546681050487 0.0487145262169393 0.248793173378477 0.229233266836778 0.0182792027139551
0.328812003119962 0.0748185903285448 0.157749406064344 0.312871571696706 0.125254302832086 0.000494125958356503
0.279504796382814 0.151117344818778 0.29396386431177 0.0432222370655273 0.0969696176448739 0.135222139776236
0.00196588330949677 0.140734466476314 0.227136562377091 0.06210793259427 0.215400705822465 0.352654449420363
0.285031421323542 0.0914909281437887 0.0717738553567896 0.267530572741647 0.263875112090266 0.0202981103439664
0.0826694309686433 0.229353178655781 0.294584597361568 0.0235306886230437 0.0637315173789184 0.306130587012046
0.113694407094263 0.0589764764891955 0.0696836169279154 0.143776078610573 0.287998792455667 0.325870628422386
0.270298509953085 0.150552832403706 0.096090329180507 0.244341975370202 0.141473898473328 0.0972424546191716
0.128568933225564 0.219820954380255 0.192990207526277 0.0671923164909892 0.111850832670552 0.279576755706364
0.205341236226771 0.168947845524967 0.0651179928762135 0.110076224122917 0.229823491759784 0.220693209489348
0.335479588475391 0.223536263287179 0.189575963627065 0.0897473339995387 0.100584871074624 0.0610759795362028
0.189044635023173 0.0338914441011565 0.231705208412889 0.203952338624016 0.184417586272632 0.156988787566133
0.101554181489115 0.0588539786054596 0.305904484431888 0.157217575612407 0.181981567651992 0.194488212209138
0.0328576730142668 0.134439020447962 0.138338093671729 0.223275643121876 0.068768769736261 0.402320800007906
0.0755545408324821 0.0652673689217232 0.0724398632946424 0.31029273302216 0.250715697666576 0.225729796262417
0.151620602225546 0.0725859104747062 0.247591664093728 0.203031291991933 0.216854147546406 0.10831638366768
0.0219647919806475 0.251904961039785 0.315107260969296 0.328819508806768 0.0767418868130212 0.0054615903904823
0.167543998002119 0.24090593262459 0.0701435157402627 0.127718526097781 0.278956154406901 0.114731873128346
0.276387464157959 0.219298943795637 0.199267318477064 0.0304939087761447 0.02130795713413 0.253244407659066
0.207957162766284 0.162342139501538 0.12445202528289 0.133209928592571 0.357629959019738 0.0144087848369787
0.248067096006988 0.248030424463839 0.158617268961501 0.071449725449601 0.0844662325850773 0.189369252532993
0.201516224536896 0.0286860650157481 0.242623737481113 0.136438001893381 0.222841328002264 0.167894643070598
0.247385445201338 0.156073990770955 0.218926782630368 0.193632366935769 0.0355357953975592 0.148445619064011
0.227426827237731 0.154816968731847 0.138282972482378 0.13693915950506 0.259838872013445 0.0826952000295399
0.0893010770767993 0.135463928510225 0.272212780960683 0.255309998569371 0.201726752137319 0.0459854627456026
0.0743172715760375 0.0405459848303883 0.251347435039684 0.259755563519041 0.0993149619820487 0.274718783052801
0.154598159282119 0.0671282758073915 0.261294072309747 0.192883271105982 0.220863543228627 0.103232678266133
0.0358318889119445 0.48180147105901 0.179196922931384 0.158465957285699 0.0985617108062138 0.0461420490057492
0.0593847325010957 0.183099940613445 0.064587519017442 0.127625314240448 0.38956091235778 0.175741581269789
0.0410565757792939 0.300743710520394 0.0913655038785286 0.218685378252728 0.229467533421166 0.118681298147889
0.114445548960808 0.122266667022982 0.160556249473835 0.184266836933726 0.369479942965106 0.0489847546435437
0.183716392986817 0.0243839534315924 0.234389595411099 0.247747617645974 0.263794451207601 0.0459679893169164
0.228078267592385 0.195376217920499 0.265001680690106 0.201470689390872 0.0205415863757051 0.0895315580304326
0.0907972951968936 0.314193220043489 0.0180418087340884 0.270344429352561 0.00546428785647834 0.30115895881649
0.0886859197426862 0.1908269466877 0.240441004369011 0.196822511537716 0.0872603997597863 0.1959632179031
0.292819671956944 0.0276377146944649 0.0178216117361536 0.0236897310905352 0.21217706534649 0.425854205175412
0.0223079085809822 0.0241879189957849 0.345756093307482 0.067864239600644 0.0956229683940772 0.44426087112103
0.319530901920624 0.09796108673606 0.100653644586522 0.133424476275493 0.301610896537063 0.0468189939442381
0.0292531557560373 0.120039215024857 0.446045467519037 0.0368475067638426 0.272910107875389 0.0949045470608365
0.0661455774940235 0.197961410444719 0.229293135775791 0.270984283666122 0.0844449564508841 0.15117063616846
0.0681968533057166 0.173308575273988 0.18127834797314 0.237787510408972 0.070827829924054 0.268600883114129
0.0665968015269008 0.178007583475508 0.237802275656444 0.183782029562797 0.290551762598666 0.0432595471796836
0.065125424538847 0.1024927644365 0.267137685123163 0.177391882573459 0.164904812539948 0.222947430788083
0.141928185332266 0.0938906948029185 0.125694625245233 0.10068202592049 0.28181340122784 0.255991067471253
0.267080674978823 0.172372308736704 0.221840519740015 0.251246506545347 0.0585918721993641 0.0288681177997465
0.120455872024077 0.348928140145751 0.149607687841818 0.159039311991744 0.16768394064048 0.0542850473561301
0.315813525068581 0.119917254601462 0.328725290676021 0.00245138458234445 0.19912738660297 0.0339651584686211
0.0340398768270729 0.295277244013379 0.0715581709428179 0.0917558514383122 0.220765254858305 0.286603601920113
0.18565141485696 0.210064911580632 0.188526376613245 0.26226382720174 0.0616540119614619 0.0918394577859609
0.0862506314174822 0.201436223398725 0.194320360578987 0.106581322883406 0.233920451919298 0.177491009802101
0.253636537370854 0.178354098387903 0.044935150649938 0.0683060339629792 0.228070760981836 0.22669741864649
0.0271972963253767 0.0577420088073412 0.267747346609071 0.233850408665872 0.26342380379546 0.150039135796879
0.0951815121933264 0.440356879223458 0.0738736645965567 0.0977261235410835 0.0507674007175513 0.242094419728024
0.153730589738056 0.0792171381471998 0.096954725791058 0.292542891976807 0.3490184334079 0.0285362209389795
0.00821832612311869 0.305362446300655 0.277277685220335 0.0241405086282906 0.344351593557578 0.0406494401700233
0.0489411596229233 0.190850467926655 0.231554430059151 0.146072964077906 0.0910329143187962 0.291548063994569
0.244661647737897 0.218727302157637 0.0494480229121934 0.254107015091891 0.221964876615687 0.0110911354846938
0.203662417177186 0.147218496598506 0.0196643896994292 0.254538661673898 0.0882777032819526 0.286638331569028
0.106125137306306 0.0658195825216775 0.222315125771548 0.216282829692437 0.124465662997727 0.264991661710305
0.104293213526905 0.117873953597066 0.245898314706794 0.131534838386711 0.178757449136127 0.221642230646398
0.0817459197721772 0.111165264650538 0.288832410597161 0.177505465977095 0.123414236182545 0.217336702820484
0.00216628753800603 0.223124702052322 0.273474256587957 0.223579591117301 0.124945197280269 0.152709965424145
0.0890854133915472 0.045434866218497 0.276626413201328 0.221916800620315 0.269939612047512 0.0969968945208012
0.290178549312552 0.0738686945908717 0.00813280712427085 0.194807532420605 0.22217678687336 0.210835629678341
0.309571020046585 0.110975707690354 0.00147639711129029 0.0437616901736336 0.274341356488727 0.259873828489411
0.0777448484101443 0.0314365792718396 0.167541155913591 0.238328288158821 0.251113860206459 0.233835268039145
0.0664280031406336 0.00626016890214606 0.269852657601959 0.269922189087445 0.217075587087857 0.170461394179959
0.00823923559414099 0.338444271128914 0.0751234856188473 0.0433465561675649 0.404328976659272 0.130517474831261
0.223579276353395 0.133685507516378 0.31979617252921 0.200513545187222 0.028420417030136 0.0940050813836593
0.0439601771316431 0.0977255360464223 0.20142953197249 0.140798198849561 0.237984453815348 0.278102102184536
0.0400917752189083 0.226459539920567 0.150103447470049 0.12985465260604 0.262134007792009 0.191356576992427
0.15184149060944 0.0204364284535661 0.450522174984293 0.244202508548445 0.0211403653978242 0.111857032006431
0.272997726733095 0.109392059765191 0.117555853541963 0.0867266675162367 0.407375258570014 0.00595243387349992
0.0381986038727418 0.270383830703608 0.230069315222723 0.127784894750012 0.13279476883142 0.200768586619495
0.0667364141387067 0.0191070599833513 0.0465202629849494 0.630700576747959 0.123082577570713 0.113853108574321
0.111015262361565 0.00939955528742518 0.239510190567301 0.274198910158491 0.11396625290979 0.251909828715428
0.101969012829279 0.345705418156472 0.0265128753317822 0.0750068011651311 0.159225939362856 0.291579953154479
0.261000152361399 0.0749976485665095 0.185143167173358 0.333508065812219 0.106107662393821 0.0392433036926935
0.0799773721127703 0.275603397695673 0.161402972137825 0.0304946525737037 0.243737049894992 0.208784555585036
0.242982572557663 0.0803448507085105 0.324010138174644 0.127629354384593 0.0534021090320596 0.17163097514253
0.217576705981438 0.0863684652884682 0.107482121813205 0.308525481608144 0.151972210923122 0.128075014385622
0.16848780436068 0.268620670263925 0.261185235103131 0.0145908626895555 0.229876656775301 0.0572387708074077
0.0948279893221576 0.182512418931957 5.98068439745582e-05 0.310907479647655 0.20198564841211 0.209706656842147
0.0709055077373027 0.136328247957368 0.0224282410476309 0.281849941124422 0.205865399084161 0.282622663049116
0.105267050412757 0.281860914780468 0.137142398782288 0.250689995087641 0.0611075585782496 0.163932082358596
0.275140370313057 0.102498126088246 0.139968990067448 0.156249573981467 0.0952645651231725 0.230878374426609
0.135597561822523 0.139053950228268 0.35593587773001 0.161305033335292 0.172974974518128 0.0351326023657791
0.0458956107259841 0.141503139288382 0.213757206964557 0.184568795031672 0.210026444329665 0.204248803659741
0.303964555739081 0.0434824704531252 0.0879476754056258 0.260354330041614 0.194691254994976 0.109559713365578
0.215773723030485 0.0805184470885054 0.139440711304327 0.190857706836012 0.186838632302369 0.186570779438302
0.136378374098037 0.240803712777598 0.0898320117385323 0.251899385120213 0.149743021924978 0.131343494340643
0.12572038388226 0.220549673127577 0.318916168208614 0.0989759811642418 0.147612625558861 0.0882251680584464
0.119556514824921 0.0487510727142935 0.276439430975992 0.323541914184081 0.164476268481206 0.0672347988195059
0.348937438649427 0.1395497799021 0.163048277104394 0.18743232736679 0.0863751838965603 0.0746569930807283
0.0421391806653598 0.328037800293126 0.179955591454669 0.0450635876197868 0.0882490368958543 0.316554803071204
0.0370322476866919 0.33508856942511 0.0386230959834569 0.21705279164009 0.0765768208032368 0.295626474461415
0.175096143527947 0.185617060493413 0.00739245001236925 0.293525665492925 0.222296221860932 0.116072458612414
0.1013867013721 0.126963833760243 0.217020648723233 0.15361411886162 0.221742188707832 0.179272508574971
0.243145170467881 0.361196604258423 0.0853819933324441 0.0945864665790927 0.148685632045368 0.0670041333167912
0.0190144058745565 0.19286189164007 0.18412088037515 0.362342621490453 0.13768410063178 0.10397609998799
0.224821081351478 0.0809071356883304 0.132289026981043 0.130805349571681 0.267940239427735 0.163237166979734
0.182193575209513 0.152684029115508 0.252068184288744 0.0215417155668754 0.198855949881763 0.192656545937597
0.1566544509206 0.0474398749336915 0.198057419213789 0.143649971544148 0.235903528712309 0.218294754675463
0.114234824740132 0.152428909834692 0.328511063670831 0.00841983485617001 0.0717324790858519 0.324672887812323
0.208718710181152 0.108584154592875 0.114188865691695 0.296313369946808 0.196808496975094 0.0753864026123751
0.172857270322638 0.0557543186221818 0.0844447462273234 0.446515083854458 0.0530917025399531 0.187336878433446
0.0895053494300879 0.243118196113797 0.171273405602327 0.0995240622189537 0.247226846906506 0.149352139728329
0.250309082293003 0.23780961239372 0.0305556779212562 0.260177904392802 0.0566002700983457 0.164547452900872
0.226744125095253 0.167609117787902 0.0806203950645394 0.0402366959683599 0.271307315981156 0.213482350102789
0.0761604065172345 0.0284711096566678 0.28275110921413 0.372532352230278 0.163354617360104 0.0767304050215851
0.236468133405557 0.214937320387112 0.103915371635864 0.223837599787461 0.0604507018926484 0.160390872891358
0.296342516343304 0.118463146411361 0.143908225962902 0.178580487586922 0.0751145237712969 0.187591099924215
0.0573812572648911 0.0331742811035715 0.266963497566279 0.235653858114416 0.162460009177988 0.244367096772855
0.224123167701263 0.289722360309141 0.0224479439173682 0.293850613485208 0.0801992528003173 0.0896566617867026
0.042620155644976 0.114692298182626 0.0794074290512581 0.35094843846862 0.129291669163761 0.283040009488759
0.191641283198786 0.176107869165886 0.0962145758729109 0.198437534847279 0.17914058233315 0.158458154581988
0.117967062892195 0.183333223696728 0.0832257391519961 0.206545365361378 0.200130804115928 0.208797804781774
0.212819888136497 0.112655156741974 0.163029206728385 0.171941876947837 0.189207977158824 0.150345894286483
0.229976758840443 0.308644506863448 0.272495672093142 0.012534011823395 0.14299388116301 0.0333551692165616
0.170084960889652 0.0118677401157641 0.273856535253883 0.336759926434507 0.198535083789371 0.00889575351682314
0.0294632662401003 0.367183156418325 0.316270356604592 0.0255516545198727 0.204477990642511 0.0570535755745996
0.243865797737402 0.107467924330805 0.259006876981934 0.260107350459299 0.0416833673497514 0.087868683140808
0.176996071605098 0.147355370852027 0.173757369542814 0.154156352205197 0.148481507690012 0.199253328104852
0.28799090488501 0.149073838477512 0.256718705728727 0.19462106788693 0.0307395607145137 0.080855922307308
0.0862861763456863 0.102049081284789 0.125328262124336 0.196735291976824 0.194605333571854 0.29499585469651
0.0664344138148522 0.303147369255107 0.336488023206944 0.101883319907855 0.162664270907287 0.0293826029079546
0.0239365715256104 0.0554712978673094 0.176247857121101 0.502599777404165 0.131997295414417 0.109747200667398
0.2670559834654 0.172549600719285 0.197996634249721 0.00602528863719724 0.186534476307573 0.169838016620824
0.0240151091797541 0.148708922869345 0.0190926845281165 0.341865834552664 0.151709979855913 0.314607469014208
0.143833911781085 0.209116280076324 0.0697088328291456 0.0240605461323997 0.110665577232806 0.44261485194824
0.206634270554658 0.0582811195473199 0.244078027625027 0.11187282096714 0.271765186296023 0.107368575009832
0.168839424726795 0.223469619516328 0.222051681124526 0.0805523975237583 0.0425987542265714 0.262488122882022
0.00494700711516386 0.145285228899091 0.0421222565146383 0.339756979404297 0.338341211964321 0.129547316102488
0.257470152353191 0.303143713889983 0.0103275532926997 0.0430419440899345 0.0832789050166064 0.302737731357586
0.336598484630174 0.013660586545554 0.0910036853837722 0.158663089783582 0.335953874523026 0.0641202791338925
0.252394077554813 0.0893362567025244 0.108591704697233 0.0476973654192021 0.204953768506102 0.297026827120126
0.259063929256201 0.463749242776668 0.0568725402570558 0.00375737694576469 0.189195217440996 0.0273616933233149
0.0798874330108014 0.115040806973988 0.167850569781128 0.227854919544742 0.250378115283402 0.158988155405937
0.0247450238941517 0.359279955891 0.0778133397585634 0.151395783315633 0.223718799993707 0.163047097146945
0.109964174676224 0.0718472373986533 0.214976811213274 0.197927585337872 0.190984843783005 0.214299347590972
0.0235673416066336 0.0635517172205177 0.279510059323741 0.0511232203599878 0.378799080080311 0.203448581408809
0.246386596724992 0.0870861745159562 0.195334805555527 0.0514186034904485 0.249754602681162 0.170019217031914
0.100407640908554 0.199947334230316 0.205795124640269 0.0127060856110997 0.231847913063185 0.249295901546575
0.228615514881822 0.232989413584229 0.173030092972049 0.0838423685862149 0.231125441162214 0.0503971688134707
0.140179585100249 0.14699707763772 0.0658625284754326 0.270795929906305 0.228981095894616 0.147183782985677
0.0893457198145583 0.320209270010646 0.241265181643274 0.149758717827131 0.108077860233875 0.091343250470515
0.085510718149242 0.113254342655745 0.203076218155907 0.355784356743737 0.0820727482896424 0.160301616005726
0.213648555456853 0.216309617244698 0.195156858364808 0.24162748694314 0.111453356135512 0.0218041258549889
0.229142989435599 0.215609840031114 0.180806172754994 0.0882635547430143 0.0566296958956091 0.229547747139669
0.0532433317406459 0.314101001884196 0.0104026497248681 0.223367139162916 0.112836348252495 0.286049529234879
0.0226154716096149 0.126636959146976 0.301163192388516 0.291221424706433 0.222657359701447 0.0357055924470139
0.0183410506329824 0.0152634546543092 0.00596841757363278 0.39594208986794 0.342537574190751 0.221947413080385
0.260835624984358 0.32228080230723 0.102725178036358 0.173995805007178 0.104055752110469 0.0361068375544066
0.101983540655679 0.214761900391478 0.203303726591014 0.288726867480409 0.0324719809764477 0.158751983904972
0.102401458411255 0.230275160265166 0.213710117780537 0.19415219345803 0.0534891542933166 0.205971915791695
0.20248346578774 0.141047696389287 0.137529557961385 0.328359639980853 0.158733252100539 0.0318463877801955
0.224252319441447 0.0699585075152057 0.246961173726415 0.134606341843717 0.26011857799512 0.0641030794780949
0.159866450821895 0.0911667569283426 0.342542767333444 0.106737510231949 0.259180469241038 0.0405060454433325
0.104320148198918 0.320096191320828 0.2306033798818 0.218965315206426 0.0663924217109688 0.0596225436810592
0.0315771965300573 0.282354014547228 0.18006184961378 0.119795221022037 0.0713202821189385 0.314891436167959
0.192406576510122 0.206577529927844 0.145594935761836 0.0777602439543681 0.190831865707739 0.18682884813809
0.137657163223574 0.0851593237853495 0.172989091187063 0.217521534452169 0.242034390821978 0.144638496529867
0.222444928215071 0.248305299863262 0.0461001357463219 0.125267875244907 0.252471938952747 0.105409821977692
0.0938631941091911 0.00509950195228162 0.305305002077932 0.285367411605102 0.247088816033374 0.0632760742221199
0.0138427302531987 0.160814183256282 0.272070585378043 0.125969416801804 0.374388463779352 0.0529146205313206
0.188003268800169 0.0466162220214089 0.279644599548861 0.239577888503603 0.00208341429641144 0.244074606829547
0.0728175561930603 0.179611531806681 0.199914591590153 0.0360605029627661 0.327893706180211 0.183702111267129
0.298877772538347 0.283510760523851 0.030828299185407 0.0718203269317141 0.14135396919353 0.17360887162715
0.0424718171912337 0.0692826492657816 0.101591469492066 0.359474434582101 0.266976580082495 0.160203049386322
0.244249695959242 0.156961118234508 0.340968321447791 0.116339029235527 0.115572363347165 0.0259094717757667
0.0858910609871313 0.238486525190738 0.305907253970049 0.0515081394381177 0.273526129422523 0.0446808909914404
0.171992585778055 0.304900554449358 0.122642789903094 0.33448489662106 0.0335413267880985 0.0324378464603349
0.301002406498585 0.0077781962708419 0.084318325481278 0.299469963239098 0.249263179137901 0.058167929372295
0.227561322011514 0.138061869898325 0.0365947872941027 0.116951406212439 0.221916504650906 0.258914109932714
0.18271187177041 0.159878007271018 0.0281341238910073 0.332862233304988 0.259577031484835 0.0368367322777417
0.18689461792559 0.0623170867379162 0.118775833425625 0.13559912980797 0.358168408603603 0.138244923499296
0.339866260388159 0.106015886868091 0.27371866297045 0.048018335366312 0.030417324969127 0.201963529437861
0.295131951001037 0.221187696104679 0.00852583664999092 0.128302568856413 0.342448515639959 0.00440343174792073
0.0863773123507852 0.159157839004782 0.0455589661458774 0.153507668908044 0.2478633948238 0.307534818766713
0.0104373417574508 0.357920252110098 0.157868338155623 0.189267639204802 0.238400562422924 0.0461058663491023
0.12054728739383 0.24372714294707 0.279423604266474 0.0400764695380058 0.0499004418188335 0.266325054035787
0.0996167403574074 0.228824576576772 0.0345461667699615 0.0310125783558834 0.253585199667087 0.352414738272888
0.561151777924309 0.123754978271052 0.0237887456102861 0.128485983655676 0.0197144590106524 0.143104055528024
0.105767461414396 0.224731287244062 0.219492807319767 0.0319050233447197 0.229556846665765 0.188546574011292
0.220831196040098 0.0114933665224261 0.20766656236496 0.149675474408166 0.310510162164501 0.0998232384998491
0.152672736327357 0.16852278359739 0.260161974952096 0.14386826139355 0.121272609093674 0.153501634635933
0.0647185182481553 0.275073626676784 0.041752883797068 0.115924437711419 0.226228960258412 0.276301573308163
0.0387097018910525 0.320564243006374 0.0132547438304992 0.376496288948749 0.0180730515205329 0.232901970802792
0.0769224946367366 0.342409938986356 0.357307024008151 0.121603824963235 0.0908679409157603 0.0108887764897616
0.237013039180759 0.293206650497818 0.0464040484933991 0.168110016535675 0.096913151659094 0.158353093633255
0.200863310810492 0.0325700166280938 0.0142163750804899 0.302425982617948 0.0963261580725844 0.353598156790392
0.216505387899601 0.199508149769195 0.215097880696588 0.0170860437124669 0.250281108855794 0.101521429066356
0.135790977822907 0.202742787540952 0.144020379958069 0.209771941624355 0.0837791792707809 0.223894733782936
0.057900493148206 0.269554204519124 0.0962854435826581 0.121517534355224 0.211922025860639 0.242820298534149
0.239896465838278 0.0620904234580267 0.245564124850202 0.253979747740257 0.0640464596115904 0.134422778501646
0.00157637700330106 0.242274919843311 0.124113208721589 0.118489571444738 0.104741700128834 0.408804222858227
0.240748380669061 0.150267182825937 0.226717567661584 0.287772106834974 0.0678785510345766 0.0266162109738673
0.126708253032961 0.0381095049330633 0.450094135360816 0.16028683102032 0.00342025101442984 0.22138102463841
0.150651637431466 0.0627027460463129 0.130629745252895 0.177831397532531 0.30434818430545 0.173836289431344
0.0236760962408062 0.148678269545294 0.361485610379453 0.21048786048338 0.255155088171919 0.000517075179147885
0.209707223816325 0.137389336708514 0.0160144643356042 0.263849296300956 0.113974254646222 0.259065424192379
0.256196731825018 0.22779718770359 0.0576602440144116 0.242472121234078 0.0578277469874836 0.15804596823542
0.306914175383648 0.134563020111381 0.0911083893470943 0.201576199775362 0.180001221398855 0.0858369939836601
0.201322149639513 0.271855902100182 0.0533400714826191 0.115092954829365 0.306714022741596 0.0516748992067242
0.127472565366865 0.0862114788540133 0.254871034526925 0.309007137505437 0.198618738241912 0.0238190455048482
0.0393832027769189 0.128992668590115 0.304743922871079 0.144483634408845 0.0563049970103355 0.326091574342707
0.185386983536743 0.193569606478706 0.164340514874753 0.115810933166716 0.223007954224827 0.117884007718256
0.196804563518936 0.280319376514333 0.0381544327050522 0.127174182120722 0.0772658165953509 0.280281628545607
0.213267404893099 0.266091788881493 0.216000225761683 0.0948979185932688 0.0762511630377299 0.133491498832727
0.310499800718081 0.143028631974736 0.0794534786374939 0.0758780892013153 0.183373919256981 0.207766080211392
0.111542509758386 0.166286341250146 0.203297546739452 0.0461537823136604 0.223604832819567 0.249114987118789
0.149074629731071 0.301149845293495 0.0268830833945135 0.100429682254249 0.29115390550065 0.131308853826021
0.11415471386728 0.0799832471996113 0.320509240518153 0.224834851404409 0.251668847749641 0.0088490992609051
0.098655942305297 0.073009872380279 0.0973962186691376 0.26939761725284 0.351093261700357 0.11044708769209
0.165566434967628 0.248128676490285 0.0174956576792208 0.265997975592983 0.081244757376547 0.221566497893336
0.236422441670898 0.118577515541676 0.0994406146900809 0.231170968179123 0.221829922828069 0.0925585370901527
0.12406270564993 0.0462737529530139 0.284624988689872 0.27926304982333 0.0571244889250789 0.208651013958775
0.0453597065973063 0.0102925011970752 0.20157183683614 0.365203578892768 0.175190399814124 0.202381976662587
0.176101711854133 0.113407609776815 0.158431996887708 0.195161733540167 0.199777034062239 0.157119913878938
0.122744331907059 0.0528164115913527 0.0201160592589824 0.279306874605495 0.404602712152898 0.120413610484214
0.162665853524699 0.196282517184908 0.110573854000577 0.214274270695346 0.106343930906783 0.209859573687688
0.177970914066872 0.1976538479904 0.251836733464722 0.241477099630328 0.0062888449741625 0.124772559873515
0.270215831309989 0.271378232889685 0.174860415181196 0.0910340007916802 0.170569992786545 0.0219415270409048
0.0409537864214551 0.000813990434025427 0.412960370203273 0.116212851927562 0.186360937904644 0.24269806310904
0.434570996414129 0.0838026730048196 0.0828859825098681 0.083321459962123 0.0737339666316809 0.24168492147738
0.408809850400891 0.1073002086563 0.213464552096998 0.110206972716045 0.151722896684272 0.00849551944549339
0.152280090174254 0.124570228354848 0.277788432272771 0.0454277201347527 0.230964719582524 0.168968809480851
0.206313177358572 0.117879787569539 0.226954017621596 0.0264504210214627 0.162001048137487 0.260401548291344
0.33321158241837 0.0405742920431033 0.247709139049883 0.133074743122766 0.0276137394567979 0.217816503909079
0.133347673721708 0.13623460075636 0.0254325044072296 0.246308902260327 0.218380976867687 0.240295341986688
0.0370723017463815 0.129345253461524 0.000247378961214034 0.292807318843471 0.261561567969169 0.278966179018241
0.191126432897733 0.152489449483102 0.216555048927114 0.0919794233745633 0.175801943650871 0.172047701666617
0.224158614856175 0.21269836417111 0.0384684715503019 0.211301093364894 0.198478612196161 0.114894843861358
0.263850647652612 0.0854701139813003 0.307823530508694 0.0936348975745557 0.242792272652266 0.00642853763057113
0.215183645766578 0.175508232011325 0.0762468898127558 0.153662855103679 0.321059806045401 0.0583385712602607
0.0339106453701885 0.146024631126632 0.28627748732919 0.0835808001873344 0.224741719390607 0.225464716596049
0.166037996934137 0.223457193781274 0.218884680710172 0.137649277492181 0.189697080977743 0.0642737701044923
0.0710167914200676 0.159612309470508 0.0711113580752976 0.268239780628593 0.172434154590264 0.25758560581527
0.23744055197021 0.146351953954976 0.332876477611732 0.0780957000879414 0.102268804678422 0.102966511696718
0.1028715590659 0.145070482203149 0.0757475052440707 0.262314810285515 0.249402199123952 0.164593444077414
0.310562674634514 0.133847310121615 0.0966593040132418 0.0160881587433496 0.314625992679168 0.128216559808112
0.180498705040464 0.237329542328975 0.175994667195901 0.0605748564322511 0.00721778280120803 0.338384446201201
0.0410066282819373 0.113401300409653 0.261338568456546 0.27922635197473 0.188432205510409 0.116594945366724
0.19104675686577 0.140493195418231 0.227838005897829 0.0772097393130797 0.120214489718367 0.243197812786723
0.104441616965368 0.266397440739909 0.206677721152988 0.149926016594903 0.113814857192382 0.158742347354451
0.0580164137664317 0.229760298051442 0.293489774986541 0.175894905722616 0.0994051183133658 0.143433489159603
0.102805277984866 0.238603743370843 0.24847347242424 0.115886941214569 0.199384121410805 0.0948464435946773
0.0965865224083854 0.230592266211934 0.093415179184234 0.219487715773085 0.0553030674258785 0.304615248996484
0.335659320447069 0.11427743349931 0.221402080684018 0.0912155312164853 0.159530626585995 0.0779150075671233
0.215939214227519 0.00823409954111561 0.163515811241843 0.337681408561311 0.218814342881279 0.0558151235469331
0.0957929482429396 0.207504883864903 0.28795209241286 0.156363853385419 0.0348395838702665 0.217546638223612
0.0610538197062161 0.248765104433443 0.187278345824905 0.0190946181430253 0.235666602743864 0.248141509148547
0.189283079472066 0.117475723101345 0.186182265854547 0.164961885882891 0.134550638771652 0.207546406917499
0.249159261953761 0.172139076350795 0.174587503478385 0.238626137220388 0.104382679394669 0.0611053416020014
0.382363847474555 0.114028384341421 0.106135618929962 0.128924267430198 0.0719996933790754 0.196548188444788
0.248560755909331 0.0171113563446855 0.157309780590664 0.206034797339538 0.148980738287447 0.222002571528334
0.124056164296398 0.0589684115329617 0.203942636860449 0.235775443543792 0.07102071583398 0.30623662793242
0.199679384571643 0.226374320679325 0.142074191692521 0.0633634101080114 0.165826364473624 0.202682328474876
0.0947336361081682 0.248771435729927 0.128705323678263 0.0100921602694452 0.0893915096434037 0.428305934570792
0.209508945532397 0.0997128623898854 0.169919639716824 0.0918690077083224 0.188435738506751 0.240553806145821
0.0276896312229741 0.111844470504716 0.278620086280325 0.236019342218154 0.306765951716655 0.0390605180571758
0.268711679596404 0.00113919160120301 0.153199442389277 0.313029130933463 0.226656677625884 0.0372638778537691
0.139706125619258 0.141550457040901 0.289575832437556 0.156887508429456 0.197998148384706 0.0742819280881231
0.192118286152228 0.131385071984622 0.278961458626918 0.172450046957133 0.19224749417423 0.0328376421048688
0.0952657415356002 0.0985649416597447 0.254034012755516 0.134335784499854 0.318358073797034 0.0994414457522507
0.079441888973369 0.000770902825759428 0.254026969813659 0.2328952985086 0.137766812337029 0.295098127541583
0.229797527060186 0.203857596448145 0.274139735615832 0.0473156590589977 0.225990096845751 0.0188993849710879
0.0710008443412612 0.0843940837683339 0.127602069895024 0.302202111866782 0.256240040212568 0.158560849916032
0.126715516296948 0.221271214639364 0.225854061462311 0.202829076562757 0.0277078914356163 0.195622239603004
0.29351149028359 0.265988106819567 0.145253159694116 0.0343060248222025 0.0551426602054166 0.205798558175108
0.237241319960917 0.25668176542004 0.145185958270834 0.216667397722928 0.0235214032583359 0.120702155366946
0.227202858419509 0.220512354875267 0.237983130179728 0.131783384817698 0.158084010229666 0.0244342614781317
0.172974320367568 0.22825302232754 0.100698162683601 0.108915317676873 0.193286279530449 0.19587289741397
0.334408845494097 0.165284596927256 0.015312842518662 0.0296045300607554 0.340062010938426 0.115327174060803
0.0590306764025988 0.0723883560811605 0.150478040487221 0.144140763593486 0.361892347138283 0.212069816297251
0.120125784520963 0.181140641894854 0.18976352522269 0.164391726597329 0.159599681342205 0.184978640421959
0.162889727961226 0.226848650110724 0.247645915543822 0.163264828151111 0.0842514996721998 0.115099378560917
0.192376733135128 0.121398237077436 0.123321594825258 0.262910159682426 0.212394289652917 0.0875989856268358
0.152176420592981 0.171703385128518 0.167784432134348 0.199005975416652 0.147498776601093 0.161831010126408
0.14130508880984 0.248101121049806 0.186873819340405 0.0569065037734428 0.222141524092657 0.144671942933849
0.211983104231101 0.247856853502024 0.108006404411191 0.164559132323716 0.0136976651745618 0.253896840357408
0.289240115240048 0.148224249553002 0.225542811236135 0.235807109458527 0.0216404051657528 0.079545309346535
0.239427538954219 0.0738557024632804 0.00412311254274554 0.381385911039896 0.0105329258078926 0.290674809191966
0.215204866144126 0.136906825960571 0.208512437529952 0.289158647574458 0.102733902648851 0.0474833201420418
0.286827533804958 0.0969600915145963 0.20045622488714 0.155722228318676 0.0608992284735163 0.199134693001113
0.2836388881163 0.196648605095076 0.025856721104293 0.238952085057452 0.12986694396741 0.125036756659468
0.0556958372618413 0.162892582522052 0.256450625102772 0.0852409674884033 0.269919321875748 0.169800665749184
0.0224486031307565 0.187879016005651 0.264705712824442 0.193964141686177 0.266782472621428 0.0642200537315457
0.0584310200358058 0.100058017047285 0.254009400433523 0.107938911379717 0.145268225239647 0.334294425864022
0.359090351514042 0.0215992232287592 0.0180347063868612 0.21667412433965 0.066545862543182 0.318055731987506
0.0226219307939181 0.238451238941144 0.181300808444361 0.212532569246931 0.162496978736359 0.182596473837288
0.321285660696192 0.0496523003658282 0.125961233021642 0.17434387802731 0.256132462074428 0.0726244658145994
0.0758925246415008 0.0356861983786147 0.193633721201695 0.247741130519677 0.269610748542445 0.177435676716068
0.278657609287054 0.0696681020873617 0.258390501548811 0.207048246535868 0.0470597590260206 0.139175781514885
0.27668303698504 0.0750946304122531 0.0529808928930331 0.179210004924958 0.183573062195572 0.232458372589144
0.119424029627123 0.19458368502403 0.126394744980093 0.147939586675782 0.207296311995808 0.204361641697164
0.326515851635588 0.13267359443511 0.00125041646662636 0.18370897277452 0.106433374520466 0.249417790167688
0.117775772501694 0.27953669629639 0.0352024344799005 0.0954929238351744 0.32098028626362 0.151011886623222
0.000649978483457145 0.0524893098656847 0.267079111369851 0.354095147961954 0.295559337862858 0.0301271144561956
0.164345676123588 0.127925437604944 0.042658481759469 0.324009367497895 0.172324361013912 0.168736676000193
0.222003102766975 0.00516475893814118 0.22111735594158 0.202118561508282 0.152493376002558 0.197102844842464
0.123318854060562 0.064183271666869 0.173294257521676 0.277901634782135 0.209348222007399 0.151953759961358
0.245556700522216 0.1155086382705 0.157365390654222 0.2395001839937 0.19793792436654 0.0441311621928219
0.311291303491512 0.00260263517820052 0.0408589598005936 0.149820995660208 0.259599546854438 0.235826559015048
0.276686569271701 0.061956961380603 0.133975923751322 0.185862494423244 0.163984997218195 0.177533053954935
0.251567824121017 0.0548552732686621 0.0817272690590164 0.153143820804054 0.197050553794976 0.261655258952274
0.11474418538769 0.137928008623165 0.227043877993945 0.126412153451953 0.185921711877506 0.207950062665742
0.0436188252723337 0.0808296561145081 0.0440395411232858 0.318736860779596 0.277410616356197 0.235364500354079
0.231506617915638 0.268971328849637 0.000552612273909047 0.0358930763553404 0.296138249722677 0.166938114882798
0.111236403313383 0.0609255753680117 0.413091269609449 0.0533259158369836 0.200407145593053 0.16101369027912
0.0593932187495397 0.122758372350191 0.308459769136267 0.00196470734267194 0.162356969645033 0.345066962776297
0.203397752360541 0.129504182076332 0.13458721128636 0.141696025490956 0.188821832761776 0.201992996024036
0.0984352636209986 0.253235036662442 0.0728068600795301 0.24240070309915 0.281318713428549 0.0518034231093299
0.170073638961002 0.238007274901714 0.115634238726728 0.035124485973105 0.0838610755297216 0.35729928590773
0.25900284103103 0.192250260275535 0.12155311396698 0.0825454524874058 0.230003596100833 0.114644736138216
0.0935315330439327 0.184637333938961 0.185222553902791 0.206797011124558 0.149385030141251 0.180426537848507
0.167724841295823 0.267391099686544 0.12246926084623 0.04223893398236 0.161638553868037 0.238537310321006
0.361952840044486 0.0441556950262278 0.0552999645535492 0.193902737257081 0.343997346205553 0.000691416913102919
0.129566521836075 0.240394009071488 0.0324932989269133 0.123084224587697 0.252479936870924 0.221982008706903
0.135645766765441 0.00383623249828544 0.22120996471975 0.199719556563452 0.124217685454264 0.315370793998808
0.104738919664127 0.112754787293014 0.123953408871177 0.336725389966623 0.141029891699159 0.1807976025059
0.222172117869399 0.169852351847834 0.200073108147564 0.114957282327226 0.0949328993622816 0.198012240445696
0.0146553657417666 0.159091227858163 0.127763281025086 0.250008619265481 0.284836591736118 0.163644914373386
0.108414826645674 0.0927075229650886 0.25743165062468 0.138192280141479 0.101686905456361 0.301566814166718
0.336391453737264 0.313771967113221 0.0200930456016998 0.144310385253883 0.140068363518028 0.0453647847759038
0.372046453759362 0.00903868376287246 0.261237083960587 0.272784095679542 0.0240261246824485 0.0608675581551878
0.129263681202433 0.159133078470761 0.202759607210348 0.183515315036653 0.0260656770755726 0.299262641004233
0.175297371520576 0.0871915750682264 0.0665057744872846 0.282973026805459 0.0655805379351101 0.322451714183344
0.231141065110048 0.122407710109308 0.0874938945952976 0.236232468512047 0.255928309313622 0.0667965523596775
0.238473036696384 0.106601259936663 0.316832224614583 0.169213395044391 0.0301218036334855 0.138758280074493
0.247292504839488 0.044447920881455 0.151972304385253 0.436157532739498 0.108796621628258 0.0113331155260485
0.176414295330858 0.0128968608005148 0.32006303327958 0.166216624569723 0.320650384023622 0.00375880199570196
0.100533359172484 0.24318012162381 0.26399819213023 0.219867876387605 0.150405316424122 0.0220151342617489
0.260926917748259 0.263940971988988 0.136542228536814 0.050462795944614 0.10742580562134 0.180701280159984
0.106207840503613 0.218922955791319 0.0490884775807927 0.106816066305976 0.25153477224352 0.267429887574779
0.247734621825569 0.0803749224732059 0.115940725769744 0.213098644658275 0.0596751250346719 0.283175960238535
0.0526051316944605 0.0138760574640048 0.191440394200838 0.205451938519279 0.202766624500877 0.33385985362054
0.147744535286011 0.214482174528169 0.185823271606801 0.194167979895418 0.218791761760652 0.0389902769229503
