0.146160255615138 0.163842540217948 0.140854203814114 0.336362530051523 0.191189828101272 0.0215906422000042
0.062256597747417 0.400455472269969 0.34321441137776 0.111233046970781 0.0040953141905846 0.0787451574434883
0.0977589035197384 0.0332076966697182 0.217161182141545 0.239053633409936 0.214998280263684 0.197820303995379
0.255246555146712 0.164883589326858 0.0530499351106678 0.146313726696948 0.0595274665523479 0.320978727166465
0.077035126384495 0.0803270016097085 0.1983241904126 0.26725464480609 0.0821682815593866 0.294890755227719
0.0760151943018333 0.277423382840267 0.250756493785098 0.078800148631466 0.181920394676603 0.135084385764732
0.0538032714027799 0.229242854231648 0.166411872275955 0.355522418476264 0.117786229244542 0.0772333543688105
0.172065540760893 0.2585133293168 0.212665041207135 0.174217338549038 0.165701882843897 0.0168368673222374
0.199227153512221 0.0144175495209801 0.077366673892034 0.316283866080952 0.219893021521812 0.172811735472001
0.170480756726833 0.177315220992869 0.0807843863297987 0.127862179683994 0.145695052175616 0.29786240409089
0.0654380195708921 0.210593777713156 0.0153408483655298 0.227480161838133 0.221079230391703 0.260067962120587
0.0491404474393368 0.14203647509566 0.154256523919413 0.107018944552393 0.336827071646092 0.210720537347106
0.10507037156148 0.236499466279721 0.105438658539264 0.27118135612471 0.263955691955049 0.0178544555397754
0.256204726467798 0.00141275839519549 0.137951837521042 0.073220432903492 0.230094021533692 0.301116223178781
0.115132569897091 0.130792003604566 0.225887950038615 0.129291806092468 0.152387643443473 0.246508026923787
0.303190864181921 0.157611976364605 0.0873493528810586 0.251591402812884 0.0560980727223981 0.144158331037133
0.230427742008618 0.0985597676458232 0.173346424013092 0.0474640742620504 0.205246887778859 0.244955104291557
0.125847024089346 0.210165800654763 0.2067848229776 0.114767869816817 0.135546050701623 0.206888431759851
0.245521864070231 0.11461807260868 0.273157065965449 0.158737640299381 0.125638810847848 0.0823265462084114
0.202183926298416 0.15125470981415 0.156905693983845 0.245991318534029 0.211640916333304 0.0320234350362545
0.144728019458455 0.224648821800073 0.11304226924392 0.270457052327582 0.0250413166807956 0.222082520489174
0.181782925435836 0.200122443058708 0.105268695425909 0.0691404388317519 0.219447935497884 0.224237561749911
0.281529602507814 0.151563783003886 0.223524820549031 0.0606016649539642 0.166967924527482 0.115812204457823
0.276845838136889 0.00504267799816428 0.0343660553559639 0.201451448666715 0.285001198928742 0.197292780913526
0.0996059390161795 0.215716806482909 0.144659581763457 0.352416001663789 0.146345884229366 0.0412557868442991
0.16635453828834 0.123492331431213 0.155550093289008 0.190244001629993 0.118878054674019 0.245480980687427
0.0500527312362432 0.350482083920201 0.378339947081154 0.093254771866598 0.0656319221671085 0.0622385437286954
0.109057252763358 0.153850274349764 0.0423680551264186 0.148953959031407 0.259727697175834 0.286042761553218
0.252360654695889 0.229248190406864 0.0557731305432967 0.115386623814599 0.133270094481893 0.213961306057459
0.110633238112919 0.0544400676159554 0.291168473946844 0.305235805056067 0.0138433960410902 0.224679019227124
0.148947246710566 0.193829299332512 0.11420437256685 0.281295542775825 0.223317132869778 0.038406405744469
0.0480486947332777 0.378383032197238 0.0169410008039807 0.0368198904033706 0.478698086262524 0.0411092955996088
0.0888261373593407 0.207832979296701 0.221427557563794 0.104684652998896 0.139209707434287 0.238018965346982
0.314161739781309 0.0927753960870153 0.343758207801574 0.163757744970455 0.0370782571841438 0.0484686541755031
0.318175991757238 0.10746962310716 0.197362861908453 0.0644024682103996 0.244293722167605 0.0682953328491447
0.150669753420404 0.251786683704329 0.20508767559497 0.019589391258276 0.221261999576656 0.151604496445366
0.160183631609092 0.197400141437821 0.243206982749337 0.0922278116106951 0.303197892085948 0.00378354050710706
0.118516146016909 0.138351550824581 0.154018818431361 0.188579123747522 0.179165651213382 0.221368709766245
0.273763787329335 0.220466254683779 0.146400086104276 0.207320626015501 0.114242351972719 0.0378068938943901
0.194779004605409 0.127871817332046 0.114085446265809 0.195423767447903 0.157450430048628 0.210389534300204
0.00269642836608211 0.0239163844559546 0.218795152660133 0.24506779544164 0.269881605762621 0.239642633313569
0.302419207170586 0.130919735747534 0.209606786399826 0.198850774748432 0.0817850291214459 0.0764184668121754
0.07520299378086 0.115422587979332 0.224959521748636 0.242848835044157 0.183611333523736 0.15795472792328
0.257107974202777 0.203332494336502 0.152499147713436 0.174954303483233 0.0564915359353739 0.155614544328678
0.0981466141152858 0.284269209197728 0.0130915816675706 0.0402593025405001 0.0688791245634229 0.495354167915493
0.0158183185787875 0.0512966612067739 0.289299937062823 0.26268419334138 0.32249674110984 0.0584041487003956
0.326011015660661 0.0884139819867213 0.20269372209917 0.0846189790830507 0.249520993318341 0.0487413078520567
0.0530346944071896 0.161057289140395 0.317838136528916 0.134390257318949 0.0274686893203525 0.306210933284197
0.108087376558067 0.094683461031127 0.251438362833349 0.156078101583655 0.211961240934665 0.177751457059137
0.218015842857075 0.127990723833305 0.183175117484191 0.214899239668137 0.0288791163105482 0.227039959846744
0.192856084394989 0.137452829158597 0.123119187760375 0.184796291869893 0.190461106341428 0.171314500474719
0.184529869976019 0.220051070786121 0.247856837122801 0.0910989718518891 0.179504597178529 0.0769586530846402
0.0603352300519272 0.302624872507423 0.19231198720848 0.178282086738502 0.131550080096019 0.134895743397648
0.0202504666428604 0.282100253162807 0.367730606121999 0.183447117435709 0.111499682868664 0.0349718737679612
0.124523528291629 0.169418551496156 0.238460499344688 0.0155729986356339 0.194878591811583 0.25714583042031
0.0282122566263857 0.495168895228182 0.0999513461621281 0.257412449511942 0.0315454381149482 0.0877096143564139
0.0223960110175636 0.441027806338728 0.0944481099993675 0.206333464141586 0.0787691470497212 0.157025461453034
0.196151543183366 0.0545111136817172 0.0599994447970408 0.0960827287635786 0.298861792057633 0.294393377516665
0.0176218637504219 0.190186108360767 0.244335394130027 0.279692761370625 0.0344243382612093 0.233739534126951
0.250128998649986 0.200369505389153 0.392223434865373 0.021435528880148 0.0172745190477632 0.118568013167577
0.105018124344604 0.0573656187947177 0.278356862612297 0.204498345321712 0.0520628909730496 0.302698157953619
0.177564048216313 0.242175282145297 0.14953084578211 0.211070069639611 0.0320794282357735 0.187580325980896
0.0602047591261463 0.142421259161717 0.21465969168278 0.16406006845084 0.217631690623565 0.201022530954951
0.205114816151203 0.0397004155919338 0.583678550207627 0.0292294421402214 0.13067560727032 0.011601168638695
0.172249117308689 0.248414832090025 0.113683141120484 0.197774321411973 0.0768563982725606 0.191022189796269
0.218906746840723 0.172484417238285 0.0238333907434889 0.181626060986177 0.314776429804575 0.088372954386751
0.0476192460940543 0.191607358122326 0.0349849168828736 0.0823787921034273 0.301459737383232 0.341949949414087
0.194362407088417 0.161960265702281 0.0419781753673323 0.148292113069725 0.157092900686203 0.296314138086043
0.207504655142952 0.054045486361374 0.0106941033160021 0.24287259823054 0.242259230683423 0.24262392626571
0.0648614372119008 0.174978634749907 0.216365649910018 0.125185354572305 0.1931657460162 0.22544317753967
0.0933174441564859 0.272268122823254 0.00671627176377541 0.196069022779094 0.318674585876485 0.112954552600906
0.287590991082794 0.290910209318576 0.0455221465799273 0.103548331260648 0.203078309005217 0.0693500127528375
0.121940149254166 0.128247237849125 0.261012705046341 0.221509365697239 0.0189999526999931 0.248290589453136
0.160129541232702 0.0287965901504343 0.199607525572663 0.282579256535957 0.261166995378177 0.0677200911300674
0.130593319674712 0.109913769296925 0.171888371905705 0.251323210372803 0.219591222295246 0.11669010645461
0.0478987454483232 0.255960991936188 0.161809201066334 0.0168104204134683 0.261222637165564 0.256298003970123
0.255900445774762 0.179296845415867 0.247708024390387 0.0601828622181575 0.0653805245167415 0.191531297684084
0.0886951401491814 0.243347763583647 0.0402765786364535 0.283290014020226 0.312232935725048 0.0321575678854435
0.205452435247985 0.19177916971727 0.174248937337652 0.0627397017858364 0.124755490434141 0.241024265477116
0.260627714224128 0.149242548278158 0.1779211681092 0.288961644017319 0.113529318475702 0.00971760689549371
0.192667755744438 0.439587182602358 0.0584369428478676 0.0495765097430847 0.198296315093527 0.0614352939687244
0.334256428702993 0.0842209134966796 0.41125676591679 0.0789870458381113 0.0104553734569263 0.0808234725884995
0.0793533571408626 0.13593102482451 0.272478322311552 0.00335520985811888 0.235523401282883 0.273358684582073
0.0134230512895524 0.324569980487533 0.192197306629796 0.356877693895301 0.0420286926223192 0.070903275075498
0.212805366196881 0.182112748373988 0.230215474078291 0.258621652195298 0.0544318420069327 0.0618129171486088
0.209369643039515 0.0072720820240229 0.294812153955225 0.175688729544665 0.268288112636182 0.0445692788003898
0.0693657861489428 0.172220714782015 0.14045515369356 0.282743765095346 0.110712746216025 0.224501834064111
0.133202491303807 0.261373225248556 0.221599962850566 0.022985944039008 0.0606837959351714 0.300154580622892
0.334817767865265 0.142038069939713 0.357746233136728 0.135506673851311 0.022632732273212 0.00725852293377104
0.0634695150049117 0.249925280341507 0.0969740252246938 0.158946533218444 0.196661141818507 0.234023504391936
0.0996320698181569 0.0930311034334125 0.163518579790819 0.439425072438632 0.0027727235433939 0.201620450975586
0.150898140864451 0.376430101504813 0.363942756220554 0.0449913272574201 0.0497712989277874 0.0139663752249746
0.0875397528006729 0.138892233623382 0.207312597098915 0.161863102415021 0.145043950782527 0.259348363279482
0.169367509165475 0.044730792916837 0.245282886990406 0.231011488652528 0.235610740952849 0.0739965813219045
0.213235349577661 0.0218274433882833 0.0249552120950428 0.190771174122247 0.255762278317269 0.293448542499497
0.0094307766027264 0.246438506606686 0.173191053788074 0.20345119642572 0.297577800300826 0.0699106662759677
0.215410701283118 0.276717677769234 0.0942258749682379 0.154148934161846 0.20897327776888 0.050523534048684
0.162471074951089 0.176147771939219 0.109149165741494 0.24084319622218 0.231268799278538 0.0801199918674797
0.183596464984355 0.144492609298911 0.072726836278503 0.0745626941476168 0.258968970579725 0.265652424710889
0.190898238268129 0.185199117631885 0.0768177634795121 0.191717344099806 0.0378678192430498 0.317499717277618
0.150685957649163 0.16466415458036 0.164196645972383 0.171104244149535 0.198235286312953 0.151113711335606
0.19559196680495 0.222188994369784 0.197426152313055 0.162689911346475 0.137361813542736 0.0847411616229996
0.344365854901531 0.0146418375452629 0.186115550354051 0.126564385821925 0.102353628179739 0.225958743197491
0.111230994406728 0.21453858157437 0.159360387518663 0.238411970337214 0.101171731617707 0.175286334545318
0.135854917356562 0.0295155371990344 0.116979455683792 0.0824368773908999 0.324463483223371 0.31074972914634
0.180976276416721 0.0129788564385214 0.206890791558893 0.381185019771519 0.092377967121356 0.12559108869299
0.0886760328317483 0.243658848527169 0.166022662273926 0.264552346418919 0.116306111006098 0.120783998942139
0.0813551401557215 0.262054232301002 0.246061418544488 0.24272065525952 0.0508251803232079 0.11698337341606
0.2623483014133 0.0550906673037477 0.106135423133839 0.0214881681578366 0.2948638070449 0.260073632946376
0.221221446321254 0.114354265857984 0.0123723337859814 0.183014789889293 0.179962519925887 0.2890746442196
0.179724465119867 0.258658559512506 0.264325388534875 0.0302890196694356 0.204824775530649 0.0621777916326672
0.270243884102717 0.265022324294533 0.227086502769027 0.0532579785900025 0.155212412579234 0.0291768976644878
0.332877783003742 0.111437214365822 0.247035872232462 0.172971247783538 0.0139674414010533 0.121710441213382
0.225693332471025 0.178404455369759 0.221439205840346 0.262112188569459 0.0344152516489989 0.0779355661004121
0.205771977380842 0.212776394226815 0.171577852319667 0.0508697134457687 0.193600230833955 0.165403831792952
0.223056332089123 0.07597705970237 0.0731116341123731 0.268640657433283 0.282639963332694 0.0765743533301568
0.343746729215591 0.345984404775053 0.0246137864840182 0.0158292311914623 0.171935210739183 0.0978906375946922
0.159505212336487 0.248106382103108 0.0831235775381818 0.29097596661773 0.202955151672245 0.0153337097322486
0.108397396859501 0.313210919193498 0.0744184405556263 0.192843831144415 0.0453380079993969 0.265791404247562
0.0396542645045047 0.326733193098006 0.0602429892926193 0.12456149347236 0.301924060717637 0.146883998914873
0.177095699136682 0.152397910625927 0.300650193961529 0.144591441386297 0.0566267492734668 0.168638005616099
0.121647215130618 0.105252746078502 0.198179292220043 0.2909153946252 0.195704052198998 0.0883012997466393
0.0750015917457187 0.0128506117647498 0.173932010841202 0.287198048837411 0.32044557050558 0.130572166305338
0.17821124758752 0.17490516986497 0.243893573786714 0.0270379114449639 0.0602504408116336 0.315701656504199
0.213734059683884 0.333353581139698 0.278664007325535 0.0430873826165684 0.0676229247633417 0.0635380444709732
0.389944246040196 0.00667676851622037 0.23538296883985 0.204397631768445 0.102413573581496 0.0611848112537934
0.407622042463211 0.0916954750567107 0.0968718198139453 0.116795327185901 0.177370626777598 0.109644708702633
0.276762139069365 0.236798154301092 0.097772757935845 0.200201725459492 0.087128050559987 0.101337172674219
0.202441264670891 0.021237662948053 0.0523698913270225 0.31784797299947 0.0605942473460742 0.345508960708489
0.185409816913858 0.158969423068989 0.186922110040244 0.178434466079236 0.264684804782171 0.0255793791155019
0.148160319352898 0.0630857322202319 0.160195773651786 0.120525607156073 0.212400771020248 0.295631796598764
0.269457451199703 0.0727520827770859 0.308677467775596 0.0781704154714011 0.173531652653162 0.0974109301230515
0.208552069626677 0.168713647427389 0.0661302328997142 0.154292712866446 0.135310152535015 0.267001184644759
0.150016491898752 0.123386596735336 0.289817817583417 0.222961049849461 0.0684775376966513 0.145340506236383
0.329239863027049 0.120655402901816 0.196306376912558 0.167210976905668 0.0787057213518473 0.107881658901062
0.28288391259321 0.304412988374351 0.14967787878807 0.112925921721124 0.100515767743334 0.0495835307799113
0.0908705884111039 0.15395257424023 0.244901753432951 0.189425312672953 0.162639890190077 0.158209881052685
0.256232805071812 0.0550198802758364 0.214724249951204 0.227597014271772 0.20485926409869 0.0415667863306854
0.333682325448498 0.233796880167419 0.0243275387949705 0.26854562478167 0.0821516313544571 0.0574959994529847
0.0628464178717546 0.229693074965126 0.21170357742008 0.235676244536389 0.192005289026191 0.0680753961804586
0.328540686127003 0.0502106247707302 0.167010276937619 0.0341997104078049 0.199975918169858 0.220062783586985
0.187853643404641 0.279578240177009 0.304283529987124 0.110855076873186 0.00656669320273732 0.110862816355302
0.154326741428238 0.147291985232668 0.180486874383885 0.352997948715552 0.0124502112263972 0.15244623901326
0.250506783574146 0.16518411123021 0.25547471766511 0.0320605225641262 0.139673682091961 0.157100182874447
0.194708709888522 0.0756245225086028 0.19298585843854 0.138418592317561 0.200115158032226 0.198147158814548
0.124935651424784 0.0281204968246437 0.0922428197289584 0.282554432604296 0.300212386291086 0.171934213126232
0.271442262542323 0.113253684619956 0.199292976707969 0.301904074760599 0.0223785331551532 0.0917284682139996
0.173153133291156 0.216823326187211 0.247371773802839 0.0300240792166915 0.202866053449087 0.129761634053015
0.0313838860068358 0.29455656585545 0.421196828582098 0.191279741244295 0.0585577043836863 0.00302527392763484
0.0713763002617202 0.278657398016522 0.0880955105678872 0.124846276195068 0.237949850501395 0.199074664457407
0.336557021204058 0.134845308509753 0.332508698329088 0.0488337784795143 0.0602950234582722 0.0869601700193138
0.0590693048411622 0.300330081602582 0.248589945344409 0.0686282582088541 0.259498767552842 0.0638836424501508
0.270090906000924 0.149630240806763 0.0992628839279087 0.20901579642488 0.201091510406404 0.070908662433121
0.146333823476038 0.118500689989917 0.204578458316681 0.0462860310367936 0.233678295600582 0.250622701579989
0.278226541090912 0.128599404157927 0.246595145117066 0.0613489605608802 0.0250167373964676 0.260213211676747
0.110254860779755 0.219969254768691 0.077780726929099 0.134675628872358 0.18964199193431 0.267677536715787
0.1460968573967 0.00581434187140375 0.262087707142222 0.228590863266163 0.210376342581652 0.14703388774186
0.161611814746035 0.00298398523308241 0.23962289072597 0.212541988432816 0.163635738833645 0.219603582028452
0.104202429520313 0.175522119426857 0.141410999184618 0.141861026265206 0.312170513740962 0.124832911862043
0.260270032651264 0.295897716045072 0.0715373979250764 0.0414590150416278 0.253912696416275 0.0769231419206844
0.0340903684006914 0.246415098504387 0.30850181620113 0.0886193479760846 0.062290880096924 0.260082488820783
0.102195275385358 0.21418430955658 0.0428229587676626 0.235397433662807 0.229939022892898 0.175460999734694
0.230996112885152 0.454980570928776 0.064305933730554 0.149635560753889 0.0718333013963794 0.0282485203052493
0.402727459250349 0.0973909134776783 0.183205297214359 0.133113336416624 0.0257462587726394 0.15781673486835
0.11516242100435 0.165315081356132 0.223058733907852 0.203925161253539 0.025552964670939 0.266985637807189
0.0732574716196989 0.147283991757119 0.14933033365583 0.23620969018094 0.24899909898199 0.144919413804423
0.0382864153710697 0.0260304096282354 0.0448765012906767 0.392071701811112 0.349889462630271 0.148845509268635
0.178310983548213 0.161827870433622 0.159579932811786 0.27040234586861 0.0762980366590351 0.153580830678734
0.119797810197926 0.245091895248126 0.117197195189158 0.203864986745729 0.301129831865281 0.0129182807537802
0.233981319262331 0.00812715194576343 0.319361844149288 0.127498808529554 0.18175995943901 0.129270916674054
0.191685347389452 0.200805200634775 0.262728251550872 0.222167757341009 0.0399637023521311 0.0826497407317611
0.147818561671261 0.244763944512221 0.114227645790986 0.254320897997282 0.135883327497323 0.102985622530927
0.14962000495866 0.359705140200687 0.0572879867367855 0.093264075226138 0.222673879500037 0.117448913377692
0.240786669712309 0.216382898702552 0.231839114999165 0.0212493347798763 0.0911526008990264 0.198589380907072
0.260975920266738 0.396511762646155 0.014166267352068 0.0285055140366821 0.286399919191574 0.0134406165067836
0.0738970034261052 0.150832198861001 0.310636063891085 0.103988433392819 0.176843822464695 0.183802477964294
0.208373442028447 0.124665138939347 0.270229186623865 0.167085508254914 0.148913308492718 0.0807334156607099
0.167538966662491 0.0953648549098003 0.254047844407238 0.166216271400646 0.274273821515365 0.0425582411044591
0.166723368278067 0.222286727987897 0.265083074510245 0.0410439339010489 0.205031686713436 0.099831208609306
0.0691838217144703 0.254993478434257 0.245335990195038 0.00996624645867495 0.0234021921790903 0.397118271018469
0.171324149747909 0.00403233551950109 0.224585436417805 0.269547522673918 0.31694313258844 0.0135674230524267
0.280817347076445 0.020467420492859 0.222669949446322 0.0722885310149155 0.0259819941082913 0.377774757861167
0.0997142957490102 0.0822177819127035 0.274343477726351 0.115047609120882 0.23669855935743 0.191978276133623
0.0944976020577168 0.213364513723705 0.136221456238781 0.24032331216922 0.211577078052124 0.104016037758454
0.301451559887953 0.0908262228376786 0.0494746653580937 0.0194900422390416 0.330940606229348 0.207816903447885
0.03292098951105 0.094673177963903 0.0209378316879714 0.484797137854087 0.332272974875235 0.0343978881077532
0.0895606197497418 0.129146501593232 0.286391457073512 0.0427086886778284 0.125110986933864 0.327081745971821
0.268208501947005 0.190353884075017 0.174426731317578 0.0827032834860955 0.163613349248365 0.120694249925939
0.268142401482601 0.119054759228775 0.18086485536564 0.104346456946854 0.126217673037094 0.201373853939035
0.231003557657508 0.00946712344371166 0.213211216441255 0.139693566852425 0.322485360918711 0.0841391746863899
0.252968736951859 0.188534887282856 0.025747428700225 0.184421766715726 0.143362211056636 0.204964969292698
0.372477805696921 0.163768493777456 0.140592218606439 0.125586370325345 0.187860538560766 0.00971457303307327
0.220036897225467 0.213259576977169 0.233917983385714 0.167494344896974 0.0812197300987178 0.0840714674159581
0.244843030537173 0.303858794009527 0.264463031050597 0.097848962948394 0.0234638637991735 0.0655223176551359
0.145580972976696 0.20936418565833 0.257043633888182 0.157555157506532 0.00214057132439972 0.22831547864586
0.23106866523548 0.244427662067527 0.162784001717231 0.116846830551809 0.185565173397411 0.0593076670305426
0.25027555183893 0.26725204716435 0.194269858030677 0.0310215320430955 0.0724885005744287 0.184692510348519
0.218862254679287 0.153455113423243 0.11558698171345 0.183932048360052 0.228012814942296 0.100150786881671
0.0756842715890781 0.1660966982151 0.258778908463865 0.135766896417518 0.178034913736222 0.185638311578217
0.0816073002369029 0.184558114398319 0.201808588916024 0.199212512866359 0.169553053367643 0.163260430214753
0.180732637088505 0.21385561479722 0.242748274492973 0.0507167316362893 0.113449910058922 0.19849683192609
0.073078072033452 0.14866801493636 0.000588789306551506 0.0929856776403153 0.285342023415762 0.399337422667559
0.183028463186905 0.0740596611691716 0.232143274971988 0.266614458993406 0.148168047374976 0.0959860943035527
0.142766728597333 0.281754052428904 0.0341449846277154 0.330732623524631 0.100684826359988 0.109916784461428
0.251245719471275 0.260742820553855 0.155889932855905 0.0260966591503638 0.101400830937373 0.204624037031227
0.0304915927591113 0.106064653495324 0.136211179218357 0.171322008461519 0.262926857671853 0.292983708393835
0.152364932358504 0.0276908370914779 0.247646513837452 0.315544635696307 0.247128410467142 0.00962467054911688
0.131889814100651 0.129856006204208 0.200321930100628 0.195659802981904 0.189657721458997 0.152614725153613
0.236198304438377 0.225265597348603 0.205726435003845 0.133674293546572 0.16075748439509 0.0383778852675127
0.24816689787082 0.153702661175429 0.0417502597773219 0.21087426255014 0.196321310471305 0.149184608154985
0.1868991142256 0.0981707190494056 0.100064892706307 0.198949011211506 0.12337258394876 0.292543678858422
0.287081718198274 0.144088661352212 0.12598275407296 0.0743514364779157 0.0840718684413899 0.284423561457248
0.00451405788158952 0.249336176870164 0.227778883126119 0.239574724882062 0.0518246784367793 0.226971478803286
0.206726979204457 0.0984589959599436 0.13472582502019 0.135367123555666 0.171441865001151 0.253279211258593
0.267682541013849 0.133982778403527 0.000431087775818718 0.341656025892925 0.181366472645253 0.0748810942686274
0.260156771885999 0.0687626446706834 0.10278840193413 0.297865866895761 0.18068602999427 0.0897402846191573
0.121360088400029 0.0783529909764308 0.116824174126469 0.245111780239774 0.359627577211003 0.078723389046294
0.275792557181526 0.231193815920204 0.233663304825695 0.0205038402934942 0.162630505300998 0.076215976478083
0.0668301857617982 0.0998383006146755 0.166878010358892 0.248608824350464 0.188170071549435 0.229674607364735
0.206576720682926 0.143627234907892 0.271118673987602 0.138338344708216 0.186603150723549 0.053735874989815
0.220915414768766 0.150139689649203 0.090263229022179 0.24471568347893 0.254799959037318 0.0391660240436039
0.270636426531408 0.179642242668684 0.159603614040105 0.103872267436393 0.283921780026895 0.0023236692965152
0.214479770346136 0.0801491987560458 0.162259448741479 0.122796721233857 0.246778423613619 0.173536437308863
0.213080201743841 0.00819083290217224 0.255808229561758 0.276496848178683 0.165262617501286 0.0811612701122598
0.200355067167729 0.209416491035169 0.101168280388444 0.188001246167183 0.127081996761133 0.173976918480342
0.0882655018849013 0.229383694037004 0.102434843806412 0.181773639791884 0.201410814432173 0.196731506047626
0.0106496029570664 0.0997689315365699 0.316090573748224 0.223572127457601 0.244005339506153 0.105913424794386
0.105683021794265 0.154953372557002 0.192716475194124 0.197814193651591 0.177768691681554 0.171064245121464
0.0375131155841545 0.181914891434682 0.187651642098051 0.241669323931197 0.190578509271074 0.160672517680841
0.03907535282504 0.0761997855647792 0.22659547844843 0.200088102113974 0.123708092087968 0.33433318895981
0.257409910215467 0.125682108277779 0.128202011858284 0.155204420636612 0.199997770099159 0.133503778912698
0.0507220241505066 0.129353135304138 0.277669203933443 0.238582156138783 0.0204583894940266 0.283215090979103
0.301752254037684 0.097899024011086 0.227792814448481 0.264645398473897 0.0332033183544037 0.0747071906744478
0.145499904189665 0.15209937186138 0.168164973635252 0.22014255995873 0.215892265028604 0.0982009253263681
0.0969270710174182 0.284285038787422 0.215691492102958 0.179248739882886 0.16442017617795 0.0594274820313654
0.351459532253224 0.0411280645329504 0.123903673239853 0.16047192358058 0.233096852806802 0.0899399535865908
0.0835239994321088 0.125483359342643 0.0262605127927519 0.288329508397232 0.250001518642356 0.226401101392908
0.445828706310474 0.00634881538892561 0.0750297341973898 0.0415621954200247 0.206214085678896 0.225016463004289
0.279573878146599 0.207410104587366 0.127654124578865 0.0814312605774125 0.212774106114812 0.0911565259949459
0.107415430255323 0.0262687086612108 0.154159682668657 0.266765712386929 0.00828864721664946 0.437101818811231
0.279961759241492 0.0278129801445904 0.190768818081801 0.281913558810027 0.0888414491445716 0.130701434577517
0.190771089604088 0.191799831263183 0.0388913369678948 0.106962470030222 0.247923638535631 0.223651633598982
0.250390640410659 0.167205351842183 0.234125982255467 0.12097288328678 0.155771277204317 0.0715338650005949
0.225360250483814 0.0409982694467297 0.0507825046429305 0.243978797658038 0.229510789281121 0.209369388487367
0.284549270552899 0.151322334004443 0.170620201756553 0.0174451130194038 0.123761404007508 0.252301676659194
0.129999713950565 0.16111244127022 0.099168782229957 0.182858291340189 0.332875782961466 0.093984988247604
0.197904205341983 0.0200739680023821 0.233555278044375 0.205058789997355 0.215982649780661 0.127425108833243
0.288024527186372 0.264516709612691 0.186342079235688 0.221792107083747 0.00885343481987735 0.0304711420616247
0.135937938631135 0.10371447743715 0.0372291336291473 0.017513621862574 0.397246708189306 0.308358120250688
0.346038111229577 0.0152840266799974 0.156210274505108 0.0314855101886372 0.226148428907961 0.22483364848872
0.371703286136976 0.0680486471627729 0.0282489556027919 0.0364158081188815 0.356132830294736 0.139450472683842
0.0192248437696494 0.30413747288043 0.0785097316297762 0.341374530747677 0.0240695690119142 0.232683851960553
0.440285812595654 0.0081690459106892 0.203459125411667 0.128165909382081 0.216960216050773 0.00295989064913593
0.168192049126212 0.0525806000445721 0.191236701002468 0.222817940359833 0.264333373768253 0.100839335698661
0.0522996179461406 0.218529318839568 0.131706727210369 0.274039670735126 0.207021335918632 0.116403329350165
0.275104853962543 0.183894409421484 0.168416357017717 0.160425291039895 0.0520689465561264 0.160090142002234
0.181933309357093 0.00637650613067765 0.0266799959112748 0.366346313180449 0.386170127102721 0.0324937483177848
0.237651947017893 0.287379515864671 0.153666404950944 0.0811113662190056 0.125315443022969 0.114875322924518
0.00679091484393451 0.295429070545304 0.130073759128567 0.197837214519737 0.134272861885601 0.235596179076858
0.0755346124517742 0.174298254205474 0.0131464708633539 0.304824572810863 0.182825965736596 0.249370123931939
0.250105504980557 0.0683211539613778 0.102847607748491 0.261807202183403 0.0549803997989663 0.261938131327205
0.17158351880728 0.0060930306659024 0.331521702953538 0.0442455254526523 0.160271335112717 0.28628488700791
0.0434080133800274 0.0319253190924674 0.0912453241137795 0.0993850767028867 0.288131437604256 0.445904829106583
0.0354680524362121 0.344129725287233 0.00182944081278735 0.384068089196459 0.133669207671536 0.100835484595772
0.19184402148322 0.311272877931342 0.072503449996739 0.108583959696705 0.226042012881056 0.0897536780109389
0.135134379329319 0.197988005837141 0.0762464525774791 0.187944206182115 0.364413162560423 0.0382737935135232
0.0152919222696662 0.0930419286336392 0.196135962537301 0.230768340814751 0.228582678828109 0.236179166916534
0.101602297819086 0.298845912779767 0.0296128363861245 0.145636356515498 0.255765198365494 0.16853739813403
0.123241861388292 0.312914941896875 0.0913599911363849 0.194648445330479 0.0553936260796507 0.222441134168319
0.256280148630561 0.13235779384455 0.0464322933245915 0.0711915409922558 0.21168606498539 0.282052158222651
0.245279237016553 0.144646149179788 0.229093335404362 0.0129127738522342 0.113981316122286 0.254087188424777
0.147542586566893 0.280528482478345 0.147354993442451 0.164573941526916 0.22047394113528 0.0395260548501147
0.0667891301490266 0.144992697583876 0.14010694255385 0.260810874858743 0.214342709755524 0.172957645098981
0.0956539875366126 0.177393552335929 0.173028403938683 0.041330955739038 0.260800617279784 0.251792483169953
0.0252837297802324 0.0890479535615584 0.312859690488008 0.293000214078917 0.136550874927535 0.14325753716375
0.171358159171162 0.238222938531113 0.152283154544678 0.301355460792689 0.0755214456182415 0.0612588413421156
0.141304822884723 0.144810411472271 0.357517688975246 0.163061025113698 0.172080493660104 0.0212255578939578
0.227110001063124 0.0685189913045289 0.0512202153753036 0.242840602503158 0.162082439946162 0.248227749807724
0.251335756253749 0.0533112209585331 0.17553839073476 0.107488985202892 0.153851807231688 0.258473839618377
0.0327688784602424 0.170057274999704 0.190308669105573 0.207205169982747 0.166044578997971 0.233615428453762
0.273839818770341 0.250982394226355 0.118732624063667 0.239560649425896 0.0797989370537995 0.0370855764599405
0.259974542638891 0.176559191738382 0.00571889503638429 0.0176974015236725 0.352797546978556 0.187252422084115
0.0386818410558368 0.303061595968405 0.052052983818005 0.0366227478057746 0.29343180983257 0.276149021519409
0.100326478014485 0.298050374192128 0.259284066739651 0.178491585029276 0.0825460234884055 0.0813014725360548
0.352056778878884 0.0580421166753263 0.107148905841185 0.368051179747062 0.0438427966493818 0.0708582222081612
0.329070404035336 0.0957698998013659 0.0490160811356677 0.172586862711343 0.110003922528701 0.243552829787587
0.513115674085431 0.0776526894597429 0.268304957190622 0.036639358018302 0.0328400207666599 0.071447300479242
0.144302938402543 0.200814004659826 0.215892481194806 0.207315950046293 0.213088356810174 0.0185862688863577
0.176991130824819 0.0675644881053389 0.240607294594705 0.120961498491005 0.24404314498296 0.149832443001173
0.156271716702555 0.252798336378141 0.101682271924979 0.201325404723063 0.213331586711871 0.0745906835593913
0.0612188449671511 0.156062131159546 0.246611287257978 0.197628612440427 0.118701073752608 0.219778050422289
0.169595939667118 0.143643295514479 0.18361743744907 0.294514113297073 0.0921965238577028 0.116432690214557
0.0967050604460176 0.208917461299188 0.08625262623115 0.261403723363982 0.214032655594221 0.132688473065441
0.0818798527949755 0.191368866723126 0.125252633537539 0.103790732237778 0.248823075326488 0.248884839380093
0.25873265497519 0.268551054709886 0.181195023480418 0.0514218938730855 0.091115356591566 0.148984016369855
0.0462324143699794 0.30793603533855 0.341026099486479 0.16138473488326 0.0841856838282523 0.0592350320934795
0.240372283109642 0.110714015194565 0.0758411948623153 0.342020383557355 0.0905389408493529 0.140513182426769
0.042811069448854 0.00791845438066687 0.236028683311482 0.0631284809082587 0.265660230928511 0.384453081022227
0.107820757903219 0.225120417296929 0.251091208003452 0.117701039999416 0.231537164786063 0.0667294120109218
0.250821719677694 0.109810702832534 0.133320777079549 0.234850057581293 0.110808787532661 0.160387955296269
0.105161879498435 0.247196817025933 0.221610106722601 0.243716014961764 0.0493854968352249 0.132929684956042
0.157791355230406 0.153095954883443 0.255308829834575 0.248766984330067 0.0425001128255338 0.142536762895975
0.180805532709012 0.245117990431126 0.110261102852693 0.0697546649935371 0.111033794308895 0.283026914704736
0.0849646892645083 0.150115838840058 0.226979723747461 0.260065615944668 0.192345859397609 0.0855282728056953
0.228107855153645 0.233336759996022 0.148994920384071 0.144598281797039 0.223100314255243 0.0218618684139802
0.201194556301808 0.43022990781678 0.104078025822736 0.109231220979593 0.0282258996529166 0.127040389426166
0.329483881062922 0.214497253187896 0.0660180572891815 0.0425849725960273 0.243418150983432 0.103997684880541
0.201172940909777 0.187150491017964 0.0612014438469463 0.269434335671343 0.134655772068046 0.146385016485925
0.238280528372249 0.204570154826205 0.0967811376951291 0.239154374304937 0.167819251302547 0.0533945534989323
0.247179733361736 0.202837700234109 0.227500432038692 0.0278006649691879 0.148639868623594 0.146041600772681
0.25173656593381 0.0247075445487778 0.231438644383429 0.0928854666984021 0.223104021099188 0.176127757336392
0.20477443092789 0.138370530080686 0.261720377743035 0.157865105304794 0.177159740705713 0.0601098152378818
0.117402805307673 0.112126856234514 0.324703937378243 0.223305191907151 0.0394208852153909 0.183040323957028
0.235944475288658 0.0936560726165261 0.239267193219279 0.183807601973181 0.0589663259369504 0.188358330965407
0.132310240648302 0.272116592971132 0.100464543875843 0.117213031081395 0.202788977502365 0.175106613920964
0.113463940689421 0.267341873477831 0.158740282698444 0.108774980667273 0.268813219963422 0.0828657025036094
0.263380292780857 0.131236306571641 0.29021098809586 0.255840922650509 0.0324096128932862 0.0269218770078466
0.0930276899638246 0.26595966328014 0.00560222080930939 0.227718780699293 0.235372314393286 0.172319330854147
0.153769080899568 0.215336601490792 0.189286323800348 0.150013088759577 0.0826613341504061 0.208933570899308
0.0793991154490548 0.134217945524707 0.184968492500763 0.172746521900874 0.247036857285905 0.181631067338696
0.14298794329775 0.0254378542384399 0.155086815701021 0.208446137237455 0.184086006293159 0.283955243232175
0.155221688556291 0.131058623022857 0.0617283588972791 0.205055969042333 0.196019651063211 0.250915709418029
0.196206394206549 0.0299810024385287 0.263756546006121 0.00330104056040655 0.188708042113456 0.318046974674938
0.0743448270505321 0.277569595183348 0.292648252462513 0.115432068106509 0.236060854437215 0.00394440275988229
0.0233810651620526 0.0598316017589744 0.0359168496465995 0.300816570193451 0.47075468887087 0.109299224368053
0.217313369613086 0.0895309875581007 0.0753027588123451 0.225173971538359 0.160124047468227 0.232554865009881
0.244302993928845 0.138709553874683 0.0677309680616178 0.207631738677184 0.0569523516623407 0.28467239379533
0.115615767010308 0.182181917279238 0.118462749716692 0.182147304902543 0.125196943551464 0.276395317539755
0.221308223985595 0.154891779914929 0.15975237607043 0.297675886213949 0.104328238905032 0.0620434949100654
0.0797599855764165 0.218216143080769 0.0770723519620136 0.245756683259438 0.119398005183128 0.259796830938236
0.277932115916593 0.130811754712451 0.452024440901887 0.0958124410834004 0.00300114331901928 0.0404181040666494
0.181317093166131 0.183540305279152 0.242184603002401 0.115230437287978 0.047852043898536 0.229875517365801
0.15167933400173 0.1071253947805 0.0396509308649413 0.321482657622123 0.321086109353672 0.0589755733770341
0.214707013804303 0.0528639773796489 0.224424560797363 0.185514475829253 0.238366295759007 0.0841236764304248
0.243854460072026 0.127550725111021 0.138389857651012 0.132464054629841 0.300041066931638 0.0576998356044627
0.160669630888797 0.0423961080632073 0.30544455158159 0.096257428284108 0.214509002110875 0.180723279071424
0.190399941185204 0.219662308621227 0.0280154725297454 0.156642238601898 0.226128494763062 0.179151544298862
0.331489244633018 0.09521379727583 0.152099253636917 0.135959862572374 0.171944941309598 0.113292900572263
0.117294689519383 0.0889711763416968 0.106014705658713 0.301660025034015 0.1428460181729 0.243213385273292
0.283131487493923 0.0199161733994019 0.038639696063228 0.383394437516265 0.09851055158544 0.176407653941743
0.2394360594059 0.202777608371385 0.138714218155077 0.163463821382921 0.231525872515023 0.0240824201696939
0.218546743027034 0.158056340822474 0.192474087613344 0.343849521806382 0.0275644827313921 0.059508823999374
0.177447586593279 0.246793452832225 0.0778058521845637 0.0494760989721202 0.244678700515832 0.20379830890198
0.358574345630478 0.0198734511483836 0.224339793771529 0.11903996750463 0.208271629786348 0.0699008121586317
0.247454892565883 0.00551012723743322 0.190631642683567 0.213476076045496 0.260922370563471 0.082004890904149
0.157208762451752 0.243409146827606 0.213938576643749 0.0744432580727008 0.240651471533716 0.070348784470475
0.244947408030874 0.00328573333711412 0.209259005959032 0.230014426251359 0.148009220607054 0.164484205814566
0.254953621958915 0.0808225028216839 0.0293056992544696 0.431525541541392 0.149101304667853 0.0542913297556874
0.364239558820358 0.0557192960919113 0.0662253197719188 0.00609241569553521 0.306951568639947 0.200771840980329
0.366741140639177 0.0586356629795513 0.321943649569815 0.131618698214029 0.0643068687583393 0.0567539798390879
0.342136308077972 0.00885824515462037 0.0914172341279708 0.315388296034091 0.00697776464963738 0.235222151955708
0.340567970811389 0.0579515250645457 0.00475316161294854 0.130474727242925 0.324922541938778 0.141330073329414
0.21967803135939 0.143947287082746 0.180994974329966 0.0159339732512981 0.218919613855638 0.220526120120961
0.339204342163238 0.137871156652742 0.00554586058750038 0.02395532443444 0.149034019869028 0.344389296293052
0.23902841285801 0.215060042012452 0.10368146822808 0.221199379603672 0.121458401909091 0.099572295388696
0.252195178052846 0.0511518368703032 0.113003070810686 0.000657897102105439 0.256555048506877 0.326436968657182
0.0939543335812737 0.236170610417068 0.0863067017657598 0.202946560634196 0.286302329690573 0.0943194639111299
0.176933558909272 0.129272265128599 0.127179782674801 0.203527497071731 0.219881977509233 0.143204918706364
0.221414418215891 0.353498366362912 0.14711062400463 0.0431223394566149 0.221814623036761 0.0130396289231907
0.168754439601993 0.147759555458125 0.0712836477469289 0.168498782145308 0.180935887495132 0.262767687552513
0.229266374400505 0.0685803551967898 0.00716705666473209 0.251685254234542 0.182085318567272 0.261215640936159
0.0662239369055835 0.172346999285383 0.218198047991024 0.172670901399001 0.0716184905150813 0.298941623903928
0.00747670050610884 0.0489634274948754 0.35626684797795 0.30585481362414 0.252420988499604 0.0290172218973222
0.179199447119415 0.154509466765945 0.373611792920493 0.00687543605367793 0.136493794208801 0.149310062931667
0.288006235572463 0.050140442262709 0.230798253837668 0.030470882868738 0.154043370217375 0.246540815241048
0.229692190693094 0.127846586193335 0.1377596728745 0.165478995886805 0.213514881195586 0.125707673156679
