0.030827385792703 0.268196155410001 0.115107881765696 0.132469679035078 0.168652520230098 0.0563462554184237 0.0129735396740277 0.215426582673974
0.159375917494126 0.167442935514567 0.132631890059694 0.0116546278298425 0.175269448010886 0.140513242088061 0.127566084433019 0.0855458545698044
0.235977842446143 0.0472160906563868 0.148744107579928 0.0823301294054204 0.110872555057023 0.262952391767681 0.0598413165186594 0.0520655665687588
0.106298684852679 0.201740253067779 0.0806262832053491 0.104591356673214 0.120049543364148 0.0342319303947563 0.152027944214449 0.200434004227625
0.150358175623075 0.145412803332889 0.0354354794322451 0.201314464225061 0.0556817425332005 0.202121677202797 0.123006599704366 0.0866690579463661
0.0506501497553582 0.241467116019921 0.27303139339538 0.20726973889403 0.0367939206713107 0.126961132425717 0.0246970079925618 0.0391295408457209
0.113028614503361 0.094219485570233 0.18693347324614 0.112160299743074 0.170565920183172 0.106333351955518 0.138213022697239 0.0785458321012637
0.170990986510546 0.163260715725202 0.131487744955357 0.195288742894436 0.0224853935613416 0.0388201333615049 0.260505802657813 0.0171604803337992
0.187122522276247 0.17041757679411 0.0758533035990208 0.253950902971775 0.0834365399474599 0.092674303957355 0.0133192815334177 0.123225568920615
0.0711433209576351 0.155864012186557 0.000245831184013239 0.0277203638889969 0.221194328007142 0.235020998780128 0.02195495343451 0.266856191561017
0.279482495360857 0.0205913666367683 0.129965243173456 0.0377248769648397 0.184277953500677 0.172857306418686 0.00215357951503473 0.172947178429681
0.0177987389223372 0.227682372284324 0.137974184164526 0.240930513198668 0.0218156074351858 0.158786846801622 0.0632104971167574 0.131801240076579
0.185639964125765 0.193552719406643 0.0773074445019193 0.192915415064431 0.136283095402845 0.065335970049583 0.0130577629976926 0.135907628451122
0.097951297815058 0.0421045636669364 0.217253070228516 0.157956617857818 0.107534195309225 0.0823510304511271 0.131320751009257 0.163528473662061
0.230257949251415 0.173306250745959 0.0151763321770373 0.00566947132503449 0.129393548672501 0.196328741465343 0.120350871779735 0.129516834582976
0.160245659649133 0.11841736107284 0.155213311001181 0.105074476910677 0.152826381025315 0.00254262682902022 0.149795068396148 0.155885115115686
0.182414837969916 0.202718532493016 0.0665469563719912 0.0144152029304594 0.185394048848172 0.0642465945481488 0.185011014989039 0.0992528118492563
0.217049549016104 0.114259556670819 0.198196530466754 0.090443343297934 0.00965074626141267 0.049270133375012 0.289971980196261 0.0311581607157031
0.016351627700737 0.249979215923472 0.0969636854799843 0.105141970760067 0.155101359788312 0.11990687935059 0.0807666083965291 0.175788652600309
0.159023770513178 0.0973774732628237 0.191772187135333 0.190605060171456 0.0670132821998732 0.159451461912259 0.0248691446426416 0.109887620162436
0.087551019602028 0.0660344517346851 0.0523410180942726 0.209281543729819 0.205779525207692 0.108770079085381 0.0896404133629795 0.180601949183143
0.0872448965967264 0.0646769406593075 0.0488454841209396 0.0104463321188919 0.265090888487075 0.197433620479536 0.255780735687269 0.070481101850255
0.1108457077194 0.190941720033451 0.131381949507799 0.0677412441104614 0.103070936036356 0.0412267758247389 0.14440902892375 0.210382637844044
0.109421900212474 0.141086092829353 0.0779602235904451 0.133116433912149 0.0148132373730067 0.174763500110598 0.178722292706469 0.170116319265505
0.166566778139484 0.11773404982236 0.0652164497882004 0.0979619372412378 0.183817882327633 0.0798287176513126 0.0780464541109091 0.210827730918863
0.209215414877121 0.161889326611273 0.12609847083305 0.0397351788888983 0.272505675689902 0.120511505895787 0.0428101013146485 0.0272343258893195
0.0783078354133161 0.153928939116388 0.188958965991392 0.114867342119406 0.0136296248135763 0.0934600055344068 0.147570629271964 0.20927665773955
0.190158936707368 0.00573353008649253 0.252929131153127 0.147194306020105 0.039312908591418 0.0712716858488792 0.236406935227688 0.0569925663649223
0.158203185841564 0.0299909561712845 0.139035709550449 0.15518507868197 0.146575780824652 0.106798056592213 0.130690340796421 0.133520891541447
0.325633568440144 0.338063109510017 0.0958369066724947 0.133008069271379 0.00182844855200603 0.00315642032714992 0.057267089654442 0.045206387572367
0.129589199018676 0.0819286993613833 0.211117447787743 0.0335763472903953 0.0190537811080164 0.138508228887748 0.1577527378891 0.228473558656938
0.0408740198228964 0.0978148489214055 0.0528715907120356 0.122842870284955 0.187382811819724 0.224848047024805 0.264413564777831 0.00895224663634647
0.17136807233446 0.165360848701441 0.00831437140970305 0.0701816305725232 0.163178024318088 0.114892182700237 0.139187649808332 0.167517220155216
0.0493041087545573 0.174678650277267 0.207139166221215 0.054051989814845 0.138945682838989 0.193412899393491 0.167257007576364 0.0152104951232724
0.0947655739116304 0.18222634214412 0.111774834848481 0.0148002091728024 0.196128135868603 0.211429162017736 0.138078191618245 0.0507975504183828
0.121093950716044 0.109913875659878 0.128588886106753 0.149068231654325 0.146297156485854 0.160261512711143 0.0815169585492812 0.103259428116721
0.185709291307052 0.0205671962704634 0.0783670748159057 0.202278534468779 0.161090207431131 0.135961008563172 0.030959124924806 0.18506756221869
0.172778193879594 0.167362507475359 0.157674960782561 0.0839965014248003 0.0907497819560487 0.060075826814585 0.165754500318228 0.101607727348824
0.153997602903832 0.24695168619856 0.215032250059156 0.0129819993332316 0.00164031530899485 0.133230529615531 0.115505143817537 0.120660472763158
0.0406933852999389 0.212341258581904 0.0702375998208024 0.164740267089024 0.0882937716405699 0.0947000208783057 0.120122520218263 0.208871176471192
0.168312539377154 0.138555946550131 0.171732167335181 0.0157153651651571 0.186837915234792 0.123982609926325 0.041646429648189 0.153217026763071
0.142063274014726 0.160303947136825 0.0762520144363595 0.128178760858431 0.169282780345844 0.0879410095320438 0.177434875287722 0.0585433383880486
0.154832392113972 0.0879566123997682 0.152045541939464 0.11898852438056 0.140342633111702 0.168172274069323 0.16941491659637 0.00824710538883984
0.164080958954461 0.141749478719815 0.0411428820965316 0.0965259966873743 0.105950012929087 0.107045429864736 0.17513773394465 0.168367506803346
0.257276793257639 0.207304188009112 0.0286235594834518 0.0994411087511558 0.0177809894122253 0.210095351540396 0.100518484207492 0.0789595253385274
0.132306743897189 0.195435105755209 0.0910256015462244 0.106654263683406 0.0594217529383061 0.0203786564382188 0.215569265406272 0.179208610335175
0.134670801503036 0.00673370006470553 0.169952831869426 0.185762336373305 0.151754326709138 0.126829220205136 0.117511345477179 0.106785437798075
0.229445170306993 0.251716040669947 0.00899676195907607 0.321159420929942 0.0751380205522083 0.0565459172720269 0.0082252822743345 0.0487733860354724
0.060688430140377 0.0473181291506517 0.0874499854273359 0.0354838215677769 0.120767831893271 0.294578715709769 0.0988053550090246 0.254907731101794
0.212004523275765 0.0469391126409855 0.111512073035136 0.0390333945024317 0.158822103658067 0.185594600348071 0.0971619049464887 0.148932287593055
0.116559608591336 0.0606457814443884 0.131429151151151 0.153746162474856 0.169088647904095 0.0619482233539288 0.149900553597512 0.156681871482733
0.0776562099256779 0.182539882830982 0.168931203052856 7.2660966557221e-05 0.121511837755957 0.170709969895498 0.148160547534108 0.130417688038364
0.156049970205648 0.15574278098149 0.105057577750912 0.0998441058514667 0.00246969507990021 0.183465528271111 0.123442472948362 0.173927868911111
0.0360316303004977 0.256129506090713 0.0337305126309357 0.0789938749244381 0.2320430682373 0.299555740191029 0.0143158109883496 0.0491998566367369
0.120746849132839 0.163755108398646 0.0571232714818555 0.141397641989973 0.192290556605646 0.0646878230687656 0.0543185145180994 0.205680234804176
0.0476739831700905 0.0925942096586409 0.0164769345828663 0.174757638611058 0.20510225460892 0.185958321355352 0.171711473649115 0.105725184363959
0.258751898353604 0.0423263968766017 0.0431174918865942 0.2298508732399 0.135601058468779 0.158340677084532 0.000698304364419396 0.131313299725569
0.269056499167019 0.130133444447978 0.147110782964871 0.0209217904274063 0.143220462194227 0.138565127399624 0.0590144693104946 0.091977424088381
0.170756725435987 0.171130231398846 0.0475548660505737 0.0480588331714261 0.14905163515009 0.086914696127451 0.190601374820721 0.135931637844906
0.183724721885089 0.0737195869028919 0.0191623604518407 0.0809712955079319 0.216279605515783 0.0908403160446998 0.112370881654663 0.2229312320371
0.134211323661098 0.190658880752431 0.0184939397981194 0.150077678248283 0.134414974143552 0.14501581932746 0.103966947752151 0.123160436316905
0.0483856181871233 0.0952287549313121 0.147489952066377 0.0686393416019373 0.0538052153454886 0.223976763610389 0.158808205615698 0.203666148641674
0.186716734435058 0.0849066224544916 0.134561640258131 0.092283214439274 0.0727626045027971 0.0635710550506993 0.239542311639714 0.125655817219836
0.116558980176731 0.0194153253295246 0.185648833804844 0.0671599298586866 0.162807114183108 0.049806742912604 0.221481199130338 0.177121874604164
0.175129438931757 0.196995801485262 0.202155335502744 0.00383304191642236 0.178366559694654 0.0588453790524157 0.102580257319653 0.0820941860970924
0.151532854301204 0.141047165987261 0.034638404653017 0.0812717235113136 0.1232244531575 0.0771247213755181 0.244122106202372 0.147038570811814
0.0880280041238125 0.0366436191291414 0.263926359710766 0.0194879109509463 0.262768157336253 0.148764233061695 0.179603165894471 0.000778549792915267
0.206709304190999 0.00229728689286479 0.10204929935437 0.329764204068436 0.0511167952231067 0.169017363966146 0.0486442390873498 0.0904015072167279
0.0152202095079771 0.115219750292356 0.261754769095782 0.200085577240865 0.0159093250965175 0.149042049968038 0.162646871081005 0.0801214477174596
0.0356818929985472 0.12887605361024 0.236620795406363 0.102398309555639 0.0452519481254428 0.138677063106286 0.0767180148989 0.235775922298583
0.115285998987556 0.232451386370167 0.0979401165836167 0.134098549886169 0.0151574053614656 0.0947117256227018 0.0226854870021311 0.287669330186193
0.24239505344074 0.186161214577274 0.135474256476747 0.0402639043686172 0.0561299229950939 0.227603865775943 0.0283416046839352 0.0836301776816494
0.116004185835166 0.0381122649356917 0.0326896560912491 0.139730958708902 0.0654386147522608 0.252421997012295 0.238078128710508 0.117524193953927
0.130844845289489 0.193906671107933 0.0830465421123605 0.155877507130078 0.070366043176712 0.0935379491165475 0.159455182350639 0.112965259716242
0.112115875305959 0.102628036682134 0.170705831379996 0.118442066390728 0.113596325862951 0.0930388833614138 0.11541123303548 0.174061747981339
0.0355562809011626 0.175289909739034 0.089549711868475 0.0272121472820236 0.177996401905967 0.0842566204112304 0.176659287053502 0.233479640838604
0.328567762148204 0.0433990132345822 0.10322554423179 0.0579608575542972 0.208651733574168 0.0629536441904784 0.0142906204356439 0.180950824630837
0.137412818924956 0.149682772798254 0.0313115521271879 0.193850827024775 0.130808965653632 0.165905517831449 0.054563716686683 0.136463828953063
0.125973598140356 0.129575986571938 0.0268358088079942 0.232387557352104 0.210548708376908 0.0749920680292475 0.142398181353007 0.0572880913684462
0.0672785930025675 0.119069437029489 0.152382887979268 0.172142757278204 0.167608975010311 0.135086611105185 0.0627691193219747 0.123661619273001
0.0450674841811674 0.336866646858626 0.17767911950804 0.150432182568219 0.0155534042362314 0.233316052060469 0.0148477273395017 0.0262373832477458
0.102970540036493 0.125516591892236 0.020623388520921 0.187474498719894 0.0696676273275377 0.0846688712294211 0.233417012928119 0.175661469345378
0.21606037405376 0.061085091370779 0.0461576428857651 0.217788855500957 0.170963326434738 0.132697014425618 0.0206105148940566 0.134637180434326
0.222080437631825 0.206120063930681 0.0682906437039426 0.139222920520341 0.169865827867178 0.0127383578224017 0.0955012095284352 0.0861805389951956
0.173544954179053 0.122527555916287 0.137119238467963 0.189158836351837 0.218380997751736 0.00367155159048883 0.0604688211302142 0.0951280446124203
0.197938444114046 0.0634490602073734 0.209459612677303 0.209272173698385 0.154714385742507 0.0573921502971998 0.0260064344718096 0.0817677387913757
0.094512880693602 0.166070298157815 0.167231022506668 0.166864155054137 0.149702407459077 0.168198959414074 0.0409260369825121 0.0464942397321145
0.0937275636157803 0.0461402714064358 0.197847784813057 0.144149358706294 0.0839416507065194 0.118117435353478 0.138680048108342 0.177395887290093
0.0804274848888609 0.195863641184912 0.0960472686745984 0.151649765846808 0.125281773748225 0.144886773090817 0.170959297812754 0.0348839947530248
0.212850614784903 0.101110734905427 0.145914995549935 0.00328023787325539 0.0775902855372077 0.190982460308471 0.0629839142504178 0.205286756790383
0.112802273431594 0.00601177115885217 0.223932901522671 0.179594328968826 0.340645966292511 0.0633031825928756 0.0729265039649208 0.000783072067750896
0.149371807311906 0.129079207983733 0.204289556914892 0.0137900650357163 0.178334104946084 0.126480090330931 0.0111129429351888 0.187542224541549
0.0917739161282143 0.162773377239091 0.0954885185478688 0.184228061377086 0.0958418941903596 0.0295966180431786 0.145021980880903 0.195275633593299
0.196010946856251 0.16599089872213 0.0605119143633479 0.0428345122381792 0.156330017364631 0.14109905397657 0.219509974974652 0.0177126815042381
0.114401832217361 0.16822443103177 0.122143896965274 0.0865602818857391 0.0665536490662359 0.139750634675652 0.168853134994663 0.133512139163305
0.19204806570702 0.12232108119041 0.170708466757413 0.158061978867682 0.185494256565044 0.135412478414933 0.00124039504229066 0.0347132774552073
0.153145353390721 0.0830468565785225 0.16166749945708 0.11962551527925 0.138160043022142 0.154426299215502 0.169064058464079 0.0208643745927044
0.30342013341419 0.0726307768940421 0.0211575025276206 0.129056588563241 0.00755439335360306 0.27030415354991 0.0721188831390637 0.12375756855833
0.105671069143062 0.0137654370444891 0.234632604804633 0.132788002062189 0.110633360348651 0.179834537157534 0.124175566901818 0.0984994225376239
0.0390671777346699 0.194789832657316 0.140808107223633 0.0923195058106662 0.249111287987837 0.171738100564834 0.0800094312650983 0.0321565567559458
0.031567043596348 0.213526327622515 0.176689625519276 0.0523386714038415 0.187161560371027 0.00803701543593641 0.231724912034395 0.0989548440166611
0.191971709643477 0.0148284173032285 0.20149737415362 0.238691859055298 0.0452385496252175 0.15289448542688 0.098622110364982 0.056255494427297
0.234711041508564 0.0388124884066655 0.190649574401873 0.148741763941999 0.0118591833653838 0.0417043000814763 0.225286079604319 0.10823556868972
0.190697118824342 0.232910270331239 0.154513576011672 0.0139821242029021 0.0792786311170678 0.119815861480964 0.154978796166745 0.0538236218650665
0.12143148638986 0.11774698730507 0.178775947509287 0.162454329941235 0.107313733933633 0.0378796788294285 0.18154438016634 0.0928534559251469
0.0589918472040822 0.101906850276309 0.170755345957013 0.144278772849647 0.149699571673401 0.124506482444022 0.112720528778853 0.137140600816673
0.144275382536046 0.0244909506331489 0.210586710634635 0.137079236732567 0.205188812411386 0.141495391409637 0.135576192839895 0.00130732280268589
0.171668592431026 0.102176885069783 0.0214925501778088 0.126698017691797 0.164439637921632 0.177416299028273 0.0994230761107052 0.136684941568976
0.170841756794865 0.152935541234829 0.0833192695521783 0.0823162226310592 0.0200936211360493 0.218360849332339 0.189092364539185 0.0830403747794949
0.0255415826035963 0.225463113130469 0.190733248308587 0.148817302004578 0.0375824690649363 0.138071353085709 0.214877104462722 0.0189138273394023
0.0138055126455056 0.00511547148898756 0.150803364279264 0.276986484838122 0.145913737706339 0.214337223815647 0.0314095674147378 0.161628637811397
0.0016174515424184 0.153618824130411 0.113342919876587 0.15894795061508 0.182874471421334 0.167784491159547 0.168455384023958 0.0533585072306638
0.0559078898982523 0.000103953723271121 0.0792262597429332 0.264701739584537 0.216207447211777 0.281373542369459 0.0974667737319724 0.00501239373779768
0.045910517259645 0.0523826768711629 0.180413182402676 0.01334569166978 0.229261202869734 0.112885349626798 0.169352503368077 0.196448875932127
0.14348112531721 0.136528167529503 0.0131524687495967 0.0709688442051969 0.17469250832917 0.177459798447522 0.197222517834837 0.0864945695869645
0.0594133707439212 0.092657204190946 0.154494976439559 0.128882946271894 0.0846847115471136 0.104370250118673 0.18912396680004 0.186372573887854
0.119010192549434 0.0905316277222823 0.151968961400819 0.0977830334362182 0.0179827858354009 0.0441351134750918 0.208891070747943 0.26969721483281
0.160049255456751 0.10157645695523 0.199005350533993 0.0795232841227124 0.22015049288959 0.0748191347381667 0.135816539814404 0.0290594854891529
0.0286887958611842 0.062148544975279 0.261454857035037 0.173003246220619 0.0851708731248374 0.251247579079882 0.133695421355621 0.00459068234753987
0.0643338383127511 0.218053645974489 0.0954289901098095 0.098633993082388 0.0931216553374036 0.151200333180504 0.218848474258906 0.060379069743749
0.0405206344885087 0.202099868911223 0.106030270003339 0.195678100965367 0.124296877394072 0.126047571078856 0.153439665173717 0.0518870119849167
0.259953035267902 0.119208139646912 0.0202529593523055 0.103047354518243 0.043152485029149 0.149445555025799 0.171198106801434 0.133742364358256
0.101641085658113 0.119672163761107 0.065348544202207 0.206580759262664 0.206244054016468 0.0162073938295295 0.201926330653788 0.082379668616124
0.159589739490359 0.208556292179405 0.0647500161672667 0.101063078025164 0.138145106487827 0.283460890392078 0.0226770388768896 0.02175783838101
0.00422022931560478 0.204390209998558 0.0204982699661487 0.0910219567728209 0.232044827494281 0.151043767990949 0.172944565460616 0.123836173001022
0.136146978821721 0.0750725200835942 0.0534209291603702 0.107963982142036 0.201750997333621 0.00566192441394879 0.228149309447358 0.19183335859735
0.00516074147198116 0.201155329707319 0.0818041160212003 0.162064194796035 0.0238681375458814 0.228257104949864 0.26234148874172 0.0353488867659991
0.0208997434074138 0.22324865894589 0.0466050488967603 0.0849050747334908 0.15276309077232 0.218174068391739 0.184771882739853 0.0686324321125334
0.19441108299297 0.11135917742724 0.0837416162939884 0.161142222549746 0.180932930274689 0.0648068114731646 0.00568470154751921 0.197921457440683
0.147343043754719 0.0777292596440374 0.137647300508877 0.164311045489778 0.110624038594588 0.0852694366664351 0.1892069364837 0.0878689388578651
0.0937875378966388 0.217961301338294 0.229567716878478 0.0584819286924075 0.0787450249574914 0.140502484481472 0.122651964049663 0.0583020417055555
0.15346714425554 0.0673569820730883 0.0977662197202401 0.173428558032968 0.0536940808653749 0.270833026535991 0.0515747917882409 0.131879196728557
0.0849474550859421 0.0572882833492977 0.210241240161448 0.0913938930416949 0.258111876796526 0.132459315308139 0.0873191736665193 0.0782387625904319
0.142882463917365 0.13588562509759 0.158537581731119 0.135374044687869 0.0441281780304719 0.204930103819913 0.0383209668192201 0.139941035896451
0.202263265705446 0.0520030316221601 0.201339043993003 0.16286982802637 0.0701722619920377 0.162111996310963 0.143484149038995 0.00575642331102486
0.0532542613627959 0.063088913012067 0.00904673521686751 0.217252773800425 0.28310513155826 0.215485815466917 0.149671467412541 0.00909490217012612
0.271118697857482 0.157941869359348 0.00263557205145238 0.127286064165041 0.105723442360504 0.152652807590602 0.135508685803656 0.0471328608119152
0.194492660065842 0.0330507195005259 0.183490170752839 0.0168087038502347 0.188775079164474 0.17508137671597 0.201991227786946 0.00631006216316797
0.223200469614365 0.147557007648789 0.171326279100877 0.0969096610420314 0.0037450233718404 0.117853510313196 0.171370088034672 0.0680379608742288
0.0584495682390304 0.07290002144909 0.137221793332438 0.0556868195731397 0.192492075504567 0.207910398578219 0.0901905592148829 0.185148764108633
0.0774034794482561 0.091738374910038 0.142818514194405 0.10760706225662 0.00361327080532489 0.21078445012474 0.173463726606651 0.192571121653965
0.223628975141608 0.0603022047003833 0.0319198976829311 0.0531481089231771 0.0881248375354855 0.0959637252270619 0.254038759433078 0.192873491356275
0.0689914280079584 0.123542335910966 0.0224241024589841 0.0640175922060652 0.197138910129996 0.180515927429808 0.12253339694485 0.220836306911373
0.180169032711587 0.145504605303926 0.232016263660147 0.095326916976293 0.139472846008977 0.141358897142133 0.0260036588470941 0.0401477793498431
0.0989752801253744 0.171174643096668 0.0676070103328997 0.165842174721364 0.0371317455868225 0.139690407693922 0.159154546210267 0.160424192232682
0.12335044067216 0.0248144917263074 0.126554311757483 0.167740035210419 0.145718388677682 0.0859106519981385 0.15313405039832 0.172777629559491
0.010463314327531 0.0287764158405922 0.258351362352061 0.178114969560799 0.147058984687507 0.13060472719835 0.000465523657982753 0.246164702375177
0.000396149928940733 0.0167093450937462 0.197143288359821 0.174431868531876 0.255096337163748 0.113105708248672 0.0829846529017601 0.160132649771437
0.144848168874726 0.00696806466094432 0.102979166125874 0.0642788781848266 0.0321057962709199 0.225811932785618 0.210391283576249 0.212616709520842
0.0436960961170818 0.207785750327846 0.129824013729748 0.151483147033171 0.0451244572890806 0.101699943593112 0.163907352194447 0.156479239715514
0.122863552554641 0.186244243778205 0.204440394713711 0.205352983136918 0.149854768932037 0.0724059904197936 0.0273420610475503 0.0314960054171441
0.0930092135350242 0.00973478004438369 0.141168246938709 0.112959473107192 0.11297785665383 0.173641531507581 0.245055662610309 0.11145323560297
0.0306206148459201 0.0560587595731153 0.186698937437495 0.12293196609248 0.139913960021948 0.058721855036357 0.204031118421566 0.201022788571118
0.0514316645227525 0.0103407181780429 0.189783824737944 0.214644148644072 0.0815060315338087 0.13103348000124 0.191367477865674 0.129892654516466
0.160082435521864 0.109774544478791 0.0581329546450788 0.0724991357351641 0.0223309749309066 0.198174416892809 0.180908864952835 0.198096672842552
0.138260331940081 0.153834361753328 0.143913688958523 0.158408036804112 0.237606872156117 0.00671002233767718 0.132598093931539 0.0286685921186229
0.210381272973096 0.0962993927625753 0.0897876277462085 0.119619016553572 0.228961710454541 0.0452205060869107 0.0683647154088027 0.141365758014294
0.0585559788048553 0.0361597491222352 0.082197136114421 0.168374179227688 0.176292725310834 0.213628584827181 0.0590829853176285 0.205708661275156
0.167640003931246 0.172807950993183 0.167213790170511 0.176646135921523 0.13819738599213 0.088831921768393 0.0805703322066785 0.00809247901633476
0.000120622100477219 0.200026643144504 0.224028961454898 0.247020744020096 0.20179457668607 0.0238542703341499 0.065997560730176 0.0371566215296288
0.189485387920977 0.20468379215476 0.0306931004587495 0.0516059207999134 0.243342306702308 0.16414040159214 0.032831989117067 0.0832171012540837
0.123651482077104 0.0421345693879012 0.141153626502886 0.0707350252148053 0.00170670029989666 0.142268365333819 0.25988039173303 0.218469839450558
0.139225764295751 0.144008144873419 0.19331406455306 0.0719848700376974 0.129219887598486 0.0718532577158376 0.206045394466997 0.0443486164587511
0.0895154893034966 0.221330063994554 0.207078740202074 0.064990842265544 0.128405884553515 0.0652772018926462 0.176937714517551 0.0464640632706192
0.0126578049338982 0.0685837339734973 0.14967700816644 0.16358027563892 0.153101074863962 0.090459576477715 0.227655184561103 0.134285341384465
0.0689782440762025 0.216336327622756 0.200563613960419 0.0117788047471601 0.256779161423544 0.00173543796693596 0.210359162657163 0.0334692475458193
0.122483816060599 0.109433033754512 0.0826869277230301 0.220075829966805 0.0176182255863346 0.0984551465965541 0.153907010714937 0.195340009597227
0.19136480659958 0.176879889674872 0.0427148107470277 0.0064151091742672 0.0636101808048431 0.0928315158932168 0.201940779771876 0.224242907334318
0.127543963054515 0.167819630049361 0.139019083828941 0.00442627488692588 0.176564398101053 0.114923217602721 0.17236245752944 0.0973409749470426
0.0777458702015712 0.154722799958404 0.0772249197994879 0.0581751131235299 0.277308166009081 0.0273908093464361 0.217729344386671 0.10970297717482
0.125037875862799 0.0442486779456135 0.164673754653437 0.186559312769095 0.0192522722267589 0.0140398585690999 0.256117745030632 0.190070502942565
0.190018941087909 0.280212219377126 0.190755173340635 0.0859890164512062 0.144259231280516 0.00912480008701564 0.0435365540924853 0.0561040642831067
0.242229461286167 0.210541341834308 0.145844404123224 0.0635624055257631 0.0781031829570201 0.0164962150550031 0.138647049932542 0.104575939285973
0.120183135189253 0.143554340294512 0.0926731866728409 0.109039583531183 0.133664288541542 0.0894860108641625 0.139935295524359 0.171464159382147
0.176573637445187 0.26247203722937 0.0164004438953437 0.0386783835320257 0.100266156292944 0.274713384888063 0.118429685542448 0.0124662711746191
0.000246579459754368 0.00148942039067004 0.027519701836084 0.234000601939363 0.207586592741078 0.107002695022143 0.260680781379257 0.16147362723165
0.0959403112813878 0.0046170000868972 0.0173638887119686 0.140428996879169 0.0164391527165749 0.262000920145916 0.267438820125947 0.195770910052139
0.110039220291189 0.0820641618811916 0.35775648688863 0.0181026343069325 0.219449932893439 0.00047747706036706 0.10873518557203 0.103374901106222
0.163931321659438 0.0692850895856833 0.075019658047528 0.2857123846118 0.127316227782313 0.134636138230919 0.0311097770828773 0.112989402999441
0.128265658857252 0.166614016132235 0.16078319583184 0.151562741059643 0.0190597126456766 0.0679337702067908 0.147610218425404 0.158170686841159
0.147759569738236 0.265784886012117 0.181222349873418 0.177991551708096 0.0621590749919923 0.00181810901606894 0.152705450415886 0.0105590082441861
0.0554758594422806 0.122866969018 0.0388586538928737 0.109668819646515 0.233228653694026 0.225640491095445 0.0857376635150894 0.128522889695771
0.159007082776246 0.0412776284025667 0.0212477309931626 0.00241746957971236 0.220063705307185 0.133511352609868 0.254076832870511 0.168398197460749
0.00233033145122223 0.219683334371771 0.0140369701746016 0.119837804424908 0.209297878094151 0.0879331932890754 0.0437996968494954 0.303080791344776
0.0767465960704605 0.249763188340908 0.0570603182121985 0.0273111559229366 0.053473153713497 0.279071735708565 0.0769106723015543 0.17966317972988
0.00546755275727528 0.0991514488429199 0.120789658339538 0.168310096927407 0.160083865148844 0.145077920169819 0.108757287723374 0.192362170090823
0.00899566882766379 0.142414928828402 0.0411397082923984 0.0945106948611514 0.232194130592391 0.14532709536441 0.210182291400715 0.125235481832869
0.0883009285804489 0.148395647258909 0.109038957710864 0.123063801969736 0.100219470892581 0.15221704851476 0.140101710786638 0.138662434286064
0.0468678124033798 0.241688003001922 0.0928297141329068 0.0221507788757744 0.00487425458666178 0.156745473691214 0.135546673354692 0.299297289953449
0.05535962342628 0.0905346965545256 0.125480152140668 0.143447509627149 0.20847027391458 0.16291558270817 0.0559302003564083 0.157861961272218
0.0965896347343186 0.031783301993049 0.171798392397635 0.0717666600410963 0.182771769763815 0.180840741403333 0.182004349758123 0.0824451499086304
0.0654078431324401 0.119511184810176 0.220024473530518 0.0521938194030505 0.0168592139601735 0.208297519159054 0.117413866089831 0.200292079914756
0.0109635335348006 0.0999737801530673 0.239343594188919 0.114449607636465 0.284251484528143 0.00611159030108559 0.106054829234021 0.138851580423498
0.217487362224601 0.189227439394757 0.0319566863455001 0.213267067250895 0.0111465747752272 0.149711470088028 0.0963810529484045 0.090822346972587
0.0748163009523072 0.184585626884457 0.181278296154188 0.137781713260832 0.107566816924592 0.212510934160397 0.0612968690033592 0.0401634426598673
0.0890090994223765 0.165355740007934 0.158955136219935 0.113813460846565 0.11551017958184 0.164191281876355 0.0610626832052164 0.132102418839779
0.264132535653597 0.179099853786952 0.118639686173676 0.152441327101013 0.0641361117995803 0.0475896411902421 0.0814734561386667 0.0924873881562726
0.00243851488405263 0.259550565884781 0.0801909000996322 0.0696759492815609 0.069364864592267 0.167095891382574 0.158160087680815 0.193523226194317
0.0652634344472643 0.116491798855664 0.206329114436852 0.0711877835168802 0.147567084532607 0.215198301673692 0.000499956765874024 0.177462525771166
0.0917770122274181 0.0971537512154329 0.105928026931054 0.202250951000238 0.107306675158936 0.0961365648240897 0.232915606270961 0.0665314123718703
0.225659094928084 0.176010879904214 0.000988997323311245 0.0328821912027543 0.0833493447269659 0.240652012613943 0.0483068499467096 0.192150629354019
0.117010406992898 0.13250351789609 0.0758153822524631 0.131175749699004 0.178958740005756 0.233151401440588 0.0373954400839344 0.0939893616292663
0.159310228061664 0.16810446232891 0.135898480464997 0.00305924868317158 0.18936313966781 0.22612140383796 0.0337816375352446 0.084361399420242
0.199000766645584 0.182161069885726 0.165960715196254 0.135722039906825 0.006885817081908 0.113681032625879 0.119438265466981 0.0771502931908427
0.0731905558235124 0.267812236313047 0.163636281952692 0.0546835020935265 0.0330987543907229 0.160933329789428 0.0823692072477999 0.164276132389272
0.182105469046801 0.0839428071435005 0.135662371089841 0.0378661835016038 0.1852598362005 0.190668904483771 0.027364213531952 0.15713021500203
0.199618769374691 0.107343926554103 0.0686795203833859 0.00536463431770914 0.0921036388606717 0.214653530666769 0.167090269786022 0.145145710056648
0.16965306120631 0.181616114681774 0.21676463884899 0.120162692080375 0.0518435642273506 0.0747505400768999 0.151442450288981 0.033766938589318
0.163091011577004 0.175638451999531 0.0907290577102531 0.229692346502951 0.0195304192174392 0.113266638144441 0.119499030787398 0.0885530440609833
0.124729663531993 0.164171146696053 0.220194743906581 0.032460004376692 0.0815005877267002 0.0481721680903229 0.138977408001159 0.189794277670498
0.142265303584732 0.127394699454176 0.158363177835979 0.121683474172028 0.152419147586684 0.125752157224338 0.0129945614783002 0.159127478663763
0.1510045366544 0.125726979066979 0.165213138976052 0.150921379138583 0.137315501643081 0.0310412633935826 0.150262295593187 0.0885149055341359
0.0290004428484889 0.0891020405278144 0.118532517749979 0.315518923005623 0.0187016358963458 0.116913311792383 0.0875147227416016 0.224716405437765
0.103565024671956 0.161576960486308 0.173468093535854 0.169200219425325 0.0812348279103024 0.160298187566234 0.0180685036597745 0.132588182744246
0.0146038628485371 0.140939178351332 0.1887077629419 0.122001472520873 0.00366185669353045 0.319116264388659 0.0774550411752541 0.133514561079915
0.0925283870670805 0.118627087391812 0.0777699095636481 0.118889934068741 0.193711924479267 0.204479910937398 0.139049271105058 0.0549435753869966
0.0324343368650903 0.251384692608686 0.222023379449167 0.087010383440379 0.0985469250570027 0.144240938310134 0.0818673693793313 0.0824919748902094
0.0431941121041786 0.236691281704708 0.201258462163264 0.106152503885221 0.0250404171433616 0.175078206558352 0.0367263459752488 0.175858670465666
0.231362923564807 0.120585049255911 0.0218232564817588 0.0203858615634907 0.263895958058008 0.0848347518768182 0.116576875226375 0.140535323972832
0.113944056385651 0.0283039886674124 0.22179578303318 0.0345722521053657 0.170058810788833 0.143867895481856 0.0789888523502182 0.208468361187484
0.142445022267672 0.190691006323 0.129059048867567 0.00462963511180757 0.0898928189489481 0.109955563639953 0.128587835785195 0.204739069055858
0.235869306662519 0.0586212007660978 0.0938408253118824 0.0824860327905674 0.018309433381807 0.199099518899726 0.173649848923607 0.138123833263793
0.197499662381407 0.145377130192179 0.11521629044267 0.0399554867939456 0.0952650051625962 0.158904173475219 0.150105706837245 0.0976765447147381
0.0607066960990691 0.141473029354488 0.14874622802309 0.122047499150449 0.181386605393643 0.0746191733691149 0.0788030408427895 0.192217727767356
0.093471136871003 0.209841756539246 0.136560620214294 0.213478002171696 0.000856524046501072 0.0376012463256588 0.187908424627158 0.120282289204442
0.124834327709352 0.143577214071785 0.183164428582989 0.0876701904910135 0.194936727453642 0.0284907026466359 0.0619677285567703 0.175358680487812
0.148393250890176 0.156307385510234 0.102649794639446 0.0959297824052113 0.14846343604338 0.0566545551612447 0.173431167632885 0.118170627717423
0.066974756572501 0.298454194771301 0.0914867572701734 0.0312783354784397 0.0119011987561852 0.311921974737142 0.120884905281022 0.0670978771332352
0.0194953458835155 0.240443122484901 0.213805951283627 0.00654222986536846 0.231303744589865 0.18721474125582 0.0198779100080832 0.081316954628819
0.171984125819739 0.203561493447024 0.237637824627755 0.0325484775081172 0.0525682116551539 0.167483052942748 0.0606796271078419 0.0735371868916209
0.20424431796347 0.0849500021332127 0.0164892402643533 0.00980897016308835 0.21968336857586 0.0227480258392981 0.211109369800255 0.230966705260463
0.176628566274195 0.0726720720390645 0.0111270011189838 0.177767282214535 0.165364279081836 0.093253294397005 0.19759473115699 0.10559277371739
0.0345414255491107 0.209089514657522 0.0961806848479773 0.149575780188847 0.172751047440651 0.12909190168189 0.169496191357855 0.0392734542761478
0.106679224818665 0.165471846939929 0.276603821734781 0.204460505802813 0.0154436070760816 0.0831429089419887 0.101796820918207 0.0464012637675335
0.0700882278400619 0.139219632393022 0.227880569144139 0.18001380928621 0.158445909425001 0.0181070911962836 0.132087092401646 0.0741576683136355
0.181659773937189 0.292361411551558 0.011926047497432 0.0422871593486972 0.0972997256136048 0.28266484924344 0.0532938746838553 0.0385071581242236
0.15620356905886 0.178257849958857 0.0448708269872856 0.0106008147859868 0.0410926116259034 0.126515062746683 0.259989534666066 0.182469730170358
0.186300980412451 0.143947367864687 0.0428637267719913 0.0632904983186619 0.232034800783946 0.099020650476239 0.138359659786689 0.0941823155853355
0.196270298670491 0.0566371506948551 0.136019044008004 0.19388368412329 0.0899926072389504 0.00766760277211613 0.153047125981458 0.166482486510835
0.0916539700769377 0.0964972408559673 0.143724307841753 0.182067536528781 0.154263963291561 0.163229624515103 0.0631451032335737 0.105418253656323
0.0928050872866633 0.145480070616793 0.16873391933392 0.00228190017872764 0.165128139825366 0.153160035882804 0.217877042407845 0.0545338044678815
0.275485222130098 0.115157077544266 0.0171699042382657 0.0728660004434725 0.0326998151809723 0.0502255911178215 0.149203753522005 0.2871926358231
0.237636169771515 0.0907286188413692 0.101631568411288 0.157769589181581 0.0436602036289657 0.244810043306179 0.0294682268849452 0.0942955799741568
0.0743944767640475 0.280078180366213 0.0229368931088659 0.174317600687997 0.000965368766769408 0.132329154911218 0.198109633674254 0.116868691720636
0.128341176008057 0.108380834149199 0.0769480880415472 0.162274091810348 0.11031645540464 0.170024505784542 0.0788579912123373 0.164856857589331
0.0346041709499732 0.244759034594417 0.127108085218312 0.252813990238919 0.0533489136732463 0.164854300193611 0.116496081160518 0.00601542397100357
0.0884790962823149 0.0279736927729041 0.20984356407405 0.151857744867685 0.144901315574094 0.00580996066847825 0.195997894937972 0.175136730822501
0.19734954425269 0.0952506996528564 0.108762872499367 0.181958585088917 0.0791907469216065 0.0334056549567777 0.248189605936808 0.0558922906909786
0.138562216828133 0.165576739801153 0.167916667826533 0.147605186328271 0.166578629609872 0.0887522613721527 0.0142576309910595 0.110750667242826
0.153889684537937 0.195560775098056 0.0630811997430982 0.0203114576651284 0.153620862378014 0.148492413758271 0.174504930560659 0.0905386762588369
0.0997326849312008 0.109122423962544 0.103082510040937 0.209907739141908 0.0840179389162034 0.0363136845131788 0.201943897579251 0.155879120914778
0.26581096851938 0.0752086122121833 0.094480361342736 0.0665620557129332 0.229029166861519 0.0795264319743099 0.0209863577484679 0.168396045628471
0.195604559312677 0.122944372935796 0.0349724233577456 0.15245592428475 0.0652405134261403 0.213328782280358 0.0705174939502167 0.144935930452317
0.0933660401243873 0.204686688129458 0.0662283726880666 0.131345038459957 0.0569068579375369 0.2134222456095 0.0956379100700906 0.138406846981004
0.0971722999111375 0.187229742043219 0.1741077668849 0.144870842414259 0.0795356170014722 0.147401641525089 0.123726475074184 0.04595561514574
0.232508773464692 0.227428315541586 0.0235283138981824 0.0896784318565129 0.0191036768849709 0.108031452779173 0.00315632438035565 0.296564711194527
0.0595383697728323 0.248189210038582 0.134641630593835 0.135943308201841 0.0130769663811326 0.175640689704699 0.0981238179125095 0.134846007394569
0.15686719449185 0.164197038680677 0.0875747863467768 0.0522199575734593 0.137198738264936 0.0659524196600929 0.0795848908816695 0.256404974100538
0.197015201493604 0.131138657377398 0.100438198865264 0.303316277067679 0.0465485536156796 0.00374420416645387 0.0239472380452058 0.193851669368717
0.201611849743541 0.038015906504973 0.20211965304893 0.096248262543306 0.200527746315189 0.0461122312962058 0.0789490458939824 0.136415304653872
0.194658918623646 0.0715697195155161 0.0972274642292581 0.0633527503579629 0.214793000490605 0.0819582918113148 0.100768314177566 0.175671540794132
0.0770898612192509 0.150121040481804 0.0565221470668217 0.161653283019141 0.113458002337858 0.160392857975628 0.110487065573067 0.170275742326428
0.179618140385854 0.151144623834706 0.210722131350403 0.150171671023665 0.0706070270011167 0.0643137273409368 0.00587345452617299 0.167549224537144
0.206664003202063 0.0270689585451984 0.0764796243949693 0.119178304493227 0.0424125168310022 0.226843291014608 0.0334125368839097 0.267940764635023
0.0327075243733008 0.0952720355071557 0.131293196194183 0.165093009392057 0.130751496084807 0.153900173756072 0.140733510587085 0.15024905410534
0.127153416092698 0.014900186006758 0.261176108959991 0.0241104810927172 0.0622681920142307 0.112746426213911 0.260724835929517 0.136920353690177
0.225431740183718 0.188919777107275 0.176292192038173 0.0210702630971023 0.139623126729952 0.00483308971586906 0.079599722320801 0.16423008880711
0.0545968187632546 0.330257277312737 0.0247813543393976 0.18939685507882 0.178704335229784 0.0214462346364111 0.0387006798213272 0.162116444818268
0.227400743992022 0.174307698171596 0.0418387587623284 0.00672689899395254 0.00570456463615574 0.0667615566945539 0.259681836379063 0.217577942370328
0.0271975841203097 0.267539942330622 0.0557848888868487 0.1866720324566 0.095862757497169 0.234692658068939 0.0217329116880853 0.110517224951427
0.176280340958056 0.0169833598689507 0.0765748599443161 0.139391996014014 0.00641989898857403 0.0980879130185609 0.186706167720083 0.299555463487446
0.235731532390373 0.0193239938350978 0.21252040304187 3.36062566247822e-05 0.232214288364628 0.140274221371383 0.0368963972763724 0.123005557463651
