0.247455647523452 0.0925762730671894 0.0250211408094838 0.00944060077126782 0.127301426203393 0.0560752279231375 0.247734307283089 0.103353962372626 0.0910414140463613
0.0876335406075258 0.148617743967324 0.167168328555475 0.103854161392588 0.0516504098500741 0.0533061276671253 0.0630264808459218 0.173804016840109 0.150939190273857
0.316819285782465 0.0490154999549341 0.0170248059617855 0.0450291121405952 0.113586479336677 0.0211225024415629 0.00616409064349649 0.167930641095782 0.263307582642701
0.0625667319036654 0.0691290394846881 0.0135900110263488 0.127950345150876 0.153361420019367 0.170905441345531 0.0979269639079854 0.118278632936609 0.186291414224929
0.0739657819479496 0.149884738391717 0.150786822214869 0.0773231788988239 0.123938612951214 0.173206292555014 0.00575405424521489 0.124400933395784 0.120739585399412
0.198274996893976 0.200738871356219 0.0234282369212525 0.239638890013012 0.0483531189384522 0.0164661908119017 0.21857527026821 0.0282063636472681 0.026318061149709
0.113922104742918 0.276449831841699 0.244014144133425 0.156345041927029 0.026887123130629 0.0821781666303237 0.0741897310798501 0.0137528167091568 0.0122610398049694
0.00815682239628076 0.187684560226915 0.182939276173563 0.180061024413705 0.144565506141907 0.00870511476272402 0.131913752695941 0.147739532268671 0.00823441092029324
0.104467885026692 0.15589214131408 0.0995112376712475 0.141804245204135 0.0746065459186594 0.0080710414905601 0.151455167062097 0.105117714603215 0.159074021709314
0.203775462381763 0.0773480404120887 0.0762096368793939 0.182039680957107 0.116358878369097 0.0478823858584258 0.0632694445573193 0.184584898241615 0.0485315723431902
0.040396910304269 0.170812287995258 0.115838895916184 0.0860384767545451 0.0920237840435377 0.209579496181834 0.221379482412762 0.0272639246927293 0.0366667416988808
0.146064626798597 0.0485809866398759 0.137075299573299 0.109078787829202 0.0435387919300552 0.122910593398556 0.13042782548281 0.109697708616224 0.152625379731381
0.0656135367802645 0.202440972441153 0.036211138586045 0.0772804909065716 0.164988896226658 0.183492058534972 0.0662853587014547 0.19643122835627 0.00725631946661164
0.214735717460242 0.202433598806014 0.0881259486994839 0.00414591898130379 0.0377655929161489 0.2257773507473 0.0427621451658082 0.127522316551117 0.0567314106725821
0.163504673703705 0.130089988512069 0.0876513024779081 0.0915342831339311 0.172595692708432 0.106733788246312 0.154872184604967 0.0821041849098576 0.0109139017028182
0.112707727645876 0.00711560493969558 0.0883692825336137 0.143311292523769 0.206097517939293 0.0607610363981489 0.154637459150491 0.219060042432747 0.00794003643636573
0.187069625150055 0.161473691840412 0.0816812800753541 0.050263560545976 0.0577691226632353 0.0231433128540239 0.177512101164606 0.0540013200099979 0.207085985696339
0.0763810532727906 0.102202988228603 0.0928751314766962 0.180703367577644 0.0104286940128071 0.0919157338398512 0.144176381036845 0.125064174310288 0.176252476244475
0.211199795960992 0.118351183586406 0.0358133579677692 0.0610614058350532 0.254829932504605 0.0115063562997506 0.1160292526529 0.140593085392667 0.0506156297998565
0.114137088653442 0.0203891558990282 0.0172299099562223 0.149149389740444 0.129361232848282 0.169975226483612 0.0200571486256694 0.181515175795845 0.198185671997455
0.0340418084765193 0.20529741793773 0.0595722313987689 0.0196387918813705 0.149032153553168 0.295876070799603 0.0667672359840335 0.0298116225210133 0.139962667447794
0.0649492852373529 0.24543554989252 0.00967337450220416 0.030441965980681 0.136985146008851 0.0485494874709697 0.210814496368422 0.203398124158004 0.0497525703809947
0.227524798195696 0.0309770981399725 0.0200668432407311 0.0273387395359928 0.265706870945506 0.208354475356597 0.0329034251400209 0.0720188295489301 0.115108919896553
0.246531058500093 0.00113920152176433 0.0171027178919315 0.0989818197563924 0.188513959163944 0.10389567838078 0.0683948782826069 0.00212988595740297 0.273310800545085
0.122750915551392 0.182734316220106 0.0460324672826966 0.0890362113073482 0.0728885176560554 0.192063308658774 0.0332355871164742 0.171117169760188 0.0901415064469655
0.0786525589772899 0.0694098916071001 0.0781607867354439 0.16637369723506 0.189520229678774 0.168629501083008 0.0889982805552076 0.0641102242660632 0.096144829862054
0.112874012567162 0.0522479239735547 0.181517972491253 0.162153288206132 0.0120081495412833 0.11054713793056 0.147789506583194 0.0535874352337205 0.167274573473139
0.0540372217584291 0.0377071302156656 0.143140724187366 0.0332023782071582 0.165016251692605 0.0194797130076104 0.20136470304439 0.195038784193015 0.15101309369376
0.0461377648130192 0.094953485134899 0.049657938618372 0.146768461625555 0.214081392564859 0.136637908737994 0.103908753132538 0.154421866970087 0.0534324284026777
0.174378149869503 0.177541751593246 0.00850663311623352 0.00686354226705634 0.214880586325878 0.132538186813588 0.186245080064916 0.0190266949156556 0.0800193750339241
0.0526364752009393 0.0485510603714463 0.0193148130403883 0.0497861990341184 0.222551907791756 0.156258374595567 0.183273138917658 0.107059716314937 0.160568314733189
0.106429796421179 0.143914104994111 0.058702385850938 0.17662076105398 0.0941422810298715 0.0532077153188934 0.0837005766683278 0.190479101124578 0.0928032775381215
0.177222335522469 0.0150295176240457 0.147301842812143 0.148340180596447 0.0548631556624812 0.087373537419846 0.218897106235788 0.124663151976456 0.0263091721503238
0.175280283464539 0.0752608929966881 0.1609474858527 0.0133673208668621 0.0969714902472669 0.0993390667982669 0.161080369614575 0.0892061540121559 0.128546936146946
0.0846113432978479 0.00286318880164114 0.179323576969256 0.114896080292871 0.226819870617372 0.160712509109527 0.0773636303578858 0.0954518688442289 0.0579579317093704
0.0492265779895873 0.0592133648251106 0.172743039813462 0.155547667174937 0.110414654723215 0.0627853932324521 0.115504677507478 0.101763001245579 0.172801623488179
0.219126045189699 0.156054378016988 0.0960559072604006 0.121637324726363 0.0533396348699415 0.152757956944334 0.0421813712388799 0.124420711927042 0.0344266698263526
0.106678093381661 0.158602786053344 0.028770914866456 0.141992302056471 0.159240588475262 0.0531742740796391 0.0549611681935155 0.176405156594178 0.120174716299474
0.0657988141174564 0.173445959944988 0.170347175015493 0.0586095556559167 0.053098566728375 0.165431577136926 0.123523223022034 0.150078634640962 0.0396664937378485
0.0792071585464766 0.20666816092155 0.020325831387296 0.0561225924106509 0.218684331803186 0.065184991184211 0.181808017724125 0.1535132916806 0.0184856243419058
0.0826581348834862 0.183073798210746 0.0809993293561053 0.124894126765033 0.116911230507722 0.0644805544404486 0.0529183330041393 0.20508257819174 0.0889819146405784
0.0497700207942381 0.201305777376603 0.00945591154796688 0.0134338274481181 0.0368202862790504 0.132317917702062 0.162315921509907 0.197599249507869 0.196981087834185
0.10879299330926 0.0660704035502829 0.205666616673172 0.0634893340807569 0.202693100955672 0.00987105426708275 0.0953656393970672 0.216612290818059 0.0314385669486476
0.188366368152631 0.101627595364727 0.0146588609755116 0.0486545358919397 0.155412186735883 0.185338225303468 0.0806139593335408 0.177068032738707 0.0482602355035927
0.151094486877678 0.0798077636964753 0.164833980579142 0.0667713335531197 0.0873771770400491 0.121863302477122 0.103944106528812 0.0685916526774939 0.155716196570109
0.172111110825063 0.162070605915538 0.0396284717728114 0.135223308798613 0.0651593129039214 0.0718868528194142 0.0106203169785416 0.188723134975008 0.154576885011089
0.104339964733443 0.0423177122432012 0.0566442254672782 0.126622216950075 0.141847172204789 0.168462943645582 0.0635482387221632 0.169324052272113 0.126893473761355
0.111158407716845 0.139505993501245 0.151407468907009 0.176961765498398 0.0354772531835022 0.0654569191822728 0.0487772238050697 0.168524807656067 0.102730160549592
0.158743192324599 0.221702189253286 0.145868086687981 0.0376377602007207 0.126005009165704 0.0197218701773447 0.0112942744714827 0.170538185659038 0.108489432059844
0.0755883513866656 0.121753368486966 0.204983484906391 0.161610082877283 0.0851083036648096 0.118770437807711 0.176734750788754 0.00862545842196279 0.0468257616594568
0.166446525272668 0.038957175020118 0.125975994642338 0.151280482787558 0.0124920624924446 0.127160569845784 0.157320814602292 0.138794590651606 0.081571784685191
0.214072097699564 0.043736929128684 0.185240062829433 0.0883977899091105 0.132071822015232 0.208912330716021 0.0318030531717135 0.00375752844411215 0.0920083860861296
0.173030736482862 0.13339267402658 0.0136195547101828 0.0552551889313137 0.10759115347066 0.234251414407521 0.0690129116313728 0.00587772077440988 0.207968645565098
0.147358458319873 0.0606745172619088 0.118069708292996 0.194744915579545 0.0543310662910613 0.131039641180317 0.14003138937733 0.0903977451191154 0.0633525585778525
0.19659893601633 0.169961782814509 0.0799220757230086 0.139322805809155 0.0279504872784904 0.066350651363089 0.148412782792545 0.101920222126154 0.0695602560767172
0.172659560497671 0.200747798578753 0.207839039307723 0.111052046572599 0.174111721677761 0.0318735205749453 0.0146464984340359 0.0736764602171314 0.0133933541393803
0.205203762372066 0.011180653983691 0.0651262802721392 0.168181752444253 0.0616004269510997 0.199818589395703 0.078718127304415 0.0548916078944018 0.155278799382232
0.0162315726971778 0.0717967551544743 0.129084201851795 0.111846467567728 0.187161953668698 0.186442677925374 0.0375623853451452 0.0462162816611432 0.213657704128464
0.164500286229224 0.112849040165135 0.0801781178016425 0.155604501237544 0.038799886025799 0.100058637610675 0.0197071684952848 0.143157224189678 0.185145138245017
0.0195340677862476 0.183720096325991 0.18103945892221 0.0787533157720129 0.127005607289749 0.196909237105194 0.104769687351453 0.0415765098834153 0.0666920195637269
0.0453524858394264 0.0608322131424358 0.0979395300320665 0.147949909145139 0.117468320160412 0.133426628542063 0.155577750149551 0.106619020782298 0.134834142206608
0.0441628313827223 0.0816847129993294 0.212350929910052 0.0258090599242381 0.1073594678086 0.0040700010424623 0.106158109714582 0.232285491790288 0.186119395427726
0.114788991996275 0.158330373105366 0.148408322047298 0.0314893383079854 0.146794314207935 0.0781849111456605 0.0228721607552003 0.107820318644168 0.191311269790112
0.212189618924664 0.0835738344786793 0.166550740241806 0.0363711977818001 0.131922500167477 0.142789170266888 0.0370551716394511 0.0736051173112685 0.115942649187967
0.133601326301981 0.113466771230174 0.0590262854205259 0.131702743072819 0.130886197763746 0.110710605688192 0.104470704395699 0.102361375038411 0.113773991088451
0.0316796039215625 0.218851426975527 0.0763606778189379 0.0639937245591888 0.0493156472946822 0.164539081623883 0.205267293200602 0.114580216450089 0.0754123281555283
0.106460179611572 0.0860269988751335 0.0273631031619061 0.151092614055181 0.247742834210846 0.00336682233617557 0.314371144076039 0.0275555284710054 0.0360207752021416
0.04208513602131 0.267692374792235 0.20187186379279 0.0863337716903378 0.149655203974646 0.0589552099256192 0.0125283568518133 0.0304896317901195 0.150388451161129
0.139755337026156 0.193686014684729 0.0755220103545014 0.110290707755625 0.0738976975444452 0.199881513429547 0.174478382277861 0.0293263423172305 0.00316199460990579
0.105360408286742 0.142035981431704 0.0128513951997106 0.0955088027533549 0.0231369767903674 0.0345497837231401 0.119439642792488 0.181449456497056 0.285667552525437
0.0899941160948773 0.175051637763303 0.146736747198707 0.140142320244621 0.150385350492134 0.0690249897792453 0.0574464467673302 0.14076268180221 0.0304557098575728
0.14767898120833 0.163000778968529 0.0484389855442838 0.0400561440843013 0.15584100583571 0.182397912225759 0.0883052359221183 0.0282022617976049 0.146078694413363
0.26072440629717 0.196958342012062 0.135926461857936 0.117952134274419 0.0786594304410624 0.149728570836178 0.0468475792970891 0.0107549954245514 0.00244807955953174
0.0725696206171595 0.205416082817578 0.0584895148252208 0.0557674297257174 0.090934585959011 0.115384057503617 0.207992537607773 0.177038970444317 0.0164072004996054
0.0758488118370656 0.140802301668097 0.141452438474522 0.118970884642344 0.182429976436853 0.193078680246721 0.0962550488745976 0.0370908487742937 0.0140710090455062
0.0754567802088778 0.209272381835295 0.0651935513913212 0.106777690796179 0.137850475440974 0.0453409638806707 0.127438146172956 0.0179090165950702 0.214760993678657
0.0024730791239532 0.153550042011813 0.177463877981388 0.0490183320374444 0.127861630669513 0.10020335665315 0.193324681715931 0.0746999217497455 0.121405078057062
0.0617020042535958 0.0689599058148712 0.116546735686806 0.128108307178873 0.167450685180926 0.105932621726905 0.10721017389583 0.128438390173751 0.115651176088441
0.154726259443644 0.00347184037969825 0.108582692047904 0.0922698053958343 0.0690189596942187 0.150729776102673 0.180648611008334 0.0642210790180536 0.17633097690964
0.0914773742482246 0.123903556261238 0.0958712659602329 0.125628434581619 0.0832568542539294 0.160673503892304 0.0606141346631398 0.0985480281804079 0.160026847958903
0.0247737013925708 0.128206973734308 0.126860871225717 0.123891231075438 0.144884706792202 0.127368668404813 0.148568183598893 0.0878989991203402 0.0875466646557199
0.0774830004561973 0.0907075740459448 0.161088108557343 0.169052833842869 0.153008542487111 0.0644051712532492 0.118818844080666 0.135121910292536 0.0303140149840842
0.00493836819497685 0.147363841188555 0.108513176064483 0.101909206081406 0.133046691292323 0.14291926037153 0.0702622135303534 0.158037282848113 0.133009960428259
0.105790967948765 0.0924378063941615 0.16218922617772 0.152164772356124 0.103948639384677 0.00774064335652314 0.191783564005647 0.130921204898436 0.0530231754779471
0.0323346272833254 0.0479472580309835 0.0704267189756281 0.131765120038189 0.198225005507901 0.071556527964159 0.128334412749484 0.170284063702846 0.149126265747484
0.0855382924894368 0.156206895312605 0.154036248471182 0.148122608915496 0.0415479644584109 0.0388238868223089 0.115114365989993 0.158765843466738 0.101843894073829
0.152219095875157 0.143725298456831 0.119940925317842 0.102238795242612 0.0399411397625666 0.120026576227941 0.0876267441190693 0.188390981917375 0.0458904430806061
0.155706692576315 0.190062522566616 0.0116186074716112 0.0535245760693724 0.0239605798026863 0.168211708647204 0.0785952582395196 0.166965282176197 0.151354772450478
0.0764148032360891 0.249100397885554 0.00509070248203398 0.152360079531373 0.00512129761904272 0.0659396436843974 0.205413042993411 0.0556701512295669 0.184889881338532
0.200360028415839 0.238464626824874 0.00441724247258784 0.104987847008719 0.00963843578536518 0.0607614300836782 0.0529721004217906 0.194735989714561 0.133662299272585
0.099096838840031 0.175102633956476 0.0648015125598098 0.156706232001333 0.00968715777259285 0.18207305473924 0.187484307533211 0.0631124604070216 0.0619358021902862
0.148473338702956 0.0206529498564613 0.0727802553329071 0.0445696909864786 0.149808258435535 0.192683145554613 0.142435579157309 0.0370251990519106 0.191571582921829
0.140447926534934 0.1270893175748 0.0887763034878254 0.109338222665071 0.114299315315332 0.0882489314947762 0.166331053602147 0.0606147424619691 0.104854186863144
0.102184783496273 0.157099007529484 0.16998322523748 0.153716328586426 0.0149339431783817 0.105112080700079 0.158125595237325 0.0392766566243462 0.0995683794102058
0.0471110620995361 0.130819871365295 0.131421353589788 0.139312721516075 0.173537350764243 0.0599805324095175 0.124099406056082 0.0330279025553806 0.160689799644082
0.265885062451952 0.227625631227558 0.0839065398760719 0.0290280533181635 0.171025145542739 0.0114694498894689 0.0299147303722249 0.0236838566005474 0.157461530721274
0.186736473333981 0.132898710286746 0.010130594458758 0.16002113423695 0.178808875709068 0.0742323234480333 0.0188008941079664 0.0513578008559402 0.187013193562558
0.0526136502858512 0.141272981712442 0.135832563696107 0.121372371742886 0.026545179568789 0.125893053645651 0.0604982530920557 0.125097203364625 0.210874742891593
0.116694340996186 0.0100983568446276 0.185415785461398 0.135968591630557 0.010471959586982 0.242860047180483 0.139442640660707 0.0548828276075508 0.10416545003151
0.0254547253120184 0.241813026605518 0.117438425793386 0.0667456543339919 0.0670494321396256 0.0474654556354616 0.234797218956147 0.170321519546283 0.0289145416775683
0.0918474742630579 0.131251554344982 0.180591056640837 0.114508302790763 0.206465960877655 0.0906199587369192 0.146106052084531 0.0152029050988941 0.023406735162361
0.162891617523581 0.0400824529500795 0.175975851726696 0.117976713428602 0.00528527947861414 0.0969392501404042 0.135994625951255 0.0875631484852918 0.177291060315476
0.00670342720067882 0.233615098304661 0.0483352930060966 0.263154724878434 0.0631267899148788 0.233311793760444 0.0201129099924227 0.0811642919158529 0.0504756710265312
0.16402012720685 0.0452489157991164 0.166697960243453 0.145060112285999 0.102214523832526 0.0466934599381937 0.160876702588849 0.0972910890962717 0.0718971090087407
0.0975857170612669 0.0677850321178099 0.0549788692910749 0.137848195067954 0.0787195536112895 0.110895133168312 0.041718044748984 0.111733522894878 0.298735932038431
0.0222697519616762 0.215917872088239 0.154056542019809 0.0899770228211715 0.0916584812443004 0.175022084204383 0.0684311284843901 0.0419706446341775 0.140696472541853
0.159809010188661 0.131986205081896 0.149929594014771 0.031688706239847 0.118234338937341 0.0776502207631975 0.0755882737507015 0.11811473807687 0.136998912946715
0.11727114955209 0.163631698519964 0.03416679674121 0.132257015913742 0.196872111759104 0.136970820508047 0.0320769101420117 0.0516373823538326 0.135116114509998
0.114730593632859 0.0139808726930394 0.119706865061353 0.184450440630249 0.0698296048289001 0.0409267519507073 0.170525114827234 0.194519069515663 0.0913306868599946
0.148841482986559 0.141452939416879 0.176073126937277 0.0717097731612902 0.0544025915390877 0.116924470809404 0.0716031737393877 0.0476930337176709 0.171299407692446
0.111271157304718 0.147702751203211 0.0499158424256759 0.106500568984978 0.119564187101894 0.115263902585585 0.108261481430938 0.140470098493267 0.101050010469733
0.102338659519932 0.147018329284445 0.0972851241715732 0.062883581923678 0.0716408842707166 0.0749500313861253 0.18127682265436 0.0989862893037074 0.163620277485463
0.0971772572586257 0.0757233002344585 0.145009362948791 0.13776707771587 0.162772900857571 0.00223050222623834 0.142614053899236 0.0801243350278109 0.156581209831399
0.116138665242501 0.147577655692566 0.148100615036318 0.00577769265685811 0.247016538247782 0.0462638572920373 0.14928720086584 0.00958866769563737 0.130249107270461
0.322066256409815 0.00150931021165003 0.00579281628735691 0.0066624744848392 0.189417110645129 0.173758853674998 0.163849461692315 0.0468675129332383 0.0900762036606594
0.0782249255781875 0.048912484428698 0.165360110857578 0.0803346885896812 0.019087217877231 0.176071028419057 0.174682525055236 0.0852617779697105 0.172065241224621
0.018483305497251 0.047446097539958 0.222580126029941 0.235057989281324 0.227854730530103 0.0760388639927271 0.0650691140609512 0.0217175218239353 0.0857522512438088
0.0718988305539913 0.046078597045244 0.162213630650534 0.112923760312743 0.185004759817535 0.0387445939145797 0.0229783392113169 0.194412725523324 0.165744762970732
0.115022241438076 0.128997428338001 0.143362416542728 0.104390023985645 0.0758060423317374 0.118962106695533 0.156652375150786 0.0304457070981848 0.126361658419309
0.11029686288053 0.155737654006941 0.170059065774698 0.0919292036331058 0.00168599342769708 0.143374921839074 0.0725491442467073 0.112424283637432 0.141942870553815
0.158086067374746 0.0403767004770111 0.0210209948689508 0.144303168443911 0.198782808883455 0.127347375089631 0.107458280735997 0.13146833329158 0.0711562708347183
0.197597265168702 0.0224605034989342 0.024332874809418 0.143326124297683 0.0415298349711022 0.11857486320846 0.222760874777298 0.123152423541232 0.10626523572717
0.0058720205105957 0.131026462587189 0.280993960618983 0.00551687055324681 0.28678807255057 0.0446290044330321 0.0194233190005543 0.168903461457214 0.0568468282886146
0.0536576928967847 0.0897113734565333 0.0960050680389438 0.146042972986114 0.0267545690676758 0.161434294682334 0.0617209089320276 0.195808791366213 0.168864328573374
0.153707262538424 0.000680159149710149 0.0269261495500226 0.208677192962908 0.0417732520458406 0.22102048815899 0.141967965054315 0.17530665387498 0.0299408766648096
0.0815307467413762 0.138842087886076 0.1525957257133 0.231833791684902 0.151836348199498 0.0213958519685659 0.0486580991096211 0.00385948859731043 0.169447860099349
0.131722487519839 0.054983909161676 0.170510396750318 0.135618231402803 0.0670307091983581 0.0991926836345914 0.164356934805825 0.128401451042918 0.0481831964836719
0.0154220311859774 0.112665958329349 0.251292891273844 0.152244460157909 0.0216373377673814 0.20913675724635 0.105343777650248 0.114096633892337 0.0181601524966044
0.0423531835611481 0.190687222492658 0.124131640441117 0.0741312168673677 0.0969086995489021 0.270996619957845 0.0692715189194147 0.116051980553577 0.0154679176579707
0.162457622426076 0.115302980066406 0.0623580643819733 0.00161789829699381 0.126395164197091 0.158363876019689 0.132222817209408 0.118836251634481 0.122445325767882
0.07281750973668 0.178526184916116 0.160952547407714 0.172406199900486 0.15350041956668 0.0175976114488227 0.116029079342224 0.0498329035644576 0.0783375441168195
0.203764351037292 0.111358291879373 0.0598341244184331 0.0139264090117463 0.0924306591279944 0.14332261251468 0.036199506589158 0.192413982720111 0.146750062701211
0.0856014838955426 0.0919616482113582 0.122765751428023 0.0853769859700778 0.150193181187847 0.0518593210873873 0.0956591021690676 0.15944293139395 0.157139594656746
0.112535972503695 0.0926269227023942 0.0901735507476626 0.0590178598381249 0.175503114776513 0.0785944393170018 0.179433528397343 0.0742243962453552 0.137890215471911
0.138397556946569 0.0345913066132001 0.0745441591513085 0.191807281485053 0.172574041175822 0.0383112100705097 0.145708146242514 0.178249307875308 0.0258169904397163
0.09010983047026 0.209635845477806 0.0151849287661193 0.02624891288067 0.0328400465807718 0.0853187701593976 0.220806871548066 0.153168233826239 0.166686560290671
0.047119675003973 0.062816949455923 0.11585415469077 0.147416123075094 0.164566468618239 0.17730433867508 0.151099083973516 0.100598464437548 0.0332247420698574
0.134124053625114 0.16968333893625 0.0563123380721403 0.177856936595587 0.129737241265342 0.0413397740582218 0.111533661058364 0.103984457057408 0.0754281993315728
0.102853252254549 0.148594016944279 0.0457461448139284 0.186980588217861 0.0293040998195748 0.207873912038749 0.0693425524250642 0.0920935752244103 0.117211858261585
0.0299556640421272 0.276303482841667 0.115113822646145 0.0685890379408887 0.137744519949234 0.0633976370490245 0.0166251081598509 0.175931569184818 0.116339158186244
0.11837829849916 0.178560584521794 0.0651876977041671 0.0804021368703285 0.162405457423779 0.147874960915669 0.00731813733822117 0.205133147984897 0.0347395787419846
0.170877788307514 0.142289640974685 0.0507355294635805 0.0289972928631511 0.0412980785268196 0.2063770262017 0.0868483013812043 0.182245251235689 0.0903310910456572
0.185924920827156 0.062729340745263 0.0275169238838356 0.173689820925661 0.160192619277226 0.167419201529552 0.035061472267084 0.0282720160605578 0.159193684483666
0.0938637983345548 0.0809328040211212 0.142304568589948 0.142758730867604 0.0106676066369679 0.17329042503546 0.15560905577856 0.0566124832333291 0.143960527502455
0.105997050832341 0.00340273705295724 0.0602321855567196 0.0975929605259522 0.117156162043011 0.174833962124794 0.13717696387031 0.153090368261245 0.15051760973267
0.176466264645011 0.0920812648367542 0.144723579230534 0.0643637662807435 0.127100538197688 0.0957656906449839 0.150709886481332 0.148062494469689 0.000726515213263893
0.160497066891811 0.110392372631897 0.207864466467047 0.181965967585322 0.0394850092586723 0.0231282723449448 0.184801170240433 0.087769960135182 0.00409571444469143
0.183187597050298 0.1259185713517 0.02797556907178 0.202787253469789 0.260521468673596 0.0310293580718135 0.00945380726265338 0.0311810937885872 0.127945281259783
0.139559885184772 0.0663403631037534 0.15459014663533 0.161469456603971 0.163303306154341 0.0547044693551673 0.139143130620214 0.0925613717116985 0.028327870630752
0.0757468566092503 0.155560895050641 0.124115617156131 0.0244649879160702 0.00170204797477616 0.11617858084726 0.0561501957786931 0.247999035037721 0.198081783629457
0.087489154181191 0.188716318396578 0.0196861772037258 0.163953705326728 0.148671783385962 0.0690580994469106 0.00911761088792852 0.170458863648487 0.14284828752249
0.0694323492176774 0.175638169383584 0.116515074019081 0.188688987388206 0.0234378454684775 0.0599472764350704 0.0599742980267084 0.153108919640647 0.153257080420548
0.0255736092260848 0.11911205010145 0.221174263275733 0.221813712394374 0.192766424435467 0.0621260386116813 0.0685323800846857 0.0168499398986647 0.0720515819718606
0.242324407331101 0.105709946193204 0.0201397655997933 0.0947766318285913 0.0314737934507012 0.128315306942301 0.0800019132155201 0.0804949675717189 0.216763267867069
0.0431539768088033 0.0900565515850962 0.0838235195933977 0.144364859356357 0.110628885571347 0.134590862992213 0.162329859581957 0.134769200048502 0.096282284462327
0.0544898884634604 0.128105886928049 0.00418531804395814 0.0192252128036385 0.196161374462862 0.0747583947088399 0.219365092135508 0.231110177798786 0.0725986546548974
0.140291006756507 0.00498286867838015 0.171857623307363 0.0679509850801821 0.0888243808287455 0.086113871880718 0.239696422686865 0.110456479905976 0.0898263608752633
0.150829153663855 0.115073539322052 0.0894808174512577 0.136767257678834 0.0949116670215426 0.0808008219331146 0.153936896027418 0.104214275812434 0.0739855710894927
0.18324285816495 0.078643437020212 0.0194948538836233 0.0573843432232355 0.118979669643007 0.00222719346291348 0.281665080651278 0.0552194359061399 0.20314312804464
0.21595193548107 0.198184487175312 0.088553144880429 0.11976427721508 0.0244939976181518 0.14900238335391 0.0191287200277898 0.151254545675746 0.033666508572511
0.076582062948965 0.0681220314663689 0.0799979933468779 0.0882731663974241 0.023427839352892 0.212004499639248 0.133180123728461 0.21744423291651 0.100968050203253
0.186926183687669 0.117025047694599 0.0711768841416096 0.19225774826036 0.135166581019349 0.0336836849738467 0.0426359470155774 0.194092444675296 0.0270354785316945
0.147314914440053 0.108055597163942 0.0528014259630297 0.0572468342822847 0.155691387619247 0.116329500703446 0.100015931769166 0.175425853918593 0.0871185541402394
0.00597215305895195 0.0209403561052514 0.217415579798059 0.158577569317066 0.039945355178187 0.04017215112828 0.221123415380181 0.14877971051618 0.147073709517843
0.122768765596582 0.0592050913249211 0.0565120794356693 0.191017674506302 0.168549824839349 0.201692741055509 0.00608947061774139 0.125178866674843 0.068985485949084
0.0862147403493158 0.0198258963464905 0.191319367014194 0.0214557381223608 0.0370308074814063 0.19602869994745 0.0987377617435893 0.14562312066255 0.203763868332643
0.150132603841645 0.204015203478637 0.0202890597970781 0.0402014356650802 0.12592571539988 0.174845563385223 0.160064721453039 0.0783583797008643 0.0461673172785543
0.155434607291375 0.0532219347309804 0.103398254189274 0.159433870205945 0.056956679384297 0.0973228308741423 0.0948746361321498 0.107547640111077 0.171809547080759
0.227742420224186 0.0524374096053149 0.094329959668441 0.0849368890923673 0.0719119895794099 0.0825877332083369 0.0682766462741849 0.222675507602282 0.095101444745477
0.0856921687287047 0.160899272144127 0.130488654236436 0.0554209520282288 0.172864054058588 0.0600752676422817 0.19972937935095 0.0958127165759411 0.0390175352347432
0.0196638364925371 0.162383023972767 0.160763770310559 0.0870335476784451 0.180367740910441 0.00184694354476636 0.136854424853317 0.126398210353652 0.124688501883515
0.0610675523171728 0.00755211896591686 0.0772831451487645 0.163871083087582 0.194372003679318 0.0994712158188703 0.0478226886214032 0.181686274736914 0.166873917624058
0.0977459042271853 0.182191463544245 0.0524443898517973 0.162633833175123 0.125933035988814 0.00612886965329918 0.0497974852708969 0.133652999135028 0.189472019153612
0.0330878168560697 0.0115386756724401 0.0042623269119916 0.171378688201511 0.0911482468458573 0.231199619822834 0.230459537243518 0.196748667763447 0.0301764206823317
0.192733252297092 0.120714050851927 0.00332558251345087 0.046785180699537 0.17754733668922 0.24428141342097 0.152397162046202 0.0108533579232846 0.0513626635583175
0.0707311954131142 0.0421497529258643 0.0883172756459275 0.143413372139722 0.190314882687745 0.127861718659881 0.0863691079729799 0.105051874494956 0.145790820059811
0.179502486600868 0.0131521417533093 0.0762089537254342 0.139752892091444 0.107123350805008 0.117174725361695 0.156897717062883 0.113445331355398 0.0967424012439614
0.169871337234252 0.0694365086400518 0.0404054801458525 0.0997049189044024 0.261114200815401 0.0503135518777744 0.0367979296604357 0.165327058235483 0.107029014486348
0.227031970039574 0.0235755474174205 0.0725598494021963 0.120889689435187 0.0707906837492186 0.206095865648738 0.143708527014583 0.129285418776428 0.00606244851665504
0.0562482879456834 0.163938795883912 0.205001120541717 0.112149496417608 0.0805201947625602 0.0612643924636234 0.0411766575003867 0.0854822316784298 0.19421882280608
0.0123642639603504 0.0507661939932933 0.132444203165263 0.132383721603836 0.138369674355334 0.112973116620756 0.214108223895622 0.157125647382007 0.0494649550235383
0.166187668999909 0.10541542255136 0.157856056657087 0.0255620333065646 0.144140633293181 0.151201761447404 0.108508498320055 0.0955999579228469 0.0455279675015924
0.154407010607316 0.0288577668452065 0.179250551363383 0.181865850974225 0.153222752406626 0.110319645365793 0.0473350496767199 0.0446671031673449 0.100074269593386
0.0323300873685183 0.148376898362132 0.0969984251830303 0.107757953155875 0.0632426596436778 0.150004194788022 0.0862307317225749 0.13299745755364 0.18206159222253
0.170872542810784 0.199700434511816 0.15220878537615 0.00881733100460822 0.153713934420321 0.154056890139766 0.0901881231882299 0.0451869507245057 0.0252550078238178
0.203863728179649 0.148689942144839 0.225073728262501 0.185625545698581 0.070659546480358 0.0153544680150267 0.0710338251767256 0.0627486916862075 0.0169505243561122
0.206220436702842 0.0048683638647653 0.22237890848634 0.123193064248875 0.103281470897218 0.110140599880292 0.0136706663436539 0.103764762820858 0.112481726755156
0.0513723049438365 0.151481028259747 0.173543829592878 0.114755160739123 0.126982563680779 0.149109265776367 0.130480625626015 0.00780608768199733 0.0944691336992579
0.0551270794827642 0.165253997549058 0.149541881320638 0.114134667971742 0.0929479864579096 0.0966370555580698 0.0614170182518356 0.181480057373833 0.0834602560341508
0.00518253308116952 0.159987613553143 0.0889168638459193 0.122014991465631 0.0328220083595146 0.201564728377546 0.185964128332564 0.138539213447652 0.0650079195368606
0.216524574821444 0.0579655420867668 0.101208624573925 0.201530158275253 0.160822833329282 0.0463489436016744 0.0539708110513226 0.101545677924883 0.0600828343354501
0.0701203186548422 0.0904207173631195 0.11053741096724 0.123059350979214 0.0995614187412509 0.108471929011345 0.173025229377059 0.0882225607272665 0.136581064178662
0.132072530859832 0.0610034600115794 0.102086816339328 0.0973245579312903 0.0287103809322919 0.145213757131033 0.160614811584717 0.133358567859373 0.139615117350555
0.0428091541343007 0.0274136281236641 0.172366926793041 0.0670572846211768 0.178512691108239 0.18811449134563 0.0760138886459446 0.069846534288027 0.177865400939978
0.124015345719559 0.0796749254074555 0.156591587303487 0.157294957953492 0.00665701782451367 0.0217875693316452 0.0120144923391654 0.225964622132588 0.215999481988095
0.126482049293332 0.0795440932461115 0.156897490490456 0.193061408502636 0.0800388311351618 0.0544733909586297 0.195587257188719 0.108805770513835 0.00510970867111858
0.0865550550317023 0.0879689801377026 0.10504787994808 0.0242926301790838 0.186170312689592 0.101928656938953 0.173316190417983 0.118286304671853 0.11643398998505
0.0241286536714744 0.121974431771718 0.205166157769556 0.139937313399521 0.191529069423427 0.0215146401939997 0.146471936637523 0.0971208000951068 0.0521569970376744
0.126047621139238 0.0790284007998507 0.0745884196000791 0.178936675027931 0.206645261567476 0.0691086929890427 0.099654386936569 0.0986165040632021 0.0673740378766125
0.155719677910529 0.0978885981553296 0.049495576971131 0.132014515884895 0.0469847196058913 0.163575708326749 0.140032471231098 0.0718776501315178 0.142411081782859
0.241540421417244 0.164719269839866 0.0251600284883147 0.000408446986437669 0.0759553713941263 0.129819881398745 0.102297058150312 0.0226669570049987 0.237432565319956
0.147564614193544 0.0790313613717104 0.0513786017666357 0.0278974507554613 0.192573159911183 0.112268942451819 0.131670112226431 0.1110896086885 0.146526148634715
0.0982415979312274 0.104259051764652 0.201080737794069 0.203460532017371 0.15909151659953 0.0869275270113719 0.104168753053611 0.0184239700714048 0.0243463137567626
0.185604113408357 0.1392194916437 0.198173860513562 0.134824035570513 0.0521513649988623 0.0697040713359206 0.017251074308561 0.0419680860124072 0.161103902208116
0.074622220106542 0.0899516279322401 0.158862765095393 0.107198327467665 0.0853875007163833 0.150183490857757 0.087411073517979 0.15605366142466 0.0903293328813803
0.131338043557135 0.0707317839539714 0.125193704630962 0.0675925118810755 0.167292213111672 0.123807121431211 0.0857021935365219 0.100727988699353 0.127614439198099
0.0460161195110805 0.137249710056702 0.109403541779001 0.0301276499014623 0.184164265603591 0.194608021801188 0.00690247461423225 0.0886050929584399 0.202923123774303
0.0718749201596632 0.138019805894782 0.114649396201209 0.153394685016607 0.0617545167696342 0.172312989591279 0.0349414311200391 0.110653867223444 0.142398388023344
0.067702047504834 0.126186416768866 0.109196689771341 0.112176138451893 0.0869367779088794 0.116191555602166 0.152357086808727 0.0693596528427396 0.159893634340555
0.0742269630668843 0.110792064510786 0.0993779341117747 0.189498483412245 0.161338918805791 0.190615470680827 0.0576101196703701 0.0771225690140762 0.0394174767272448
0.16133270300162 0.101933633512511 0.0491022400453942 0.162565047743418 0.0932630893333168 0.128922849387551 0.0665440469349939 0.0508026091262072 0.185533780914988
0.00486763211821196 0.126624888311156 0.142959465928732 0.132486086639237 0.151685251476578 0.198639399251421 0.104098188304172 0.131596089786551 0.00704299818394204
0.175260454044279 0.147591817887846 0.0106281536418475 0.018686999274749 0.0996334849645743 0.117625482210293 0.175137912900758 0.093494483429321 0.161941211646332
0.272508472998221 0.00226998752323238 0.115589010741793 0.0373488802173992 0.098362422966007 0.0291995343528723 0.203331597957637 0.236844949039355 0.00454514420348321
0.160405350641387 0.100289480584689 0.0404860409299637 0.180539682846472 0.0463042809151158 0.134050000287351 0.0162157375232576 0.154420393474996 0.167289032796767
0.0482396475164129 0.196364566791184 0.13449134167474 0.0811436243907024 0.0623360789521944 0.000913799826334552 0.204910139683675 0.160692203029292 0.110908598135466
0.184704980213339 0.0645219438463981 0.0815166082028105 0.0725217278975019 0.205493839406274 0.189118928200968 0.0336809142741471 0.0271049584315513 0.14133609952701
0.121917390764204 0.04240216046013 0.211788877919645 0.149721804663768 0.164234777703201 0.0481880169584974 0.0962127049592029 0.135769044428502 0.0297652221428485
0.00294646488399166 0.15340293011667 0.0513756312778812 0.230521134243369 0.0643127682142464 0.0482397910572558 0.0467236105171509 0.210771626238372 0.191706043451064
0.126817862533124 0.0333210339290802 0.105644802452362 0.0252383322057508 0.157164264570975 0.156781721654873 0.11952489227785 0.143294827716218 0.132212262659767
0.148291092425733 0.0514840696733917 0.155884718767893 0.125532915986416 0.0712810383046703 0.151907494834399 0.107564040129336 0.12347164594188 0.0645829839362807
0.0240501347684755 0.126312012343955 0.195412435322412 0.0737394141467894 0.184034209734405 0.00030185499369238 0.1300083539845 0.200715665305592 0.0654259194001792
0.130287945307163 0.133517207168439 0.0719175877480897 0.143368751851587 0.0518465919882591 0.134331276873121 0.112373711460727 0.114451588494336 0.107905339108279
0.150146087477655 0.131912966288093 0.0863489594876418 0.119954202205735 0.100299509073819 0.165295519632463 0.0816717788127374 0.0771932242834024 0.0871777527384526
0.10769994505931 0.174672840477558 0.0462092344927247 0.241497720234247 0.0551602254119651 0.0231771979699438 0.257304093047134 0.0314673965437837 0.0628113467633333
0.198831666650065 0.194108733622735 0.0176042096902254 0.0439072572044807 0.191438286662729 0.120727562141057 0.143046670840606 0.0551402838855265 0.0351953293025757
0.2350982320279 0.0398962742565743 0.109117681783432 0.0516680586367618 0.0640574880665312 0.0547967300884289 0.0595068827007756 0.208708379045798 0.177150273393798
0.169793398249033 0.0940202791845502 0.200825965440732 0.0403556562133357 0.181975801545448 0.208031183964172 0.0554028046393768 0.0277842242860743 0.0218106864772776
0.096016014768805 0.0948125638181601 0.194159342225529 0.0734006765381432 0.0745959242274287 0.143969534676272 0.0594701235357325 0.0248268877116489 0.238748932498281
0.158686336004289 0.115815347052272 0.0980458851950316 0.00648402737523565 0.0922451464839648 0.0663303517035673 0.148741959010309 0.164302861378154 0.149348085797176
0.200258511938997 0.0139291329881385 0.0916563525160763 0.0484046383722318 0.0818100520153309 0.176762075881921 0.234666814591379 0.118864657910819 0.033647763785107
0.149015891056727 0.167149403864651 0.0102895234797429 0.0433242417788393 0.0672217857204896 0.190193778829834 0.104763502598287 0.0861361712447369 0.181905701426694
0.0892258011765369 0.132107529170695 0.0872207807908779 0.0122090102350123 0.180231114057626 0.203260362804315 0.0791619802475813 0.0839009204994864 0.13268250101787
0.0800979971415914 0.0652380782666056 0.119958408651179 0.0545166626777383 0.17500230771524 0.127781627169195 0.126296575858405 0.0772836186197287 0.173824723900317
0.144734797754962 0.270973651192059 0.0711893418490304 0.102157464947022 0.0158391549876064 0.126716539376659 0.118547000879035 0.0339672216771985 0.115874827336427
0.0136836055976898 0.20276010193134 0.0670961771555749 0.154879502394572 0.120073312110275 0.0444831703748389 0.0557826090153754 0.304575799712823 0.0366657217075107
0.233114327619461 0.116281069294153 0.0466981296721803 0.0781546669770342 0.201562585473443 0.0450106609862797 0.164158224029786 0.0322926481025543 0.0827276878451089
0.106950585774753 0.0410578673462117 0.198255659037989 0.102350096879204 0.101556830904076 0.146862149708717 0.189643323421117 0.0825072120014676 0.0308162749264649
0.187022803377659 0.05036551231625 0.0963325854318993 0.190576643089756 0.00626397988726985 0.158238396470608 0.0459341990568719 0.139084381782088 0.126181498587598
0.193953146717757 0.0925524127447384 0.0668320238482116 0.171112937685714 0.0150091856271922 0.182011453581792 0.125582103612921 0.0189061523631569 0.134040583818516
0.0202608357704236 0.128181151637082 0.132471035073511 0.145231262857954 0.123483051419028 0.146614365866534 0.125791365262102 0.0993454176695755 0.0786215144437887
