0.194218624970666 0.00342158867999143 0.0144121948665641 0.0983251769292736 0.289145321951586 0.0922623241109277 0.0249274883548426 0.283287280136149
0.0395801624457254 0.216446469917577 0.0531747401190622 0.196301862482724 0.0525583322402317 0.227694764005117 0.192585118677888 0.021658550111675
0.224580083077188 0.128050801001792 0.0376795438357551 0.0859700759372997 0.0928189327435506 0.282760043584655 0.127869948408465 0.0202705714112951
0.235544671294285 0.0346426059229308 0.14958886751925 0.0070514930721736 0.223585988905781 0.223692038404454 0.0212513666700626 0.104642968211063
0.204411733874016 0.16609964535873 0.151781394922512 0.00538516913722287 0.112921877002289 0.145113485558706 0.0417335634757868 0.172553130670738
0.115514086308229 0.156076430397004 0.0412982133488347 0.169101795898186 0.0852530992478392 0.157062426488297 0.176875739563994 0.0988182087476166
0.148806090658985 0.178512851149378 0.0374332023457107 0.117364112682906 0.0392378854384521 0.145642807407671 0.191760847218432 0.141242203098465
0.00313196783607403 0.0924330941753621 0.0107301947863614 0.206252843419689 0.247356656340304 0.225964068886502 0.165483102522425 0.0486480720332821
0.0914918622277253 0.160704281111171 0.0540578275659753 0.162882242409805 0.151783258003428 0.17017011886698 0.122307641229766 0.0866027685851503
0.195138415136964 0.0953548864708024 0.0749765183606355 0.0529778588406892 0.0716721074143674 0.143226895931796 0.173489918732903 0.193163399111842
0.209224710094805 0.144118891282156 0.135380661415881 0.182246623593664 0.16780985215583 0.0114558467150091 0.0494495252363017 0.100313889506354
0.0260401337253352 0.0736712108868884 0.202702177414836 0.0529132298176563 0.269845045587659 0.0708548570405062 0.135393786971489 0.16857955855563
0.226100075759916 0.0751875792442949 0.193497393709988 0.0999618828640025 0.0825765184813505 0.0367564703391535 0.124301907332715 0.161618172268579
0.219406988812077 0.136568938695675 0.134393924575698 0.0273329356834276 0.0184365957281085 0.0513139167409119 0.281079877588479 0.131466822175623
0.158931722509839 0.219559095664498 0.0699573491302561 0.0536505552203842 0.0966200154586475 0.272554663719485 0.0962266703191215 0.0324999279777686
0.229193470876081 0.118550091953095 0.0215174145355661 0.122437337559286 0.184315995673817 0.118938313757623 0.027657353969834 0.177390021674698
0.0860951734780164 0.0707990296981457 0.173276284413615 0.224096409473487 0.159188738554 0.189221553163499 0.0373225400062493 0.0600002712129883
0.192417608765505 0.196435103684494 0.0961766773089357 0.0941648806395215 0.192004517708894 0.133405214604255 0.0702291477630966 0.0251668495252986
0.0367429040866242 0.143017108893517 0.107023350132865 0.106278696158806 0.133185361095428 0.0467448867976343 0.21983053756888 0.207177155266247
0.0877204814050262 0.0630834464852159 0.167415748915906 0.111793246258607 0.193887765633717 0.11491185138894 0.121461866677386 0.139725593235202
0.147304422455209 0.215039222765205 0.0343303651474886 0.145104165378219 0.0703578242811549 0.215550798811192 0.135384564958412 0.0369286362031199
0.0896799594478614 0.099069813762645 0.160831080648912 0.214542076485907 0.0762926615070592 0.195443546522525 0.155966028057488 0.00817483356760351
0.155923222627278 0.153978440823292 0.190090821088634 0.166560655601977 0.0650624658841718 0.0255400145574708 0.196049979378754 0.0467944000384214
0.181384986737496 0.112839554828527 0.0329124571113347 0.22009080281844 0.116080407989651 0.13605919441316 0.0618818882073578 0.138750707894034
0.11799693036213 0.148608419818011 0.130788300496717 0.0882192978730484 0.0764446383596393 0.269026195532969 0.0357448195326203 0.133171398024864
0.101243766140157 0.276851692194563 0.0906697809893442 0.0395793734647207 0.218253480357871 0.263857698214389 0.00860646254829962 0.000937746090654882
0.205921666201719 0.0611032386757601 0.00939118063092982 0.130247004159517 0.23920561169116 0.0890277305784214 0.253771009264839 0.0113325587976541
0.191273717098423 0.230364131897365 0.086016642397903 0.081301342519257 0.123796663564152 0.0835414598920936 0.176201918979822 0.027504123650986
0.151551809967751 0.119790210064486 0.135038365074532 0.0593415166887706 0.0396351983749999 0.099747218280926 0.233085722431769 0.161809959116764
0.00527547542101708 0.131444577913096 0.00632927262036894 0.251383586760191 0.20216580628772 0.0378912890140214 0.218428151377757 0.147081840605829
0.0852273116089766 0.224595934407225 0.0997325376476656 0.0377651359165139 0.181449633853155 0.299079844622317 0.0677652136611051 0.00438438828304215
0.162689149306879 0.113367989777745 0.120321605491962 0.121686833402049 0.125133288559265 0.130654326993587 0.0880599625656995 0.138086843902813
0.167833045141456 0.183629793609639 0.163969281104876 0.109446721599198 0.050144196835463 0.0615216902531348 0.0266697443353901 0.236785527120844
0.251061455232008 0.125059336774748 0.0746947594894438 0.0580251265385047 0.0891905826924323 0.15475623700744 0.0801822913890229 0.167030210876402
0.224615500171336 0.0228699662286841 0.193171311870388 0.163593628903193 0.196213750273477 0.0359307748841643 0.0739758293589393 0.0896292383098191
0.00452230879485738 0.00545153601334825 0.212590187174734 0.312980891018158 0.112909173609279 0.0630257361054499 0.213648389358597 0.0748717779255767
0.24395844134304 0.020824421285124 0.0978142020744801 0.140200604054102 0.355938776930584 0.0514709952119685 0.083366543209787 0.00642601589091444
0.268262149443958 0.361750069252263 0.0851636755773789 0.0963200167983601 0.0274278698704811 0.0239156692971684 0.0798869956084018 0.0572735541519887
0.266149559683081 0.0644360973872199 0.249657212362447 0.0370979725503271 0.160610890674678 0.160796249310877 0.0213598755290228 0.0398921425023471
0.027103756077511 0.155544391695678 0.209733016979385 0.0677666936942694 0.177081210393139 0.0397174466455975 0.234766396530976 0.0882870879834428
0.164715738222432 0.196469190788045 0.0721666463310194 0.17073700359747 0.0712862140938227 0.0359792780022673 0.117416604639625 0.171229324325318
0.0762189346518099 0.136356934301019 0.0631979373981256 0.217307059711799 0.152653024365156 0.130656962188165 0.093651386063522 0.129957761320403
0.128668787797549 0.117456192767267 0.161142177019837 0.071784129137811 0.194451464833056 0.159875481488569 0.102866208341685 0.0637555586142269
0.121507887623092 0.115037918189039 0.194007887355965 0.0818023295965261 0.208362137225382 0.140145518495834 0.0146293331810705 0.124506988333092
0.00478246729782004 0.114341993230733 0.113281659976396 0.0949173268127905 0.160948818663251 0.218452044764465 0.076976634156238 0.216299055098306
0.0746045954251673 0.272631067740878 0.0481673171951922 0.0816326333220398 0.100393173760867 0.0182265936453661 0.238037951720095 0.166306667190395
0.071642841706568 0.139804999199306 0.147113879297239 0.13204335976334 0.161976335407998 0.0879260216428751 0.165838765168798 0.093653797813876
0.200190994817412 0.0962950973801533 0.150018091116062 0.126842055482025 0.0936549472035772 0.0891740354677165 0.228991015347403 0.0148337631856499
0.150127631952818 0.148072387616354 0.216807698892533 0.0472565081100166 0.0496070824466387 0.130955622108084 0.192877978690316 0.0642950901832392
0.175452565580611 0.0114884281831903 0.0540519872114541 0.236630559252603 0.184088399311534 0.080768710609811 0.04963948507351 0.207879864777286
0.0785030916608997 0.256014522944763 0.0983405184910697 0.149283779479442 0.0958263050301946 0.0216144069941435 0.208983427502634 0.0914339478968531
0.105318330735542 0.0800764742550354 0.250786133134929 0.0558475333060021 0.0446728736621417 0.0355899435939943 0.276890115885951 0.150818595426405
0.130778820275537 0.154148246316986 0.0257411087798183 0.0822813517088208 0.165379087739601 0.135541153985952 0.0990661992344846 0.2070640319588
0.299394406506497 0.0992487606653641 0.143193551744674 0.0424792968186481 0.0204387242707698 0.0117082901331357 0.202924358421013 0.180612611439898
0.0661091216124182 0.103925788072606 0.17743768172112 0.139755179197131 0.212690913126449 0.0296650121798939 0.182305375750016 0.0881109283403649
0.100303007063567 0.165421369354466 0.0632949924557686 0.1559478664986 0.122620786145092 0.223577282425501 0.11524850077912 0.0535861952778861
0.108483958136834 0.0351109943079379 0.159602639527326 0.278479385814923 0.0199836550515283 0.0747099418465349 0.157741364901066 0.16588806041385
0.18794856806277 0.194777737580448 0.0985015670974605 0.0167408228288929 0.114974092665476 0.0722191901450534 0.143035736581172 0.171802285038727
0.111634489823442 0.157822932812165 0.0694785814236403 0.0138157223608996 0.0743091871755398 0.152459353881625 0.249198270522881 0.171281461999806
0.175772646463616 0.215637076810147 0.0954030486896142 0.171930886404127 0.0172538530870126 0.150162890794551 0.073253840671461 0.100585757079471
0.162303743435503 0.0125595089384774 0.140658865689517 0.0180230720746426 0.223759102624868 0.218703035268421 0.104326165903293 0.119666506065278
0.263048240921903 0.102437391941488 0.224439138644971 0.252174647748551 0.0308895956869496 0.0130668289649035 0.0402793439183482 0.0736648121728859
0.225713470553122 0.0874586309515382 0.172098446336512 0.102290362665627 0.0702288119211214 0.161219365880104 0.0787996722353767 0.102191239456599
0.164373471051577 0.0823935071878952 0.155820080276315 0.181960274688042 0.0966514018218282 0.124458854414664 0.15364163385829 0.0407007767013882
0.240858378726671 0.200617653817917 0.107569989878035 0.203273171640036 0.00713465722922269 0.0446262332457295 0.150396309302785 0.0455236061596035
0.106798400141985 0.091402387272774 0.134130987375402 0.0629858559020801 0.175622341052154 0.0390974160907787 0.187345964205123 0.202616647959703
0.181001512318126 0.0180188410648543 0.0965035973493132 0.156047724496797 0.167013183799481 0.0352315322941605 0.188103079754394 0.158080528922874
0.253440320553496 0.0998879987801426 0.0038582633907993 0.0827766394472063 0.0876678908539874 0.238057016415839 0.0762085801282757 0.158103290430253
0.0708552117162578 0.194257758052108 0.111063145860592 0.215778644698518 0.0904859043205088 0.0607640039962448 0.111940665060602 0.144854666295168
0.00324707344134262 0.0311090136504606 0.0633714494658481 0.228309490591186 0.189691743988506 0.233629188809502 0.111754066598931 0.138887973454223
0.307734341965469 0.0460702098439799 0.195263037782601 0.03171336146922 0.0282951290724621 0.204472718332413 0.0206751364516701 0.165776065082185
0.204987315987718 0.0902701808852228 0.0595571628220269 0.160551772097799 0.15587553645298 0.0447706181602851 0.178151757456672 0.105835656137295
0.125064440296105 0.0522946937202272 0.0833592939908039 0.05953881860503 0.085694202967875 0.186565783902741 0.214859043953159 0.192623722564059
0.157444103248388 0.162644535217182 0.13721478355646 0.018766874762522 0.163493684148526 0.163178963732774 0.143888693391542 0.0533683619426062
0.036694384110085 0.101398997345039 0.105465524191696 0.078698717503935 0.21031673034535 0.246836172428884 0.193083196117348 0.0275062779576627
0.167996469664246 0.167384897209318 0.138261275084629 0.182510415504604 0.123214186865857 0.101547087049284 0.013894098344039 0.105191570278023
0.0915483286392682 0.0941387778632399 0.166995385183241 0.0913457493076747 0.052005179553076 0.145887390233398 0.207490163757924 0.150589025462178
0.119465371812517 0.150437858807388 0.0799099082649881 0.12403911848091 0.136852699838477 0.0831891390554945 0.168624712611529 0.137481191128696
0.0498539928538608 0.189128176647007 0.0125263921072075 0.240066930787388 0.0275742850155159 0.14298826128253 0.205343171144073 0.132518790162418
0.0923780463387327 0.137419394347142 0.148296573170825 0.0477496829419544 0.0782237878386054 0.173462714409493 0.132422226992411 0.190047573960836
0.195328450205136 0.216950098387035 0.00287045324644023 0.181636732366032 0.044147146330058 0.0636522436605461 0.259163757447462 0.0362511183572902
0.112235949567013 0.162821493861476 0.0669995374591021 0.184473320352588 0.0553308287485219 0.171204700252677 0.0745025996882317 0.17243157007039
0.200705680579222 0.0477293328035078 0.0496073025606798 0.033605784497017 0.0966816393463563 0.308867005381375 0.206426768949442 0.0563764858823998
0.21302393940872 0.048000396882714 0.253489781483329 0.0374449547501945 0.118928066533395 0.154158840155257 0.172684465641675 0.00226955514471483
0.0545276635303316 0.165030787494969 0.0741745273896539 0.245953339372521 0.0689343017458105 0.179151472398522 0.147011668206753 0.0652162398614383
0.067877480975819 0.0889538276311878 0.15071412005175 0.158389769166642 0.116884086707643 0.124414080989566 0.108213335950544 0.184553298526848
0.0125302714366893 0.219887188477396 0.122008041369553 0.132515281985716 0.0569853307998085 0.233509590496976 0.134626529656501 0.0879377657773607
0.20458105658788 0.105447001503829 0.0627553790285261 0.159325250034813 0.222570985259503 0.138819538925695 0.0610551094721011 0.045445679187653
0.00257453295177143 0.115978618519126 0.0392174145403943 0.0351595792989111 0.181503775990605 0.241795287272449 0.146940266437441 0.236830524989302
0.0830473782468526 0.175627093651008 0.174425360036129 0.0357546004055078 0.0773040025023996 0.209699585176937 0.0454731422803858 0.198668837700781
0.128674742036999 0.116114344116243 0.108116625394982 0.0966224023241784 0.165031915388589 0.136232226987074 0.140380423927249 0.108827319824687
0.0558352080536358 0.181030728372499 0.0873089330795808 0.143128105085384 0.0570059346524376 0.138765089267737 0.137536761098744 0.199389240389982
0.221883431795586 0.00036833252688015 0.191067195080728 0.18620698037217 0.129196945959013 0.00257839955140206 0.0389501517089329 0.229748563005288
0.228059588336934 0.0502414148471735 0.121604489005129 0.0277446172459813 0.259151260512183 0.027041193785936 0.173276727929951 0.112880708336713
0.0508030866819538 0.159312876395975 0.0478957491688735 0.228249567389269 0.0315980624781272 0.173416354904219 0.156454423755959 0.152269879225624
0.0401447104251254 0.185002313230754 0.0107672547237366 0.286252700037161 0.196721645097854 0.00315122853131766 0.184475632166182 0.0934845157878709
0.165785891097493 0.0892963328926813 0.122672349514241 0.227191913910657 0.0876319420219703 0.0353966449380126 0.0659120117878743 0.20611291383707
0.0424537256348518 0.0182220270295106 0.120102420796093 0.145820479083653 0.105752501215875 0.126746581144951 0.215746411449372 0.225155853645694
0.183331012882696 0.184339753679916 0.0299063995366315 0.059455491931755 0.147362117660243 0.147299023299997 0.050449949661247 0.197856251347515
0.066109959084867 0.161327530955429 0.166582171178673 0.151708994444437 0.108619719449164 0.0833149283182564 0.0867728391103713 0.175563857458803
0.144350434650545 0.0271004363633927 0.0750488053868771 0.177305511983216 0.247198717520054 0.0889660049503776 0.130519335553075 0.109510753592462
0.270812377903775 0.0247757996523245 0.171315068603088 0.19419196398032 0.0753201060001483 0.0977339139797017 0.0507229207154578 0.115127849165185
0.0908014875101406 0.143975878503478 0.0544580935039248 0.274046148068658 0.0337909378794324 0.257617003722476 0.0107669562688983 0.134543494542993
0.153779000986254 0.0589951888707677 0.161694936258378 0.208724058582823 0.177112795575421 0.142719916080135 0.0738593865919059 0.0231147170543152
0.0825808601359135 0.101786063100034 0.13279404980205 0.110522654406518 0.0507520085321021 0.0448234751814005 0.197815873132404 0.278925015709578
0.176073802614564 0.211390486195018 0.0878106931929226 0.0893569076129896 0.00779460656863015 0.0476918621138401 0.182047738965915 0.197833902736121
0.106771814645512 0.019767105659852 0.20186853321723 0.173063207842251 0.0134871898646096 0.136555863582581 0.0625160467436742 0.285970238444291
0.218820245303193 0.152305409433949 0.202430257594849 0.0906365673591643 0.0358410856047445 0.00757013318730231 0.0346443440934794 0.257751957423319
0.0374266705779661 0.316343005507149 0.0263978143207392 0.241983337079147 0.140604477972408 0.0472051746642424 0.12078111122893 0.0692584086494171
0.174287908228489 0.0703395175512758 0.0769982411667119 0.182644444789442 0.18627331739802 0.0956345089745019 0.184477544182038 0.0293445177095221
0.243603281296404 0.104820227489677 0.119493788243847 0.215344785810785 0.116824473704887 0.0197323083090411 0.105788791708623 0.0743923434367362
0.0876213405239863 0.207890687082597 0.102130565511714 0.0257877584332088 0.172435948672988 0.0292556445979381 0.21689341535666 0.157984639820907
0.0167565042285462 0.239702253861142 0.00335408763132381 0.216635546941476 0.104621639690236 0.146335297441919 0.227903377360789 0.0446912928445683
0.045452601541419 0.181978331711832 0.111605554761738 0.0160991747655426 0.22717060514774 0.0662337315477003 0.195543092930766 0.155916907593263
0.173338874940707 0.19774260638445 0.166614432632305 8.63981517170039e-05 0.135186532668367 0.107530967691185 0.12807339713245 0.0914267903988184
0.21872833958649 0.202691874397177 0.0403636091924797 0.0449267406833116 0.179684698047238 0.129442415074685 0.0609681557388978 0.123194167279721
0.232625151249696 0.0403769345245413 0.0947086508008224 0.102279634294906 0.104603057658791 0.148520207749797 0.150030570103125 0.126855793618321
0.137984631389321 0.131419729942104 0.178225767403589 0.116233110060311 0.00172843354526734 0.0601954800357061 0.129903142507645 0.244309705116056
0.0763387675400154 0.163647363857807 0.123447871189078 0.0990805982589123 0.169971654550832 0.0241408218595397 0.174014718181754 0.169358204562062
0.0277962475439803 0.0607079024225035 0.104645354515889 0.191379220927687 0.210325088711938 0.208747624290928 0.16662451308074 0.0297740485063352
0.186639290911608 0.14410244930286 0.096034764842977 0.14809939073116 0.113959491105722 0.100222985710244 0.145370718154303 0.0655709092411253
0.175251723094285 0.18749945266248 0.00658425847820652 0.209458282017451 0.088962789874342 0.0876932304509091 0.199319634994471 0.0452306284278555
0.145219359903663 0.0219603577818461 0.149428767962328 0.169116452333074 0.135866828940818 0.0860567456104081 0.161627292272139 0.130724195195724
0.0211137231751187 0.00488914776155159 0.173641635007435 0.156464205867931 0.0659608315444271 0.19398259188153 0.185859769999635 0.198088094762372
0.163260312623596 0.160458539501044 0.169339093656758 0.0320238537637955 0.0512273499313113 0.130867439042644 0.167314128723458 0.125509282757393
0.00175344318046807 0.205765849978388 0.147056514791735 0.0520788845340032 0.112973437483426 0.173971449502063 0.205673839608139 0.100726580921777
0.22499797747652 0.089163347144541 0.120696868740385 0.00730773090807133 0.175039059798423 0.146995923809033 0.126401770318928 0.109397321804099
0.0165419589541351 0.184673917923671 0.137224936326695 0.120905824250006 0.144117323347549 0.0536086546989985 0.137751096750288 0.205176287748657
0.0860144564668141 0.105115775384577 0.221693867113483 0.052493902476834 0.104386886253962 0.171837762631803 0.193513196158369 0.0649441535141581
0.123814474449658 0.0412325779071434 0.156369694519523 0.204582144204013 0.123453879681566 0.118406354716452 0.0521506137328296 0.179990260788815
0.127157194178351 0.233302904321481 0.11138953120854 0.0698281702477928 0.0911653379995284 0.131164845332721 0.0498964459491034 0.186095570762482
0.216342350269384 0.0237416219467384 0.0613957633602989 0.214286878477427 0.241814410554458 0.0930655666422633 0.0607421316755278 0.0886112770739035
0.182820449910881 0.133870400972247 0.133211686421932 0.0950232346064172 0.187525375347556 0.0902004952710561 0.0864126247013845 0.0909357327685264
0.10486345132451 0.0728123063985361 0.0841775124151058 0.269305773704053 0.0646359250330125 0.237946484128842 0.0840062516905506 0.0822522953053899
0.0856586458057929 0.171538972730337 0.100534825816912 0.175665979809476 0.174475392929141 0.145428234718247 0.069917475858411 0.0767804723316836
0.206023897801787 0.220303745167645 0.0954409432896217 0.0273686537972607 0.171415957234268 0.123962245235609 0.0897068183218174 0.0657777391519912
0.228827857071158 0.151805142171895 0.00720514549691995 0.0202801006348232 0.136598063206454 0.123610268270344 0.197670699431449 0.134002723716956
0.117357337338699 0.160500827169798 0.164209649644024 0.165396043986447 0.0103005000394636 0.173548656156342 0.0656742064573724 0.143012779207854
0.011624531874508 0.0551137237042867 0.114374810187511 0.186357181895595 0.0678354986620457 0.214116894144615 0.119051805566506 0.231525553964932
0.129172493861265 0.112215588717124 0.157825314176576 0.197160071352594 0.10280950899517 0.179549719743309 0.00964043446638822 0.111626868687572
0.107784328930017 0.0352018852636413 0.188596039989243 0.116913636100069 0.192213017075574 0.0340308749697693 0.122100498221225 0.203159719450462
0.134278289671413 0.0895543242685475 0.195786373568542 0.119244179525197 0.143005587515393 0.144671058727333 0.145928157254914 0.0275320294686601
0.17687171243615 0.146178168986985 0.202735806214101 0.0387435757217836 0.00972452029063466 0.194454298835815 0.0507270665101027 0.180564851004429
0.122536175012876 0.0741115847937037 0.0797502114791781 0.19536055285912 0.0708618390996546 0.169661984329662 0.0284809997301472 0.259236652695659
0.198238303907949 0.167569847837685 0.0565175850353019 0.00514150685296823 0.182956043390706 0.0312015610081041 0.167120589248569 0.191254562718717
0.169895931062843 0.0635998749681751 0.135717751082814 0.220907512508327 0.127703898813588 0.0775220497138137 0.106755973347032 0.0978970085034079
0.203101110964128 0.087851948925134 0.139712048836545 0.0827101686131776 0.157319797586343 0.00607344827197512 0.1184818651041 0.204749611698597
0.0117024348352517 0.195431368818572 0.194539793677602 0.197732436051869 0.0518142148357598 0.0438049186803093 0.139459509691959 0.165515323408676
0.117558913854182 0.07851275221487 0.211001822239281 0.0584149704709223 0.0716354629128244 0.0803863255284797 0.178754676100061 0.20373507667938
0.268583132977262 0.183780596412096 0.186650266077482 0.0587653838130792 0.0858647006503643 0.0829043194233765 0.0818824360509528 0.0515691645953881
0.121270412713386 0.0604809226360361 0.188599153627127 0.082578642188976 0.0810790043230319 0.196740557039942 0.113277340175031 0.155973967296471
0.0987873590015742 0.31210039345384 0.254745707991346 0.057781511080495 0.0444413461806883 0.104876019456482 0.0987701377713869 0.0284975250641871
0.136325743463034 0.181435829903648 0.173783139128896 0.118765533198495 0.0982204232269728 0.0595892353609101 0.170174728207776 0.0617053675102677
0.134936419072841 0.203540509776098 0.171021086336828 0.0857158091614819 0.229279266304881 0.0303053871130225 0.0634744394077362 0.0817270828271108
0.0587580375263489 0.0175252140787582 0.104440446384826 0.162198196669543 0.0406849685440927 0.0510277282563787 0.285120545493304 0.280244863046748
0.0728358065384203 0.0514975474612846 0.223171727082922 0.243999488666177 0.0196775768980605 0.144159617194814 0.00448177589196711 0.240176460266353
0.0591298130069944 0.166566532713366 0.0596253754214099 0.193460002580749 0.174651113085916 0.187724717394164 0.0180066342890605 0.140835811508341
0.128880777537411 0.0500872717747749 0.229348509414597 0.0732022039462989 0.0984656054215631 0.22896696525769 0.140192907914186 0.0508557587334793
0.174595178932991 0.150515140801418 0.0548140739547607 0.0941406963887645 0.174948292305261 0.126348312503233 0.131904401442678 0.092733903670894
0.0905721395076769 0.192731140733881 0.110012569862991 0.0492435116543677 0.154246996480547 0.197490861535648 0.156663373311321 0.0490394069135679
0.134184713925771 0.127488458114794 0.13606178493725 0.0887146256833561 0.121007332164494 0.126919670970122 0.109100117234706 0.156523296969507
0.195529941186251 0.16525892341516 0.0994402259754839 0.185017507776444 0.0530477210321243 0.0796583911459132 0.197529523872125 0.0245177655964992
0.201758657244917 0.116732573610663 0.170107199201475 0.196561921582557 0.044094425354224 0.0230935852758949 0.151679784277048 0.0959718534532214
0.196694041922602 0.048178988305298 0.00855770944260236 0.258161114825531 0.0881062582183913 0.201335601222942 0.115166412340706 0.0837998737219276
0.165049961914667 0.0640200232361783 0.183423381590068 0.104911652653676 0.0775339500342297 0.122448884065727 0.00983447500006474 0.27277767150539
0.000618281757212466 0.260798210942421 0.019971835446625 0.00430920110633081 0.260073881530539 0.117055353374307 0.0386240705695273 0.298549165273038
0.103427332945575 0.077512938152037 0.114463618491926 0.160317707047854 0.177225629110324 0.189741221790129 0.0360811305906983 0.141230421871456
0.1769695619066 0.160977686553894 0.0665431602924957 0.148162231829432 0.110037210564522 0.156517563384215 0.0568671325783817 0.12392545289046
0.0354682257780388 0.0829466230563747 0.132930485344492 0.138831747456745 0.0991567505755859 0.0483806893107081 0.261054627812116 0.201230850665939
0.200939279899246 0.0220784109334374 0.143503329042969 0.0422651634722093 0.104037134018929 0.172790422064338 0.157094962670516 0.157291297898356
0.00062675316468707 0.227769543852025 0.220302738218338 0.220833797519797 0.166971788354001 0.022615847961961 0.0142452289306708 0.126634301998521
0.211468182919934 0.0771076358571364 0.206512793263058 0.0631778318994923 0.162553042465039 0.0540175432333261 0.0214886697343264 0.203674300627688
0.114028011894637 0.146837645695738 0.137494625342013 0.0649262859760611 0.145638301932094 0.165685088586723 0.150269241874782 0.0751207986979526
0.0923482259582678 0.0188271501873878 0.164998773192571 0.202113095686419 0.0308841023683866 0.198230968608549 0.178388739977978 0.11420894402044
0.179554622833287 0.165021103401866 0.0813743622777827 0.115308588616616 0.0336875840834842 0.215007473179629 0.0141449511580898 0.195901314449244
0.127891600089874 0.02133919464936 0.0892225444195436 0.226084108123716 0.0422854013461861 0.139961846716031 0.145264244589513 0.207951060065776
0.000517961420260427 0.199822862218691 0.171671225448816 0.0945035940344301 0.103388969474672 0.149193526956485 0.147354712876361 0.133547147570285
0.228897565123416 0.0387850973832025 0.0324954740416185 0.00542211307267856 0.130633285071784 0.182934063684008 0.229841367222768 0.150991034400524
0.0676328732621501 0.321218416925591 0.122649286951122 0.0811403199521636 0.246019939306103 0.12708857580792 9.42619280008869e-05 0.0341563258669507
0.146166404400423 0.12940885338097 0.0529901292087734 0.141195859108668 0.0659478244997625 0.194145903245 0.211482930533231 0.0586620956231726
0.0325803912368197 0.235223326685267 0.226991741053436 0.266187909133011 0.00720679819297622 0.0164493487220974 0.0500506022128724 0.16530988276352
0.144595523010232 0.0404689012227172 0.201905139227097 0.0750707767033083 0.155240242602806 0.131458166132098 0.1358890514691 0.115372199632643
0.154113065546934 0.171214777387903 0.191067158609421 0.0699563048249529 0.207811379921702 0.0213851100345129 0.0511662210091835 0.133285982665391
0.187779544425243 0.0287105019063046 0.0193277827751887 0.102306131564456 0.139226408516483 0.121807636697885 0.188424114709476 0.212417879404963
0.119836068789264 0.0888059366119737 0.203867170208856 0.0831490538427758 0.148921445003 0.160611625779923 0.0136086104912065 0.181200089273001
0.0654926415303688 0.0796452013236072 0.0989991325463233 0.0709655571529336 0.202259115218824 0.155624069449557 0.155621259714483 0.171393023063903
0.130565773720284 0.0918884752829706 0.156978560734945 0.131500129003792 0.193984654208033 0.191273883028141 0.029633718181581 0.0741748058402533
0.0739259070024778 0.0128641869431894 0.027988767150927 0.260066080802957 0.125521086004596 0.234920803111392 0.263250046591571 0.00146312239288991
0.156791355977415 0.163002151661619 0.0846543195532088 0.155258108797955 0.197573523475758 0.169069731756662 0.0527627891900081 0.0208880195873735
0.0873398489966831 0.193869567483875 0.152707415747021 0.120894872746171 0.192470647125805 0.212961988205193 0.00593995983760151 0.0338156998576503
0.0713311373498595 0.229488615442277 0.0357280683290533 0.160830073215233 0.124560137727059 0.169374171850624 0.144897094400058 0.0637907016858367
0.161486961228008 0.14639602761256 0.197044593889065 0.0404341327627717 0.131144077355558 0.0561859707314635 0.112871535669507 0.154436700751066
0.208127088874591 0.0950988445715871 0.100935631630696 0.137736785850454 0.0832533329466795 0.00580533734101301 0.1704881885827 0.198554790202279
0.000772570497844085 0.12198951611715 0.235420810857078 0.0413620159713637 0.0974808565378832 0.209272467452908 0.0989909026425376 0.194710859923235
0.0487623597060493 0.214945472701777 0.12181896363681 0.038769313421064 0.134715041522975 0.162459874215755 0.0603684051245574 0.218160569671012
0.201073418616778 0.0905189358841074 0.0189374493010784 0.0916364809898671 0.217959156731481 0.084280579695831 0.11071866542046 0.184875313360397
0.119121436986937 0.154656533973876 0.13376790359657 0.145977152346214 0.143702226436666 0.0764908435394242 0.163940169200905 0.062343733919407
0.103468806106886 0.0706605887983665 0.103637934457304 0.183294379274468 0.182010577665064 0.0458290736426368 0.124771018177903 0.186327621877372
0.136201961416361 0.207507013032581 0.025597927785819 0.174766114111407 0.0546683145428171 0.222994374432391 0.0127496083878624 0.165514686290761
0.0986811601616504 0.187622168328102 0.191405203505313 0.0960458591715818 0.106252860801336 0.178755076990357 0.118785742658703 0.0224519283829563
0.0710473878958854 0.046886652477169 0.0409331556985129 0.226683339641915 0.228372842111446 0.104175996386744 0.140725685424687 0.14117494036364
0.0501489137912163 0.189307310203913 0.125416411429154 0.0847094405482544 0.0817521566440041 0.104438446209273 0.183470372308974 0.180756948865211
0.160287723325145 0.128299891502647 0.155203771170445 0.0992344622271814 0.102292751188894 0.135471479914489 0.0308197902308061 0.188390130440393
0.111204741932901 0.121422817584032 0.0344218515839925 0.123276960554931 0.179029128737636 0.0325849108719885 0.22830493118154 0.169754657552979
0.156831399153548 0.0938567707757002 0.0466813706168386 0.120234929800887 0.0857865203563771 0.145721964906856 0.171110717295832 0.179776327093961
0.194724967497885 0.167080288355733 0.162947126125306 0.080844815599816 0.136051224127061 0.112382200866179 0.0477489382174401 0.0982204392105789
0.1744485734174 0.0361815256716657 0.0672285750767447 0.19570935524061 0.213269878495011 0.156272739736318 0.126206339979471 0.0306830123827786
0.144352553751557 0.240501229564706 0.0788973110020092 0.0777637749190352 0.0218198877661641 0.0643157639532364 0.227801308364307 0.144548170678986
0.0271103963664304 0.279920743944226 0.233462791892302 0.0471031468158272 0.0201937917718021 0.030718180408284 0.118696548618499 0.24279440018263
0.296006842617565 0.107757088523196 0.135649857281533 0.188071711713842 0.167547167705801 0.0219783828767883 0.0115007001991384 0.0714882490821354
0.121912516913238 0.213607201728528 0.0336155888697469 0.0578074792626166 0.234454706841346 0.0562232460869199 0.172488059744872 0.109891200552733
0.199563982563656 0.162229821060261 0.19037810391243 0.0451589677509376 0.000527646896409371 0.171051008459841 0.0802594164249875 0.150831052931477
0.237141568086517 0.132003838075626 0.0203199253621947 0.22306384188428 0.100957341051311 0.123084199115305 0.0570467694562458 0.10638251696852
0.0461929134017614 0.0105632771866772 0.121887628766486 0.194076706407592 0.156769297882273 0.124822307901927 0.159519767179203 0.186168101274081
0.0228692598317342 0.143664334530707 0.190625838622042 0.08059251519901 0.084682308374239 0.164401371794474 0.152088531990525 0.16107583965727
0.157353329681785 0.0831890085361599 0.225525676477707 0.147517544112394 0.114716059401064 0.141117491749932 0.0997835689337904 0.0307973211071688
0.0766130430788465 0.0200728911081925 0.061932910839933 0.165400983384934 0.0788538620325926 0.182406907079931 0.22091919244103 0.193800210034541
0.0673299891421553 0.120883070064911 0.0968053980273578 0.199506141001816 0.0913638564127237 0.0729728579748913 0.105056601146239 0.246082086229906
0.0147031630268601 0.113060918306176 0.175408619456441 0.199012690102647 0.0951618983508901 0.166110050423772 0.168999824656369 0.0675428356768449
0.115701851380254 0.165509384170823 0.16993528710157 0.160844946118687 0.0407523184635683 0.157948833409247 0.0517612844716709 0.137546094884179
0.194191558171785 0.224861297572302 0.14406877487188 0.0168246074503507 0.00953511770194074 0.0438691680546208 0.173066827680823 0.193582648496297
0.182866975261396 0.10037709528197 0.0991955362950472 0.0822856560898998 0.0363168354056707 0.166314259868442 0.148046473739096 0.184597168058478
0.175540808980096 0.252843676547437 0.010260864948586 0.0376208408472235 0.0106643443171656 0.146581117189643 0.118972602648763 0.247515744521086
0.00094565532111239 0.0361946420782288 0.136110373723612 0.17538659720407 0.00621384338015985 0.160507189862294 0.284489387134516 0.200152311296007
0.18640635863635 0.113736692483531 0.118008742089656 0.176590760873477 0.0244568090885541 0.0208541580347776 0.156409053634268 0.203537425159386
0.18254170521083 0.162554138730878 0.015617516650991 0.151598770397455 0.121714202430437 0.0968390198509817 0.0811512731289915 0.187983373599435
0.151327266757262 0.0100064078908268 0.146497789942174 0.0345184750000877 0.0854829117517934 0.0661816259188644 0.252642665588641 0.253342857150351
0.273490317187277 0.189639170970769 0.0843733406443629 0.0356733916592394 0.118295279572151 0.115297463828156 0.0453372589156197 0.137893777222425
0.0513204283701398 0.0546514920797869 0.179719504435613 0.291971379125596 0.000733134091324022 0.253658340094708 0.136826551457296 0.0311191703455352
0.0557092003951185 0.147808788368347 0.104227815265975 0.0631936567446932 0.118884431641451 0.214064160109936 0.205850260327761 0.0902616871467183
0.0170075543337268 0.0732058601557077 0.121321934822878 0.251119939575422 0.0390386160274464 0.146495443789566 0.201460453763997 0.150350197531256
0.25344367002201 0.141293198347839 0.177586141286331 0.227978339416638 0.0414580169200346 0.0336430294806419 0.0193672999131832 0.105230304613322
0.18920321503939 0.08657989915726 0.197312360932948 0.171967115344672 0.108792464482206 0.0311382098097722 0.16979592378733 0.0452108114464212
0.133718952509974 0.0766127949595364 0.210204690482837 0.173839273546777 0.100365396405426 0.0649476148790813 0.0328523863091909 0.207458890907176
0.185874806176831 0.136817953378609 0.0373150709293423 0.120027926259273 0.206372453260692 0.161310476135297 0.0544050572044604 0.0978762566554954
0.189554879063561 0.23455819948072 0.034632376787224 0.130376843552968 0.0985655245274406 0.0454359260434044 0.0655922044163508 0.201284046128331
0.078749714969323 0.174516195633157 0.0357399978685713 0.257305544238616 0.156781019894471 0.0342250813555656 0.0559107583615485 0.206771687678748
0.0657370558563211 0.178225147038888 0.161573115216622 0.0763111678332711 0.0450161758417612 0.141432071439362 0.133570022647776 0.198135244125998
0.186083257035868 0.229142010936003 0.129847388760585 0.134404708692196 0.0984472945836021 0.0356669361043302 0.0602148775428737 0.126193526344541
0.0410316258083193 0.18588284922985 0.0950794077343407 0.152062535056394 0.208080787591921 0.153686590722261 0.0155072773167892 0.148668926540124
0.30860539134354 0.0453313327107926 0.0308065720597434 0.228160552054283 0.0352815669496874 0.251956333200675 0.086560843784944 0.0132974078963337
0.162943195356135 0.0159414602301793 0.0406963901632932 0.11100425455548 0.0851266959153705 0.0668820990401521 0.256625373906155 0.260780530833235
0.136024397417627 0.0219306263619209 0.0578130023385572 0.120954743138475 0.198988202648702 0.203686573027353 0.0559162388993827 0.204686216167982
0.0814732364661476 0.124662166789413 0.162981176614221 0.132662234331343 0.129128277869325 0.156570392690559 0.163015730842542 0.0495067843964495
0.103001853840311 0.0699229838482192 0.190949751482457 0.0184154902885394 0.228448530948804 0.0738584710024565 0.228505248866798 0.0868976697224153
0.151931758796052 0.139630591262835 0.0302403609068835 0.0174334516144299 0.254479995429481 0.082866108235477 0.0769845276636602 0.246433206091182
0.108502666448505 0.043168545198084 0.0242468581197356 0.189175888842898 0.181061802906382 0.144767462273032 0.109320937859275 0.199755838352088
0.0591729566869127 0.210776588639162 0.0726520689576918 0.0756402353074612 0.0512102200096587 0.202919220405268 0.308481744009236 0.01914696598461
0.204514709860782 0.229363599761288 0.10525052172134 0.129162515803582 0.049713628964648 0.229664033591619 0.000329114140196346 0.0520018761565445
0.238921898811492 0.14377908135407 0.222617174399056 0.0574379141886177 0.1226167879349 0.0817871157525338 0.10215233815761 0.0306876894017195
0.0163604888896594 0.107580172892584 0.0563036412866361 0.187926651473862 0.214743622804611 0.0109198451750921 0.268942120795296 0.137223456682259
0.0620916893213433 0.20259813293016 0.0873670818289793 0.0797461253282908 0.184985026959689 0.161344671607775 0.0477978168701948 0.174069455153567
0.186010847253564 0.176430656832534 0.202075679645798 0.0879299716071628 0.0455762307216267 0.106260174328469 0.144968287866449 0.0507481517443972
0.189924875337857 0.145671184320121 0.0807702358450262 0.022818868708923 0.220811406917352 0.129229806859859 0.130471138071563 0.0803024839392972
0.155727918523608 0.0624852083549726 0.101274239112667 0.177452115267628 0.0809532193008549 0.109196451169331 0.145370934667459 0.16753991360348
0.166117375354702 0.182434821345227 0.175567632894005 0.158199974993273 0.102661116797557 0.0393622495015539 0.145153114291147 0.0305037148225351
0.0433078757055634 0.202021558136383 0.150981704739413 0.142309840066811 0.13041534020264 0.0514412912741875 0.0707576511808513 0.208764738694151
0.231798742749411 0.227634971078438 0.00436805879490551 0.198313865742327 0.171595241076486 0.0181408496649196 0.0358400204897682 0.112308250403745
0.237362137711904 0.0525521369723878 0.082806647336095 0.165761500086132 0.0636282742604454 0.108179505500194 0.0996520740701933 0.190057724062649
0.125428994772993 0.0039235842303788 0.242796015674881 0.0988083120219558 0.0972908025693552 0.219824467965945 0.114227430199522 0.0977003925649689
0.206598148936726 0.0418119430412099 0.21103575554477 0.182527318605201 0.198663540622944 0.091825955533939 0.0567312501400387 0.0108060875751721
0.106596878939506 0.131102452832773 0.0629254046284815 0.101898890511459 0.0545709637825239 0.234786310931547 0.164620281218366 0.143498817155344
0.0887868425704696 0.0568958974302637 0.131075877220628 0.0775971102254861 0.218233103000144 0.189522847098226 0.166146102256175 0.0717422201986074
0.199020460279945 0.188505919755955 0.175815781099687 0.0716447659937506 0.157944144368118 0.00548739644289442 0.0328021633209955 0.168779368738655
0.133440589428463 0.0842465629695434 0.140330045314369 0.259660928423355 0.0674124901670329 0.0960565300720063 0.203471604652901 0.0153812489723294
0.0645807785944832 0.215857341312378 0.00900087095844244 0.0797557966826024 0.210500394201052 0.109586347350294 0.0821575124990301 0.228560958401718
0.223186730359319 0.167853217306923 0.0942266068921967 0.0800255581188715 0.135527017353426 0.0732326176848761 0.102536618373577 0.123411633910811
0.181336348368703 0.163489761544409 0.103775378097288 0.137951188507159 0.0376594526179196 0.0893060665971874 0.130082439222407 0.156399365044927
0.247928739754178 0.223528316484282 0.0630469083432516 0.0711673621139481 0.0859883597008946 0.0145231656514926 0.11179469490476 0.182022453047193
0.0316975369162689 0.115428724571744 0.00149861711470076 0.205176525330369 0.0801188662896814 0.00997559166617035 0.272202410733509 0.283901727377556
0.158473744267237 0.160869028849361 0.0626589307484016 0.126638553945288 0.188129347410833 0.0331762280548082 0.16690039427007 0.103153772454002
0.246851463302489 0.082512088480148 0.182972522816952 0.101642142786609 0.178201740384903 0.162313954762631 0.033281828500583 0.0122242589656846
