0.0634833138258135 0.16442700327548 0.154457658811748 0.0508863889171872 0.149197431426904 0.112127669270819 0.0909714023162754 0.0680151767069453 0.146433955448827
0.090618473785359 0.14861583831962 0.038408619161054 0.018281895210956 0.070582270906983 0.187939674481367 0.229785956834618 0.153421837430491 0.0623454338695516
0.0767539839364594 0.0431940509895056 0.174522451644617 0.104077248023029 0.174193566634796 0.0427209564696207 0.190713831226084 0.172107469640764 0.0217164414351245
0.0440951652503814 0.125506934188961 0.0764451487377714 0.127234056916662 0.168161838602656 0.0762738396828024 0.0476184513816516 0.150472584249538 0.184191980989577
0.0563810871057648 0.103082494121627 0.204476665439742 0.00863914170046861 0.0985461378735532 0.1774031961867 0.177286617637955 0.0921590947860194 0.0820255651481704
0.130775093644055 0.158555437616751 0.0682489810015509 0.157293814724856 0.352963887495398 0.0836621454077738 0.00131304037907737 0.0400495710306379 0.00713802869989932
0.21158126883921 0.118411423507063 0.0252175413194886 0.186372137574814 0.0166596491167206 0.00287257306882516 0.0971033775402292 0.232377455189323 0.109404573844326
0.0657075107059461 0.0694859325082534 0.197240611868638 0.186430639179005 0.0642427529476026 0.0765747248902356 0.249844425596403 0.0433226178082624 0.0471507844956531
0.0395823298803312 0.145378748224876 0.0280251259580077 0.192479842413696 0.0710146779712468 0.162434333626247 0.18887533265271 0.0139721933926519 0.158237415880234
0.0334257528169975 0.28142509154511 0.091464777197595 0.0427087245803856 0.202929438289961 0.0779986777487884 0.11617407371878 0.150052661074914 0.00382080302746879
0.11103924614574 0.00154713126499983 0.0631004340434218 0.209055439182467 0.136636269749615 0.194116808136996 0.0667766796006587 0.181313279948634 0.0364147119274682
0.0629618344596091 0.0841261346102844 0.167266949385768 0.155861292510581 0.0407856249070403 0.145745280982467 0.0290491947200032 0.196422400860393 0.117781287563854
0.0723651263585369 0.167719361912422 0.132910320119862 0.1198867693853 0.0304906486029898 0.0283378999577523 0.0178604973671927 0.209563925220599 0.220865451075344
0.0160794583113367 0.115898828184065 0.153969674840992 0.16102744212782 0.0965420046069356 0.0275056733051371 0.154282677592462 0.128878633721451 0.145815607309802
0.0832212667493997 0.12279839818936 0.0372704396524371 0.130941631518979 0.093406910927391 0.14768292668249 0.123001786161887 0.145108161744498 0.116568478373559
0.169331417136318 0.154888738131767 0.0773972611851571 0.102286724222909 0.132154650399985 0.0949132387143223 0.115315916442394 0.01844327575419 0.135268778012956
0.0929725662228857 0.108788734993085 0.080524445296746 0.012891721628702 0.129669865870721 0.169583126133675 0.128325912281311 0.0895662918527128 0.187677335720162
0.144597706147812 0.0342710266687634 0.139232140698421 0.0718058616550583 0.0966189981242319 0.172294326823108 0.150929255093727 0.0242207303006632 0.166029954488214
0.133944358832015 0.210506188251399 0.0888676923337894 0.175031549159432 0.0577025494361157 0.0936692785818505 0.00942543948719186 0.144348667678971 0.0865042762392352
0.145136664273491 0.160265643172526 0.069347722084121 0.0572009549432941 0.118765060409613 0.16132210622141 0.0973998177147045 0.100427241821651 0.0901347893591886
0.158070723236245 0.156482656509237 0.0377703455269673 0.0481067552273373 0.132477481563254 0.1930360130294 0.190806753757026 0.0309879355104308 0.052261335640104
0.12502514710337 0.134540160427439 0.157394724877005 0.0700277207245704 0.0262290989633221 0.171056599511761 0.0888913637459416 0.119501587097008 0.107333597549583
0.0465104410642722 0.0621651041078485 0.184913548699348 0.0518843773410757 0.0662876295544281 0.132393370493043 0.185748249736912 0.119284822063321 0.150812456939752
0.0331608808478985 0.158725628957459 0.0652675917355997 0.159476949099339 0.121667892780878 0.140245546086865 0.120882361515791 0.0416435268150517 0.158929622161118
0.182226496960205 0.0127766633043685 0.198863344790833 0.194496248993786 0.121909592663471 0.190565194574258 0.074585319879588 0.0163794875177183 0.00819765131577203
0.0957807337210282 0.118551088184555 0.0262411750710227 0.0566235853256458 0.17820012888744 0.20793025561028 0.0711073365454192 0.0899485783006156 0.155617118353993
0.195377651940111 0.223294250688751 0.126137284599468 0.0283409782538915 0.222616830288067 0.0804239384775454 0.0806745032508335 0.0230319529956959 0.0201026095056374
0.014932202821366 0.235740121445266 0.156186635103586 0.0945887060593137 0.0491062973104584 0.0772578801548318 0.0703302833698281 0.0170746336603199 0.28478324007503
0.103905034673065 0.0924344955987918 0.118436915128728 0.0640201642154676 0.129920016777686 0.183400544855828 0.0930488810600375 0.0818803278397667 0.13295361985063
0.00574169730224196 0.16648345734864 0.0905100834597579 0.200885846723089 0.119407439149261 0.0892666369691898 0.178177096852932 0.137365141112825 0.0121626010820634
0.0570065400291145 0.145418038270067 0.0172268885060351 0.174143044604405 0.185438300465305 0.0268068280243672 0.111180185372287 0.10979936558633 0.172980809142089
0.109075390645462 0.355492053091663 0.0218849360595866 0.168525293479012 0.157592273221871 0.00547410532058799 0.0101499713383966 0.0153432460297643 0.156462730813656
0.0977463342284365 0.0574677267061166 0.00769535378072794 0.125397608260111 0.114570717568926 0.140157856272495 0.186060584224562 0.0929805811146774 0.177923237843947
0.0546423706766367 0.002323929632402 0.0845830853740198 0.0801963357845809 0.157393358113624 0.0530210253926908 0.184562154316505 0.155724700028366 0.227553040681175
0.146127109144015 0.165799500777938 0.0750490964237491 0.0793021868384424 0.0832111511301702 0.0982729183422847 0.129575431725627 0.0686437204813455 0.154018885136428
0.0998782591402833 0.147496398089822 0.133732948090983 0.103212307664029 0.0827279511215395 0.13800210848929 0.0740845293927436 0.156358038051632 0.0645074599596767
0.0243004403358747 0.131247433168538 0.118374878462867 0.0983750633153982 0.0081771585811735 0.12090804360889 0.164849414657335 0.156200850301161 0.177566717568762
0.0915679471305822 0.129558150967547 0.213550677784161 0.12288729436551 0.0476522663414597 0.114099449881828 0.135532431318549 0.0960367694494714 0.0491150127608927
0.211664199394409 0.00113831396296009 0.146488270260041 0.0133170689503679 0.176624313174029 0.140607553542089 0.0609922804212778 0.200414685372403 0.0487533149224239
0.0329615807034654 0.177488776441217 0.0739537437933948 0.182225832771381 0.0170293785292231 0.161158630859435 0.133201542278903 0.0377782488490179 0.184202265773963
0.0400777815506463 0.162973040495999 0.0666333026748924 0.130783092300901 0.074843551701463 0.00799339032944666 0.200359868140733 0.11537262872294 0.200963344082979
0.175621194170861 0.00725896706862323 0.141093793058042 0.0771463473060106 0.173535110061537 0.150644141453965 0.143802441018057 0.0294455654254216 0.101452440437483
0.16669599909684 0.00997668104489716 0.0422850874193016 0.0712913816476072 0.318243200797778 0.0804286116036687 0.0419478321665723 0.0949214771717426 0.174209729051593
0.0656628677846724 0.182651732599961 0.21494273474215 0.111119165324511 0.0378333433052764 0.110649389458981 0.210622212299549 0.0391778660186587 0.0273406884662413
0.134220238748775 0.0927058901216113 0.0886574937225341 0.105983256688466 0.0659567203760689 0.165587552920278 0.167327130896644 0.0102098200078275 0.169351896517795
0.14511891951 0.169679055181295 0.0553290554605643 0.0365170791403407 0.111331561530813 0.162493609353386 0.0201999919917143 0.158200524587537 0.14113020324435
0.0396205504012909 0.00546737995668679 0.0494893698286226 0.290857732253081 0.158824156829724 0.0989618147543489 0.119330012295429 0.204614726256671 0.0328342574241463
0.123720827432413 0.0902669338645091 0.231248296888355 0.189339154925492 0.112970901227387 0.0416679568978142 0.065041745619518 0.0825491612188209 0.0631950219256904
0.112516458000453 0.101506762846639 0.143787067931828 0.133067725966417 0.102784091474656 0.122717855757695 0.107524980055303 0.085602994840552 0.0904920631264572
0.0113132706388317 0.00331616077455709 0.179017042284785 0.107999813810014 0.0651248430867465 0.19250177776108 0.127614069350619 0.117176558543161 0.195936463750205
0.0739999171813728 0.111769417499512 0.185034955719622 0.110913533894065 0.167401196391084 0.190256779164671 0.0185521049504196 0.020212648860456 0.121859446338797
0.194286091062466 0.130187611459516 0.186655373064709 0.0553581730569032 0.0313446928246854 0.188857055460771 0.00481512427078208 0.112275364115329 0.0962205146848376
0.074171698754708 0.159355505079276 0.179846772451706 0.158858728452143 0.179460041980116 0.028101357747973 0.143084024056578 0.0115590586732515 0.0655628128042483
0.142134874912473 0.0126902779665542 0.067690456357395 0.287020713610587 0.135448752086347 0.0513511555556442 0.153569453727073 0.0937012527894058 0.0563930629945209
0.279525716308066 0.151644886915135 0.0175722543666843 0.11979532856032 0.00643735500832422 0.0389147060678004 0.261987226855246 0.0299426328554803 0.0941798930629434
0.148951303830735 0.00951966008852547 0.0849992629963372 0.141854771278098 0.0518314007942497 0.164617929596066 0.212375480470376 0.00350059462424099 0.182349596321372
0.0909250262687783 0.209364298012058 0.150947298417705 0.169590969456278 0.184369029298289 0.0697365897427026 0.0631515647741535 0.0158556913618362 0.0460595326681994
0.24752417669872 0.229944886987501 0.0435127093690801 0.0896770912027728 0.018034546158882 0.0426315840125254 0.009418703331523 0.187953173752715 0.13130312848628
0.0298421063433381 0.048693408204935 0.273889227056118 0.17215839025506 0.285219207070097 0.049648940076271 0.110427480519913 0.0210072480017764 0.00911399247249271
0.0692966478668266 0.0855828223444346 0.136719738326296 0.0927675893411758 0.00415807340693065 0.274820795286908 0.177815811475854 0.142504062527964 0.0163344594236099
0.0688176881435941 0.0410220775963893 0.11073946146068 0.146835416225947 0.163458598001483 0.0667212535662497 0.0693302144621108 0.160808366540818 0.172266924002727
0.0398376975465889 0.198305579561471 0.0234012491100619 0.11337631688216 0.0880754312437546 0.233162047067275 0.0342895305314213 0.23043006138099 0.0391220866762774
0.0613345340504229 0.0602611240925483 0.0137637873029274 0.108855891440883 0.0961885332883524 0.0819969066017451 0.161865884975764 0.198423616895348 0.21730972135201
0.153114812994405 0.0606371554159271 0.117538760473672 0.0828406497202576 0.180220033954407 0.153623243266544 0.0855270710948013 0.1099791879699 0.0565190851100856
0.173999674645059 0.0565283096764232 0.00440856068577526 0.0125960771634768 0.0804588514566232 0.256371113975677 0.167052008100169 0.199824539097076 0.0487608651997208
0.0792919389846072 0.0748812849339209 0.123520316094086 0.092086309265056 0.125255830496978 0.160101189069801 0.104964382048852 0.101702561705083 0.138196187401616
0.166489723382596 0.0108065339400497 0.168581158930972 0.0346318045260564 0.041618080214477 0.142031724852768 0.0477213169396442 0.19107401211301 0.197045645100427
0.059807420161013 0.170024866254928 0.0215942705559608 0.159378514121219 0.158917774488211 0.11685749769132 0.139735076437405 0.166301467048447 0.00738311324149696
0.0455767345223766 0.120276695527726 0.19617491137361 0.162108439380616 0.14915312884783 0.112783475679425 0.0207384617339185 0.0919038892659145 0.101284263668583
0.10558622848255 0.0263302144279243 0.135622228535815 0.176099406453642 0.143859981724688 0.134425403937252 0.144492118818052 0.0419496166167984 0.0916348010032786
0.208346786422237 0.12951871666269 0.00609064576190665 0.109383280457204 0.152538154737024 0.196733022374609 0.0659608135665718 0.0705160225656347 0.0609125574521228
0.159135057832779 0.0211283059988729 0.159494406083705 0.138252852685032 0.104974337098005 0.110876635182634 0.133207240727464 0.159465217715002 0.0134659466765055
0.167333261270682 0.0811556679489462 0.0757560362235542 0.19339058011831 0.0292360166065208 0.121273909450542 0.150473707675571 0.0288190949560009 0.152561725749872
0.0165140852412334 0.103551188761992 0.0998045703095685 0.137707146508068 0.0836588878319638 0.148495555868257 0.135104113043686 0.129896070395688 0.145268382039545
0.0429970693551647 0.112850304840112 0.126896763905631 0.0627669076999808 0.0861244783444129 0.0363795890328623 0.194874140301435 0.148360951089622 0.188749795430779
0.0159135301674932 0.108049307660832 0.026533145841473 0.128201408141293 0.216289638246304 0.00628040836727333 0.204100694338608 0.0980271330974906 0.196604734139233
0.0484313021627714 0.0237560754973312 0.130654985858275 0.206834358275977 0.116898693768461 0.0927055761007445 0.215191304775193 0.134490306353025 0.031037397208222
0.0663492202806694 0.168626585640559 0.180140318223056 0.0860761383729619 0.198107089275995 0.044874373026128 0.134278433280966 0.117235848558659 0.00431199334100649
0.0485367028878073 0.0038423935619367 0.0974849636294345 0.0473754496563527 0.162057737493353 0.159241470099467 0.209305766545511 0.03242511210529 0.239730404020848
0.150105350562245 0.0992818555312759 0.164100068972896 0.0301329416905664 0.186074498625963 0.112666532453752 0.113210916787978 0.0564567025111237 0.0879711328642004
0.121562930035648 0.142301419174496 0.0207697280208802 0.103910655844356 0.0365199901070251 0.239383883904977 0.105566122193355 0.0809276006555726 0.149057670063691
0.0809040955686408 0.115159095956143 0.130632182688823 0.183267217046664 0.0509950536838931 0.0253079906685914 0.110210959780428 0.116409867385813 0.187113537221003
0.0413642867157944 0.217670338964081 0.0626984076064004 0.202425938278473 0.0444690208608252 0.126390209011712 0.128805291691417 0.128564923327646 0.0476115835436503
0.14019263560728 0.069879331130174 0.132320397379229 0.103061705175642 0.0517106908073183 0.15052081286652 0.0605945071848246 0.153070379199597 0.138649540649414
0.10919426094812 0.190126826337053 0.163761654769453 0.189572048082712 0.0330346115223475 0.11684315474541 0.0376559965713053 0.0168710566318658 0.142940390391734
0.0353505197967093 0.17835390502729 0.00547952781428976 0.290886751836223 0.0873731306668724 0.0485439359680911 0.286104627720016 0.0120890794490328 0.0558185217214757
0.00306274652462893 0.101093815339526 0.166556667907699 0.186271976064718 0.0482015645805032 0.118327973430244 0.189562344463045 0.16652968360871 0.0203932280809265
0.117968526027018 0.0455559646076342 0.0589747080837145 0.0723530668311058 0.234412769283568 0.179552989540517 0.183656680419052 0.0327391160997381 0.0747861791076525
0.0619620146069538 0.0339131174911085 0.169266508096658 0.188900828095598 0.0272705767476357 0.149823555393464 0.101123819664218 0.139955917520334 0.12778366238403
0.00470349447702345 0.1069772688217 0.281825408880159 0.100489112725211 0.167913378986517 0.012709132200993 0.0554031131048002 0.0113698138189228 0.258609276984673
0.0225175960515763 0.0409384973122188 0.157373611494876 0.147601191574812 0.0898681601134434 0.0628929367241622 0.21005143863239 0.196366825207649 0.0723897428888723
0.18459441602705 0.0910557892603597 0.171716033788517 0.108996969253963 0.0804029606257086 0.144825547108175 0.0710824851607005 0.068911602862676 0.0784141959128509
0.300128979176336 0.00419903627997872 0.0426060635459996 0.0298289678067865 0.0058057303629471 0.115516402652978 0.276298680231663 0.14208428793852 0.0835318520047921
0.0312823744432849 0.150105151072109 0.0836768304017262 0.119967551230678 0.147813577310344 0.153987824486679 0.0237758416811951 0.129820804336535 0.15957004503745
0.096762999143857 0.1423953694694 0.0490914228089119 0.18185246387045 0.0644570325691559 0.139761907433612 0.0117830764829834 0.158229859093919 0.155665869127711
0.164699301255107 0.198003209233955 0.0649342630733232 0.141833184581991 0.137883796553917 0.022371148597984 0.0934193902663845 0.169466170394902 0.00738953604243585
0.127634569913715 0.127579804359658 0.00361002571821584 0.0968365208677098 0.168424472503458 0.145332080587554 0.0647426967581207 0.118392069290369 0.147447760001199
0.0930012234462179 0.124097141014148 0.0924090628054448 0.181297768403217 0.200897796761845 0.0672370293581101 0.0500548476051888 0.101690891791609 0.0893142388142189
0.0563864793518139 0.20965906464392 0.161244311312729 0.0954303821427551 0.122675206579826 0.0253844820636575 0.0206469324581901 0.14017072608504 0.168402415362068
0.0925796784383351 0.220304574677245 0.00324372090007107 0.0943646964887337 0.162884713685806 0.143906718036153 0.141204260570507 0.0655496467095482 0.0759619904936
0.144789401263757 0.0485625252970243 0.209120055881576 0.147568053719153 0.149314373145877 0.143689240481757 0.0364226938701862 0.109409099561878 0.0111245567787913
0.132732039393197 0.109200994788624 0.143507996765772 0.0899535173401515 0.1423003533429 0.199503901130766 0.017609129243289 0.06793888412049 0.0972531838748098
0.114084620604641 0.165140910228941 0.0150859564034532 0.136069547129211 0.107158978044806 0.169357843772678 0.082361491999568 0.152695232260002 0.0580454195567003
0.0674244959952709 0.13640285809902 0.143053895817376 0.168548541033996 0.0640821821606259 0.0796676701947504 0.216152543890564 0.104183261713683 0.020484551094714
0.0733234688375019 0.0798351397212504 0.23301076775489 0.17368023057868 0.0508638310347411 0.0156718369895998 0.185483221721093 0.043577896784044 0.144553606578199
0.153655973998598 0.0950622381438885 0.116187714675034 0.0580863734952339 0.00169048081134945 0.209235006086618 0.0882550314297059 0.0705518158808843 0.207275365478687
0.137253313811899 0.0828481198927803 0.161115767145762 0.128170707294587 0.107632601936431 0.0229590738703777 0.208996824785298 0.116227274889637 0.0347963163732287
0.126574323102554 0.229287683400467 0.0362130607041815 0.0797934786961143 0.00117653160032931 0.163351735505603 0.131804109481039 0.151464985781552 0.080334091728162
0.131768044286199 0.0483282311689787 0.11278228938246 0.11616372744931 0.101206734365677 0.133599214936299 0.109919298047239 0.114573024188181 0.131659436175655
0.184183186328818 0.106466057013742 0.0230050701101705 0.0505432394055873 0.118314625767065 0.0497027081568343 0.198487589611125 0.1886461467539 0.0806513768527576
0.0840126947720188 0.0700727590446145 0.27389214191266 0.145908217955942 0.0455935040152823 0.0679749737358469 0.052968218879607 0.205979176257986 0.0535983134260422
0.268237726802396 0.0670955191682057 0.17237893437559 0.087508847064098 0.139831574434498 0.0700561943758125 0.105857640441141 0.0554402872186137 0.0335932761196457
0.0413374584816253 0.0722702047975198 0.0715940479773993 0.0280265534496939 0.0771708324065131 0.176793927125135 0.0960148199417911 0.227353916108595 0.209438239711728
0.0335579391626732 0.0505298128123867 0.123404629908567 0.175482322107274 0.122899522424822 0.198132552772115 0.0288977175125713 0.208586716139486 0.0585087871601053
0.0371448321267742 0.0550747057104181 0.139852140771359 0.151700220459617 0.16571553729906 0.118323808511039 0.121356714731276 0.130069595844832 0.080762444545625
0.0966222032055578 0.00252356328419526 0.0433927091043424 0.155075708743626 0.206438948014444 0.190996644061827 0.0211937456140957 0.0314883476573705 0.252268130314542
0.00442876461724524 0.139601070520842 0.124266523611164 0.1807752273965 0.124216793116176 0.187773350761211 0.0611496178452385 0.0658849533442548 0.111903698787369
0.0536049321906073 0.220969282215435 0.0530886858497207 0.199589454932279 0.119476156272405 0.131848387364198 0.0602320582850376 0.104864499502036 0.056326543388282
0.106065020076354 0.031115896218259 0.122942652219597 0.187862701389842 0.10062217742639 0.15983251071964 0.175010101750092 0.0904553547648579 0.0260935854349688
0.143117236400549 0.181401888335638 0.110290627193648 0.0288282801321132 0.0596650297195165 0.130198506525577 0.0488360810031187 0.0652932214197649 0.232369129270074
0.0822241743248318 0.171111819798869 0.0130354947220685 0.0889806264025211 0.275594162166848 0.00845935644617584 0.157566165379547 0.0445076920034403 0.158520508755699
0.0493665761257353 0.106660940331271 0.0753210290926013 0.128158382587366 0.0342419043219332 0.217033993770067 0.173442351752419 0.0306520623467076 0.1851227596719
0.0460860504251505 0.0954315052442474 0.0217356166180129 0.187879388296254 0.116880264251598 0.0801296740603466 0.161355689906878 0.105872585160642 0.18462922603687
0.2547596389758 0.225902170687502 0.0352404836266473 0.0641849389162591 0.0229095869095744 0.0282998222765216 0.116010253647192 0.225514269857515 0.027178835102988
0.0685645337882472 0.107180469381374 0.176956250876691 0.161768815355254 0.0152417084402691 0.137129889109576 0.145334672081696 0.0639334986873206 0.123890162279572
0.160179327612748 0.0374476678606758 0.126685546853475 0.0880778476702337 0.164507151070691 0.248860493675759 0.0978413710068796 0.0533795708508659 0.0230210233986712
0.114773277748739 0.202015640962519 0.166905414358419 0.00774058269825038 0.104052549292945 0.164357056939913 0.0427871480743936 0.00916316594615543 0.188205163978665
0.22126586388061 0.149837433461831 0.111741120427982 0.0819058742667657 0.0563409076761325 0.0601811480215724 0.0148950968924919 0.0522249069171967 0.251607648455418
0.0200556392724368 0.0970438275254586 0.189942179792277 0.174643842098766 0.086268859126754 0.112232743363345 0.192516326584858 0.0981621998386961 0.0291343823974084
0.200007876230313 0.0552476578860546 0.0510193814520355 0.197990120281899 0.00683995058067417 0.0870895555920085 0.0851627432177705 0.193093753157234 0.123548961602011
0.152965861106193 0.0734455586708127 0.0456478209841276 0.0646497342263298 0.034184211802644 0.0691529329810113 0.0948249464125377 0.282373475550398 0.182755458265946
0.121698786769021 0.0597310999730799 0.110994221380242 0.173828352850885 0.0294840114150653 0.20191531749413 0.0998311834055607 0.153892126650415 0.0486249000616021
0.0959348165827293 0.0403823620442602 0.151475253633891 0.087052326617183 0.130765304552835 0.152121270234493 0.0129718822433736 0.149045421668522 0.180251362422713
0.0733311954577208 0.120992851252692 0.179415772940497 0.137685794718791 0.0354195529927222 0.120220481556985 0.172603759966828 0.0446121871345775 0.115718403979187
0.163011246062807 0.0167224218792364 0.00447696351278656 0.205991613028049 0.000176666001383905 0.114940944477104 0.137244880437594 0.18630673332011 0.171128531280929
0.0293834607373874 0.0522554297790451 0.0515059457047854 0.118829340488646 0.0225788932592572 0.172558004309349 0.296644896873711 0.0998122474273446 0.156431781420474
0.0986978323145538 0.0834523336542097 0.16079279952281 0.125056895173591 0.108156708904046 0.0319348407816722 0.121202654998481 0.165826209730382 0.104879724920254
0.160054294902073 0.0141777337845044 0.178517149391211 0.209879286463065 0.136151401228427 0.00583696228891234 0.0668176122774567 0.13467623332027 0.0938893263440794
0.049774408201903 0.0071121333849843 0.0130607747354803 0.0153434298003746 0.261294691581288 0.17931399772568 0.174672842559802 0.188641398514919 0.110786323495569
0.0274830003553188 0.107201354759934 0.0836242893260218 0.223447498711845 0.00831500497254096 0.0927972904328272 0.0408894478693593 0.180532399709365 0.235709713862789
0.143989130504405 0.0162538913175908 0.135034347853426 0.181880708815153 0.0714007881422333 0.0334881051206405 0.116926288254146 0.156003505376759 0.145023234615647
0.147695254123964 0.0272392839775007 0.129163634291096 0.105180310812103 0.217023276258565 0.168040551301212 0.0753050305878864 0.117529451031834 0.0128232076158387
0.0510740519941343 0.198332496246937 0.0628180263965089 0.158195471518984 0.195873994325514 0.193502011389669 0.0392168452649843 0.0224757652914918 0.078511337571776
0.0444758218391881 0.0927468004991191 0.035672643303665 0.211782652208347 0.222206863101589 0.0867320422965896 0.0864447546104955 0.00832258096231247 0.211615841178694
0.0933033758616357 0.193787543242881 0.178469036118878 0.0358606836474449 0.0658859719340511 0.0714776924910674 0.177107993666448 0.0110454802886638 0.17306222274893
0.209697611277748 0.00957228762239058 0.162458265067979 0.00774427738923278 0.19661483455597 0.135583851733661 0.0783567305842671 0.111918660145179 0.0880534816235731
0.0177663264659548 0.0277791214948985 0.113765657682546 0.0782781690543423 0.208896069008796 0.211312942740407 0.10717996865542 0.124594101099493 0.110427643798142
0.354134428050129 0.0310081769593197 0.0396534398470405 0.105278610444004 0.0197038384560799 0.136254582491088 0.0809529627551152 0.0469897210504413 0.186024239946783
0.0583144538857855 0.113717314737569 0.138657440082465 0.0235687833569371 0.307792379390181 0.0774399680788474 0.114154773198822 0.158701596373511 0.00765329089588133
0.121243122661394 0.141234923238647 0.0221519783744845 0.0496421399705165 0.124501470109662 0.134628014360023 0.160728394546211 0.154503293073038 0.0913666636660236
0.164949567378217 0.0320865516753221 0.13168370859152 0.071113845122942 0.0226829799481807 0.200497900877472 0.0600248507529026 0.124310710077097 0.192649885576347
0.163847192535324 0.0555706247016553 0.174102401450028 0.0656695734290559 0.161663433633957 0.103651718988176 0.156959164065888 0.111755550138866 0.00678034105704974
0.148444618333879 0.168718527408354 0.126766115278179 0.107040823261494 0.134384582058525 0.0737192710950172 0.124992637027454 0.0732803926352725 0.0426530329018256
0.133775903106812 0.184776414297117 0.0789375187697704 0.325809844566017 0.067444063922786 0.0346962367424297 0.119736501808296 0.0282457444314505 0.026577772355321
0.131321661957429 0.0485926595844635 0.00481861479026402 0.116931079653033 0.148763128579482 0.130804362507362 0.0907565464128122 0.172884745547478 0.155127200967676
0.0390364803847562 0.0411827284856772 0.113688785525895 0.0207591050624641 0.14208696271861 0.243977466322529 0.12707259373559 0.221598734526493 0.0505971432379857
0.0608093557388491 0.105336391885847 0.0084066603624035 0.21943144549616 0.023552150262264 0.177222066627727 0.176126118215889 0.0967594187198609 0.132356392690999
0.134147930471579 0.0111105480869177 0.154537579625306 0.0617122313859307 0.0802111856827347 0.158143296981884 0.0300533974331331 0.189588201238257 0.180495629094257
0.166659334626941 0.0382665747883059 0.119533648878241 0.0913522757720399 0.170465837588237 0.0558384258515757 0.0977266499621273 0.161747622064593 0.0984096304679394
0.0508275236429941 0.118916906941848 0.179496618253509 0.0168793887784584 0.161026557865663 0.190973625334657 0.046121754980667 0.162380524231298 0.0733770999709062
0.0108807721756003 0.0544215477664464 0.0207851828165086 0.203923147871383 0.152444888858191 0.121549479612088 0.164155893764059 0.161799069327456 0.110040017808266
0.0278600081280618 0.141081966068052 0.00329713525524872 0.0611846359227071 0.0765809561690697 0.151982639622523 0.014595644927595 0.194591298572651 0.328825715334091
0.165331070217655 0.0111217196384988 0.242893264773916 0.14724587108687 0.108820137361395 0.0393667680390005 0.0423884808602254 0.0510997484011001 0.191732939621339
0.196846810509718 0.223976932563191 0.141232556295076 0.126320898800069 0.0748139792168098 0.0966120214777675 0.0300190971527951 0.0513435093706442 0.0588341946139294
0.170844755869355 0.138843747795809 0.0548867270361504 0.125487402235875 0.113383703589479 0.0518648451699394 0.110008686940165 0.0520409239833552 0.182639207379871
0.0185939722891828 0.177385391307931 0.0962128939656055 0.0874245649894253 0.01691738691066 0.181824199520148 0.182335800085887 0.0587630076250324 0.180542783306128
0.127766267571553 0.127820807415143 0.0417120844870309 0.113914104668478 0.0933686879201445 0.127888026867782 0.125935489042918 0.139693674573779 0.101900857453172
0.00654300227210849 0.151740375207421 0.166124723399549 0.0606184735488818 0.0456912772469078 0.199106344756936 0.181374678599623 0.023136342042024 0.165664782926549
0.157801119146673 0.0430266248947239 0.0684321794159622 0.0769095652726764 0.217925993032833 0.224157956019725 0.139831661434742 0.0112141102742382 0.0607007905084266
0.0193264331403796 0.0643718017815738 0.0127595060854573 0.0222145885784821 0.198711232542569 0.222359736406418 0.15817325041173 0.203575155962917 0.0985082950904731
0.0387152053610374 0.18147457907427 0.165123497899719 0.047946764028443 0.0144527111083641 0.183799784767561 0.174824576379014 0.0851138384883953 0.108549042893196
0.0761679522913363 0.173750175274422 0.144491010039917 0.0496873658042956 0.202533990489042 0.0291080000664647 0.154401417447943 0.0267382427312948 0.143121845855284
0.0763445112691861 0.124220077005455 0.282932384111948 0.182236090225131 0.12276829295108 0.0126225623073503 0.00536103868248811 0.0916949067511427 0.101820136696219
0.191144757990173 0.171600771795972 0.0353914881251105 0.11032804236654 0.0222949953791629 0.164925122481782 0.0682347757959097 0.166654276931795 0.0694257691335555
0.0439265496569968 0.14391619577154 0.0748167182598787 0.159121144437096 0.0375662536538293 0.186608319774373 0.093640923115451 0.151150490571345 0.10925340475949
0.132836063899463 0.126833968967626 0.151786490912683 0.185831649875056 0.0620157349168735 0.0931669225222875 0.01351250904945 0.142733067223163 0.0912835926333963
0.0418985418812937 0.177951592646225 0.00592902406286213 0.105673456316946 0.119663850022091 0.0795528988019043 0.153592274867593 0.200756405037422 0.114981956363663
0.0690742484982028 0.154048453278227 0.0492223282916971 0.149783916950029 0.192685459040962 0.169753847517618 0.126916848653701 0.00958742990123647 0.0789274678683273
0.150213994673821 0.181090906312028 0.0776939147864893 0.0855984743452433 0.164504875935532 0.0203099155549629 0.184633183529577 0.114388140918057 0.0215665939442902
0.00317116020746212 0.16836010223397 0.117640999333627 0.207197611663745 0.0457486728587733 0.0913216682619446 0.0744581014558307 0.0895442256003686 0.202557458384278
0.14756487868973 0.16800979041519 0.050493025247763 0.0276384396823509 0.144108816783621 0.0692569851534539 0.0938082556735239 0.13072165062158 0.168398157732788
0.169618620090064 0.1487620689221 0.193181486436372 0.00897630746939315 0.0786465762294064 0.117014856108557 0.12454475262866 0.0579793375782205 0.101275994537227
0.0350356618977162 0.0361619897055569 0.128759784163927 0.00536559510897212 0.174569455167411 0.169002397907393 0.154077748398628 0.177437582303462 0.119589785346935
0.0546001085112882 0.211803834807519 0.101590144772145 0.105632011188553 0.0931203340553974 0.134721280837893 0.061764986408281 0.10352530934231 0.133241990076613
0.090026678528292 0.0576878750845378 0.130643634126517 0.0744616553259855 0.127809154598385 0.139027467299794 0.126494614884879 0.0972720547537503 0.15657686539786
0.109801003610983 0.058184983685488 0.0275553806150954 0.14311179204556 0.137924525186413 0.145904764064534 0.116386752058498 0.133792975091371 0.127337823642057
0.023861164378563 0.103927117619895 0.091794252048667 0.0761833078510061 0.114630844919455 0.185402933193788 0.120707865621843 0.143850367427879 0.139642146938905
0.0983197610965861 0.122693060296522 0.136431124743416 0.0347652627234109 0.157978929748914 0.114435238150502 0.138591495417351 0.0797670981009452 0.117018029722352
0.114805070123738 0.0931563989689152 0.154321065069421 0.0608331325500527 0.0222194080476219 0.116846841266657 0.146892554796975 0.132472314900761 0.158453214275858
0.0796319608987972 0.0944476343592286 0.152249782831599 0.165033927707573 0.179290384161631 0.10934273032718 0.119394994832001 0.0740724680017212 0.0265361168802687
0.0800603877704983 0.126227281585921 0.157241303502718 0.0934043380620019 0.164947989846648 0.16575611631613 0.089628027292825 0.0862073300716856 0.0365272255515727
0.0318093763570336 0.0881072598171168 0.168004697483521 0.0665476716543242 0.199264707166162 0.214592719699361 0.0745492378557537 0.0707367961947466 0.0863875337719814
0.180466028130181 0.0472647396163498 0.196457256295206 0.146476028077592 0.144277293308557 0.0888545471679058 0.0818092701914569 0.0395598160423532 0.0748350211703985
0.203007490969549 0.031545972294541 0.193871868560408 0.0566151987493529 0.092221927905736 0.0120632092930009 0.10067356667608 0.160178773786584 0.149821991764747
0.0660441710598848 0.192275541728261 0.0597688197539643 0.141385949050415 0.0493576517227955 0.0629962679182626 0.0536016333367752 0.193016809736768 0.181553155692874
0.0414736239706652 0.254246596267924 0.0798365933269628 0.0809063020573633 0.0139288573139858 0.226314908378418 4.04040892427852e-05 0.146606251437696 0.156646463157741
0.180978733558626 0.0882661514101548 0.0452798391828805 0.2199344375446 0.158219671623551 0.0290487272301659 0.0745479503086602 0.176630718878098 0.0270937702632649
0.00597726685424305 0.045302852732312 0.0236556727938284 0.109434200253142 0.148544633609917 0.202984441750455 0.190261126913587 0.15098959719513 0.122850207897385
0.215124131824767 0.0985763194637019 0.0203178092748047 0.191754227737872 0.181578129062334 0.0648384080315308 0.0931495508025739 0.0916896845900807 0.0429717392123346
0.131838299224112 0.0554692214910867 0.149981769922915 0.177873217561577 0.00751145045227807 0.163425630546429 0.164615908129831 0.0864020407076172 0.0628824619641534
0.192294634578245 0.0318574349947729 0.0275291394764849 0.0834058981563859 0.0362097544189242 0.0852686408011065 0.0994311651243741 0.19071598231768 0.253287350132027
0.156993770053796 0.00689208211248217 0.171899181719207 0.128372540360508 0.125097106443545 0.1384466332446 0.0525419463406661 0.126322763002157 0.0934339767230387
0.140652058647732 0.13129064647477 0.238597356622876 0.129298682302968 0.102672998061195 0.137962862587214 0.000187013770181741 0.0115072959829863 0.107831085550076
0.125588094307892 0.135454531750665 0.216296074173042 0.0351671182782781 0.114854975476279 0.0740561914028011 0.219353270804322 0.0157312086022578 0.0634985352044616
0.199729392562538 0.173970746626511 0.173975826505494 0.102959847424359 0.0430373191228606 0.128610069429641 0.0331187916211502 0.00823841033753025 0.136359596369915
0.0809084788438482 0.105949002729225 0.106977750129341 0.0339044206305783 0.22694308903681 0.142097428371969 0.0500709241516695 0.196733010197571 0.0564158959089874
0.0544416198546678 0.146415710772973 0.152988179716788 0.132141226524623 0.0304961346539095 0.0653831960913426 0.104170974648704 0.201662598734365 0.112300359002628
0.00817276002795839 0.176084356205928 0.0120171682279043 0.0620931279041187 0.021253914830901 0.139544355079837 0.285650191251834 0.272140289553942 0.0230438369175764
0.0977119414993492 0.0764092128697215 0.0453246560945008 0.191888947116695 0.159674963415824 0.110671370102016 0.0504756013392599 0.135625842521559 0.132217465041074
0.118048597314286 0.106481171037574 0.184712652478391 0.167622098538607 0.0456009295523016 0.00435649196082701 0.0715690976104484 0.103878790279045 0.197730171228521
0.0693843680358949 0.0020743660401184 0.099463691962283 0.201154573849953 0.153005818485498 0.140463227108813 0.119051399606439 0.0691232521925439 0.146279302718457
0.159193375696395 0.189791111292307 0.00737940881500039 0.0892949585918781 0.0790156834817306 0.196214646510849 0.0198255690794215 0.203294412390781 0.0559908341416364
0.0273250711887734 0.123576968284399 0.128317091282871 0.140783657889525 0.164690670382193 0.0663617170821149 0.160593527017408 0.125689100313916 0.0626621965587993
0.0150073884908084 0.167806144846697 0.205537430889723 0.115513680387327 0.100192833118028 0.109258475057815 0.127550726583878 0.148134948904506 0.0109983717212177
0.136733422492052 0.114987937947026 0.125195456423535 0.0266804597417426 0.135013322251078 0.0575216045753658 0.112872759183614 0.144365132965513 0.146629904420073
0.0548957516467157 0.159828239757089 0.134323816660719 0.104261514093257 0.0457044421121248 0.0669351809190812 0.110634000946935 0.167854420872572 0.155562632991507
0.00055300385016082 0.160103579315271 0.142239823998863 0.138893769273961 0.101444778960729 0.094319342378694 0.179227072806379 0.0602445191104082 0.122974110305534
0.156070970700193 0.0206620228756446 0.104154576114704 0.123063125586138 0.128050065078863 0.104932237960983 0.112574388479067 0.146526706877508 0.103965906326899
0.111928593862581 0.227378866256984 0.070617400288475 0.0522818055291497 0.0123474156369873 0.232895597216276 0.079355522460781 0.0451261777645409 0.168068620984225
0.187978501667956 0.108605853011375 0.011107916792634 0.147603398463208 0.111317856832021 0.0470265358916792 0.119608219028053 0.11645772167998 0.150293996633094
0.0449495969089332 0.00728690590663738 0.0521632669921307 0.118876350930929 0.190528377425798 0.228861791517184 0.115138223454125 0.0527305697408576 0.189464917123405
0.11044845098607 0.0278504223246743 0.125208267000497 0.161379500646301 0.0245152242679613 0.14418834866042 0.270497601980849 0.0780720981012831 0.057840086031945
0.111886985577678 0.10485116593162 0.123340262080122 0.230652823629742 0.0840615303743381 0.0863283614994409 0.11534238221944 0.00192236806363586 0.141614120623984
0.00380948751582802 0.149142921940026 0.164370363449307 0.0142994719575298 0.0545203342042055 0.20089560141155 0.0320179747772295 0.226424796835153 0.154519047909172
0.10230942442707 0.0816512732676734 0.162557487527879 0.143269595639711 0.114529786241057 0.0772422128771288 0.176942591292344 0.0794371651135648 0.0620604636135716
0.13389523261077 0.0717005204012864 0.0756932657280507 0.141582374472363 0.139234674675017 0.128057424255918 0.102356785833506 0.0703437439983908 0.137135978024698
0.133219863971941 0.132275007637398 0.0522304990753661 0.192352948120553 0.166837537200141 0.0646538159021595 0.0640849809447206 0.175927794327433 0.018417552820288
0.188817093909863 0.125348383809552 0.0506302576781416 0.171039389619292 0.106014488851723 0.189456009941922 0.0693206252192159 0.0400348362456745 0.0593389147246156
0.0657188312245557 0.185791879600521 0.0320804598627695 0.184772453002376 0.145310722730796 0.135823120632861 0.0299566032461639 0.0103869401661484 0.210158989533809
0.0971062841167986 0.154281904933298 0.149509568461621 0.065272169743667 0.0743212533254629 0.134799176431848 0.155954483775884 0.0793283336343216 0.0894268255770987
0.0513602256314496 0.0826650744251903 0.151423593223915 0.101067220227971 0.123905870793419 0.154658630930662 0.0694839257981733 0.130328210689503 0.135107248279716
0.00985561249482028 0.0479120493120047 0.0540822891563927 0.02858356032529 0.134615917052491 0.204114531220124 0.205583787882897 0.118903562070602 0.196348690485378
0.0128084284806848 0.0412122751561047 0.167644377583877 0.154104867993335 0.163359533937598 0.0161845409771805 0.128084395088371 0.175619596299903 0.140981984482947
0.106783100086895 0.170164128608553 0.156612311846851 0.157232126671708 0.148612982969786 0.0390809578487131 0.0466012025369482 0.11171390989995 0.0631992795305963
0.0268499116207007 0.0718158402050419 0.120942846092627 0.141043400851903 0.156364246419168 0.13931892868654 0.0550117599314254 0.148830277610118 0.139822788582476
0.0824608201488942 0.0744379382220623 0.00344058342565557 0.0430861993652891 0.155772093392051 0.0805333119441097 0.143729699141383 0.192451836406666 0.224087517953888
0.0266773982306243 0.122398066193251 0.074732222604494 0.149488932956991 0.132576075950267 0.0757002333573704 0.173970075306521 0.192263346274838 0.0521936491256426
0.121558107557038 0.0371927290069842 0.0244959422974313 0.0764261350596956 0.124956715600994 0.146148213699971 0.227023907051493 0.0462835136337375 0.195914736092656
0.000651376749858764 0.177841595607744 0.0180212623776325 0.0173337186906892 0.170071884950426 0.212195652237548 0.0382133068739812 0.195699384764852 0.169971817747267
0.0941925178374361 0.127216406444579 0.213754903938465 0.0253737208350007 0.0257461262420371 0.0980698423038601 0.243917560617438 0.0120579297396711 0.159670992041512
0.112263273528355 0.160445896933682 0.112213232811355 0.0558519499415981 0.124849607756215 0.0260469219217247 0.185925240965328 0.144866612319825 0.0775372638219181
