0.126380020520992 0.0171121800554372 0.237352883963742 0.37475378586517 0.0259624612609045 0.218438668333753
0.346697735007879 0.0628748103950889 0.168222756293849 0.141637287006978 0.071985122818065 0.20858228847814
0.184891114286865 0.175470935742588 0.102876941071974 0.222593667584692 0.187299030616091 0.126868310697791
0.20782686722438 0.152875057775946 0.0340735258833171 0.202201681773522 0.20223463350852 0.200788233834315
0.17564756529944 0.328704949874796 0.242788933062083 0.0292204651908963 0.167230828104311 0.0564072584684741
0.153304628337358 0.0548231508727709 0.0464756481789998 0.342779839037328 0.343076026365769 0.0595407072077746
0.212591884112772 0.0254585852895285 0.242005012516894 0.155267462001819 0.196641904345186 0.1680351517338
0.157281480419791 0.20180064640054 0.0156054259219337 0.339545043521977 0.249902965046431 0.0358644386893269
0.109909562984657 0.146307539728558 0.298166588802494 0.187212215380049 0.0477553070908643 0.210648786013377
0.264118555531371 0.0914911607488072 0.0640179083388163 0.269424158447532 0.00449329438506694 0.306454922548406
0.0747550973063305 0.0307296162079177 0.376190795208496 0.150898024226335 0.350446214125436 0.0169802529254844
0.323582685057632 0.196873172807919 0.0716629829283997 0.296918623784675 0.0432324545614763 0.0677300808598981
0.254331754400198 0.0988944230885877 0.216922636226583 0.131052952514079 0.0848566157501281 0.213941618020425
0.0533707215906943 0.0128457074858446 0.0623486719756065 0.266343276969558 0.295383684648252 0.309707937330045
0.152862395398667 0.224614704677959 0.239603382973097 0.119466092901633 0.184948876534321 0.0785045475143218
0.0376497255968499 0.268632688518699 0.226070979925393 0.202585282951481 0.0190582303140064 0.24600309269357
0.192378407774308 0.182117763214992 0.18009066360413 0.119061878106033 0.185034095593472 0.141317191707065
0.0279277398608381 0.467770093806164 0.124196154468009 0.105354355158315 0.132956221695328 0.141795435011346
0.0903123368908983 0.270911060038437 0.100307215179404 0.11271634814445 0.357383054588635 0.0683699851581766
0.0691990345376415 0.163147218996812 0.309555235107417 0.272649542987601 0.0368002393658027 0.148648729004726
0.220159860953911 0.255233631856155 0.0920042624996619 0.152989741475178 0.179355710598195 0.100256792616899
0.272915587604112 0.128500404800216 0.0761953669648619 0.185203008932142 0.206229901463814 0.130955730234855
0.19077870745683 0.119117772371073 0.117969230678174 0.144310239239313 0.230384407320292 0.197439642934318
0.223446922208801 0.291606261488855 0.183345527434076 0.12803598577028 0.133713669900745 0.0398516331972428
0.263886719075487 0.194469341079858 0.167431576729889 0.0305340356125418 0.124506195809601 0.219172131692624
0.331084761987294 0.144911313400593 0.208566765709106 0.162706468669918 0.0146281156722426 0.138102574560846
0.419158652247687 0.0429186693679019 0.161397957288878 0.0406202000112125 0.299348853610313 0.0365556674740072
0.119331404018358 0.0138424938081461 0.350880323168699 0.29586149198994 0.103973096127752 0.116111190887104
0.138386692664407 0.164514339856659 0.0386869812053954 0.271259582881386 0.131541276269009 0.255611127123143
0.133273433666365 0.107881599089021 0.201189985723114 0.299304910944511 0.148168346818601 0.110181723758388
0.206964077849755 0.186199155272192 0.141970597949916 0.103515680126539 0.143961488398587 0.217389000403011
0.13064340741491 0.247763466951008 0.291659594166889 0.184629502631173 0.0588212195483888 0.0864828092876311
0.172936743842992 0.182022952803316 0.0603147617423335 0.246217815654689 0.16913811048155 0.169369615475119
0.0860144722923696 0.1878128973293 0.137837959620553 0.395134308178925 0.0624121789678166 0.130788183611036
0.273361846981795 0.254537079466056 0.0341431615309255 0.0666899540594087 0.149692200285231 0.221575757676584
0.0836961382104512 0.0469082764615099 0.184244714153309 0.349960118889265 0.231739766202046 0.103450986083419
0.147534907732152 0.215673982431715 0.169675795711611 0.232396579878894 0.0585739753853425 0.176144758860285
0.142245393808981 0.244509446540071 0.0382684158944261 0.278256167032096 0.175093686214171 0.121626890510254
0.126785862699978 0.130390554273735 0.0471541843876772 0.183592915852052 0.283829517476016 0.228246965310543
0.213683320166065 0.14265080399416 0.297640356186685 0.00513896351041274 0.21683277456417 0.124053781578507
0.143045182754503 0.38240951994204 0.167390697951361 0.0130998484841665 0.247955158470976 0.046099592396953
0.189229277003464 0.164190041965764 0.0151578012168741 0.169172346628868 0.419750276218314 0.0425002569667166
0.055098647124605 0.289303075605188 0.229291528315513 0.171987954886833 0.0737026708684308 0.18061612319943
0.115745952376634 0.347909708503038 0.321691637897258 0.0581864157619871 0.07006442752492 0.0864018579361634
0.0629760859170445 0.0125071180971431 0.28883616493423 0.187417819959708 0.202441547338164 0.24582126375371
0.185680263979006 0.230950147120321 0.157817881646681 0.243727027627036 0.17803764976493 0.00378702986202671
0.0918194948416533 0.196086348768219 0.100213715541757 0.221585805335731 0.06844470597245 0.32184992954019
0.189748619728986 0.241676211166538 0.215986638891455 0.144277121671747 0.112787576243986 0.0955238322972885
0.30180929982663 0.0611219738086654 0.292786057143431 0.183668439438838 0.0302082625265983 0.130405967255838
0.136858993473273 0.159380928528406 0.281545537504246 0.0177408001449322 0.15432324042479 0.250150499924353
0.0702928418299911 0.251389787586719 0.177682208509552 0.0811377652386457 0.136139636154956 0.283357760680137
0.217199345032281 0.219243896891216 0.257050604926539 0.0871338229749794 0.152214913619742 0.0671574165552419
0.0985854895442783 0.033814172577484 0.119972613383522 0.368200589700501 0.365036559290168 0.0143905755040469
0.244239458223701 0.16190672291473 0.0565028925777104 0.175999051212027 0.127427996340533 0.233923878731299
0.112168445382703 0.248861891682347 0.105287064105472 0.405731305351262 0.103844795501956 0.0241064979762607
0.0275240899737744 0.161769004833234 0.106678336460788 0.278802102306344 0.0856663484169547 0.339560118008905
0.211527595751433 0.04426344340964 0.227058665476426 0.130049277127304 0.176970676808429 0.210130341426769
0.0361191425426981 0.311873433874916 0.111185576167168 0.156239760179022 0.341599433272127 0.042982653964069
0.0569087835815203 0.402957965548086 0.147435207694002 0.157698345525543 0.0796402632010049 0.155359434449843
0.0699993115673181 0.124224151264352 0.267164454711184 0.260934457101363 0.0686700731216432 0.20900755223414
0.00606704860383465 0.135549378024938 0.302507403954766 0.113990183694433 0.358414468801286 0.0834715169207427
0.0871764905664573 0.229980087054322 0.227446532057704 0.201816517662066 0.0747152263085891 0.178865146350861
0.0780082993599418 0.216399875056542 0.103661213833092 0.294799539537796 0.0768857061440203 0.230245366068608
0.199625440013183 0.0583253459126582 0.167740391736583 0.219339271395273 0.128363536018167 0.226606014924135
0.235620025540002 0.0160639109435989 0.133371330024093 0.0852988681359746 0.51416238552512 0.0154834798312108
0.144138029145391 0.145165795922395 0.118693724655089 0.195410651681182 0.215937049375835 0.180654749220108
0.000275458070717378 0.0271929049460471 0.273597235078021 0.362258272415285 0.0216787281914145 0.314997401298515
0.0245877812720298 0.21299317494792 0.303254186741277 0.2704230040161 0.104837169471238 0.0839046835514342
0.249625567146471 0.239720002994887 0.202988286711552 0.0389899521814796 0.191600599883213 0.0770755910823978
0.165501736817672 0.118270688106808 0.185955369911994 0.245469460076717 0.198521469644381 0.0862812754424275
0.188730691237164 0.155692164255751 0.0825264759614671 0.19244933257516 0.19316848276078 0.187432853209677
0.277679879260511 0.00218279985608849 0.150674800348647 0.252878675851965 0.101219483207142 0.215364361475646
0.10009301061774 0.231670576392594 0.127997456173104 0.214956919729142 0.0883862004716103 0.236895836615811
0.0781507036185193 0.188839843303532 0.228051146753173 0.200542658268517 0.18759482493856 0.116820823117699
0.029187303116478 0.212900901189082 0.252459160554065 0.0990794310074672 0.200971781035893 0.205401423097015
0.0520852995178354 0.276409652690657 0.11327843157276 0.264754886556241 0.0707832325889603 0.222688497073546
0.0501663582655511 0.308412768972248 0.17424104336211 0.206597614983665 0.168767258873302 0.0918149555431244
0.0865775160950881 0.159260580449532 0.0251515443323156 0.322541112427903 0.203086228766449 0.203383017928713
0.201331484326335 0.158693083192964 0.129473978057792 0.0840703593544194 0.236506397666269 0.18992469740222
0.167028677657236 0.153200952224704 0.277529259710021 0.0779499346819628 0.17549191547683 0.148799260249248
0.0816240463123667 0.200207151466572 0.367680531279886 0.0197097605861004 0.306798361488594 0.02398014886648
0.0673645967466068 0.254736153444839 0.204664179848388 0.103285473848671 0.139242864126625 0.23070673198487
0.0753131973792962 0.235842145322679 0.11886636628719 0.0746172698498887 0.265881326994535 0.229479694166412
0.200249571517682 0.108034864283985 0.165753722012282 0.0834467496106116 0.228024167378264 0.214490925197176
0.189885383530179 0.138667409773814 0.174789660612106 0.0387510347118516 0.181304482428663 0.276602028943387
0.033991580516184 0.270612560170224 0.16868812941762 0.157630432274405 0.284510450617665 0.0845668470039027
0.0869128304680798 0.0561008475108748 0.37303874608294 0.164241810209479 0.170308703441705 0.149397062286923
0.161784564560495 0.0265512593696819 0.218446347516624 0.238679506857648 0.223139822026484 0.131398499669067
0.20561789776357 0.184674366894652 0.129971959000965 0.147697762616436 0.113784905660783 0.218253108063595
0.283158239962857 0.140747442080905 0.139303125488353 0.0486693573557293 0.265953338960132 0.122168496152025
0.0312506574412072 0.0780782064377349 0.179162203664343 0.251984628655772 0.198894301798292 0.260630002002651
0.347328996199287 0.0631905435638425 0.154785371147594 0.195370408691129 0.216636498646899 0.0226881817512499
0.0707074124749093 0.0120134226763533 0.213537479218149 0.236877605773578 0.222458389403397 0.244405690453614
0.0267857198179788 0.165526485525915 0.12590410293472 0.269085777264638 0.349999845323191 0.0626980691335576
0.35430408723452 0.113144962167262 0.0468172087463342 0.381442627551911 0.0793465270433151 0.0249445872566575
0.39586579290673 0.115002131806826 0.191120547660076 0.109502935677769 0.172603313139521 0.0159052788090786
0.0970055865673564 0.181969721784745 0.089422356592601 0.241644592902155 0.194706843741778 0.195250898411364
0.119432298996098 0.125256866740751 0.394973131695414 0.0102058820552828 0.194933655371076 0.155198165141378
0.0952773429990729 0.187219548219768 0.20843802528734 0.19289669497577 0.062218656105546 0.253949732412503
0.05379970444756 0.0717728311755424 0.336541712769376 0.175083582452318 0.225220367906661 0.137581801248543
0.423757675098839 0.190493534745685 0.0715992671060108 0.121480521794248 0.161243822560272 0.0314251786949456
0.178802263243459 0.22698391012887 0.0611279188729932 0.262319626571542 0.232676723339862 0.0380895578432733
0.317762775918891 0.146874896520139 0.220470230355002 9.73873029451842e-05 0.196440890083987 0.118353819819037
0.281948678831695 0.0183063680091551 0.0538777819544733 0.309119112240603 0.147017163883924 0.18973089508015
0.0154722996594581 0.0358082387603198 0.311706768768904 0.261196282160669 0.229513561036046 0.146302849614604
0.273772222784542 0.0354359209698944 0.219453840590734 0.201062853778324 0.234639691698726 0.0356354701777797
0.171792775042202 0.106823228518356 0.149968988627954 0.217645951369349 0.190063010501052 0.163706045941087
0.329679828817999 0.0910487861813244 0.211856251183435 0.311935129022073 0.0522816467783112 0.00319835801685707
0.0217416175551909 0.304575335149927 0.291849993604758 0.164206305959417 0.037599828349898 0.180026919380809
0.259186332354871 0.15310285140737 0.144096885412438 0.00649413446080025 0.322850592086805 0.114269204277714
0.283316783345128 0.0500273360691263 0.155569256997968 0.0736742650367472 0.114631847845655 0.322780510705375
0.0805166747295559 0.0702779692423115 0.285842665245295 0.134904408566504 0.156817176380561 0.271641105835773
0.102157859545658 0.227708821824248 0.251199432581234 0.132899214085825 0.223551173647536 0.0624834983154997
0.290498209571547 0.390460225738164 0.0873256353200947 0.00101725545179031 0.165864245253395 0.0648344286650084
0.0614714445629709 0.210392151438176 0.252677733780507 0.039537034257909 0.312145309597842 0.123776326362595
0.179196354327526 0.224217738684065 0.239508722706075 0.0246355270830605 0.166422734373652 0.166018922825622
0.0724390033966272 0.372162661189165 0.0479874540432585 0.135018003883933 0.167480582505907 0.204912294981109
0.209733540157626 0.091694874471801 0.193222354175494 0.0889095317735115 0.221283766081281 0.195155933340287
0.197614381471736 0.226289863132405 0.262658546354649 0.15993129134948 0.135464922721856 0.0180409949698745
0.0263372656437467 0.309558113880149 0.254422009593584 0.127971585834258 0.0104437735045554 0.271267251543707
0.0974743316646541 0.140165320540322 0.154730848535442 0.244011617032937 0.072620945747272 0.290996936479373
0.272077841126441 0.122816773066688 0.244547195876635 0.0228571977361307 0.274685833179679 0.0630151590144264
0.223459334097126 0.22641928451468 0.122056020571155 0.143012336029943 0.154102008135143 0.130951016651953
0.217635289755207 0.218789397798171 0.0504918172654837 0.169160335515644 0.12624922082877 0.217673938836725
0.0992707594707069 0.165288582464333 0.25075840361496 0.0329031614619991 0.270224536613938 0.181554556374063
0.224870883593063 0.0872224707206505 0.182785455711195 0.281861091302621 0.166850188433681 0.0564099102387895
0.228127509294449 0.262096085964871 0.116669499168558 0.244756855282209 0.144383252836116 0.00396679745379717
0.194675531220837 0.16373565652923 0.307062088065392 0.00438467901590143 0.100267867283451 0.229874177885188
0.330698688685087 0.191736835051235 0.0930080930332967 0.0858391718729037 0.2052647281795 0.0934524831779778
0.055233913421181 0.271013008340657 0.0589995056709199 0.0969613637175201 0.25086820254545 0.266924006304272
0.208027492186019 0.187943444446433 0.199863484418491 0.189821811218107 0.0719106138766336 0.142433153854316
0.194188562153443 0.0713241954873571 0.220017125902824 0.267201730176465 0.0806186100871219 0.166649776192789
0.16714226776173 0.158220643928046 0.176417511657431 0.157209080318059 0.24768953507968 0.0933209612550528
0.149090095833307 0.148968729390049 0.265763447125625 0.0210988870535408 0.268904135122855 0.146174705474622
0.172604864229008 0.0986530100885626 0.165804804064152 0.112348339382877 0.191963117582368 0.258625864653033
0.00127663019003574 0.183726941308358 0.28458404261625 0.285249243147692 0.000344895550155009 0.244818247187509
0.013182825446849 0.00389981503367956 0.251061398556583 0.0349357544831119 0.360694760950998 0.336225445528778
0.18449122505894 0.113622547445436 0.0433716006040999 0.261944183225587 0.237986665956373 0.158583777709566
0.0335239774312223 0.212358027131059 0.233208027836345 0.217448816565633 0.26624374760913 0.0372174034266109
0.250579601208506 0.0351638908744878 0.0329312439774134 0.142203935070811 0.241971000521481 0.297150328347301
0.18750773077652 0.069530492183208 0.423421388135367 0.148472055949291 0.14738763946881 0.0236806934868039
0.00699645854475087 0.368651789718366 0.0175404887727284 0.304895342383356 0.206688356092546 0.0952275644882527
0.242972651503958 0.160057824379904 0.167588661030685 0.194980209817775 0.21632427629956 0.0180763769681174
0.177470961077254 0.0472699699336737 0.272452698491003 0.228542666383553 0.118632360788383 0.155631343326133
0.214986772745748 0.159833021758557 0.242002786063383 0.120049790859212 0.0397222168001117 0.223405411772989
0.0274898568809887 0.334984593007165 0.138989683094946 0.122384528450299 0.0265451359954123 0.349606202571188
0.407024550029277 0.0861944737345366 0.0501231594223931 0.0708648814421134 0.334468144271864 0.0513247910998158
0.00279501841504482 0.0762417326315807 0.0664239030467886 0.34157605943874 0.151206614350547 0.361756672117299
0.293778477971743 0.0569569109711462 0.280066207648216 0.134782550943546 0.127669210022962 0.106746642442387
0.200554763181792 0.0877682440519145 0.0631514870348074 0.139198999830425 0.121789898212006 0.387536607689055
0.200177103462545 0.175889734743638 0.16224921689536 0.0913847173684307 0.198854312543563 0.171444914986464
0.264988921494336 0.302023322744345 0.0942984417506482 0.295696138485246 0.0309620151538375 0.0120311603715872
0.132616067282199 0.277874151239521 0.171985217917126 0.158381468450893 0.0248818255748972 0.234261269535364
0.115983331627281 0.111813984135887 0.297174578168378 0.232299633636111 0.0261245862451015 0.216603886187241
0.0169449099398629 0.191400844315872 0.215180702874768 0.0611888173620296 0.164505191864204 0.350779533643264
0.174806878038459 0.00739064441345916 0.223852021090956 0.209177662682662 0.0149951604682012 0.369777633306263
0.27324322855631 0.223015469769318 0.219773524234105 0.183708561014176 0.0969121570246092 0.00334705940148068
0.328870261811474 0.0205606614616039 0.0720907439930636 0.365870832349703 0.176163597887337 0.0364439024968188
0.161381171110743 0.134560226106501 0.163031383525266 0.133952091468731 0.260915920938242 0.146159206850516
0.0403173243376272 0.207661562785445 0.284100313110033 0.218953641359579 0.12636547550944 0.122601682897875
0.0299371314249798 0.0762534038918446 0.272970484625325 0.115922886465428 0.156208645335191 0.348707448257232
0.195040892864988 0.0822093757011751 0.0436387896799407 0.286166628499371 0.350929115328119 0.0420151979264065
0.0197035852404615 0.347550309351749 0.0134577059203933 0.0873283705548608 0.382555594698951 0.149404434233585
0.00528305754633735 0.162138927991531 0.17973442479821 0.230937402247688 0.0171376598669997 0.404768527549234
0.0190900288501182 0.182687769270281 0.233162575404672 0.214412031564341 0.218021978018131 0.132625616892456
0.302070000763678 0.296364543906725 0.0213442608634073 0.25575938428868 0.0391034701950516 0.0853583399824578
0.216421325732566 0.117403148967341 0.224681329458028 0.18951536865557 0.107912500694836 0.14406632649166
0.31179318549547 0.0685546390928851 0.170940207663015 0.150732834575921 0.230261136032094 0.0677179971406153
0.0657949507430875 0.0995596813948345 0.203526825467075 0.199274349455192 0.0884746977913693 0.343369495148441
0.000626196069721843 0.0623066301157807 0.0991800514391405 0.246736605854688 0.38919245221868 0.201958064301989
0.104012040225715 0.282381272596645 0.02834983888788 0.292978632687421 0.0798439444552701 0.212434271147068
0.0857451759813819 0.22067569531834 0.235788169479497 0.172445738338297 0.0826432304567173 0.202701990425767
0.129092923871561 0.247559010201937 0.251640761293188 0.139536797722478 0.212924920311707 0.0192455865991281
0.0620221492940018 0.144507069366885 0.230680964696344 0.183604792149082 0.125680979234192 0.253504045259495
0.0492641352280637 0.310433442993315 0.171382861790825 0.2568250306225 0.0282737350362806 0.183820794329015
0.156899552654913 0.307319947733536 0.0931935817953686 0.217381541111456 0.137382297511088 0.0878230791936385
0.187741892173412 0.277791464577403 0.278940757427706 0.154557921877802 0.10004657298474 0.000921390958938007
0.267462561623772 0.0612592695675434 0.0631711325770057 0.37075766935456 0.120232952745051 0.117116414132068
0.371363256307522 0.0161035907015237 0.303498753085441 0.0210819935818939 0.0907435629316473 0.197208843391972
0.148230896757943 0.0781956492361542 0.247854319348789 0.139845074036173 0.245410151302164 0.140463909318777
0.163216666390573 0.197973011489055 0.115010157286358 0.185003171487658 0.17771231087461 0.161084682471747
0.162324922184139 0.0981667633249431 0.180570237093581 0.289544340202092 0.221289254038359 0.0481044831568865
0.0199978412907251 0.299692933705675 0.190710513155631 0.249763862523766 0.101806754408698 0.138028094915505
0.102285096360359 0.0434022316145695 0.238880123303404 0.229093023046799 0.158714728501455 0.227624797173412
0.156508322234124 0.325565375572894 0.179308767934448 0.0162956391351876 0.0537620829549511 0.268559812168395
0.0822056967541445 0.159282544748612 0.0180419289103418 0.331184536311553 0.146484786188675 0.262800507086673
0.176713718068229 0.182255206041492 0.153897063150664 0.144993982054133 0.20626604415567 0.135873986529814
0.458950429492135 0.235379905800448 0.137256380213142 0.060495652371732 0.0799376126531667 0.0279800194693775
0.220693566409235 0.220485298725975 0.0743603673188289 0.216181448565955 0.110173572213262 0.158105746766745
0.0362840719191018 0.325101717051787 0.0201721487484151 0.243379244814045 0.0833871355442481 0.291675681922403
0.255601012404103 0.0802965670851743 0.256958573936456 0.181651663024177 0.215885060845488 0.00960712270460112
0.173524325400494 0.303528340862689 0.0699316049169193 0.1947251188463 0.092511293287977 0.165779316685621
0.311404727244517 0.256596585140408 0.0602874178811467 0.0314509042967929 0.231456600629544 0.108803764807591
0.056085921425618 0.000428742778423009 0.114090822373233 0.219523679974647 0.309411642384569 0.30045919106351
0.0373288024229374 0.184758733530613 0.247066786192712 0.0691041861899038 0.215966240152014 0.24577525151182
0.151064135191507 0.231211227894521 0.158724596042743 0.213983281646357 0.0823040458416666 0.162712713383206
0.187409745776553 0.250492885787943 0.292099578289714 0.0597289674912617 0.0228601586025266 0.187408664052001
0.300016581844766 0.0264077821595699 0.20534575455416 0.0750863569613832 0.354161333518195 0.0389821909619258
0.155033171331675 0.174395367538293 0.188906683396031 0.136318641672931 0.0147827745283414 0.330563361532729
0.0852412627557997 0.295601212440399 0.0505544734736318 0.0252431778013507 0.0455944024374733 0.497765471091346
0.136873174586995 0.153759686768563 0.127491446463223 0.197111118879148 0.221554412145112 0.163210161156959
0.114147639778505 0.289231575087099 0.21334054677912 0.0958075548277456 0.0715178259035657 0.215954857623964
0.0499195653822179 0.0882623966667092 0.277510876465997 0.3799620610732 0.0973882062960703 0.106956894115806
0.19050441975905 0.0793402814425259 0.097088379205794 0.29463359386724 0.232573214520934 0.105860111204457
0.0472117263549334 0.142342477279724 0.154458423118778 0.197060681520704 0.306034507207921 0.15289218451794
0.153763885336775 0.183187888663378 0.22181140709322 0.151751447960791 0.0855368965186663 0.20394847442717
0.229538877993286 0.203153636377058 0.229474306510634 0.100930550061353 0.194805829424767 0.0420967996329004
0.374443410648417 0.0366593361407148 0.104033497532724 0.078439247977197 0.0349958988069383 0.371428608894009
0.135516098524683 0.316045457352381 0.18448847434269 0.107543064575437 0.00319273395531093 0.253214171249499
0.187980190648823 0.202570432034064 0.277761957530874 0.0265563056340948 0.268487137413142 0.0366439767390023
0.247125061269684 0.161013138757443 0.156401741161512 0.104917605001538 0.1458985291915 0.184643924618323
0.021308548214075 0.173137722564829 0.30598521113999 0.200819106935747 0.115405485512075 0.183343925633284
0.178978763806036 0.266465857147319 0.186758066763973 0.114735361646464 0.194805078973107 0.0582568716631005
0.0133762779026142 0.01246528227177 0.346013536084277 0.218849940645259 0.216262446663465 0.193032516432615
0.197863052544629 0.223846153441269 0.128687121708995 0.0274850417955081 0.221925014486851 0.200193616022748
0.401901847432619 0.0386934247461716 0.177081015867414 0.13726916937535 0.0993483005504667 0.14570624202798
0.0428653688090015 0.146277640678158 0.179931578153774 0.258072574269328 0.23928799642012 0.133564841669619
0.299971139640932 0.11656492411721 0.0248492990344763 0.129259214842858 0.113626878810012 0.315728543554511
0.0120890627416817 0.281595645324603 0.255800532070712 0.152753182988019 0.213496975020448 0.0842646018545355
0.181367595787902 0.17549092964668 0.164175361641606 0.129542542639858 0.158035243188029 0.191388327095924
0.0412582812178075 0.101693316749599 0.247808341062781 0.0759582207410083 0.250079304858287 0.283202535370517
0.280628855487629 0.00546319754843288 0.427361951223895 0.104211966000362 0.0380092112088404 0.144324818530841
0.186287632215364 0.266394796638997 0.1251797615331 0.167510109516544 0.0545697567958179 0.200057943300178
0.165944106763721 0.010574126142327 0.239176815166366 0.225469294382502 0.23424758070693 0.124588076838155
0.252180430546284 0.157064452602862 0.295491613117897 0.176072524787104 0.0765220281725568 0.0426689507732968
0.198419367840993 0.155254051985059 0.229468769442327 0.26111265561464 0.0352494599136946 0.120495695203287
0.325291141284589 0.195049501464053 0.161812549306426 0.0257707257091588 0.189678524354871 0.102397557880902
0.129727003435272 0.126555927607608 0.263576005864605 0.0676044200571254 0.349051175416892 0.0634854676184977
0.30584841723251 0.0609210688481634 0.0857264379034915 0.0662885952682452 0.233986800713086 0.247228680034504
0.219606455968524 0.238424277289343 0.0293191494680592 0.180506237100714 0.168965601713553 0.163178278459807
0.319600522711148 0.125780168183033 0.250397262017501 0.0208014103457148 0.0459081674230845 0.237512469319519
0.121976689604784 0.318068533781797 0.157905309642196 0.0792929660591729 0.192119010639239 0.130637490272811
0.170081755678278 0.124597674718862 0.0640388519987272 0.308501241462035 0.26207029377227 0.0707101823698272
0.237314016523486 0.0172131932462433 0.336669859580528 0.231062701867041 0.024032509863963 0.153707718918738
0.166533528685334 0.174896033625623 0.115321914074847 0.176758912903183 0.11888271665655 0.247606894054463
0.135544535345864 0.0858811772770173 0.231701050995006 0.267948234581615 0.274148000761246 0.00477700103925193
0.173119110218399 0.264557744624714 0.306853647194344 0.0273247308643496 0.173560875800141 0.0545838912980517
0.167882049456134 0.244078993414696 0.141362477245766 0.157972202247136 0.0639930894891529 0.224711188147116
0.0732425032620423 0.318810154628952 0.0528783953540805 0.131963768896477 0.203074751816309 0.220030426042139
0.264424003620353 0.304328190170913 0.136865851368882 0.0900187290175718 0.0635811680353922 0.140782057786887
0.146308876442547 0.135927972179863 0.326433231387396 0.151349580239067 0.087711437205387 0.152268902545739
0.039669928046841 0.178672965972532 0.268195152441443 0.0124977903074778 0.263422873579974 0.237541289651732
0.00346755953834318 0.274094794792877 0.0816312870404364 0.236471242505559 0.273637994461368 0.130697121661416
0.214490577867565 0.276513376337432 0.14281990790909 0.045966501013406 0.0706567582954785 0.249552878577029
0.0272655501962064 0.247360724891801 0.269718306145194 0.0365925872768356 0.138160603455609 0.280902228034354
0.0562446271010456 0.208912302873438 0.301481360430679 0.103955341962512 0.14406937657952 0.185336991052806
0.333333309075116 0.300260323624419 0.00853935603914418 0.149456196841662 0.187614021757439 0.0207967926622189
0.250185581656456 0.0852340320494742 0.127527004396468 0.167182034798291 0.0867313527908343 0.283139994308476
0.263122552136537 0.0591757643485024 0.294947017025106 0.0749729766492175 0.0807186920547548 0.227062997785882
0.196742479885674 0.199964655766749 0.110905914197744 0.182678243296763 0.148827263591699 0.160881443261371
0.393906264384741 0.000355122764438063 0.170966617313018 0.120959763929269 0.268110202202553 0.0457020294059808
0.327941933569263 0.0485852544639354 0.0819667329806932 0.130294397359503 0.205221975643756 0.205989705982849
0.253731088303899 0.0827879758343358 0.230489509383813 0.103856879938526 0.138973590495939 0.190160956043488
0.255743827678078 0.260703401310197 0.239523410558595 0.130949355996506 0.0679484834793989 0.0451315209772251
0.126668285860369 0.148213998758353 0.159504077895601 0.0314305731063468 0.284173882561497 0.250009181817833
0.140427432208697 0.0641436657972675 0.223820902510433 0.244252223568852 0.248194671373463 0.0791611045412879
0.00509315823334563 0.143350894917948 0.225191495228865 0.294734286968535 0.197666044068711 0.133964120582594
0.0947649885223965 0.215727158114781 0.194981881942504 0.129595143352228 0.232189156593594 0.132741671474497
0.3431821658111 0.0363650236906634 0.00402363756739865 0.0399609982856109 0.32349839044114 0.252969784204086
0.115525812086157 0.0235941903680941 0.263387829459519 0.29022765232065 0.0586325173291308 0.248631998436449
0.250862292523016 0.256536193771505 0.217494332188099 0.0710212708441458 0.0652669415551898 0.138818969118044
0.320386038949278 0.0721535087372682 0.0505237249235466 0.184193999135099 0.0514199187905895 0.321322809464218
0.0533134119345533 0.223669827183805 0.213356143068829 0.0552684151299599 0.202072883627191 0.252319319055661
0.0978885787928 0.229371624634224 0.117218096279847 0.352766266722632 0.200594987701388 0.00216044586910942
0.221597442965039 0.180261367121266 0.0616661848549204 0.272506000742272 0.241573223805522 0.0223957805109805
0.183512234220714 0.170204895663046 0.0375590140163262 0.103637442414923 0.372282682014952 0.132803731670038
0.110341944116278 0.0673759326115175 0.281279359489728 0.272554041116043 0.139909040342419 0.128539682324014
0.287687572815949 0.212787241697284 0.160652485352521 0.19334211267448 0.0573301412499193 0.0882004462098463
0.41053979430705 0.0421566862514817 0.248501156065812 0.0996838477328902 0.00452472759140524 0.194593788051361
0.319512210637953 0.309516998058029 0.0710015347728217 0.0549509240346601 0.114426655214285 0.130591677282251
0.449583776382327 0.271023627315158 3.60851640654408e-06 0.0623751278640512 0.0649787209477913 0.152035138974266
0.145055936566122 0.109259828870134 0.151024965221232 0.284253274995524 0.0575521536906292 0.252853840656357
0.131045896075614 0.0321583972610232 0.132378946228577 0.22150422837574 0.256632989606689 0.226279542452358
0.244482109645527 0.223749206534351 0.203888314285202 0.0392044740009506 0.249648024805458 0.0390278707285116
0.0165300331834969 0.139401721467144 0.0413868722858325 0.219522427698737 0.296580776110434 0.286578169254355
0.117941295121976 0.189123717928827 0.253600780109043 0.245365252462383 0.174855655978849 0.0191132983989214
0.394448346118209 0.057869345334483 0.13720565266745 0.175335492101893 0.0241549624425175 0.210986201335447
0.290854616904948 0.17358162756333 0.0644962020209077 0.00724268305256898 0.35227624327029 0.111548627187955
0.27888156535057 0.0383219397234063 0.0318078072952274 0.291101241516857 0.313349972456973 0.046537473656966
0.150459296086742 0.11433259680273 0.122480783963572 0.413372575157985 0.0569688863672023 0.14238586162177
0.111624499737947 0.0940341976656801 0.192278011013607 0.22682183740494 0.165193031248955 0.21004842292887
0.0721115218889979 0.109843234861148 0.28396972436553 0.302840684375842 0.227703677488262 0.00353115702021952
0.0922510073051246 0.078546561064611 0.0827938074856598 0.0944113116512467 0.210755482202895 0.441241830290463
0.366106430064304 0.00945289336772041 0.115485439793637 0.318621473514463 0.16470738625512 0.0256263770047553
0.328878819810956 0.131054850250883 0.355655460684066 0.00551166600931567 0.00283145180052757 0.176067751444251
0.0392080634269323 0.318170455173361 0.0208245539055288 0.201374176510798 0.113514980380266 0.306907770603113
0.131557752317647 0.198305750115029 0.244473147830492 0.0628794479221054 0.209683449797575 0.153100452017151
0.0864339579291939 0.183151284631042 0.221494951417418 0.200263475075728 0.126831040433384 0.181825290513234
0.0142768037925886 0.0284654736465707 0.420841968433128 0.119699367712708 0.131808412994957 0.284907973420048
0.280281971230809 0.108793778336912 0.0423208951255187 0.163044915577178 0.223521677547838 0.182036762181745
0.164658829210339 0.191527113720511 0.180096469935359 0.170020018345591 0.203463216318595 0.0902343524696059
0.249565483381759 0.0759745053923474 0.242768135561559 0.0822876962883547 0.12292613638955 0.22647804298643
0.0429157010141062 0.310701825014804 0.117224340847567 0.2069591593032 0.115958822746151 0.206240151074172
0.153741553232659 0.218130046347851 0.0835806442488592 0.273549914255227 0.108366422773397 0.162631419142007
0.245328715751674 0.293277072251756 0.254032660327898 0.0509938306875195 0.121830270075357 0.0345374509057962
0.0145860908350526 0.00893355913012049 0.0302204681053946 0.572722107824029 0.059214472385011 0.314323301720392
0.36031283256469 0.059044842955859 0.187734678342899 0.0975575230219763 0.191589180474916 0.103760942639659
0.0475496932206066 0.186436557625792 0.178612868777918 0.0933083567973983 0.157049976735119 0.337042546843166
0.255952018272543 0.138670486484506 0.173209862618505 0.0369885960125828 0.12354960296901 0.271629433642853
0.00740942923651345 0.146645575380101 0.164559698093863 0.140770365267948 0.171877611918295 0.36873732010328
