0.373534494279626 0.311080507796441 0.214270819584492 0.101114178339441
0.315208951563786 0.0267742128562213 0.340279473791671 0.317737361788322
0.214709005128367 0.333306591478895 0.0963506236874527 0.355633779705286
0.114970717141205 0.0807839242267043 0.396260106764517 0.407985251867574
0.252475191634935 0.306880425369928 0.133636767938821 0.307007615056316
0.227361397836825 0.324894288229472 0.146543565732027 0.301200748201677
0.375000830847108 0.292539361868296 0.124205916027991 0.208253891256606
0.346944147127439 0.200642691599997 0.170253729855881 0.282159431416682
0.278597622650626 0.147991004132758 0.166420917648533 0.406990455568083
0.187551569715845 0.317932772239988 0.214680615104631 0.279835042939536
0.147160211091809 0.268420891461958 0.0804949395802002 0.503923957866033
0.0594597909830337 0.41191747521486 0.385888767252271 0.142733966549835
0.00381802210113425 0.334273131304322 0.309217635480519 0.352691211114024
0.372898338312803 0.061514093682417 0.269774793679875 0.295812774324905
0.547567167771696 0.100947435481648 0.28254026783109 0.0689451289155655
0.0447042961241931 0.0300131119373682 0.458144530011936 0.467138061926502
0.0343040033277282 0.383351279944859 0.300126812059208 0.282217904668205
0.282706682148089 0.217079757252095 0.0561002328345476 0.444113327765268
0.30178346470151 0.257095644704488 0.146102385763323 0.295018504830679
0.474499412244968 0.199295657862429 0.23095646399172 0.0952484659008825
0.414671458544251 0.126524228606467 0.307212732285836 0.151591580563447
0.421822158611892 0.346709214259523 0.21211400996617 0.0193546171624152
0.434960661422167 0.0124482774490158 0.504388474280183 0.0482025868486348
0.118748558294278 0.194056326043094 0.368872189360692 0.318322926301937
0.298052558338106 0.323640682131796 0.101872967698566 0.276433791831533
0.360306278755271 0.481575316236025 0.0599639949296192 0.098154410079085
0.0223306605761006 0.444663294481723 0.383690006275516 0.149316038666661
0.125009233278634 0.121667587588015 0.167864873315083 0.585458305818267
0.271222482060664 0.21505259947169 0.319837351194531 0.193887567273115
0.15726255657952 0.315039060106475 0.331314571354146 0.19638381195986
0.220007489860354 0.217249848548496 0.304424801327113 0.258317860264037
0.240388086050411 0.205035668305982 0.278706170898008 0.275870074745599
0.261614316755677 0.383039743064696 0.3130631991688 0.0422827410108267
0.537154151137647 0.134204358991898 0.220584450357576 0.108057039512879
0.106101808596156 0.261664088305937 0.578929597651229 0.0533045054466779
0.462194296481648 0.0840732973421815 0.123390645521887 0.330341760654284
0.310375188049738 0.243171641098647 0.151651336704696 0.294801834146918
0.266045884221763 0.383128707957591 0.25735030306268 0.0934751047579663
0.118842505465946 0.442506457612677 0.402465763489205 0.0361852734321726
0.373742630380218 0.0259591759918961 0.0508246818962555 0.54947351173163
0.202854419616016 0.273105538383884 0.179240132444529 0.34479990955557
0.277634571916313 0.31871922764595 0.0484273337374455 0.355218866700291
0.130812793144231 0.113576631212405 0.392079882053245 0.363530693590119
0.276303592315675 0.252772935814637 0.0430227275016802 0.427900744368008
0.0400374816265296 0.44941701000099 0.445796076212397 0.0647494321600835
0.325690354974825 0.253575079373686 0.268533476498567 0.152201089152922
0.314296911147922 0.155631615458315 0.385391451170503 0.144680022223261
0.296220462576947 0.195975858713254 0.382053931365683 0.125749747344116
0.15326380354259 0.119518926257741 0.135065465104049 0.59215180509562
0.218080634092461 0.313025255455877 0.297048023130362 0.171846087321299
0.426156709634998 0.26060536999765 0.0898887799340401 0.223349140433312
0.331928289996624 0.405564030902265 0.033473799056911 0.2290338800442
0.352170780780762 0.279540038959316 0.279439099880546 0.0888500803793772
0.190138215239177 0.406999991765705 0.1828027959545 0.220058997040618
0.303631536439989 0.382638364168085 0.140274813471548 0.173455285920377
0.356860659284112 0.105358971471543 0.395015984692746 0.142764384551599
0.297622818990163 0.39374717061869 0.105843821246283 0.202786189144863
0.200533500009349 0.274856313824814 0.250371199481791 0.274238986684045
0.344884918715686 0.224184172030049 0.38742788661336 0.0435030226409053
0.399744817541 0.148189556970523 0.0738158420180733 0.378249783470404
0.227281544262354 0.269120540174944 0.275661928585543 0.227935986977159
0.163349695224049 0.311077051975345 0.428930237262373 0.0966430155382332
0.49657555017445 0.0917131424421046 0.170852395290437 0.240858912093008
0.288284402337516 0.146341409324376 0.339700695422386 0.225673492915723
0.150108157462241 0.263610662012058 0.19487351992831 0.391407660597391
0.0353295101904495 0.139615706251425 0.305574893073913 0.519479890484213
0.290132028761092 0.271374078106242 0.304109106238201 0.134384786894465
0.253871282644587 0.361609952246222 0.27915814097512 0.105360624134071
0.334688627563036 0.332612710725022 0.331597103009406 0.00110155870253675
0.266154014125056 0.315200820991156 0.252020631908692 0.166624532975095
0.273400456426666 0.492662752790524 0.0524320096241341 0.181504781158676
0.213296685712643 0.274878979475564 0.225527399157669 0.286296935654124
0.205648289287142 0.303964933595018 0.185345037981159 0.305041739136681
0.470425825875647 0.200145740640767 0.262191065194353 0.0672373682892324
0.206281065890641 0.240158792677755 0.257348795067226 0.296211346364378
0.0619604566153551 0.391468664861016 0.382842980756725 0.163727897766904
0.612317632757882 0.22221687754136 0.00245128530054589 0.163014204400212
0.221532577570709 0.343841585831391 0.368914094906721 0.0657117416911783
0.327550168784833 0.220878999407024 0.00564815349932259 0.445922678308821
0.0892313769420835 0.107162268287086 0.353732691675611 0.449873663095219
0.329811999063731 0.156688437578321 0.310961975408631 0.202537587949318
0.0771205536013445 0.24906439892698 0.387572448547829 0.286242598923846
0.0154950745773647 0.297953594488417 0.381476424834295 0.305074906099923
0.103275720698278 0.341029260485091 0.26818264985003 0.287512368966601
0.325658404544487 0.228034855216165 0.436762597369843 0.00954414286950391
0.0574807702425637 0.346774855089123 0.214891990156145 0.380852384512168
0.0300214965052842 0.0025580275263611 0.396214253597802 0.571206222370553
0.211308379845518 0.334695883817769 0.169468859999625 0.284526876337088
0.322799559620951 0.393270716985844 0.2094911613869 0.0744385620063044
0.0795533904913291 0.225753802612168 0.124767934328604 0.569924872567898
0.255642830350155 0.370823672283919 0.0834850719528294 0.290048425413097
0.235968132805011 0.154855770757229 0.162726528868746 0.446449567569014
0.266196163841601 0.222625800724633 0.237008639724027 0.274169395709739
0.297862257341513 0.21633438706721 0.41327599670654 0.0725273588847369
0.363174725679583 0.169524839396955 0.274256060781309 0.193044374142153
0.280664030512122 0.0592679635871045 0.419706667447571 0.240361338453202
0.359808409705784 0.352062697286234 0.228860419203084 0.0592684738048979
0.535285059289365 0.363229801503798 0.038007977253684 0.0634771619531532
0.318307475370525 0.276378734204632 0.260265279626813 0.14504851079803
0.229171880547543 0.255417751333123 0.167571430320226 0.347838937799108
0.256357645280247 0.041524056601745 0.369106690161084 0.333011607956924
0.0961036986074644 0.347763917503385 0.204724165590692 0.351408218298459
0.0771581098349332 0.396981332047338 0.298854970762791 0.227005587354938
0.0988643180313661 0.223711708817137 0.342064507574586 0.33535946557691
0.294375283587668 0.282082052474207 0.14076181275799 0.282780851180135
0.247833691888487 0.331120423914035 0.137783940782262 0.283261943415216
0.334285481177477 0.33535371290207 0.00606573521533763 0.324295070705115
0.127306940329481 0.420458264521227 0.338021109781984 0.114213685367307
0.254526736281544 0.102439198389253 0.341209976082837 0.301824089246366
0.253623577306736 0.320645411364462 0.0788592828282711 0.346871728500531
0.227953604196262 0.371627483309559 0.342786667930652 0.0576322445635268
0.226700230469396 0.287200554378227 0.205261098310122 0.280838116842255
0.319377290994652 0.0229881548097246 0.426460163202888 0.231174390992735
0.436130998050911 0.135413682150568 0.401332924625325 0.0271223951731958
0.110511972239062 0.143858905317406 0.278491555574687 0.467137566868845
0.267917944386979 0.029585767673634 0.465294897486818 0.237201390452569
0.364603735956081 0.174383115892013 0.281397807518068 0.179615340633838
0.103113335656255 0.24474271275425 0.433263561725305 0.21888038986419
0.4307332461517 0.325202234050082 0.193001817641451 0.0510627021567679
0.181848448632366 0.213060543617667 0.236015941260431 0.369075066489537
0.404348705563061 0.399346313867942 0.0186733453247625 0.177631635244234
0.130698019257201 0.108364872865551 0.418433492666414 0.342503615210834
0.0813523495869954 0.458008659504425 0.100732203027648 0.359906787880932
0.382901597966562 0.297305804957351 0.0344569261506668 0.28533567092542
0.170719432059128 0.400481511766961 0.362165766905556 0.0666332892683547
0.14282809593319 0.186655506241916 0.330835093040066 0.339681304784828
0.137059181554145 0.32776533221588 0.330309825239205 0.20486566099077
0.331460191159236 0.289830061780007 0.0992868922466914 0.279422854814065
0.323079665524373 0.425585983399115 0.244864986136906 0.00646936493960646
0.15442342881237 0.173332967612892 0.271823700214335 0.400419903360403
0.272077186062511 0.260832352076306 0.348588364107662 0.118502097753521
0.31876380120927 0.269227274477971 0.344964956098973 0.0670439682137865
0.273156479335161 0.351550860209543 0.212071647199969 0.163221013255327
0.15895688296746 0.255960614700138 0.121044383895604 0.464038118436798
0.0874953901199576 0.399247207870166 0.502434118852486 0.0108232831573905
0.122016466588838 0.35977544862194 0.201638842777475 0.316569242011747
0.358956927954146 0.410953574476203 0.114060095064211 0.116029402505439
0.34478929745745 0.286478299612557 0.26115690117049 0.107575501759502
0.00909405641162007 0.473123899723311 0.294682198967691 0.223099844897378
0.0888237786545034 0.446619916283299 0.433828428759838 0.0307278763023596
0.448012190668774 0.00652388424849618 0.498796375498857 0.0466675495838728
0.382586407740222 0.0265570467412376 0.272689174442055 0.318167371076486
0.484726580501214 0.286609516702815 0.224669164787697 0.00399473800827342
0.00454341469858832 0.421121598754338 0.283236300967941 0.291098685579132
0.119238809651348 0.156859526327936 0.377028243635943 0.346873420384774
0.195481690302655 0.335884501252596 0.292677494185992 0.175956314258757
0.333797232002145 0.433571119201318 0.00358454487561386 0.229047103920923
0.15723279262651 0.263459463787353 0.128347196323764 0.450960547262373
0.37733086709917 0.478837557364381 0.00317460478057181 0.140656970755878
0.197614268120238 0.135181442047931 0.318931793864068 0.348272495967763
0.191610990316584 0.323803361109902 0.141305672148871 0.343279976424643
0.138118502067724 0.270949157001097 0.28782262938362 0.303109711547558
0.0777359875043531 0.305862785591731 0.241356046488314 0.375045180415602
0.0601778292681921 0.355992712189529 0.279966880982159 0.30386257756012
0.029841924846609 0.436568126912151 0.157849998397501 0.375739949843739
0.36839620260065 0.0368126286754093 0.316034521239917 0.278756647484024
0.0969970228570128 0.366512448000118 0.16301425761961 0.373476271523259
0.254839025451472 0.0273310926542762 0.0653078720816463 0.652522009812605
0.190843718220805 0.346108809959861 0.313697997908348 0.149349473910986
0.171254641464994 0.195526078811437 0.53581614922154 0.0974031305020292
0.307022895969391 0.226112525916726 0.395831585815368 0.0710329922985153
0.419450200606235 0.403164463493152 0.132126427195017 0.0452589087055952
0.495339710159918 0.0496866117602417 0.37200532198669 0.0829683560931496
0.301379819716633 0.211322970251438 0.146032379166686 0.341264830865242
0.00248980512931088 0.252834261966364 0.3816800361725 0.362995896731825
0.50261940321951 0.0622354660801225 0.416001335529422 0.019143795170946
0.207217759970222 0.277305627256589 0.219912176026854 0.295564436746334
0.0867878920173607 0.153386070987028 0.378300250204149 0.381525786791462
0.119302909819209 0.236516254797917 0.181359176430031 0.462821658952842
0.168886309039568 0.331989302207672 0.245663715127212 0.253460673625549
0.332390060504925 0.143666591141514 0.318389814345297 0.205553534008264
0.241409765189149 0.330071770725845 0.302446907604203 0.126071556480803
0.290333681618044 0.0716325367484634 0.476156266054107 0.161877515579385
0.319276656711541 0.272139830425686 0.285351016910548 0.123232495952224
0.105569403992419 0.37624410956709 0.392777848717767 0.125408637722724
0.127123936477015 0.0384256542254584 0.439075844690295 0.395374564607232
0.315359709979183 0.274702294593952 0.297633220356161 0.112304775070704
0.223815436248073 0.270888012156359 0.240813412664081 0.264483138931486
0.287428437433526 0.0496108981077633 0.324910170263348 0.338050494195363
0.262369506344123 0.0479375045178006 0.543267116772645 0.146425872365432
0.111695887568817 0.048461544078553 0.761390559338967 0.0784520090136627
0.195778836165567 0.370303076040767 0.0968401838858603 0.337077903907806
0.324481265636077 0.292610776304229 0.00407163166409294 0.378836326395601
0.0216210401431804 0.335404395550153 0.287679008864559 0.355295555442108
0.35872208537201 0.35133123196772 0.0728149772109476 0.217131705449323
0.204255072169669 0.157874302372887 0.301062792663692 0.336807832793751
0.255767447723839 0.259890212873397 0.217541181766142 0.266801157636622
0.297068236750725 0.406967847808464 0.00653706100935961 0.289426854431451
0.336452637500285 0.354265002516668 0.261835643388334 0.0474467165947123
0.586929849377013 0.151415306845364 0.220637552317844 0.0410172914597795
0.12371238713856 0.335541033097055 0.311230949215988 0.229515630548397
0.0774988438332099 0.400128656916163 0.349194449800963 0.173178049449664
0.359715008335314 0.215648227100221 0.0338567449899488 0.390780019574517
0.243519092615629 0.20413634392186 0.189949150479076 0.362395412983435
0.254493311137142 0.325648102738629 0.342085617784863 0.0777729683393664
0.340503758051593 0.389852781617635 0.096663213197012 0.17298024713376
0.165534130000729 0.49232728985916 0.1986964791377 0.143442101002411
0.317670514827007 0.178844636462399 0.194958015680564 0.30852683303003
0.191157434313038 0.340620820252506 0.373312427646608 0.094909317787848
0.24633803086087 0.279930301284772 0.10701497991564 0.366716687938719
0.340952681334576 0.06677383512583 0.321418024130176 0.270855459409418
0.394070565139879 0.299997406328091 0.194235562336876 0.111696466195155
0.444990192220722 0.411976635960007 0.0787951569881619 0.064238014831109
0.297217555206134 0.0910715460699729 0.410623920974706 0.201086977749188
0.279616944630832 0.542161807690014 0.132506117896621 0.0457151297825328
0.283506137054566 0.165966988294563 0.297827627083746 0.252699247567124
0.0922398608699467 0.154988509393186 0.387438072058292 0.365333557678576
0.458078246971068 0.00068238811426374 0.323033226001646 0.218206138913023
0.341401054776512 0.167767336959832 0.176119884015631 0.314711724248025
0.270632331785847 0.128456416237359 0.299102479257961 0.301808772718833
0.0316267993292177 0.141049370629069 0.100340088976199 0.726983741065515
0.233819249491871 0.226800757004435 0.236045651265182 0.303334342238511
0.280463700833631 0.224280199792019 0.266461163670214 0.228794935704136
0.0128342740274909 0.177845913892872 0.495258158522671 0.314061653556966
0.272672896771854 0.175300083589507 0.415117338737296 0.136909680901343
0.265811102281379 0.314459473454059 0.217058644754686 0.202670779509876
0.306732442506514 0.346760881187879 0.0452130944609396 0.301293581844668
0.474730194007235 0.288463727344146 0.113771903217211 0.123034175431407
0.322830752046978 0.101853605185452 0.535370191374065 0.0399454513935055
0.0913528846605669 0.576056517564975 0.235150162519574 0.0974404352548844
0.341192874778165 0.386901360757029 0.153464377743177 0.118441386721629
0.0358086707121815 0.192091994376162 0.448336964031385 0.323762370880271
0.386088669828477 0.0230668593591874 0.344408423607089 0.246436047205247
0.0353151612317701 0.280728921094439 0.355043906032638 0.328912011641153
0.211059651622667 0.170989711552709 0.292624078964155 0.32532655786047
0.0288720769363249 0.326287493774028 0.258344234578323 0.386496194711324
0.296374669949439 0.348452543540612 0.246711425332289 0.10846136117766
0.171714163765058 0.274443461043693 0.185142233139799 0.368700142051451
0.258262047186661 0.2465015352397 0.28165082058031 0.213585596993329
0.259759276011365 0.208352156269775 0.0739632400716111 0.457925327647249
0.0102643351414495 0.251757812644227 0.658996077703444 0.0789817745108797
0.329637843123977 0.0417133777976059 0.282238884272665 0.346409894805752
0.732170315947873 0.216206456111394 0.0204189709211784 0.0312042570195551
0.13659961568026 0.206953917691429 0.40771639152877 0.248730075099541
0.452939421801912 0.0166451460376108 0.197786426173201 0.332629005987276
0.252007121432454 0.211711204252036 0.142025223204979 0.39425645111053
0.15792181626591 0.340445468100677 0.272220429226004 0.229412286407409
0.37618125669343 0.151137676102567 0.377473219402662 0.0952078478013398
0.0850853524963738 0.328920400627415 0.561574978885301 0.0244192679909103
0.423995022880664 0.17061188885137 0.281337616976558 0.124055471291408
0.00976160366226205 0.198585655617716 0.160152446494083 0.631500294225939
0.173169791213348 0.508346893476575 0.00194673020044602 0.316536585109631
0.0912362959342064 0.297697405537501 0.0869065271884908 0.524159771339802
0.134951826083479 0.4117999800099 0.157371535274717 0.295876658631904
0.321267357012881 0.347619808357919 0.0510821297598331 0.280030704869366
0.0807352845994655 0.799193314489754 0.11684292788822 0.00322847302256111
0.15932616776633 0.446710978622763 0.296392185066208 0.0975706685446983
0.123460097540698 0.231796724526076 0.364255548502717 0.280487629430509
0.088133903235608 0.410166322208651 0.0919403893409189 0.409759385214822
0.0303600695888688 0.0716857131979275 0.335779307151298 0.562174910061905
0.13619544892343 0.277326749405154 0.385289859600684 0.201187942070733
0.156580780775791 0.498991220586497 0.14135628297098 0.203071715666732
0.127181584463383 0.279975921147115 0.310821400015443 0.28202109437406
0.287803356756518 0.308763404721269 0.164635764790301 0.238797473731912
0.0451841400645325 0.457715777128567 0.0272531976162213 0.46984688519068
0.025979203505406 0.728728032777799 0.231336438228303 0.0139563254884923
0.412009231635379 0.198349351393596 0.220807710613649 0.168833706357376
0.20079176205249 0.128654934759983 0.114252144077334 0.556301159110194
0.574959034087637 0.0770541674471743 0.230268072651805 0.117718725813384
0.0987564073028576 0.499051169393151 0.329778001581161 0.0724144217228301
0.370335301397726 0.0310463702503208 0.274466814243697 0.324151514108256
0.116893904740337 0.210926025738627 0.27285916736815 0.399320902152885
0.217616847345436 0.384448253852116 0.311432228128412 0.086502670674037
0.573306090890633 0.348473577486318 0.0614007373569366 0.0168195942661122
0.192061707147876 0.283236760006254 0.272577606204816 0.252123926641053
0.0199461151723199 0.260752364940352 0.356496626425297 0.36280489346203
0.414866927644965 0.12163965298706 0.0615179295116579 0.401975489856317
0.0638958651691319 0.213135775725632 0.374587204390805 0.348381154714431
0.620981958568814 0.160747255724093 0.025223886808658 0.193046898898436
0.118499151185855 0.227413707744999 0.297345687790331 0.356741453278815
0.0376365410328196 0.338603188044645 0.338821882069261 0.284938388853275
0.3263685253827 0.234637349934722 0.17062810503797 0.268366019644608
0.471344479541787 0.341118996233394 0.116792596972632 0.0707439272521872
0.212942366102676 0.356148368880731 0.178110021098898 0.252799243917696
0.249731253967753 0.341700114799107 0.274463321738452 0.134105309494688
0.231704914407446 0.383551480815112 0.175171452832096 0.209572151945346
0.20830403910048 0.340390769723125 0.441049211013463 0.0102559801629324
0.127601304239241 0.382289080117488 0.200219208679204 0.289890406964066
0.205305715366386 0.133901598703638 0.13772241586363 0.523070270066346
0.145831037890683 0.239375783291518 0.165573176230916 0.449220002586882
0.100113799997489 0.332983513549032 0.320773785157066 0.246128901296413
0.184684563577283 0.266177425604815 0.131421637209406 0.417716373608496
0.0265701432177602 0.13202180579342 0.352786441547089 0.488621609441731
0.334330047098434 0.304911009385094 0.30041206869708 0.0603468748193927
0.195695937654551 0.113355541967922 0.647837092119366 0.0431114282581606
0.361286443207056 0.158900485362019 0.263719840557888 0.216093230873038
0.439572583719919 0.244278451150874 0.112679620511543 0.203469344617665
0.134732003411492 0.102378766566345 0.208625757726918 0.554263472295245
0.0342418107338774 0.495008367842748 0.0706139249817346 0.40013589644164
0.379506081388842 0.363042011849283 0.110593448982159 0.146858457779716
0.106881373338194 0.380393037968686 0.356518837429732 0.156206751263388
0.374146259916266 0.0650656037345222 0.425551272324866 0.135236864024345
0.318716998375691 0.0918214879093858 0.344294722705667 0.245166791009257
0.247175712687496 0.28933013398106 0.214141176939715 0.249352976391729
0.0244821973467791 0.237298902448259 0.154480847074871 0.583738053130091
0.311660406429885 0.365120461860891 0.179548192547207 0.143670939162017
0.33670733621641 0.169123715191046 0.306867667759284 0.187301280833261
0.0856772847458787 0.298383692444686 0.311103152944022 0.304835869865413
0.198068397638901 0.10869245270459 0.302968894218617 0.390270255437892
0.26026706394044 0.302033596100702 0.256683557255222 0.181015782703636
0.352444684724286 0.0679323482270602 0.0979512978392185 0.481671669209435
0.51223092212527 0.118029950682342 0.230258159200749 0.139480967991639
0.303236431323929 0.375352072678446 0.0945664590730946 0.22684503692453
0.130287252476755 0.0746807010707237 0.37338752135661 0.421644525095911
0.173359152115322 0.278524088314743 0.264241555580329 0.283875203989606
0.231723570514957 0.106138548726651 0.274111533420385 0.388026347338007
0.350350369722172 0.196173643002596 0.186389247780398 0.267086739494834
0.00417805782719908 0.622616774706722 0.241631202136753 0.131573965329326
0.370333556166069 0.271299413028914 0.295436263249389 0.0629307675556285
0.128317243720882 0.0870665686052909 0.479435476290939 0.305180711382888
0.291882456518674 0.172126905577905 0.439699236198037 0.0962914017053845
0.190135060297553 0.319578928118735 0.179211200660258 0.311074810923454
0.27369036521074 0.12153951588997 0.189697724484196 0.415072394415093
0.0573494000414025 0.565233864785149 0.139830443761008 0.237586291412441
0.2497006304204 0.243966391348049 0.362972989274021 0.14335998895753
0.0831838702279794 0.204992178718556 0.622573190688233 0.089250760365232
0.0644700049770082 0.43909262874563 0.170053516199845 0.326383850077517
0.363723739827832 0.316877373751751 0.149639907830075 0.169758978590343
0.0367841005277191 0.329693888870703 0.304802087677672 0.328719922923905
0.355047501487426 0.175579974517397 0.144712782051174 0.324659741944004
0.273327749875882 0.39714232962451 0.0903041011384334 0.239225819361175
0.386419687547581 0.0145178829300521 0.389413403738395 0.209649025783973
0.153777487207869 0.15281571072915 0.564380698093844 0.129026103969137
0.462057676622745 0.174321200585195 0.00358456476317335 0.360036558028887
0.00588830252104238 0.513669007819091 0.460085271798695 0.0203574178611711
0.114516702134823 0.129565722960141 0.534275574396971 0.221642000508065
0.35684942262006 0.136192945472677 0.441682289059738 0.0652753428475254
0.261251590598798 0.271071645815793 0.156113232439045 0.311563531146364
0.356457649806231 0.0968428057683157 0.136859601600943 0.40983994282451
0.361273373777781 0.0833894836384362 0.105878676047725 0.449458466536058
0.613638772697075 0.0869900995836162 0.268424238388281 0.030946889331028
0.27558509291248 0.207993730271709 0.309713435512764 0.206707741303047
0.277440617131184 0.479194287577891 0.209621225261059 0.0337438700298665
0.00746106491939097 0.401843345686878 0.42992493844215 0.160770650951581
0.308058070865952 0.148016532102162 0.384533481974269 0.159391915057617
0.270434243892892 0.286464327741145 0.261141656729978 0.181959771635985
0.300203690740719 0.193372463323194 0.0356460870852791 0.470777758850808
0.0303775119824257 0.34805283865637 0.452392547782593 0.169177101578611
0.0565916906202748 0.303934757062557 0.328877125575971 0.310596426741198
0.275802896230854 0.307611264541076 0.20154662659388 0.21503921263419
0.239914887861493 0.169939119362055 0.270170304455972 0.319975688320481
0.358018438349337 0.106170606347208 0.503804820637496 0.0320061346659586
0.36701189752819 0.284327894445991 0.0128274613135906 0.335832746712228
0.150785310717719 0.281258066706678 0.353591491437555 0.214365131138049
0.204394361165404 0.317694135791507 0.428414936469717 0.0494965665733722
0.443494118404671 0.172734504378362 0.0600185169587191 0.323752860258248
0.0514111302897846 0.410513119831455 0.388083761389829 0.149991988488931
0.0757594350112631 0.440206881579637 0.289814392287703 0.194219291121397
0.0135302956365326 0.164155481184979 0.563433627045355 0.258880596133133
0.281052081415365 0.0360973394050158 0.283416981353211 0.399433597826408
0.42236959535838 0.159024641550718 0.34258919850826 0.0760165645826418
0.271590937142033 0.217098244110184 0.393043258221974 0.118267560525808
0.320659964962863 0.337623418001551 0.0746081169582252 0.267108500077361
0.196277473468973 0.292822657320379 0.107859248847957 0.403040620362691
0.0838471529318894 0.30347512879819 0.554264894253884 0.0584128240160371
0.50289891561872 0.0417675548642415 0.412343724641422 0.0429898048756164
0.137704930790947 0.337278446051659 0.371176964400121 0.153839658757273
0.0379051272077212 0.309915255712048 0.259693460180885 0.392486156899346
0.319098197633421 0.256951937332507 0.2402332122768 0.183716652757272
0.486759363450425 0.0861035745050468 0.354966526117467 0.0721705359270615
0.343151826839688 0.3806348491268 0.0853129089034243 0.190900415130088
0.00158310046355836 0.56187598563407 0.100969312241196 0.335571601661176
0.381785153850486 0.0278417656416933 0.39535345891125 0.195019621596571
0.190343621176766 0.559917514432572 0.219259084630821 0.0304797797598404
0.337006069351695 0.276053173132952 0.371907759922271 0.015032997593082
0.348583347596381 0.0627112344770629 0.265459423026846 0.32324599489971
0.334753287081564 0.173996578479936 0.24196613970491 0.249283994733591
0.386161728598446 0.0968355485537009 0.170194883655074 0.346807839192779
0.14250737984468 0.531419520294153 0.145986498989287 0.18008660087188
0.12462772925494 0.12480803358747 0.441414432986138 0.309149804171451
0.173602694225427 0.40672443338592 0.227001593037311 0.192671279351342
0.0115204716921426 0.301184810497374 0.350632517461002 0.336662200349481
0.182547879895933 0.165220634366936 0.209674053514201 0.442557432222929
0.0932601095602361 0.371977532688258 0.321400629836724 0.213361727914782
0.104194880701738 0.528562819641682 0.00386795707087937 0.3633743425857
0.287643304007699 0.278002798922045 0.290444784552489 0.143909112517767
0.381279731531486 0.146322335971759 0.437478448713291 0.0349194837834644
0.271438519847712 0.171241288838501 0.325994220140563 0.231325971173225
0.00547331974934455 0.115327589539394 0.436682398239942 0.44251669247132
0.111400396408551 0.262894183456039 0.334323597741595 0.291381822393816
0.0256002942094535 0.161625792406097 0.269511422751263 0.543262490633187
0.184621280043745 0.253275219572588 0.330116589131527 0.23198691125214
0.096464254891324 0.619074883269613 0.178877625799003 0.10558323604006
0.165818969515435 0.371375161273272 0.360097848159454 0.102708021051839
0.229805936413829 0.324175667794796 0.183114303817728 0.262904091973648
0.0705596919071741 0.194162941199054 0.379421494277769 0.355855872616003
0.0813777710999837 0.435555212172218 0.40715162453995 0.0759153921878487
0.0882624823693443 0.225147862683809 0.201851652302127 0.48473800264472
0.255954012334285 0.336725585837315 0.00800242119533787 0.399317980633062
0.256722330529188 0.0527752015634266 0.311270831871464 0.379231636035921
0.326291350269656 0.363394730632093 0.225846767622149 0.0844671514761029
0.32337609788866 0.0757319411531632 0.591560120866917 0.00933184009125956
0.22776521112355 0.281257023623497 0.182651526232632 0.30832623902032
0.169813696321325 0.246935756625895 0.288660908984256 0.294589638068524
0.234633625156494 0.0841023978766344 0.386391286190783 0.294872690776089
0.302739951079274 0.232316745694091 0.260328636587695 0.20461466663894
0.434093645887151 0.227699362197923 0.216184937427661 0.122022054487265
0.367406944428927 0.248239295168554 0.203009869472681 0.181343890929838
0.0123934909546495 0.421840323813609 0.343739428744815 0.222026756486926
0.188351021537128 0.129867194140462 0.30078482232875 0.38099696199366
0.271618015859627 0.309951566834907 0.158833787521331 0.259596629784135
0.158557361659903 0.153936972447596 0.625866877493499 0.0616387883990018
0.298912803306528 0.105560975028442 0.347500368125006 0.248025853540024
0.0428768653982625 0.365268542669961 0.348644678162347 0.24320991376943
0.374672241584901 0.0189039406915352 0.196496474984501 0.409927342739063
0.371007074366035 0.198417587508417 0.217310115007625 0.213265223117923
0.135269971388187 0.503916211619994 0.246253478608618 0.1145603383832
0.333798674116441 0.293424944582668 0.140410732332909 0.232365648967983
0.100200250085661 0.444585138193493 0.317459205893479 0.137755405827367
0.308777354579237 0.361067367984473 0.0824752669895251 0.247680010446765
0.429164215015653 0.185800210841105 0.229737652809851 0.15529792133339
0.429795168458351 0.203420760025379 0.108350715060198 0.258433356456072
0.221507789985893 0.257858790892224 0.376712184218572 0.143921234903311
0.429731100753855 0.309840436650818 0.153151867178708 0.107276595416619
0.114665949884405 0.260534678609116 0.559249080311557 0.0655502911949229
0.262647334956836 0.114499020440638 0.350738047190737 0.272115597411789
0.194565396510332 0.325943563568984 0.223934185485111 0.255556854435574
0.0160822838154483 0.199803050191954 0.427857677214104 0.356256988778493
0.0132642966046707 0.256777399920498 0.218191086711043 0.511767216763788
0.48707620803477 0.000535219189233586 0.434137182092914 0.078251390683083
0.163051306065751 0.390204905806324 0.366115769153851 0.0806280189740731
0.228589954847712 0.37506123356337 0.128745262428116 0.267603549160802
0.270690714043941 0.395150277830142 0.107052782715927 0.227106225409989
0.313215468534129 0.316372241622725 0.151118133285593 0.219294156557554
0.257573090895914 0.103451227549172 0.519444272067864 0.11953140948705
0.143891059979665 0.402363180688658 0.0807281839636268 0.37301757536805
0.0386794985164766 0.36479940917387 0.259161889967504 0.33735920234215
0.293582232142005 0.0646127335868538 0.331139798298397 0.310665235972744
0.405081104743502 0.189287423903662 0.00849856377330965 0.397132907579526
0.352180451188737 0.266164429553785 0.339018865531305 0.0426362537261734
0.282553017864367 0.152503789112717 0.527580064655407 0.0373631283675096
0.207931829244565 0.11257519642737 0.335738032427948 0.343754941900117
0.216814005378632 0.163502095832737 0.27103914630044 0.34864475248819
0.0266172412073546 0.361853387839957 0.285568249119003 0.325961121833686
0.170336959921106 0.345933617625612 0.275699238161067 0.208030184292215
0.292498584565168 0.213980614940445 0.392620219028132 0.100900581466254
0.41892856726954 0.0585543047304466 0.382646244984226 0.139870883015787
0.23729492724762 0.0342741513355117 0.371853448802049 0.356577472614819
0.43240600069139 0.302221338574913 0.190791190836873 0.0745814698968237
0.371908295660427 0.412626396987953 0.0925365019362252 0.122928805415395
0.274367461835121 0.222991989604149 0.2950726600125 0.207567888548231
0.207183098152102 0.115024642926771 0.307839930538215 0.369952328382912
0.377452513711872 0.107889739253538 0.315718099730292 0.198939647304297
0.26407778468216 0.169163793021638 0.183117937360681 0.383640484935521
0.448661288051268 0.175296493902472 0.22735625348975 0.148685964556509
0.0153156981039712 0.314640901060576 0.142856716174361 0.527186684661091
0.0191041251936803 0.299261398344969 0.418685084032663 0.262949392428688
0.399892670200343 0.25680063842486 0.0641961695236474 0.279110521851149
0.478937721064393 0.147235495473358 0.227634408783478 0.146192374678771
0.120407077263971 0.407490955139038 0.223384751690938 0.248717215906052
0.262109680137028 0.000107525250806538 0.628403638400483 0.109379156211682
0.269314741727 0.15754723525087 0.314291471226226 0.258846551795905
0.218818206792011 0.581612933543892 0.0697727933317176 0.12979606633238
0.286149083831902 0.0754381149555221 0.305101757777151 0.333311043435424
0.111231314400802 0.189899516660021 0.166162198013812 0.532706970925366
0.582220283222565 0.228197164197334 0.022156597926708 0.167425954653393
0.0708024174023543 0.352534687985099 0.390767937813409 0.185894956799138
0.051973440567483 0.0687954714879734 0.23192761288691 0.647303475057633
0.395369951833762 0.354105336377828 0.0423957494746243 0.208128962313786
0.119838709765557 0.346186377301381 0.500739814782571 0.0332350981504915
0.390355461859588 0.111696263149499 0.33808514163533 0.159863133355583
0.337178078162108 0.26305039377841 0.179665786149933 0.220105741909548
0.318154909629743 0.395872715775625 0.162473625268605 0.123498749326027
0.548834677008713 0.194927708626229 0.160527612509773 0.095710001855285
0.547815989203104 0.243090372902122 0.119014139209259 0.090079498685514
0.218300577867424 0.0540854883404817 0.481636831011407 0.245977102780688
0.347793264797338 0.267636027412874 0.00680675737632135 0.377763950413466
0.0402303104904884 0.24282262500277 0.533068593654425 0.183878470852316
0.460468786871616 0.152193292114707 0.164339154439509 0.222998766574168
0.422231073450804 0.135040175820352 0.275216851251121 0.167511899477723
0.259714458894933 0.440872770023654 0.182092952252248 0.117319818829165
0.0187921407016152 0.164066206493214 0.490883280021157 0.326258372784014
0.413794235123789 0.17328234363281 0.0291172372242909 0.38380618401911
0.183825585438529 0.400193978606896 0.0404414764153593 0.375538959539215
0.457985556550983 0.0203880726758879 0.205410512663313 0.316215858109816
0.169181072235491 0.188927205231617 0.152141692223616 0.489750030309277
0.408432023361257 0.446260334350771 0.0827604824614973 0.0625471598264746
0.0683183626208022 0.323576445877704 0.00483962468939041 0.603265566812103
0.355732578724725 0.0475135360119438 0.226454110642395 0.370299774620936
0.314773358463753 0.134000862942691 0.316144169040441 0.235081609553115
0.295705322173332 0.262944607191854 0.161366283415589 0.279983787219225
0.401450022232237 0.363386727005694 0.0223174199135048 0.212845830848564
0.0165438080263817 0.335977804135456 0.240427208180647 0.407051179657516
0.293711751033529 0.314843057423968 0.312828555041538 0.0786166365009641
0.347267116434797 0.124731723085538 0.0625900132352379 0.465411147244428
0.281842818716277 0.042493519727474 0.243372148058031 0.432291513498218
0.364087435381947 0.183793240834068 0.230123195230247 0.221996128553738
0.478317372474967 0.120813987767828 0.103129867314297 0.297738772442908
0.193921484311608 0.4564635381112 0.0167577124359568 0.332857265141235
0.192332066674987 0.301815540445222 0.322866565900393 0.182985826979397
0.0735832886128061 0.224836493051835 0.17650317750484 0.525077040830519
0.0468233100292071 0.200624427186648 0.489402094373481 0.263150168410663
0.393884858658836 0.154340925662827 0.0607536355594307 0.391020580118906
0.402919743456981 0.0869499971614871 0.126686137970338 0.383444121411194
0.0633367881783087 0.346352320891652 0.409297264791177 0.181013626138863
0.329791902156631 0.252410613510613 0.219678619403634 0.198118864929122
0.109947376331662 0.66314116820421 0.225496127197746 0.00141532826638294
0.145727165207819 0.358309210144185 0.335947747755887 0.160015876892109
0.508886332968923 0.229712034422546 0.195435277090889 0.0659663555176417
0.197300059223539 0.403851296836484 0.0493536548419823 0.349494989097995
0.304564355723026 0.265433685542204 0.321575745952759 0.108426212782012
0.226434102879434 0.290383991767016 0.195234980442081 0.287946924911468
0.273547583175101 0.307776615432344 0.334153251943353 0.0845225494492023
0.165683725500652 0.353296720565276 0.125927640333797 0.355091913600275
0.156094121361913 0.263898295326556 0.469398388123314 0.110609195188217
0.206698880770653 0.29071715633035 0.286172298822381 0.216411664076615
0.27049568494107 0.163330880651384 0.471566824614543 0.0946066097930024
0.0900254017187401 0.234895554076332 0.318671850711954 0.356407193492975
0.28026787660332 0.280572499203225 0.258896116146254 0.180263508047201
0.243273610326216 0.225339091531289 0.255532571873664 0.275854726268831
0.440543356111673 0.388382370855831 0.151956890386626 0.0191173826458704
0.283190331112229 0.456788248925839 0.169851983032532 0.0901694369294007
0.180666172520985 0.108454253702191 0.398810940228741 0.312068633548083
0.254869618399149 0.159085262014137 0.327194993155819 0.258850126430896
0.526802458982604 0.247525079591224 0.208091912682987 0.0175805487431849
0.319812915780726 0.158386078750968 0.0453320488056606 0.476468956662645
0.289036227577968 0.450011840791995 0.0369756362264269 0.223976295403611
0.218927731167271 0.341530797911828 0.275863659405583 0.163677811515319
0.112017382811985 0.0607068693423072 0.28247672911632 0.544799018729388
0.417218656254235 0.268069209060424 0.0722103883143757 0.242501746370965
0.132234912863965 0.030172519855976 0.297463304491027 0.540129262789032
0.0145351814149409 0.134432265929149 0.517486658316996 0.333545894338913
0.26030829006435 0.268371909100363 0.197987847714538 0.273331953120749
0.296411656240395 0.348537015446515 0.217705344749619 0.137345983563472
0.039181235506954 0.425803037397115 0.320527286657577 0.214488440438355
0.399841523509057 0.443869483009937 0.0547794477361516 0.101509545744855
0.401835182643361 0.0144721968400612 0.446587775461666 0.137104845054911
0.0691831548354105 0.30954461011776 0.264944245551308 0.356327989495522
0.0130591625789244 0.264771876136118 0.430428114598163 0.291740846686794
0.377321755835438 0.137781639851109 0.240668840739784 0.244227763573669
0.392759071251892 0.117874166606796 0.26377263975157 0.225594122389742
0.143235930020647 0.411148393146337 0.357749119338446 0.0878665574945697
0.574047469455311 0.0889513726477935 0.329680522351226 0.00732063554567032
0.364359943070912 0.0299191691860645 0.382665748161568 0.223055139581456
0.230910133167577 0.19945445042743 0.353801691813357 0.215833724591635
0.137877756294737 0.387345502037955 0.238109740231097 0.236667001436211
0.0417822790746386 0.113209383234658 0.684447423169252 0.160560914521451
0.139986283119674 0.377732211632831 0.4183836770915 0.0638978281559941
0.106784147608788 0.0319427102607028 0.525325914293321 0.335947227837188
0.265663687838461 0.536046141184953 0.0995689701694796 0.0987212008071057
0.297109600563482 0.0837813073592894 0.224136243410642 0.394972848666586
0.227772858768114 0.252059337854897 0.275310011167802 0.244857792209186
0.274346417564374 0.110683590571419 0.108230234215109 0.506739757649099
0.463514590168093 0.0856159621344384 0.168956301602237 0.281913146095232
0.652601174435897 0.308530296639012 0.0320055865923763 0.00686294233271413
0.424038817554939 0.19287843254397 0.31050536393706 0.0725773859640315
0.432301062987809 0.0806270314837612 0.0746734735015894 0.41239843202684
0.335170235461712 0.0488481998428939 0.0246376303093037 0.59134393438609
0.32081453439909 0.224230335553539 0.303859875218932 0.15109525482844
0.336675004507175 0.123289967505697 0.0694189231996431 0.470616104787485
0.634059638476713 0.105718519950536 0.118412508652386 0.141809332920364
0.09060234813661 0.259636401584703 0.0318831133905519 0.617878136888135
0.0520968746359528 0.450406929290824 0.368169099634792 0.129327096438432
