0.125039990598134 0.0302727361354109 0.143071261484461 0.0860927322535843 0.148569330490573 0.141039445443183 0.0935045080696675 0.143589177284214 0.0888208182407728
0.193515158724813 0.188832216377695 0.0514554168048125 0.0585657532356041 0.124414540980894 0.136866602297899 0.0369590590666824 0.175132217025158 0.0342590354864421
0.335506214872222 0.183897593776535 0.1191257073445 0.109771564895229 0.00332057857100579 0.0369866307981309 0.0683325744285685 0.142802917839457 0.000256217474351297
0.231712553804846 0.128080613763668 0.156360871121314 0.0230807448349667 0.0191088868540042 0.195510045604683 0.0736078681875519 0.122914150885264 0.0496242649437015
0.109917261055124 0.0483021467286742 0.203838458641802 0.141446710185264 0.200395157398248 0.0353584159988273 0.02806886580644 0.128827174249145 0.103845809936476
0.119527496639767 0.190759829818218 0.0355061977408295 0.0998868330652405 0.0698723367832324 0.180651579786253 0.0384225018774109 0.137461313659213 0.127911910629836
0.0799760896123462 0.229251356687332 0.154098991639125 0.118039826915411 0.0639305702574921 0.0482285706475444 0.130174235982899 0.119743049429824 0.0565573088280253
0.056342887370752 0.123015807176611 0.141568067617152 0.0826907161073035 0.13682957376241 0.0359575772011943 0.0587894218554637 0.183908160672861 0.180897788236253
0.149018452091004 0.0644799944288015 0.124812555490222 0.0125585916586921 0.166405566128634 0.0969395553459086 0.0757781517577227 0.120940847972872 0.189066285126144
0.17789224591919 0.00447068922421384 0.0571485537605194 0.152407365482791 0.107381192433198 0.160055103589451 0.190116508910169 0.0960676269512942 0.0544607137291742
0.135234175937771 0.240040072441107 0.0416896119532923 0.00519251729852633 0.0803180112765524 0.0998937683522932 0.00358879204111665 0.221223484953448 0.172819565745894
0.18249839929077 0.0141808600769819 0.121585823633822 0.0772003798465493 0.179634064123849 0.044051770299898 0.0583367160012755 0.131050673912766 0.191461312814088
0.219084275865112 0.0946401713962141 0.117448913884165 0.0434807364108346 0.0195123975801315 0.080419625157888 0.175521709391415 0.239226490229537 0.0106656800847024
0.153411672872146 0.138680173998863 0.0786732237847427 0.116774581533931 0.0688642391475371 0.217275744835376 0.199026166935933 0.000706007136828075 0.0265881897546435
0.156574913965988 0.186188004301245 0.0470901431142037 0.0437767213213822 0.0704865464896033 0.158910873182671 0.0540890264048118 0.182414192468964 0.100469578751131
0.246182236214057 0.0858097649204398 0.00950359979125273 0.215111847990264 0.246137312250818 0.132323214074634 0.0319944328735263 0.00383756568091426 0.029100026204095
0.239608152659958 0.0141890841994482 0.0005798478979046 0.0931789779734968 0.0372439815934224 0.176099090346452 0.248617800591148 0.118300740572293 0.0721823241658761
0.03933387639221 0.125711121148695 0.229263247118494 0.191510581043494 0.170069111570834 0.0739464509300967 0.11290133582676 0.0544798933530285 0.00278438261638733
0.0512147174245963 0.00728881929442574 0.240842365169996 0.135188964086507 0.0658070523867032 0.161857745398181 0.227464303839198 0.0586384840594236 0.0516975483409697
0.125605978650794 0.00743908464083726 0.150632028103066 0.0144491745201305 0.078206697892863 0.208925023017616 0.180146495225512 0.141423284141456 0.0931722338077263
0.0047781288063382 0.0870163587347814 0.224324145056421 0.241440888780496 0.0442439491303986 0.122038136607334 0.147873822175846 0.112840837238235 0.0154437334701505
0.136008196872364 0.0235646758331908 0.0666386934190311 0.214478973334004 0.0019817343307094 0.05420889200394 0.12342120589844 0.198722517840972 0.180975110467348
0.0693201720736347 0.0555798080902146 0.19216480562647 0.139430213386597 0.0860013314474021 0.0156109571904325 0.185143902891456 0.154490949126275 0.102257860167517
0.0287327582905829 0.291850076215145 0.135119650974211 0.0793428068234421 0.105924549267189 0.183891714200201 0.122267578987153 0.0259788915373665 0.0268919737047098
0.0917610043846076 0.0457340590012333 0.127563706383098 0.101688039988362 0.218181354170519 0.121355887950853 0.0621381198265264 0.0151835158109221 0.216394312483879
0.0271296281034386 0.187543802163317 0.0741952154442228 0.0834488252187423 0.0525915258135748 0.121698186875434 0.163122654368039 0.203325585063331 0.0869445769499009
0.0752765913597907 0.202996631275922 0.1966763832542 0.00126928593485193 0.0970148722938277 0.0423509396605015 0.0179846139530319 0.171848291766414 0.194582390501461
0.17705505454402 0.0192878054857817 0.186544047352248 0.0964893901823931 0.00559830608205178 0.059996534286408 0.122845522532242 0.138539663157374 0.193643676377482
0.145826307821675 0.230789138404624 0.0514729687294017 0.0866731388827084 0.065174246391525 0.0682691491383885 0.0102491032724679 0.115645234858968 0.225900712500242
0.214345250469631 0.0191341271525992 0.0923494197547659 0.107797622722443 0.21696146246584 0.0144264518601338 0.0384249316858323 0.0291798026972174 0.267380931191538
0.169511468417913 0.0696246206275135 0.150390904730714 0.00761481651937837 0.148701869375946 0.194502728329793 0.0542440090013429 0.109608865496455 0.0958007175009447
0.0610000386862358 0.150422221461998 0.0581565259832628 0.145969878570625 0.0740601626408644 0.110144293715273 0.131404126484468 0.103545836600865 0.165296915856408
0.0785228494918492 0.247999359108257 0.0201486923532654 0.0510403549722935 0.0318387904322349 0.238143169974056 0.122123944932531 0.0350958280029033 0.175087010732609
0.191109658585921 0.0779403342084475 0.115698944185286 0.0888505962383431 0.125696162152132 0.146045211950585 0.181119936893209 0.0504548126216409 0.0230843431644357
0.0758981425656524 0.141276429771246 0.134454102470573 0.0453953102634776 0.0571284007631647 0.0929474561679341 0.15077397469389 0.233610336166691 0.0685158471373718
0.0585637443143193 0.180824331204403 0.190503084172467 0.012158249875894 0.0869991817827457 0.052010114947533 0.0405999528757269 0.189032409036381 0.18930893179053
0.0956671008600643 0.106288594310084 0.179859016433114 0.0462423566228206 0.0156124435633503 0.115874263945408 0.134213421581396 0.158664173317954 0.147578629365808
0.0618386115929765 0.155993972372868 0.145874646244583 0.062214013464251 0.0467308480634472 0.0971282015406925 0.1553143370572 0.121694918529773 0.153210451134208
0.153074309665824 0.0678733661411038 0.242335310231576 0.0502546462626927 0.11732096862205 0.0764010209919636 0.165798335792389 0.0677348975082257 0.0592071447841749
0.167274743424571 0.0762104319805834 0.145932569605735 0.176977863164789 0.0156274770513416 0.17988870652169 0.0634268793286624 0.0671436136922479 0.107517715230379
0.00262189618471067 0.0983294628990731 0.133815329297172 0.0569284140675128 0.0856277506053474 0.350668623182688 0.00359206207995566 0.255423145292188 0.0129933163913529
0.110856893775399 0.200679922233236 0.0479302897013242 0.146239194423204 0.17787848960905 0.108956408312921 0.0819893063997656 0.0647422486302711 0.0607272469148299
0.140684624650867 0.0955162583792759 0.157147078418784 0.0488828142707672 0.131164466119556 0.0206017687771613 0.14820324437655 0.0854333637891479 0.172366381217891
0.119844433113148 0.000763005351079319 0.273383273531928 0.032537397810071 0.17316554143345 0.166271786682178 0.0145809438196719 0.15201855259062 0.0674350656678537
0.0915103369862181 0.25433388933789 0.0501333101902059 0.135154408972402 0.195469044824922 0.0445304159771973 0.0695314797554446 0.144294331326217 0.0150427826295026
0.200728234724978 0.0828476617315553 0.0622552872054658 0.0585519687960197 0.154652184475988 0.0027333473605569 0.137279669304128 0.0981512272910705 0.202800419110237
0.14271804894563 0.107312850550392 0.116604659861388 0.105611906357941 0.0161522177713073 0.041791809215381 0.139824442567476 0.131671331945739 0.198312732784745
0.056514194266276 0.0530820634229317 0.0274766534930346 0.0244031059690534 0.181162611541354 0.146238844957175 0.180665939606811 0.17473644711467 0.155720139628695
0.177158653418854 0.118456521907967 0.00312668502100315 0.0457937188480607 0.137641436632852 0.165493000333094 0.0294661423295388 0.148187653322335 0.174676188186295
0.156095916802971 0.206003718308918 0.0915376183113975 0.0669052149854377 0.131615573915903 0.0771968159307993 0.0804009011762477 0.109479816263093 0.080764424305233
0.123451404200027 0.0910877210233727 0.00571246634618336 0.172522088105526 0.0605999160255436 0.0227372315686088 0.16030722180714 0.159049803378831 0.204532147544767
0.0334619457802538 0.180662832824456 0.188700972538525 0.0526745033015734 0.0494933171669108 0.158392545982192 0.109650067231452 0.0516487473361072 0.17531506783853
0.06721372201021 0.134620623853306 0.173386692233112 0.00319660098606143 0.154638542698524 0.11586905359338 0.0942043666876114 0.193959897130328 0.0629105008074676
0.309498029263163 0.0184760159710294 0.0874274844470309 0.0841311908758344 0.0302269923202398 0.264197736917382 0.00807363119256565 0.175846676716401 0.0221222422963541
0.0206743322769779 0.124537077186483 0.191144542504389 0.142700368358373 0.160057089528347 0.0742003395648229 0.0651891541964433 0.0412623782473799 0.180234718136783
0.180235141131363 0.00806966248440163 0.158783127986981 0.0811556929028186 0.119356325350874 0.0331346188364553 0.0567049827739586 0.177507943931377 0.185052504601771
0.0786814170410902 0.163716023795903 0.14476726377018 0.179452399065717 0.0567085322021457 0.125124110131516 0.0780464796008614 0.130756708938031 0.042747065454556
0.00423634942796399 0.0944729576846416 0.0847179018226203 0.231263343473998 0.212637746206659 0.0584054870584523 0.0427679754229296 0.0704869699822828 0.201011268920452
0.0813537716036929 0.062541274962064 0.103824403246047 0.106451471801871 0.105492353182512 0.127792528760984 0.250627485071727 0.0728835543639824 0.08903315700712
0.14326771109443 0.0653654463406579 0.0126662163038219 0.0569664789613649 0.0916985364329023 0.141634673689865 0.188527523814654 0.0981620259936175 0.201711387368686
0.0669478129508055 0.0614558157580079 0.0943921048791125 0.160745450980048 0.167712658842919 0.162187105598671 0.10817663504763 0.17833863008193 4.37858608769865e-05
0.125176405575483 0.202689279043804 0.159040227919243 0.0716466756616077 0.0247657107691016 0.0868440945564287 0.12384879758133 0.183813769996484 0.0221750388965168
0.0151342978352836 0.0608835071546587 0.184265430848227 0.266055379817179 0.201201448393297 0.0037396993612352 0.0556106994562875 0.0379872840165162 0.175122253117316
0.0270407839842209 0.207922315989815 0.157821176020001 0.0773713972538613 0.0929304358500515 0.154463358021206 0.173922814611734 0.00149376389268202 0.107033954376428
0.133945708944211 0.00280850575427508 0.163408490018602 0.0595052176575961 0.0206344134875479 0.254483383624633 0.0676074258939112 0.151572739318387 0.146034115300837
0.184520892237648 0.184555377060041 0.177478789953788 0.152129379533147 0.0491932737283052 0.0401706011784521 0.0239311783172027 0.167311441176033 0.0207090668153826
0.0750149316205058 0.12206465808258 0.119751897847673 0.188653627285362 0.127661370635696 0.0147947781372236 0.0417868372025846 0.124101337067416 0.186170562120959
0.0913176920711853 0.0248538606009578 0.217185585235201 0.0294508290761398 0.0741540762701096 0.149235655769097 0.119902213087769 0.231659325087595 0.0622407628019459
0.104476184647538 0.0493541236628913 0.031743520861313 0.0486343115107847 0.243046335937667 0.186508933829462 0.0802339451599875 0.0824604182230602 0.173542226167296
0.0953270281392782 0.104580149946936 0.191279240607482 0.0727452068318802 0.184074056999803 0.102924832538957 0.0781827755336084 0.150977585804211 0.0199091235978433
0.0558382587460081 0.0199358829870806 0.154941031367853 0.0871350219050097 0.171594158723008 0.148963281183688 0.0170185994880899 0.173737391812886 0.170836373786377
0.0276307858454798 0.030424061143532 0.156713071721548 0.188152995198135 0.106776488961938 0.138572582470368 0.144713556697335 0.063421153230811 0.143595304730853
0.185701757048871 0.020926421816343 0.171390472543851 0.0456485363709239 0.0412640667199266 0.12821705750809 0.191546853067564 0.156051408433159 0.0592534264912716
0.0323257258985984 0.0849339012415611 0.165607138065439 0.21469484215984 0.0272400250783192 0.128847390425405 0.0117942455376461 0.188626300041629 0.145930431551562
0.217446178829098 0.0204099052329 0.00140441207242926 0.187038645530082 0.17116174822749 0.111211742536986 0.221443010490188 0.0573225269138955 0.0125618301669307
0.0576528229861378 0.176134631410378 0.0389362008482268 0.163515842147511 0.127973824803796 0.137097564758363 0.16635546525412 0.0302943357011934 0.102039312090274
0.0898670088591352 0.158955808470054 0.0910988137640309 0.0946160817546475 0.228379171090804 0.035559668518239 0.120457433218117 0.158330744822704 0.0227352695022684
0.148965960369659 0.159563946042098 0.0868925662889225 0.00307675211025966 0.112266352099286 0.0810746908924888 0.113411776697713 0.109065685549983 0.18568226994959
0.0314015628706102 0.0512646084941328 0.0850879955704056 0.169684397427544 0.141461529914269 0.188005739349249 0.098483104855414 0.198960543597295 0.0356505179210799
0.169107571758514 0.104078938755972 0.208387176737181 0.151167270571037 0.0247098103635456 0.0443280070765206 0.171073930404508 0.0448963466612735 0.0822509476714486
0.171235779530325 0.157505207681876 0.132247700718222 0.00211602841129898 0.209546150914442 0.159532706459348 0.12526765268777 0.0150493388176499 0.0274994347790669
0.0574465349412546 0.0782761539258847 0.154315657261216 0.108116712369604 0.134483513025357 0.0413185020836011 0.148197361866723 0.147507384994052 0.130338179532307
0.0291143390143405 0.075493831828592 0.0397411664491502 0.185330476600335 0.175093783909418 0.0176625978933831 0.175035978293206 0.121433503877747 0.181094322133828
0.0228655006619578 0.125147378432746 0.0791378461060404 0.00843060561096732 0.233051818836273 0.100755336091775 0.0422670029446471 0.286653784116058 0.101690727199536
0.229135972977473 0.0277714055213396 0.0376956695715472 0.030760936848426 0.141035879002375 0.105520173299955 0.168594641589259 0.0569373041664953 0.20254801702313
0.0659211068320227 0.0776706169750551 0.202547439130677 0.0968483814580572 0.142329648587543 0.0303578899333337 0.0620770456614875 0.177375533538965 0.144872337882858
0.23846678341203 0.155956955000534 0.142311064878675 0.0987386482718401 0.032914112502515 0.030324902062861 0.198520025371613 0.0413213023457591 0.0614462061541729
0.066088371425148 0.123006561303165 0.148157708060494 0.12249648356378 0.0126266566463504 0.170093307025269 0.268018494993326 0.0736121702790192 0.0159002467034493
0.0845650725760376 0.055343085284672 0.125489284230365 0.0356990142772202 0.186703612570001 0.0778504684974235 0.147472554217063 0.181474423814072 0.105402484533146
0.121384032147982 0.0452037868312332 0.18084270738516 0.0420977811865084 0.187792156960413 0.0291078214140673 0.125535745510378 0.214545444673593 0.053490523890665
0.214515734175161 0.019856102652511 0.100225936136326 0.0851312823598171 0.152842921202225 0.0324460434789578 0.214255050025018 0.115296116287294 0.0654308136826898
0.0716152951274993 0.0490624015609143 0.107206731492326 0.0979951858004457 0.153923543560982 0.226679427116953 0.0606769992825286 0.202826843563769 0.0300135724945828
0.00727567414003122 0.275388612935634 0.000346837277715248 0.261200433100983 0.0508983110998676 0.0262247685025276 0.0117818394974644 0.105338038923833 0.261545484521944
0.0755461586798502 0.11011009003121 0.052155711276515 0.088999241969952 0.12798240745918 0.160223110487426 0.144544101878043 0.182964687502516 0.0574744907153079
0.0477493054754205 0.13108704305671 0.0682263590438861 0.12477355101059 0.137245042902323 0.132679757695315 0.104422380080151 0.126398462447349 0.127418098288255
0.153555971432066 0.0737669548798089 0.21470395848566 0.0680257811073926 0.157224201339469 0.0720161234199737 0.12792767326673 0.0901643143030991 0.0426150217658017
0.0493792416766915 0.00251829692918956 0.0212890929501465 0.165855547889875 0.164220670842647 0.286487155946169 0.181733766186522 0.036872838395908 0.0916433891828522
0.169246956310993 0.12492033922765 0.191599320171219 0.0686510604560867 0.0663576919762846 0.168704570751983 0.0456098194322052 0.053001242696327 0.111908998977252
0.0666225091454188 0.124103353699124 0.0110990885374069 0.186925191372097 0.0986440437895 0.0880153198424898 0.187142442449733 0.161243805420173 0.0762042457440585
0.150465867742311 0.055170140391215 0.155437399567015 0.159486322261697 0.105011604584821 0.0205717332192736 0.170359050859882 0.0435900227598577 0.139907858613926
0.0826341436428642 0.153399419827986 0.19132140788048 0.0438580381452534 0.136477223704402 0.00582756460233852 0.119050107382092 0.0736746594893636 0.193757435325221
0.139129586646681 0.134162631346466 0.14853338405134 0.171618796483894 0.0340648216591407 0.0312846258966096 0.0533638915391583 0.197015201679107 0.090827060697603
0.173959804113662 0.153805630269728 0.165601018803189 0.0545484278391379 0.0497298310593204 0.121132352366403 0.0705530451970706 0.114331491465229 0.0963383988862597
0.168665491327441 0.198912723183432 0.106483060542714 0.00608257328892044 0.0158921056977921 0.0463401816119366 0.15883527600457 0.0737890975706028 0.224999490772591
0.0291001974954015 0.247582247341894 0.200586984189973 0.0145329954562158 0.120538876830633 0.157379192464738 0.0105042738978852 0.149607704426888 0.0701675278963703
0.0191154696474428 0.114830723593482 0.0575997427627769 0.167026288377576 0.0851622509975571 0.149942693529985 0.0813144970705716 0.242418181120649 0.0825901528999598
0.19551409202107 0.178893057104292 0.0297912133550464 0.138699644725894 0.0939466261255135 0.187397232283339 0.00518295435878004 0.0121823468183092 0.158392833207755
0.221580037646486 0.144553348662889 0.0559528316314264 0.0242876679270984 0.0657203560990479 0.0236535958922539 0.122326990465342 0.166373730403826 0.17555144127163
0.0398616705767705 0.164774316251402 0.123714638415179 0.159581700383839 0.104145263832599 0.164382358372007 0.0961131826769465 0.040195607317753 0.107231262173505
0.00375953670045776 0.127033348359372 0.222125414431444 0.125982007006109 0.234391316381797 0.129265753135396 0.0443506623530666 0.0368865586055391 0.0762054030268176
0.126115245988593 0.191941399553037 0.147935867651867 0.133242387833005 0.0888121392463916 0.164383263565035 0.122886793411586 0.0223069770299225 0.00237592572056285
0.208951374781127 0.0119698448031834 0.0322018322249067 0.0205538539725415 0.207199535959517 0.0629206737227261 0.115244589441002 0.219873129340682 0.121085165754313
0.0979049121955402 0.13468397975197 0.0841088660645956 0.0572255490745128 0.187503457764902 0.184701675668568 0.155680734611858 0.0562452219442916 0.0419456029237613
0.109597889573974 0.217906387970346 0.0569340193835609 0.0892630343780871 0.0808468941409843 0.210858400469447 0.191168227143324 0.0104584332545932 0.032966713685683
0.0391657033246359 0.173356224564603 0.0139996243111908 0.260707369566884 0.128711339927177 0.212991481213707 0.0763307402651943 0.0766546391322641 0.0180828776943437
0.180231539627093 0.177609845635868 0.00582479967610044 0.00897454703695715 0.124666156693304 0.0837200811172425 0.19924804425547 0.113462005961032 0.106262979996934
0.139593979617691 0.111127632064282 0.146384642878178 0.140863177104126 0.0190407581527983 0.103779917960388 0.084541309976938 0.158239812374637 0.0964287698709611
0.0704368132357568 0.161871431324835 0.172876393115464 0.148336409042553 0.168326689071857 0.154033660244228 0.00462515458801113 0.0569103864112426 0.062583062966053
0.121591371518986 0.0681593685662127 0.173008794244909 0.177030405431085 0.0306989670815763 0.088271741989412 0.17853303333725 0.0121902836282735 0.150516034202296
0.108355483610172 0.0634909157201681 0.180757388448865 0.0801162774780687 0.141499964604486 0.149176834266439 0.130505871850337 0.0510436830018576 0.0950535810196064
0.226406600575691 0.0439142620669694 0.0314314468119956 0.176447233559101 0.184059764217352 0.0653490096785781 0.223894105239425 0.0209082107009434 0.0275893671499446
0.155717735150533 0.116114511550254 0.0662711167266885 0.123397838765194 0.0810527432794792 0.0479664667032427 0.176582824438715 0.0456967389326669 0.187200024453226
0.121754141894829 0.0502856465988461 0.128314644009328 0.163128377646021 0.156969766667177 0.0283938404303578 0.0933932712284035 0.156514893403359 0.101245418121678
0.0052698989301723 0.106409027891152 0.00959064110865694 0.229430692602304 0.132064352928299 0.00212488364971891 0.229053896789197 0.161390782239819 0.124665823860681
0.0184560941011291 0.233224957018783 0.102802369860793 0.0195525944051618 0.143094519530268 0.0828783745705137 0.102155069823366 0.0462424180366481 0.251593602653337
0.111201546950245 0.0283547370969664 0.0390076795370256 0.267415075001419 0.0904859423671785 0.112706015119623 0.265180281001429 0.0596454369700151 0.0260032859560983
0.14741986923645 0.126578542972165 0.212357426137475 0.14120041215825 0.0927553595726608 0.0739574501644261 0.0668280956276938 0.100228345813283 0.0386744983175972
0.079925643675442 0.0929059633830118 0.0561573934103798 0.0427692727369361 0.203297696638663 0.0454557748891375 0.234163905264827 0.0774061260528188 0.167918223948784
0.0579434622866613 0.0209003278172661 0.214643126074322 0.146925157855703 0.0784226913451292 0.0387098842091428 0.419621605908894 0.0149241392609125 0.00790960524196808
0.0560357054441455 0.164585880203907 0.0203549422264325 0.201728128435663 0.0614319746461869 0.0743978963265848 0.178463714048831 0.0156805056410158 0.227321253027233
0.155847037609828 0.179914682351949 0.123322774043263 0.0220172982755865 0.0743381146548965 0.0475163016358185 0.169262682141602 0.174805815063706 0.0529752942233504
0.255727437972298 0.111661853244192 0.0256373644359406 0.0462410103367853 0.162701500566612 0.230733570812293 0.0181422728239828 0.123625657471778 0.0255293323361188
0.121511017430882 0.141594883940066 0.168810504573616 0.0118505458010488 0.163043167864731 0.00931147023508583 0.0291735183114825 0.169738480577878 0.184966411265209
0.113954072310614 0.199140701134304 0.153796011689223 0.0756112317036852 0.0457667667167288 0.0528847300988611 0.192160601845098 0.131850852993003 0.0348350315084827
0.0768446133275182 0.204031713099721 0.189203430429572 0.125017701362936 0.0155261213393035 0.063900428357289 0.0277426698004458 0.0988928402288928 0.198840482054322
0.097748452521364 0.0897797047105407 0.0502850952074045 0.147254487420393 0.150212008457464 0.129166317715152 0.0514753010196078 0.231619677375926 0.0524589555721474
0.065700072041897 0.140442664669031 0.0453544224818949 0.0675453718582148 0.0225555538600404 0.233587952686642 0.0240837145976655 0.221959955258945 0.17877029254567
0.184320999471096 0.0913134500596347 0.041006916193523 0.00157821151410892 0.210564517379891 0.180636921650686 0.149880803433803 0.138437352414234 0.00226082788302271
0.155443218875319 0.0881063032551198 0.0598048211745034 0.0405338068012103 0.0955145466223444 0.0682326855849952 0.195011983976144 0.224470026616108 0.0728826070942559
0.0336248514757964 0.089935162897441 0.142302561262457 0.049381619728354 0.152044813693568 0.177809284765255 0.0888165482408164 0.150709280647743 0.11537587728857
0.0873057608913263 0.173116598957099 0.162794250545497 0.0168105539669724 0.178888936762165 0.119452487887076 0.165727360396694 0.0782701779272612 0.0176338726659092
0.172970643748425 0.0207155031930477 0.218478508502672 0.0450251073719556 0.0458159623580222 0.157156011544556 0.0398967641301124 0.248546391821036 0.0513951073301724
0.171441595206629 0.190359515774135 0.0261708669285052 0.030136800975357 0.042788382025709 0.165152017052461 0.213608576838821 0.110032110922088 0.0503101342762946
0.0708893470391594 0.106393911950537 0.103385914315446 0.190936664225789 0.106880787689157 0.0416181126731423 0.0439209209843248 0.138801048712115 0.197173292410331
0.0575442662485605 0.199507410094768 0.102446182857925 0.00904653552196346 0.0469795846924438 0.193204577247525 0.00172455512174082 0.168958898123697 0.220587990091377
0.150798414137077 0.0202677888566221 0.00838693362907834 0.188175468625081 0.235537860650797 0.0889206139966853 0.0842800792537423 0.148646146801778 0.0749866940491396
0.189393220610034 0.00265375615031398 0.197771846725421 0.129133471596336 0.10536660319528 0.0692546028552713 0.0512232826997006 0.0174413371473604 0.237761879020283
0.109530208860235 0.204934676092646 0.180187778584214 0.0145977845634284 0.0228086917034539 0.0719515169924247 0.0563611482695915 0.202383128969504 0.137245065964502
0.122734254765692 0.033493196242755 0.0731401306403896 0.128264647742598 0.15603612141666 0.130138405952098 0.116888968746521 0.139253694341346 0.10005058015194
0.0301984981442453 0.00703990829108125 0.0240898715648724 0.0920131030518521 0.0805146036658336 0.111703472595577 0.225622583521907 0.221974195271986 0.206843763892646
0.0892625700218749 0.125203152172811 0.0884070827016957 0.138556766329798 0.17024898393737 0.120179815893772 0.159213301545102 0.0617812733815959 0.0471470540159816
0.123073281603044 0.0728742156380027 0.18234498782072 0.0186493603314267 0.00305996243860865 0.00444440715505362 0.368607914168124 0.224562006942575 0.00238386390244433
0.173674529403744 0.116842774997465 0.122801608079082 0.0343337426753273 0.0503362607856175 0.191878296599356 0.119311777615463 0.180198550765341 0.0106224590786044
0.135956982487117 0.169852234935858 0.170616664209803 0.0374758693954283 0.0319666952558832 0.0847882693153285 0.175173236597739 0.126247300553831 0.0679227472490127
0.0162635093118233 0.0625675040610305 0.115548878204129 0.130275286756387 0.0962471250188873 0.166930489012168 0.173559938839883 0.186222661712312 0.0523846070833799
0.0937734789864949 0.138621935052383 0.119087465440676 0.133449444760182 0.109719533428362 0.0899002080843703 0.123522565219944 0.0636734368006376 0.128251932226951
0.0928746755235546 0.130991851218618 0.128828737690607 0.0843050098714213 0.116031757379889 0.114241844948248 0.137537767997178 0.145313749302107 0.0498746060683762
0.0841651198991922 0.00635373463606187 0.0412362313865155 0.183194572874746 0.184878424353047 0.0850477299221551 0.167820321774292 0.150092587745167 0.0972112774088227
0.222370102088342 0.0423533924118573 0.15034697793118 0.112367425542751 0.0436816634809083 0.121203043227637 0.160729496803138 0.0303117459729143 0.116636152541273
0.10304327793699 0.196045981646892 0.179556114105505 0.010629830931199 0.0545787848445639 0.04457028216388 0.183809221892115 0.0305442636844066 0.197222242794449
0.170969801895111 0.107183468839389 0.0567319943119019 0.0566167857864774 0.0463305945699693 0.122971774124894 0.143936689342171 0.211207944639576 0.0840509464905106
0.0314779651417187 0.232219255664584 0.194285905762851 0.0150460646856439 0.111677817657253 0.139403333658996 0.0699596732069455 0.190656971660356 0.0152730125616526
0.0398078707625914 0.0607061141739301 0.0205467154708664 0.079221446195721 0.169112913633184 0.127541210103821 0.205712680277693 0.224477485774069 0.072873563608125
0.121595276351981 0.0515694441068403 0.08229645647114 0.117286870529852 0.111583739653241 0.132875098122484 0.149245781979365 0.132026253668238 0.101521079116859
0.0242897640596737 0.116592315307968 0.060387480615631 0.235939117022443 0.0707205285995526 0.230581109037241 0.177553694345942 0.0714299275790547 0.0125060634324933
0.0684658387375377 0.107176406691672 0.0707175880039838 0.160053853512148 0.133767594234653 0.149814805160837 0.0703000471801807 0.0976778652739005 0.142026001205087
0.133235478933317 0.124703806586438 0.0106507816127068 0.0707258043844649 0.210243297611042 0.0829801127792271 0.0712842489968861 0.180099168240969 0.116077300854949
0.0326796289216388 0.166388195077884 0.161626080772394 0.0788158654450287 0.10997223543653 0.0437211832915688 0.165254987038613 0.126373328733703 0.11516849528264
0.0716570954668117 0.240569636484842 0.0137701266089847 0.205547177266917 0.0175976536680096 0.164191190502301 0.223112948288323 0.0506487960084662 0.0129053757053456
0.136199967735207 0.0251914305678222 0.1692659264263 0.0725515946109029 0.16866545436064 0.136898319668201 0.0975249968233109 0.155394839126456 0.0383074706811589
0.164297506555971 0.102494147003199 0.140900140528145 0.155840258406472 0.00522878790697466 0.0833834819668844 0.17854072732358 0.0521948280364072 0.117120122272366
0.13073729275806 0.11530454497875 0.0913455467568505 0.128735714320971 0.119816497375186 0.122792830066927 0.117197613200543 0.132339972881125 0.0417299876615861
0.238655347085042 0.0129367377526921 0.179464353638451 0.0672053680512035 0.0151158678168919 0.0217303940610168 0.22595693154839 0.15085988295919 0.0880751170871223
0.190299062730634 0.126996746740347 0.0752870884870183 0.0662842615380197 0.128252583434894 0.012822529674739 0.113348774417919 0.240319138228176 0.0463898147482528
0.126172933983276 0.0868790806947679 0.132308083060607 0.15465485200518 0.0892082256413565 0.0487264216467064 0.00344497177739519 0.20469453223859 0.15391089895212
0.0642202584230721 0.0277607693486006 0.148981098492442 0.219720498097876 0.0910180808744982 0.117496758546304 0.150749176131034 0.0953795939148744 0.0846737661712993
0.0881589844400133 0.0694393743384689 0.0954917833097921 0.140137253713531 0.140681882888336 0.167081887815967 0.0333338435317113 0.174943903341052 0.0907310866211282
0.112615162152275 0.124236228731143 0.0852391825218116 0.126071881659005 0.0498549558046743 0.110284703851472 0.0704349786650159 0.159706598960887 0.161556307653717
0.118036545561689 0.141529170208404 0.0914038508288878 0.157676969944238 0.0567046500730908 0.185298737055249 0.14496387088116 0.0711055574679405 0.0332806479793406
0.0641537158509767 0.208218993279523 0.0587909855707379 0.00278437263552764 0.120712994743516 0.135079061801203 0.127632297279805 0.0771100259844106 0.205517552854301
0.154144659160805 0.0457001125154986 0.175810092526847 0.0907146005326662 0.141702539993351 0.0805786417432897 0.122543286433654 0.137342954525283 0.051463112568606
0.1234009327389 0.0911887911651817 0.130999221182338 0.132034953617218 0.197942076494215 0.198252602612407 0.0973174637470216 0.0192238810005068 0.00964007744221196
0.000172805871890219 0.0793263768516227 0.177029780214152 0.186743820067265 0.00744485658262625 0.148601241523935 0.0675284103075855 0.191841147545616 0.141311561035307
0.000922431322479378 0.144837460753304 0.170988442227922 0.16378818026092 0.149812152326293 0.118147573858284 0.0707761701851921 0.0256096268976546 0.155117962167951
0.1773557594263 0.0400964274047102 0.142870429069939 0.175384821772384 0.0887991244873503 0.00356116274687775 0.164665815777201 0.154046612570048 0.0532198467451903
0.041350925885795 0.0932812784120867 0.0993450179842506 0.04344675792533 0.216580227590514 0.0939648255976244 0.0824505465574185 0.130769108117473 0.198811311929509
0.127830679093146 0.121925057138487 0.0337648338325996 0.166404453367069 0.0252016508057177 0.0459531089359598 0.197943060673538 0.0995230861274051 0.181454070026077
0.0390599269692443 0.0883130199746334 0.225050061568325 0.107500149276301 0.08412536549185 0.051046544565596 0.225517009907305 0.0147241127301647 0.164663809516581
0.0710899304482577 0.10826612274623 0.160750420318295 0.00994308574698612 0.152644503752239 0.131955694944968 0.150881218033057 0.16896428121143 0.0455047427985374
0.00226371747019135 0.168900057311159 0.24576684234649 0.0358917909877377 0.163898688831085 0.145122028932094 0.0888899125653848 0.0282743775849253 0.120992583970932
0.108629003283684 0.102760516231734 0.134236710932928 0.126729326604641 0.151368924922545 0.0519996802299147 0.125011085092161 0.173514918181182 0.0257498345212108
0.117185483872937 0.130263991790043 0.0461280968105798 0.0638071809780108 0.154603551477033 0.142953114683572 0.109179755155473 0.116404208453666 0.119474616778684
0.0920980836172945 0.0464890440979748 0.162382057511905 0.0415593772885595 0.0831218184088536 0.129078043429707 0.144874040046112 0.174986727207422 0.125410808392171
0.0811062198426517 0.073454596444937 0.169737989956505 0.0543975343867723 0.0918195934052196 0.119118146464651 0.149778804620927 0.0987758840728243 0.161811230805512
0.167709878917759 0.0822524607440362 0.0872628795462008 0.135386976874697 0.0217343364564893 0.0818084718601901 0.177815822454788 0.0380349571848281 0.207994215961011
0.159989094550418 0.0978946634700385 0.150873491951162 0.0930500113076958 0.0584257393158206 0.159898819144942 0.0411542553834252 0.0980356929565483 0.140678231919949
0.133630933746505 0.134205553395149 0.113631538483987 0.122828890951074 0.133026886588121 0.138118554211654 0.066867555809144 0.0812848768078008 0.0764052100065659
0.0693777248054336 0.0556763856882365 0.125439363466224 0.139401994077156 0.107882574459676 0.169743028800071 0.0973700808184737 0.156555536963981 0.0785533109207482
0.119259772346251 0.186334039760327 0.0818847023324121 0.0248289750380941 0.174800885741851 0.157467935744182 0.0151587565364233 0.0251114677065299 0.21515346479393
0.0701030966181076 0.0488586345671621 0.12834754012047 0.202331849318512 0.135761541965954 0.070654040764032 0.187664823076081 0.056416755066037 0.0998617185036431
0.0286331099404339 0.15546549934326 0.130680960431995 0.174744082271686 0.0448902318665389 0.143326056917525 0.0718491483476995 0.152844993203481 0.0975659176773803
0.0995153605824829 0.118018818127372 0.115819287373065 0.0227593074856404 0.221005072692116 0.0330697205749231 0.0286647508865542 0.139261851580036 0.22188583069781
0.121281369820312 0.122898380738983 0.12986863611054 0.0912436267902603 0.0739940213112495 0.124380285849549 0.191474586494444 0.0482702208549297 0.0965888720297327
0.0763549681704243 0.21770188652354 0.162512735409398 0.0872260700329524 0.0109274038071208 0.215314794946575 0.14549091073555 0.0343817132677273 0.0500895171067118
0.0941067813074136 0.0963273364336317 0.122838089642204 0.133391682005694 0.176210116877846 0.0738386472562116 0.175317357890787 0.0442268107199489 0.0837431778662632
0.0406226265979692 0.133014695950227 0.079725739029669 0.116309651248178 0.208386581396514 0.0821107261809717 0.105034038249996 0.191174093710793 0.0436218476356826
0.156492195109175 0.155355075828381 0.18155011078457 0.10695915362016 0.120890044324388 0.0101855827976993 0.0327234933624954 0.167065769580635 0.0687785745924957
0.204447973452883 0.0713465284970948 0.107207868810688 0.0939699148151511 0.0922165453347891 0.0403869922375424 0.14968057639346 0.0865683993517651 0.154175201106627
0.0328425235848135 0.155927984960891 0.0640871432412199 0.197891224329987 0.117968375768053 0.0589963946127945 0.167668931619943 0.0496034980548943 0.155013923827404
0.146159011595781 0.129091521614071 0.132246182195734 0.148667970028326 0.059587954122403 0.127510519908543 0.124112174652989 0.0532864708381521 0.0793381950440005
0.0650568436388591 0.0742639295766424 0.0583270977927777 0.147295223362912 0.188218958949341 0.128865258640931 0.170932740185207 0.0077726928259788 0.15926725502735
0.194299717032834 0.132961644985082 0.196758160092939 0.115366466277101 0.00458744798701797 0.166873331569599 0.0490179506709495 0.0803279707485841 0.0598073106358938
0.0471006146307867 0.174568958973744 0.127287414299035 0.0186014920073098 0.028324352075361 0.128938944195109 0.162306414428616 0.161557705346766 0.151314104043273
0.120247550351016 0.157360390082093 0.210121060097783 0.0837195968666541 0.00362445490337387 0.115568259296693 0.0792157301752184 0.203454719375399 0.0266882388517711
0.135893388267161 0.0306385704590169 0.058174641295755 0.0423967241190689 0.247323661128234 0.125052762211186 0.196151876056252 0.0451533170596332 0.119215059403693
0.0692012514703407 0.0918528311088973 0.0757491503709125 0.16152001754542 0.204391945303171 0.0225083759358165 0.0946884081457911 0.155682182275618 0.124405837844033
0.00651672457939806 0.181255585909016 0.0561561402835913 0.0751818913792821 0.182250571875019 0.0173404591960641 0.136025045281007 0.16694582717099 0.178327754325633
0.125876253469979 0.0933378185130167 0.121805935465713 0.176389861442272 0.091676572497945 0.0452628599984363 0.151492334907772 0.107973639158189 0.0861847245466766
0.155339595253455 0.0852153168071442 0.0521959348973062 0.154989777253293 0.141724432839723 0.127185041087633 0.146554982938542 0.123770931275011 0.0130239876478923
0.125299460386194 0.00422715547620704 0.12588958585742 0.124569365019764 0.244245183420553 0.125451310237334 0.0281083755140498 0.101128774076881 0.121080790011597
0.00353131113916111 0.214951089706147 0.100168502804852 0.114744800888321 0.0156420108214677 0.0133395534328188 0.00628619066328659 0.289601201103023 0.241735339440922
0.0560119621106963 0.022566156041093 0.259831694084944 0.00104497188154066 0.0625588663397174 0.0222038667675626 0.105558970808605 0.214357859661107 0.255865652304735
0.116152405996916 0.144927464418866 0.169132227772224 0.103727202283584 0.09401075021829 0.152469787001381 0.072319422284817 0.0239118122244758 0.123348927799446
0.0763398353530284 0.105532275796043 0.0669909261824368 0.122014272300919 0.079764363967301 0.206556714026337 0.0635022356875243 0.192659605718153 0.0866397709682574
0.102151897021826 0.0263515968298677 0.176723716562601 0.148200251363192 0.146405301922853 0.113887324965077 0.217599507821251 0.0473494835717599 0.0213309199415718
0.017563816194922 0.126801185970376 0.0227872047353662 0.133268954555256 0.243523540044891 0.0373343116945997 0.241648313892441 0.0324626938814026 0.144609979030745
0.00728465095972992 0.132526162155882 0.113129430062896 0.0648990285020026 0.0669437672947046 0.122295253588777 0.0369031404703913 0.222656429191977 0.233362137773639
0.0808229831763849 0.0523213742821734 0.0161442312993096 0.158508365175086 0.187545727007273 0.0416001728488496 0.10562690871083 0.137234049536877 0.220196187963215
0.189512605402928 0.155364325278817 0.180829651678294 0.088707444068222 0.113731957278402 0.0192903525529882 0.0615996860346026 0.120482967362838 0.0704810103429089
0.00266023695810189 0.204469415522808 0.142185295110959 0.0462248331077376 0.0661932075052137 0.12699883360106 0.0532623639190071 0.162667325764094 0.195338488511019
0.035551039553118 0.179705374006608 0.0776824186219147 0.102869516108402 0.165447733708428 0.112331061676865 0.076211721332922 0.107249986621171 0.142951148370572
0.0597238730922724 0.0165127827620753 0.270148413041311 0.00303692463705282 0.229196408363832 0.119905678572882 0.194948841628713 0.0176924237740386 0.0888346541278226
0.128224598716091 0.154463725593783 0.0971789099706379 0.061620095330838 0.0790421190982615 0.174944615544333 0.154028918189127 0.0251253848484654 0.125371632708463
0.0266961285969833 0.147561180029988 0.145514152412221 0.152675736358599 0.0514435720268119 0.143693179815438 0.161998143110483 0.167859368089013 0.00255853956046256
0.150451004914682 0.115081829185579 0.219309287854863 0.0162905943128104 0.0278208071860809 0.11564289378947 0.314293491053797 0.0242375686874098 0.0168725230153087
0.109318728891171 0.10579266356369 0.0210530144206494 0.0527489912195623 0.12927866660037 0.173122335274139 0.00475097559330864 0.258693669572554 0.145240954864556
0.119654833550325 0.0324591716501461 0.129216325892887 0.0808476010883161 0.192411423877995 0.0763766825093698 0.191884353994464 0.127054095961253 0.0500955114752443
0.106992798790416 0.176809473810917 0.0603515741165188 0.218836825367572 0.154198572371211 0.0146817227512878 0.0111005113406528 0.206694614335867 0.0503339071155577
0.166510638021497 0.113492271849238 0.148118417208404 0.158969597240421 0.166012566738143 0.09555040951362 0.0603791096920441 0.0774530485561908 0.0135139411804431
0.100404625491679 0.0571392221490966 0.120102551254654 0.17794864351982 0.148776652270139 0.0355372553999199 0.177105850985087 0.0010712248559441 0.181913974073661
0.150278861460752 0.0935323004918812 0.188647041900147 0.104736726041068 0.0254838421347249 0.135893134112918 0.261999337508104 0.0332982491328733 0.0061305072175319
