0.338436231820416 0.176677538424395 0.394436725871726 0.033812589176249 0.0566369147072134
0.267565335345281 0.110975862913824 0.235447130030099 0.220309890039086 0.16570178167171
0.166917599719634 0.0143803783215681 0.137339265878699 0.481493902656221 0.199868853423877
0.20221963455934 0.200408651749362 0.241854035737288 0.22440843164447 0.13110924630954
0.0192583552515791 0.160381386920075 0.206679684728362 0.328806499589883 0.2848740735101
0.249215879820881 0.142865780248577 0.18672486906942 0.202093841107743 0.219099629753378
0.0407973452391516 0.0936325021912256 0.174779032121958 0.193047964065777 0.497743156381888
0.271017690432238 0.167094590288341 0.158646376779743 0.173935693428174 0.229305649071504
0.325077136457877 0.152601679060717 0.154065678599124 0.197411541397858 0.170843964484424
0.0829205583616368 0.282921528013517 0.261989888124557 0.11104539390041 0.261122631599879
0.0117237642597737 0.216410533179217 0.271215740705739 0.388807175235715 0.111842786619555
0.0049434083899039 0.13300545564929 0.297682845774185 0.353581797628811 0.21078649255781
0.154985299980582 0.221963861279486 0.29317959539779 0.151981412253105 0.177889831089037
0.0114302132158322 0.0226277025102996 0.294901412190569 0.364596944932458 0.30644372715084
0.182159280699599 0.198493467496972 0.351897444294334 0.264719051220076 0.00273075628901913
0.314039930858599 0.187634483524415 0.196538721780133 0.0740423434254628 0.227744520411391
0.335039685836229 0.233986143935096 0.0559647434783996 0.0473920752222986 0.327617351527977
0.114216142439162 0.213253916804162 0.334359073296591 0.18613982953166 0.152031037928425
0.366886522299802 0.0247292761389059 0.108542796469917 0.311367730219428 0.188473674871947
0.0162424645739674 0.278473713404778 0.167001416549706 0.241630228398133 0.296652177073416
0.273076678980765 0.0880710531793017 0.240140418327312 0.117641506638257 0.281070342874365
0.186905159311468 0.306782812863286 0.242902635695346 0.15336660255205 0.110042789577851
0.21925967921136 0.135551693198379 0.185314209545992 0.287220416908746 0.172654001135522
0.220391048922001 0.299940883920765 0.197507799254735 0.106048127931069 0.17611213997143
0.171247088447054 0.113447017050856 0.0235833270126196 0.460016667711443 0.231705899778028
0.391129073276273 0.0588237807576363 0.287421437960528 0.242074783600938 0.0205509244046245
0.227437920393787 0.247247053973005 0.172314254935376 0.271205111631956 0.0817956590658747
0.126519042924644 0.12821662825003 0.23031662555133 0.227884443290667 0.287063259983329
0.315818657459549 0.0419126174564919 0.287085697125098 0.220939916433667 0.134243111525194
0.104213605151004 0.0334640305206611 0.442830190371445 0.00647998800961552 0.413012185947274
0.216022116190751 0.350389170098801 0.0742838031118812 0.168885065131737 0.19041984546683
0.201386281247516 0.162124233106718 0.202912094547755 0.211893944011228 0.221683447086782
0.0909694519904414 0.252899746788539 0.25674078987952 0.137283368053917 0.262106643287582
0.261726143004039 0.023837101647835 0.235594357614844 0.172035439691723 0.306806958041559
0.227081353799149 0.245603603216641 0.10097990448376 0.126632295082936 0.299702843417512
0.257144163875342 0.218596097644385 0.136149011384768 0.239177900961952 0.148932826133553
0.415791217533696 0.166389765731717 0.31606258715544 0.0175596406294445 0.0841967889497023
0.216806362862972 0.111293199219965 0.39581965606384 0.244996799092426 0.0310839827607976
0.0830195071723913 0.214748600214525 0.136657083322863 0.317975787882579 0.247599021407642
0.228515758261753 0.247225815485558 0.176896158620848 0.212607503031077 0.134754764600764
0.193804932747584 0.0350737299981588 0.240209467159662 0.277643792302743 0.253268077791852
0.234407227581507 0.298020925780126 0.0527362520261596 0.294046882824049 0.120788711788158
0.223753001940903 0.393422964793351 0.118688265576347 0.169195596642177 0.0949401710472227
0.0916978455851389 0.216094899563424 0.22294648023326 0.26218758607436 0.207073188543817
0.0252155807780556 0.0196898053950592 0.102618307609999 0.479204320459247 0.373271985757639
0.176718346778476 0.0364841022574706 0.301467606121344 0.13459498522399 0.35073495961872
0.184020683506245 0.266258706459181 0.20599829526356 0.05884897299955 0.284873341771464
0.261990358373232 0.217226705244867 0.125700799774715 0.16195931455618 0.233122822051005
0.196491219366422 0.0368707593865683 0.360956166283867 0.19285612166445 0.212825733298693
0.221952969440021 0.495250194919791 0.13857158615329 0.060673517258539 0.0835517322283594
0.0368078512936573 0.236673046596342 0.465510424038311 0.213895245061705 0.0471134330099838
0.496701725778376 0.195195732422893 0.198509301394215 0.073407949686603 0.0361852907179125
0.207855320582044 0.0687329019734573 0.161410412209024 0.287885434034357 0.274115931201118
0.0950244705836977 0.156297400776158 0.318747971379156 0.222500645841048 0.20742951141994
0.465763633151866 0.0745094592295505 0.116511280548443 0.219515138034257 0.123700489035883
0.0364176141211878 0.245310793357455 0.138546074774895 0.336689702872477 0.243035814873985
0.059913147536965 0.0917072481496979 0.353306040300804 0.13110262599842 0.363970938014113
0.000469097400069404 0.214746153696745 0.249900734918328 0.297966770749812 0.236917243235047
0.0806761646428211 0.0902546440403631 0.40510672781844 0.158689757410506 0.265272706087869
0.146021801341577 0.362829478507838 0.343244568203635 0.0897091774543129 0.0581949744926365
0.202614835867201 0.301736716604747 0.290055351016178 0.144899738179443 0.0606933583324318
0.209574216851086 0.215068735513972 0.201948368641599 0.00344550687072013 0.369963172122623
0.175320320702704 0.0153098434411645 0.308928472814577 0.19456027056597 0.305881092475585
0.192457486395963 0.213174112000083 0.300140558935584 0.111129652799258 0.183098189869113
0.293349698587489 0.0315396451730161 0.415976868178084 0.183654721268779 0.0754790667926322
0.0917842411639715 0.164721591055281 0.104522155344326 0.471595034242009 0.167376978194413
0.24864369211198 0.194494049973691 0.0265497666266626 0.210458097886675 0.319854393400992
0.0460159329081553 0.222487144888479 0.19998861829363 0.273863805651669 0.257644498258066
0.259982110320177 0.13068814709469 0.25190176916603 0.0894147995029671 0.268013173916136
0.0486436891191526 0.284264796648821 0.235737305361596 0.194870924802081 0.23648328406835
0.297093525490684 0.14841777294226 0.159951959919659 0.276360816610707 0.11817592503669
0.178292272707842 0.215332578457314 0.11821243598534 0.304891063924571 0.183271648924933
0.164790944665052 0.231993487839131 0.18241052298755 0.14024659658494 0.280558447923327
0.0750828514922965 0.309302590859678 0.325994845382305 0.0461882297397975 0.243431482525924
0.395908499839226 0.0246366855562873 0.0819837578903485 0.397846422596002 0.0996246341181365
0.249871292378998 0.114879329697454 0.386468931850288 0.187725407067849 0.0610550390054123
0.187551708747547 0.220177831719835 0.0835328482246019 0.0736573155790478 0.435080295728968
0.197397437353943 0.270874143700217 0.0325764090735961 0.162360862412034 0.336791147460209
0.0935496720940456 0.269103134603219 0.17090980409768 0.197239534832782 0.269197854372275
0.258250117142478 0.2308542437903 0.21828957582449 0.0633075361682673 0.229298527074465
0.0913176420548835 0.323066593778904 0.16818797298563 0.173159864297538 0.244267926883045
0.297119872619969 0.137328431386012 0.155001918647398 0.0408264404569695 0.36972333688965
0.105328914522656 0.270618081115623 0.204764286746336 0.224361183062989 0.194927534552396
0.0708778193223784 0.265009978910924 0.380518629541412 0.175950439031419 0.107643133193867
0.316808360307326 0.334214263865615 0.0175223021961731 0.0802060698734506 0.251249003757435
0.264335629014824 0.131499584344934 0.118608018177973 0.279745485024095 0.205811283438174
0.0446872680554427 0.270540442815164 0.213739433076955 0.215454721852575 0.255578134199863
0.2929004334588 0.123102235303492 0.119190451636087 0.357564774190587 0.107242105411035
0.0529244912091615 0.169070639918324 0.213259675465259 0.274633288893402 0.290111904513853
0.157305172815438 0.375555006017749 0.0398983850903776 0.355225053581822 0.0720163824946131
0.257166423894792 0.228822805677587 0.00998984125188375 0.266020236879744 0.238000692295993
0.0373129903845435 0.331571809618548 0.371855161650451 0.053327375758768 0.20593266258769
0.318079747087201 0.351799274683135 0.115661947794916 0.107366368963113 0.107092661471635
0.375533175494236 0.235743796133102 0.0386606712184258 0.146556128026332 0.203506229127904
0.0258542740060127 0.0207977454788294 0.44430579373204 0.367898537084994 0.141143649698124
0.327757535558308 0.0694696292477183 0.0379010947512306 0.223456888985689 0.341414851457054
0.315596453748927 0.0471702400157965 0.479529624357866 0.115398200268648 0.0423054816087622
0.339766035506924 0.0766767956930492 0.204436828504527 0.236251773102316 0.142868567193183
0.15212855623808 0.136075026589773 0.20774442025563 0.220446392309672 0.283605604606845
0.210305820613663 0.331165246387533 0.204365674901504 0.0960988063115287 0.158064451785771
0.080974394169176 0.139626721019144 0.343914807932527 0.354059674994667 0.0814244018844863
0.255311493739119 0.128112626532139 0.353309585637006 0.0048648309881988 0.258401463103538
0.215958863556696 0.262348733028166 0.289296817408053 0.0376226106949413 0.194772975312144
0.203934675858438 0.263832393131106 0.302052713716488 0.0952835053800678 0.1348967119139
0.48797143165927 0.0146559899965627 0.076536955701666 0.245462083267262 0.17537353937524
0.136650242890829 0.105505168430573 0.105032256534393 0.357016198964044 0.29579613318016
0.298998728011265 0.380620364940522 0.11926845426768 0.0974589515813563 0.103653501199177
0.129977880886821 0.262805564881388 0.32363393967851 0.0665169265041426 0.217065688049138
0.38583111536679 0.323096339668303 0.0157101910549487 0.246219482800224 0.029142871109734
0.317360396718133 0.103847251715683 0.0718443355385027 0.181553513825473 0.325394502202209
0.114119734110734 0.184787986810646 0.224285094777372 0.262769682094493 0.214037502206756
0.182745745264877 0.351987041835758 0.0341462104326438 0.236177331739123 0.194943670727599
0.250131887594858 0.145217232177949 0.225539045119765 0.14026305634676 0.238848778760668
0.409280738265493 0.271500074444373 0.0460584620851041 0.167439330198423 0.105721395006607
0.285252855642205 0.312252353583535 0.100905671132124 0.250513004334394 0.0510761153077427
0.323879573855241 0.329337009735357 0.214470706856304 0.0487424741486772 0.0835702354044206
0.130624540492598 0.228535795421698 0.364407707111314 0.108562199716671 0.167869757257719
0.0366334358289683 0.387103561045884 3.45699693119598e-05 0.0208470160155914 0.555381417140245
0.150573813370561 0.230863985839622 0.185348488968541 0.213739760355977 0.2194739514653
0.0918528899834992 0.284796399053794 0.195693617262805 0.253242452097705 0.174414641602197
0.306488831841536 0.182691053253221 0.210673257655912 0.116415368996747 0.183731488252584
0.329600848697396 0.0286710721089821 0.257107044699466 0.0766821794260607 0.307938855068095
0.131961172933761 0.205412495859945 0.269140716148367 0.265586279820021 0.127899335237906
0.308524620104051 0.0837274871477959 0.15022321059032 0.336252983561737 0.121271698596095
0.205607623900594 0.269898393725534 0.0548514911824732 0.285484562672493 0.184157928518906
0.258122701477972 0.241236594677231 0.0691664367341718 0.390672060993903 0.0408022061167214
0.189042980137081 0.354588819260888 0.0963381302287089 0.0394939163587918 0.32053615401453
0.30419837253131 0.192587950526323 0.16087009968209 0.188075094079908 0.15426848318037
0.327464851577894 0.0173611909284281 0.183210907812921 0.206753954243017 0.26520909543774
0.0230402317413336 0.42163516819835 0.299915373908075 0.203278508086957 0.0521307180652846
0.0544950863297827 0.298763211345711 0.0243185696840714 0.300379868477239 0.322043264163196
0.132126539426553 0.0896028990323586 0.169851238460438 0.462018420136203 0.146400902944447
0.108966489447069 0.194534714550801 0.222408267966675 0.0680855350759069 0.406004992959549
0.108598072178899 0.0165039394018296 0.304791912635148 0.334469062668821 0.235637013115304
0.257954536255643 0.100859277372402 0.261178478922684 0.0433159339755503 0.33669177347372
0.271433212196324 0.204511573392069 0.297220047905581 0.16218475877875 0.0646504077272762
0.325582105785617 0.330606151633918 0.163917622534344 0.0375389052101417 0.142355214835979
0.273528800843055 0.377665969177817 0.231829201354679 0.0301041069029189 0.0868719217215305
0.163735630476649 0.347521232310755 0.114974952152287 0.00224790252511408 0.371520282535195
0.342896217056961 0.0517930062158892 0.349389240036866 0.0192779514507999 0.236643585239483
0.38761372812688 0.0598485580609745 0.0864707169005936 0.219660889293234 0.246406107618318
0.158003726640641 0.168265089181125 0.181936622160791 0.18828336871327 0.303511193304173
0.460430610802106 0.0433834480900326 0.0470369226226197 0.317778576256346 0.131370442228896
0.249169502990303 0.185181316664836 0.112195439927831 0.116157914084864 0.337295826332167
0.193641657583117 0.111171935337483 0.0599296509528421 0.301148304929936 0.334108451196621
0.315976076500736 0.216167266251949 0.0573494044160178 0.33297054783876 0.0775367049925378
0.356630281862588 0.0990571096778554 0.175347636275866 0.36547283076389 0.0034921414198009
0.208732437047425 0.175175696160708 0.104830382714895 0.26237713187027 0.248884352206702
0.206891274790613 0.0463946700298092 0.177768410386381 0.013043389323525 0.555902255469672
0.0568868385420299 0.123819247226413 0.165582942041039 0.325222261144472 0.328488711046045
0.357318017256398 0.161241506813506 0.198921974728544 0.188120998452253 0.0943975027492997
0.253934328042486 0.0112131967163977 0.118267967117393 0.393208001086722 0.223376507037002
0.250205949367779 0.308245649827111 0.342337568752949 0.0632039277631191 0.0360069042890426
0.384539571915962 0.122778399928224 0.0666509023026554 0.210272192330043 0.215758933523115
0.0469983303340716 0.38268986490665 0.251959439340675 0.2131804094939 0.105171955924704
0.116795403806097 0.197370066841641 0.358543268264264 0.103027936226166 0.224263324861832
0.24441698107218 0.214180567276681 0.181664226589232 0.240611718636845 0.119126506425062
0.148976313451056 0.291633027400589 0.0406678220106626 0.275293483107017 0.243429354030676
0.130834503561746 0.0389770263031139 0.402572186815167 0.319849307160118 0.107766976159855
0.253100428617754 0.197157900530854 0.160947596964931 0.108797808958429 0.279996264928032
0.323635531994114 0.119037395399477 0.145076873493012 0.318821670868043 0.0934285282453538
0.057876428574106 0.38592930403325 0.157337032426766 0.241175015366831 0.157682219599046
0.213761852595328 0.179622871027255 0.120727994058418 0.118267484197647 0.367619798121352
0.223226359276909 0.0669054100956682 0.127865518906975 0.377306914293943 0.204695797426504
0.0481515028569418 0.341567130085686 0.347253857921307 0.184032863234356 0.0789946459017095
0.173723316098185 0.208307823005986 0.173368956710683 0.288147314771183 0.156452589413963
0.0748795425601649 0.347907675596434 0.0374630460830255 0.161197718313271 0.378552017447105
0.0779483003639904 0.271334584913716 0.141962484715629 0.149877415300544 0.358877214706121
0.48948451635785 0.281542839503791 0.14895521726824 0.0605594169593957 0.0194580099107231
0.137068087423049 0.301865427643159 0.40451792604464 0.0555832849231212 0.10096527396603
0.246370465218316 0.168612003055016 0.256889035681502 0.0843830141688425 0.243745481876324
0.0207946885758949 0.248305475201586 0.357381876643316 0.146112343089283 0.227405616489921
0.167810739624508 0.218839307005807 0.131342689717092 0.25846049175189 0.223546771900703
0.0899652591815422 0.119738563048711 0.138446828828932 0.468696567904962 0.183152781035853
0.0986253791606292 0.00864839750902218 0.499961670057331 0.383925347207306 0.00883920606571105
0.17401114669739 0.174253067578618 0.114857011758412 0.399477254604731 0.137401519360848
0.196254083237897 0.36318086636193 0.0414714142554375 0.0412008120408212 0.357892824103914
0.40944844293054 0.172177798873639 0.0200949323910494 0.304067545878827 0.0942112799259451
0.302628026461968 0.0100073041605858 0.347063783360287 0.157984367512488 0.182316518504671
0.259289229474177 0.162600957155124 0.251389484886085 0.216767195914328 0.109953132570286
0.235718922463271 0.0879439493290994 0.0968422898928877 0.369094532214312 0.21040030610043
0.270029437531615 0.177462873879588 0.000633453497073487 0.274182738282163 0.277691496809561
0.0290175470475013 0.528957730672586 0.131443007718003 0.281745054842339 0.0288366597195698
0.182267029320009 0.200815262727523 0.283822679659662 0.236445374085869 0.0966496542069369
0.366221044255026 0.280192024602472 0.111096775322398 0.156399589290402 0.0860905665297025
0.082928026036464 0.0180603289962029 0.219743425689125 0.337550478113352 0.341717741164856
0.118568720895817 0.298925556181431 0.204880443450453 0.0762239587011657 0.301401320771134
0.210516822564111 0.124829375313063 0.0269371773444284 0.345935541042894 0.291781083735504
0.248858436845983 0.330908006938172 0.219010047718061 0.062204542837599 0.139018965660184
0.143480466455116 0.225190352654786 0.0715162760671383 0.166730162415167 0.393082742407793
0.160514881023943 0.517231617742342 0.099199413374935 0.0589088412731104 0.164145246585669
0.059779016552717 0.0862379257842395 0.191732476434689 0.270819394973729 0.391431186254626
0.279024017727263 0.311344004859105 0.0289686203102123 0.309769229132591 0.070894127970828
0.293886761856888 0.00306081762432756 0.332852087614628 0.322943633566572 0.0472566993375841
0.198800602324346 0.288352068768209 0.131163606380667 0.218155560610007 0.163528161916771
0.277731336240423 0.0346434024092303 0.236175106490094 0.308516648344367 0.142933506515886
0.653164306820933 0.11572556800857 0.114191737169157 0.116726728806698 0.000191659194641172
0.0864518089783729 0.0391428049026059 0.321917002132039 0.474500219612477 0.0779881643745054
0.29746845713073 0.129700467715812 0.189322268070975 0.027595188586935 0.355913618495548
0.248670842030662 0.197942853360379 0.0610658329250042 0.31164530721643 0.180675164467525
0.159477497858646 0.29111455550653 0.0833950069050095 0.285198457794183 0.180814481935631
0.323490846715115 0.0916898266195922 0.336617090119853 0.160059726710479 0.0881425098349607
0.129013053496275 0.330587971422326 0.181333248189711 0.0246741713575275 0.334391555534161
0.294855012721102 0.216521452978296 0.383360661021838 0.101747847559793 0.0035150257189709
0.181091386464515 0.340360087465223 0.0880551377062902 0.0903652709449561 0.300128117419016
0.251823544793625 0.429374429477474 0.0566958253414419 0.160116907638385 0.101989292749074
0.0876181515105593 0.162033653981755 0.197930389158742 0.332536096013435 0.219881709335509
0.097556146981659 0.124357946073818 0.258717092114176 0.164603124287044 0.354765690543303
0.305244377270776 0.125831618193018 0.358221925975119 0.154670951767295 0.0560311267937925
0.194417977816302 0.0183917611204748 0.137093048174752 0.312815272915939 0.337281939972533
0.185656834753282 0.117115001332807 0.255337499426504 0.299596781617022 0.142293882870384
0.085557634357244 0.321251099091606 0.232657196880542 0.00400866114529386 0.356525408525314
0.307038450246687 0.0615760469355168 0.253589787862432 0.178777990589148 0.199017724366217
0.181468434116307 0.313245122590143 0.320236392438957 0.0308489500630036 0.15420110079159
0.242982336956501 0.268444423473368 0.151192393297076 0.273730592015828 0.0636502542572274
0.101191341421924 0.454423432390561 0.015723550007345 0.269501374112953 0.159160302067218
0.292858415982186 0.282083736063755 0.0507975637580525 0.35266992332379 0.0215903608722165
0.232553101992731 0.0742952416072169 0.29953147740814 0.343513708213399 0.0501064707785126
0.0182797961173027 0.277524170231226 0.179259188388811 0.320286118601798 0.204650726660862
0.207285881023872 0.262436796555558 0.226217714367467 0.288271344067009 0.0157882639860954
0.27432243873238 0.218530790094983 0.059507078396058 0.207023308497191 0.240616384279388
0.174757199820709 0.201752302815919 0.205938601055089 0.263991755362596 0.153560140945688
0.334564843136401 0.0452486142099554 0.165512431578727 0.207594866046424 0.247079245028493
0.171500847719506 0.0938064839487478 0.0202803592317693 0.366351913052537 0.34806039604744
0.0372587917758691 0.196443807664328 0.466348480173534 0.0454264480567623 0.254522472329507
0.225135880032531 0.271031607516531 0.257076536538914 0.12816173143359 0.118594244478434
0.145187813500506 0.395676454633293 0.376633811906507 0.0753305383655498 0.00717138159414447
0.216469516556038 0.179749928933307 0.235614104406698 0.13861060783584 0.229555842268117
0.0946775694945581 0.00863570591093643 0.501800973120813 0.181686929819412 0.21319882165428
0.373409269387327 0.221178296652913 0.146724365395506 0.0668448375516424 0.191843231012612
0.256353623836262 0.0681612127568964 0.36096634639082 0.127284248220455 0.187234568795567
0.254609620898443 0.200679598568441 0.16445415347448 0.265823646287196 0.11443298077144
0.31655739310402 0.277410737313823 0.00200846845727962 0.353037386597791 0.0509860145270853
0.185936942590164 0.164489802921031 0.0543987082188232 0.493225661805023 0.101948884464958
0.136645631204131 0.185134854193212 0.228887156627491 0.333612210815152 0.115720147160014
0.0553278667447746 0.412992375187674 0.410758058664191 0.0160684439192422 0.104853255484118
0.2473419158106 0.106748833081534 0.245984507944187 0.192136585914763 0.207788157248916
0.160351394614648 0.188974599034736 0.325759940384938 0.176316701185451 0.148597364780228
0.111056682522734 0.222219448700164 0.219450504440121 0.223316013420777 0.223957350916204
0.170281782465895 0.0788186181423025 0.366917210272551 0.0318090631133963 0.352173326005856
0.202505810932884 0.061377797603615 0.203439299583466 0.316665889091167 0.216011202788868
0.0933112511769164 0.233122844522449 0.0384806940239687 0.596028239694313 0.039056970582353
0.0397902354744563 0.0531899142752013 0.3380764618725 0.390613966105787 0.178329422272056
0.0464234810511613 0.360008665656242 0.382121177827427 0.0417956346298322 0.169651040835337
0.0543763519662227 0.0547800323964346 0.262156282223707 0.306280801366924 0.322406532046711
0.102143093183855 0.108966351897712 0.217804212413181 0.116009152263669 0.455077190241583
0.116394032101537 0.188297535687027 0.151756761837127 0.241658710746811 0.301892959627498
0.0385092705057108 0.14042104823979 0.33974394853423 0.212435703854247 0.268890028866022
0.158964355240298 0.297960136392012 0.339584910149608 0.0564372374845013 0.14705336073358
0.243556476577349 0.281173819051013 0.233187754474578 0.0480273402898417 0.194054609607219
0.125506430165324 0.278587192279872 0.31514217445096 0.00542133565528965 0.275342867448554
0.0556725140274993 0.299262598162214 0.281091278729105 0.29849852301371 0.0654750860674714
0.0397954840883783 0.0946923372587058 0.144163573084565 0.38961078315571 0.331737822412641
0.265464243863458 0.252626071824958 0.370272693713334 0.108825898927981 0.00281109167026901
0.119394896855569 0.199129110393094 0.256822385522103 0.108856437373895 0.315797169855338
0.114986056442761 0.145572450077388 0.20337540656958 0.466891107324758 0.0691749795855127
0.202497564964215 0.204483601202068 0.134215549923435 0.215221076046859 0.243582207863423
0.0336908392807424 0.0205139890305935 0.443811879743256 0.448886036453838 0.0530972554915703
0.20136985418509 0.357186053806386 0.296488726655047 0.0896518433903284 0.0553035219631485
0.252439953513188 0.199356968074131 0.238368160422285 0.165773639369028 0.144061278621368
0.0640217219990926 0.186629559051571 0.261246331375525 0.288203213497694 0.199899174076117
0.194607750740476 0.18599974895593 0.254059050409617 0.143377442997927 0.22195600689605
0.0944153361198226 0.0393954093684609 0.216982155421975 0.292333844223394 0.356873254866347
0.149571835414821 0.156965600081521 0.180445900660084 0.0254918292731989 0.487524834570375
0.254802262118493 0.123829013385748 0.232102221014126 0.0785986833337204 0.310667820147913
0.353184778443233 0.279210680465398 0.0482755989033103 0.0303557767120781 0.28897316547598
0.223923552460769 0.0243679119781726 0.0721790206911145 0.374870303754056 0.304659211115888
0.385639007288995 0.0780241885744743 0.247922866512343 0.1624932022423 0.125920735381889
0.0177480817022033 0.213013040616726 0.352875773079464 0.274722770290302 0.141640334311305
0.12015020236862 0.402594023156863 0.402006623307923 0.0253710158607103 0.0498781353058843
0.291336459352048 0.155676568451694 0.228057638186029 0.277570392955281 0.0473589410549471
0.0761527645072895 0.267312433588051 0.0964212320286714 0.228005335954919 0.332108233921069
0.063543463190773 0.205837592135539 0.226026004523685 0.248241365931191 0.256351574218813
0.0800899730855028 0.262258544785942 0.160733355954187 0.265364624976208 0.231553501198159
0.139356636979414 0.25460220346149 0.378025197700561 0.188007870524104 0.040008091334431
0.433461847029017 0.0947846168134716 0.113263198297526 0.327085723853236 0.0314046140067501
0.343245522168699 0.0294915225227634 0.174892926377587 0.300938905469589 0.151431123461362
0.4123796382235 0.146006239379235 0.225446426086007 0.105924695551668 0.11024300075959
0.269045372480242 0.175188682437393 0.211333820867089 0.259088444874981 0.0853436793402938
0.336421201877363 0.351637226150583 0.0576095455667907 0.0386182744197158 0.215713751985548
0.099174349654284 0.295638143672042 0.0576706249696545 0.27172617383301 0.27579070787101
0.155673332904877 0.256828279817618 0.209977518052162 0.134743469380807 0.242777399844536
0.21414225140106 0.283596006073847 0.0401044990675024 0.164962633056144 0.297194610401447
0.268854867449514 0.0430465416708858 0.281664315702448 0.201302989650689 0.205131285526464
0.298380374644435 0.0871078031384224 0.0741852101098008 0.267358129834771 0.272968482272571
0.0544164891187216 0.214752874842118 0.0153242771316603 0.35332793980242 0.362178419105081
0.236112028475918 0.224345575429094 0.136699264951261 0.278637560523493 0.124205570620234
0.317272833602836 0.177013539693945 0.244164525934678 0.157256223241615 0.104292877526926
0.0781822162573811 0.204851205323602 0.237161431324359 0.264066827704527 0.215738319390132
0.20328216232779 0.238346216645694 0.126748198156227 0.26921483289664 0.162408589973648
0.307826507589717 0.372436379580519 0.0560965666461678 0.148016884275231 0.115623661908366
0.44248429740805 0.00797930201751743 0.417101894835346 0.127447164042533 0.0049873416965537
0.29877760693274 0.132694719196443 0.122908927836023 0.162893813305205 0.282724932729589
0.146043092968212 0.227458873099507 0.0824162990253388 0.439905208854155 0.104176526052787
0.342310579119795 0.378933567226844 0.138692394905659 0.0327370302847812 0.107326428462921
0.216205240000254 0.219563662167131 0.219632220956474 0.137079399050429 0.207519477825712
0.231898775006509 0.228641356403136 0.253992593911291 0.248000903719086 0.037466370959977
0.149068295399236 0.277143424736727 0.0294706035638724 0.343315367656709 0.201002308643456
3.28742823351559e-05 0.265495105349491 0.228497971295866 0.281744041041899 0.224230008030408
0.365722347044382 0.124150785073138 0.013798027717223 0.270206526527857 0.2261223136374
0.0230985895231236 0.306444448345107 0.359116597246327 0.251975638715894 0.0593647261695481
0.486007062385198 0.0764817501660864 0.0256364338440113 0.0349387245167216 0.376936029087983
0.13139747962135 0.350531418031582 0.12900689089829 0.299410984379654 0.0896532270691237
0.433417583791163 0.100457353242968 0.1628572634913 0.0672693860736542 0.235998413400914
0.258194916000145 0.225831752273655 0.179434707972276 0.282969137540054 0.0535694862138696
0.287822427409248 0.0105387750027358 0.325328885669559 0.148004673154064 0.228305238764392
0.042842589094014 0.159535314274593 0.20898597442181 0.318224956807538 0.270411165402044
0.18125517531143 0.173112046760521 0.124481287778347 0.133020807135658 0.388130683014044
0.282137885236234 0.271093936922313 0.0376040492344095 0.273162392230553 0.13600173637649
0.260950937764915 0.224854493038073 0.0709745858861051 0.232006017782726 0.211213965528181
0.152400286443861 0.180866100576372 0.282261926255433 0.209189513551587 0.175282173172747
0.15374568201941 0.173688402958243 0.279290640902583 0.259001504084667 0.134273770035098
0.345315155837034 0.210293381176753 0.125258910975498 0.246975329041968 0.0721572229687463
0.139474565742565 0.477812460791097 0.188217121830055 0.0502427520037954 0.144253099632487
0.210569794592502 0.248800021163783 0.231522123152984 0.190752325358968 0.118355735731763
0.0981428904302525 0.310163041865466 0.197871181703114 0.233860442265449 0.159962443735718
0.276037834458955 0.083499173091672 0.230888605832442 0.253939201643977 0.155635184972954
0.106995960396529 0.169181570756314 0.0534205792126271 0.458966865279261 0.211435024355269
0.000329895505836328 0.405538970121086 0.293888762153477 0.230501719947784 0.0697406522718167
0.0754433841430326 0.183814431732798 0.158524895141817 0.282499504489659 0.299717784492694
0.216414596192843 0.189248804872732 0.276331080503594 0.221345533199487 0.0966599852313434
0.000217096209288694 0.424171306991513 0.11649539729181 0.439967271092949 0.0191489284144399
0.161951669468547 0.302249179015316 0.234551250631065 0.0676311790574027 0.233616721827669
0.124169997420288 0.293321808331612 0.230658709318645 0.185229465995567 0.166620018933888
0.323212854544234 0.164867626249957 0.210801446017082 0.103696130743115 0.197421942445612
0.112970128380551 0.306006894998972 0.11084800636338 0.174601279358546 0.29557369089855
0.262618787956344 0.191643549155421 0.157125112243863 0.139652521131381 0.248960029512991
0.456963253516695 0.33802732591046 0.0934769312613911 0.0255237592048175 0.0860087301066359
0.409659897334374 0.205854631890632 0.237663357643347 0.0298906086969392 0.116931504434707
0.0437512987857674 0.312085753422164 0.254567593855029 0.19552255867665 0.19407279526039
0.25331978518568 0.202750616801077 0.18052427655594 0.079275182542265 0.284130138915038
0.0388268867298278 0.220519724127869 0.366506840282241 0.087515893168275 0.286630655691787
0.0689350939699658 0.134677371504201 0.242983338786583 0.27596152327132 0.277442672467929
0.0900638668667222 0.0187268281595477 0.187541655639352 0.257435104469904 0.446232544864475
0.245881035162141 0.0554450641353745 0.111120367519062 0.559500177491498 0.0280533556919248
0.323798514030481 0.0549227644365205 0.478063986353233 0.0115885232116295 0.131626211968135
0.210772576785714 0.122640154124878 0.225799702715314 0.27780647161776 0.162981094756334
0.079844404130581 0.222280511077008 0.14917972747364 0.31455043949775 0.234144917821021
0.277242840491205 0.146824442136578 0.244580666925113 0.201900845609918 0.129451204837186
0.055434742851941 0.0151762247367987 0.480674876926294 0.219828598606862 0.228885556878105
0.463367525542086 0.279209907835335 0.0940683159655556 0.0113964025333528 0.15195784812367
0.189033284461275 0.202618827599172 0.0414797476608314 0.208937880393787 0.357930259884935
0.0886204109024927 0.531094837316706 0.033800148355465 0.319139570952406 0.0273450324729306
0.186278503259404 0.155215898610254 0.296318951629428 0.0507148250216676 0.311471821479247
0.341028517965535 0.258834445626339 0.266319597385504 0.0551219483726404 0.078695490649982
0.125332459331448 0.245402683855617 0.0446602568838386 0.22641263145727 0.358191968471827
0.482566367028245 0.00917211527342821 0.223030486640033 0.241854107389772 0.0433769236685223
0.316704736129939 0.314704079653928 0.354125661618218 0.00557459888115569 0.00889092371675877
0.166751503963281 0.125146756931824 0.126321101865442 0.30305308518964 0.278727552049813
0.233600264616334 0.259365582492454 0.109756230814621 0.161494502050219 0.235783420026372
0.357142009365469 0.209999093684183 0.247642914580289 0.0535656126607683 0.13165036970929
0.248355447258411 0.171754049104327 0.490033371656651 0.0353472218206299 0.0545099101599816
0.0340059661715396 0.475329518123021 0.103737698591154 0.197621019572329 0.189305797541957
0.190208913501151 0.236371078955301 0.16870109143124 0.199252205740515 0.205466710371793
0.181930490325817 0.358855785428755 0.0447561491623905 0.345130168453896 0.069327406629141
0.019305654267499 0.180796120343253 0.359242360024556 0.130314366213757 0.310341499150935
0.192862686398367 0.27565409675608 0.170654087607418 0.0459580111893869 0.314871118048748
0.0532866450182171 0.15298543285574 0.185251914501427 0.344629966227415 0.263846041397201
0.242528281628692 0.287939749220502 0.10226280066547 0.00576338140164979 0.361505787083685
0.180033919538605 0.0542943947270662 0.279848375564711 0.22991784350269 0.255905466666927
0.103009643176341 0.220875715148646 0.192798729197066 0.191696626728015 0.291619285749932
0.110151325295975 0.080515915632742 0.320384958293629 0.331014363733153 0.157933437044501
0.271736844209318 0.274293407386684 0.0522076819661747 0.138173299044102 0.263588767393722
0.210096511851391 0.0374034357531379 0.390563773324704 0.0786960369293542 0.283240242141413
0.213658409404504 0.0505058466342516 0.142328599203247 0.290244242183751 0.303262902574246
0.170345842778322 0.233899855750721 0.145325840441718 0.168166443812963 0.282262017216276
0.0983331325545403 0.332621645508279 0.262859567171236 0.265598136581068 0.0405875181848762
0.24242315067761 0.236915293749946 0.154622181537052 0.0181651664682065 0.347874207567186
0.196695338046068 0.352926640105838 0.105231539266575 0.31904129015494 0.0261051924265793
0.146391020263503 0.241780078824229 0.172614727557437 0.213235517435203 0.225978655919629
0.390478855261654 0.0411911891046394 0.222864724051983 0.111371690940183 0.23409354064154
0.0968759955513412 0.0181943513124732 0.349153749883695 0.112392260954092 0.423383642298399
0.0248104311236269 0.128788372648702 0.3232759634784 0.301715477601236 0.221409755148035
0.172334611855139 0.0285407975978623 0.268198871666252 0.230296108059119 0.300629610821628
0.342473893050102 0.0935193002485544 0.00081027478379257 0.235316516436471 0.32788001548108
0.13531874965345 0.31035798996332 0.109267494685893 0.136449495471844 0.308606270225493
0.21662635081083 0.280605856885018 0.249830375438754 0.163339648036338 0.0895977688290592
0.163904059160881 0.215908039805505 0.19102107347025 0.215797668101269 0.213369159462095
0.185580237806601 0.270976163913066 0.196892670629463 0.0122427975584274 0.334308130092442
0.11392033354711 0.255052586476109 0.270566561145372 0.127490003393564 0.232970515437845
0.324732816921637 0.165643756679255 0.133943283352956 0.0640221054969311 0.31165803754922
0.144106882003063 0.0275493902257699 0.367780322447635 0.38916093245371 0.0714024728698227
0.18198523089348 0.120733816076402 0.254400843082864 0.254702301031197 0.188177808916058
0.00164723580295804 0.287504548694336 0.211389341531325 0.204059637997611 0.29539923597377
0.243415425791454 0.273009390117588 0.0845179175195501 0.266953412364397 0.13210385420701
0.148044282343981 0.0537997302369505 0.227924879889699 0.168290448801352 0.401940658728018
0.0271431311888552 0.423727371550349 0.0387550238556283 0.484012735728707 0.0263617376764601
0.277448056855403 0.168939174464849 0.111420627357584 0.0403602397700055 0.401831901552159
0.294622135433924 0.306791574080356 0.0111675183020088 0.0641734368476695 0.323245335336042
0.416389526459908 0.0137256533742813 0.0990524858231805 0.31583068905086 0.15500164529177
0.361225444754506 0.214839622501492 0.080669018313876 0.252732670727419 0.0905332437027061
0.246356558946126 0.276502066460275 0.051980409182686 0.0452390777235142 0.379921887687399
0.263655331608817 0.344831889513316 0.0941482513680232 0.122129444207308 0.175235083302535
0.307010949033403 0.316947594545382 0.0250148571554498 0.106927155396765 0.244099443869
0.292886118517125 0.149913589425066 0.129151835641565 0.182041439135076 0.246007017281168
0.142608584483767 0.152348486327854 0.322798495735685 0.194029966381003 0.188214467071693
0.0600720283229656 0.274919638554783 0.319281559041289 0.0390933000294998 0.306633474051463
0.30182091401784 0.0777422362743713 0.206449537301739 0.218498374397657 0.195488938008393
0.113205822900226 0.0925864381326221 0.332917812790172 0.26982481109742 0.19146511507956
0.132471245254066 0.149948958971433 0.280079684077628 0.251456541986008 0.186043569710865
