0.174895431364716 0.00524861526687291 0.27804861842598 0.198976450511277 0.342830884431155
0.329236490589748 0.194102794865948 0.188056290227691 0.256378757235173 0.0322256670814395
0.0374419029672765 0.171641480717299 0.0402743944931875 0.433566096470676 0.317076125351561
0.145286451650361 0.215747723704095 0.204655147168126 0.260870613344319 0.173440064133099
0.0724975870888817 0.275678088942754 0.11751109717834 0.224972393006172 0.309340833783852
0.31974843679802 0.132124208273481 0.102819493630279 0.279387750289691 0.165920111008529
0.21666955970021 0.148418707488832 0.241393888258288 0.134217706541523 0.259300138011147
0.207398632432061 0.192048134426825 0.147109383932253 0.300804059297262 0.152639789911599
0.255190703314215 0.186415473928186 0.148710163177091 0.246192879375174 0.163490780205335
0.157584588460261 0.034261394340172 0.302268236495752 0.340511027377817 0.165374753325998
0.286887971114496 0.118328748651517 0.150587734819683 0.217296858082056 0.226898687332248
0.266128532733381 0.226551801668625 0.0954934590768783 0.17178025958863 0.240045946932486
0.548255273500265 0.124400340066396 0.313638937073729 0.00189160689812113 0.0118138424614888
0.152027099691263 0.238902405487922 0.399305342904031 0.11051901425351 0.0992461376632736
0.394564570379199 0.196408491829307 0.106395145359519 0.171582213760338 0.131049578671636
0.0501968009533461 0.281555095029649 0.272794085481641 0.112632283652347 0.282821734883017
0.296653655883336 0.179456830288982 0.294033096348117 0.0365101034445459 0.193346314035019
0.152921559002566 0.138356059088918 0.252938596941895 0.149690887282275 0.306092897684347
0.353899980546201 0.0130993281716992 0.0899101106792441 0.176487896490181 0.366602684112675
0.236726150648361 0.0865057447605575 0.136923275109651 0.23611835494237 0.303726474539061
0.0987765728655553 0.294029904708253 0.306919423496804 0.152298103258785 0.147975995670604
0.259074566845027 0.275131942380055 0.166705646525568 0.116448353550631 0.182639490698719
0.0302715115023824 0.160113660872578 0.397468732586887 0.293427760369486 0.118718334668666
0.195220181289289 0.355736185038018 0.355282584109731 0.0841846322202194 0.00957641734274253
0.126141173262551 0.303536299146197 0.14134294722088 0.10690398265311 0.322075597717262
0.169789692075169 0.275735590878278 0.29123027156895 0.00609839259726474 0.257146052880338
0.2736546561153 0.211293610974239 0.291920071184921 0.176390222179585 0.0467414395459559
0.13170898923277 0.14761639936112 0.253998759430401 0.290785097392266 0.175890754583443
0.0640302029763928 0.346804161884025 0.17299935969706 0.406935672359296 0.00923060308322573
0.395710970430307 0.355957223423141 0.017405185171447 0.111115082630101 0.119811538345005
0.293519098015388 0.229738949874331 0.137189027764921 0.178532707847433 0.161020216497927
0.19106234591632 0.196656485095491 0.11723585619844 0.240599857572139 0.25444545521761
0.335780672030942 0.143937650345143 0.200102507113697 0.131125955877414 0.189053214632805
0.149179580348842 0.067620204209598 0.228437875121288 0.308384622905242 0.24637771741503
0.316178135142036 0.287813934558801 0.0712336186833977 0.257584686568015 0.0671896250477499
0.347446342613804 0.206363359167261 0.000359091332478576 0.125712620441291 0.320118586445165
0.00297614070747783 0.000634263121921198 0.224714511942158 0.210956575256672 0.560718508971771
0.242593580497739 0.0404244138763955 0.324952311038416 0.326204046803454 0.0658256477839957
0.071716199324914 0.472194757137683 0.0254903412654929 0.389341631359316 0.0412570709125937
0.23604348326433 0.203157985562047 0.309300268824231 0.136597345995242 0.11490091635415
0.0173207839765222 0.190783730065313 0.310662788418162 0.438518798787453 0.0427138987525494
0.211502821896052 0.202623599369722 0.155245718243116 0.257823551840955 0.172804308650156
0.0270730693229897 0.430329497086797 0.0653520361445751 0.427236191687806 0.0500092057578323
0.337414932535485 0.0110359097257675 0.327797467682998 0.0668110266746818 0.256940663381068
0.0940349932936252 0.383564918941113 0.26619805097162 0.0444577302043279 0.211744306589314
0.362354445535667 0.230184343881726 0.188146811596039 0.113832124282585 0.105482274703982
0.373166234831462 0.00954124379841642 0.524492686634178 0.083569268759249 0.00923056597669444
0.136329800064769 0.091686651533071 0.506348199887575 0.0506406348580489 0.214994713656536
0.214352589457021 0.205941490017035 0.203494795370675 0.141757262282328 0.234453862872941
0.217719247853701 0.0739288236869935 0.296257944006949 0.359284309676523 0.0528096747758329
0.0276237649772208 0.347398693913735 0.0554289782483104 0.298327904493674 0.27122065836706
0.14463985686862 0.281300385809213 0.116570454325709 0.0586033275873259 0.398885975409131
0.327153224326493 0.285640086209262 0.0838986887694708 0.0450081714077107 0.258299829287064
0.0369558986871573 0.276216124287286 0.260638267959955 0.15389405855184 0.272295650513761
0.221647027471521 0.129203930184669 0.247986199360477 0.155266828098866 0.245896014884468
0.224683927687766 0.277077504416751 0.119353445522684 0.000535761456189072 0.378349360916609
0.364782988461366 0.123136368519874 0.124788085634952 0.201483404648159 0.185809152735649
0.0111986648667583 0.194281540101626 0.490200658681072 0.120104244606474 0.184214891744069
0.0377849701502805 0.601000429929152 0.0439718214872088 0.211505870417024 0.105736908016335
0.0330799379714481 0.399579845386798 0.208505191667874 0.104075202863991 0.254759822109888
0.265996471089992 0.189421979551327 0.145790922558508 0.367799747364206 0.0309908794359675
0.00101535453513522 0.259719448454282 0.0891482048798418 0.43141895683682 0.218698035293922
0.272869642226372 0.358853860744881 0.052403480702374 0.147128884830525 0.168744131495848
0.214064540648265 0.157844472032019 0.132733306820182 0.209561822918863 0.28579585758067
0.0588418869578438 0.1643001246284 0.28300352391511 0.311362089795728 0.182492374702917
0.248014164282796 0.221620586054706 0.196848998958863 0.00260699441441276 0.330909256289222
0.256789422617626 0.388486823726897 0.228194556728338 0.0240314618826033 0.102497735044535
0.108697441208186 0.127959685613533 0.270348631010649 0.187560523913272 0.305433718254359
0.42326931828593 0.0648023056406769 0.0735567359932612 0.298771342934153 0.139600297145979
0.228436643997995 0.120950385349417 0.147472380115561 0.235748634975086 0.267391955561941
0.10093653325009 0.104749878935502 0.0684906671437742 0.26684152672432 0.458981393946314
0.115348966645362 0.0709974601604493 0.233944279123375 0.319506456412352 0.260202837658461
0.0301333078612242 0.232494021455952 0.345866965544446 0.340360752526495 0.0511449526118827
0.378259211026516 0.152266308805668 0.128533229443911 0.109137875223601 0.231803375500304
0.108638010762619 0.307007325234435 0.147676708440738 0.282000876206789 0.154677079355419
0.171217535600199 0.334617870946507 0.0751780633684688 0.314142459402819 0.104844070682007
0.249462997148032 0.30706043882334 0.00156443614000171 0.216678015105585 0.22523411278304
0.0869996992475344 0.234338061095902 0.175971384359028 0.289474901736509 0.213215953561027
0.224938005133165 0.0290257553829129 0.0233351828103844 0.437105785687961 0.285595270985576
0.0943801615400835 0.127456401324309 0.289482232942364 0.199452633852813 0.28922857034043
0.132292974320638 0.0341813110802289 0.086996408344027 0.422391817649967 0.324137488605139
0.0743540352450594 0.304499307205111 0.043714097270477 0.329187698926495 0.248244861352857
0.250203573728791 0.0581009969505998 0.366171981931563 0.0790194315721157 0.24650401581693
0.0145703088089269 0.286438633574918 0.296034366378308 0.193743599699552 0.209213091538294
0.395385833718163 0.0782273038718341 0.25938111621895 0.0691443246196878 0.197861421571365
0.297588033542501 0.194160812559332 0.0258059045180245 0.200490045167601 0.281955204212542
0.202667562987472 0.294949642263579 0.0792893806532487 0.331109186972877 0.0919842271228227
0.324983198475336 0.289729370968905 0.113490019542199 0.0486795199506706 0.223117891062889
0.213453444693787 0.19170839119367 0.148329566066536 0.292663011879398 0.153845586166609
0.128658121570607 0.162481071217891 0.294175813549953 0.199191719334078 0.215493274327472
0.271862094212264 0.205923363119569 0.0478338211849381 0.357255089579459 0.117125631903769
0.34728246507633 0.175606230988807 0.0903630283980282 0.184800256398236 0.201948019138599
0.119356001930447 0.227347788842631 0.298673097065213 0.0586954533772187 0.29592765878449
0.247086825074791 0.153228901562429 0.184905766783703 0.344964823182066 0.0698136833970112
0.110894935961863 0.264446491800077 0.264795296641176 0.323159912818116 0.0367033627787665
0.108063268473461 0.403943719668137 0.32840416461714 0.137321418503141 0.0222674287381211
0.198556419845182 0.215467404754326 0.113929892252866 0.369870763813019 0.102175519334607
0.0494162728363649 0.287978125429669 0.130371677000953 0.247468741561063 0.284765183171949
0.28254990528662 0.235271471528212 0.175482225593361 0.182108171203055 0.124588226388752
0.235650432603768 0.0220419717046072 0.220353005440301 0.242658818166668 0.279295772084657
0.0219570372966517 0.266290582964278 0.256285197765896 0.264883093328104 0.19058408864507
0.243944441329087 0.131998643098832 0.475043133767442 0.023598286214996 0.125415495589644
0.100246746978001 0.306529497164648 0.17257499886753 0.254615449904498 0.166033307085324
0.214127782760212 0.093316976790934 0.253756068815914 0.209414287372512 0.229384884260427
0.0793140791603618 0.258875019532621 0.149541719744659 0.142776411178952 0.369492770383407
0.259518721213774 0.106078852429234 0.202608967003964 0.218633603807965 0.213159855545064
0.159125965728378 0.181289488326436 0.234773350472915 0.202667222479726 0.222143972992546
0.421854146551181 0.228499144463509 0.06057523746205 0.189166311326319 0.0999051601969412
0.0253203158167852 0.342971998883424 0.238507432001391 0.286692597566878 0.106507655731523
0.0490174960774106 0.19902114591402 0.101717353071153 0.132114503576732 0.518129501360683
0.28127624525707 0.282057767406061 0.257425429863985 0.0701248419898064 0.109115715483078
0.260771371087196 0.280969157869644 0.189106276245077 0.0585890594647404 0.210564135333342
0.0298781004093502 0.21742138034688 0.319698189924608 0.284233481359801 0.148768847959362
0.177812075063739 0.148389723284411 0.285779052976345 0.170710452117459 0.217308696558046
0.203442602468606 0.232621331409646 0.310219323929785 0.0683734103294158 0.185343331862547
0.397579036000679 0.278167965133568 0.00240986372951226 0.0649614642700863 0.256881670866154
0.324246372495401 0.0844162038461616 0.287402665399815 0.0581252972114461 0.245809461047176
0.264567177747441 0.00125561768082571 0.346668113674574 0.21828680542457 0.16922228547259
0.0198921046372569 0.0650991148530889 0.423703349971494 0.0740356591029221 0.417269771435238
0.199627138683082 0.227908892419109 0.303770220244764 0.0776465898961595 0.191047158756886
0.235929589095185 0.114796161595972 0.256475900343594 0.0963042778650288 0.29649407110022
0.0241594766533964 0.214657497368765 0.379925127316564 0.0307715450394304 0.350486353621844
0.164308348282051 0.270079348852886 0.128564771509425 0.303648645620067 0.133398885735571
0.218369346218608 0.149673991138208 0.162448041178843 0.388107394778778 0.0814012266855619
0.298273299503675 0.229816500206566 0.137422227689261 0.312287643643169 0.0222003289573295
0.144156368079744 0.285002062309916 0.277788489829962 0.219019947052951 0.0740331327274271
0.292141001644516 0.132109355740024 0.15144893158547 0.263976974389445 0.160323736640544
0.172352699557669 0.225174517754382 0.549866997549698 0.0290777622469766 0.0235280228912748
0.344709649394291 0.010320483282329 0.304564112539077 0.139531950064418 0.200873804719885
0.363740387234001 0.197706442246452 0.0186356943172831 0.0602865405192344 0.35963093568303
0.123351851494346 0.279489340883753 0.202360451615813 0.263512072358198 0.131286283647891
0.368932062476337 0.124749502091829 0.102466167508827 0.0105811702617077 0.393271097661299
0.305427508179981 0.0206343375704793 0.296990821642041 0.141327881749538 0.235619450857961
0.191887218799648 0.210189974235089 0.087257829781211 0.124985005876788 0.385679971307265
0.148101205607779 0.10065934624996 0.213881534260941 0.338403014300886 0.198954899580433
0.104575562960234 0.00815544994559147 0.285882595292021 0.197267003323258 0.404119388478895
0.172176286381879 0.410983923623657 0.0188801541111804 0.386836457722089 0.0111231781611941
0.179533734551196 0.373949081731107 0.224434167229689 0.136354142103091 0.0857288743849162
0.303338535106151 0.183960240728689 0.112387619518982 0.217636037862477 0.182677566783701
0.0371840678626348 0.251974295378466 0.0252369818836805 0.378098250892368 0.307506403982851
0.0508568948153744 0.312675121170892 0.0535356324315251 0.244257987156438 0.33867436442577
0.265229213050508 0.0807563919501499 0.25081752032309 0.187137677725045 0.216059196951207
0.233959425714385 0.114238159270361 0.219127350393162 0.0668569046122645 0.365818160009828
0.0773062686735917 0.174120236553314 0.124111884481269 0.151402600391727 0.473059009900099
0.241024388236211 0.263586309259588 0.0821774595844455 0.0776564690386462 0.335555373881109
0.16991087254611 0.0439806184843902 0.22671193286984 0.371795692966501 0.187600883133158
0.322529386968081 0.244091211580726 0.191557145784687 0.112766656942364 0.129055598724142
0.255331446401588 0.0723808965171948 0.261654024856598 0.242372583600927 0.168261048623691
0.342078815380447 0.151241243707879 0.279080947054782 0.0633933812678304 0.164205612589061
0.0584987911616984 0.252199465510723 0.156466395739644 0.438766715103249 0.0940686324846856
0.113661726321088 0.293275316185033 0.1210967393814 0.209128182565286 0.262838035547192
0.322200700335922 0.117469361520499 0.269487232008504 0.125338201869468 0.165504504265607
0.215021208730298 0.135593044574641 0.103645224057126 0.313084171454414 0.232656351183521
0.0980148397112753 0.325730391667956 0.182801131667859 0.0574090281503179 0.336044608802592
0.391875048469701 0.026746315436581 0.0320567050950917 0.389176061232333 0.160145869766293
0.254378851985972 0.223365262157718 0.0473206620456602 0.122869449543275 0.352065774267375
0.00918732297851108 0.205022567432276 0.344889570498535 0.16361112980618 0.277289409284499
0.256833035533639 0.139307964636098 0.254249193648808 0.0887484767519304 0.260861329429524
0.0404207502541481 0.385747410796052 0.156784505514297 0.327677175019203 0.0893701584163006
0.322617425388092 0.165640132220688 0.232548095287552 0.131986089553317 0.147208257550351
0.337470886646635 0.0239933887011448 0.105195640194588 0.370183098976206 0.163156985481427
0.321148755822186 0.121644823379917 0.0266338704865126 0.126856595364973 0.403715954946411
0.233814683429441 0.174522556637724 0.144439693435038 0.240479795512248 0.206743270985549
0.0395810912234843 0.0739562760338585 0.193224685495812 0.551580651310553 0.141657295936291
0.0391294453432703 0.192998403082669 0.271358618617494 0.275018419249502 0.221495113707065
0.17278579396743 0.0889819847315567 0.39232320652327 0.182746059302739 0.163162955475005
0.278721170263206 0.231757669157642 0.208048754485226 0.0791580455599124 0.202314360534013
0.0457858044719212 0.224460985868646 0.157695968683596 0.341320232125316 0.230737008850521
0.253192083646762 0.340954279048806 0.351506318396566 0.047634220589887 0.00671309831797946
0.264672220025272 0.135622717648462 0.159204534229852 0.264051614445117 0.176448913651297
0.0785454194553972 0.161159733275763 0.159299973443249 0.340754861032888 0.260240012792703
0.165146668436972 0.2074229881538 0.256984194313744 0.198952291095517 0.171493857999967
0.220418778785863 0.122287425303424 0.272246271224162 0.119009197331629 0.266038327354922
0.155719580620031 0.227136844903864 0.189694444999151 0.124056247330372 0.303392882146582
0.0123586148059258 0.473727352332703 0.200213977958307 0.0130764133046889 0.300623641598375
0.0420267719654587 0.258499199797625 0.0360490870727189 0.173772473787131 0.489652467377067
0.175247455489335 0.334020033467114 0.150381815494998 0.257393770092596 0.0829569254559565
0.167368296545143 0.290174371723762 0.00527412864465967 0.299122868925458 0.238060334160978
0.111512965950308 0.209534540731558 0.0778122014737489 0.329605954044578 0.271534337799806
0.212470046141894 0.266157585812192 0.080581967579907 0.199167594646912 0.241622805819094
0.0730904898446309 0.135538704852827 0.0340556574310623 0.362466443217541 0.394848704653938
0.0988294436991806 0.308575385687719 0.151560039499546 0.369782020740667 0.0712531103728878
0.10805467984623 0.278701656351095 0.184943727456115 0.323342953753817 0.104956982592742
0.0278517912995373 0.571375335050242 0.0680703416903528 0.231878827796292 0.100823704163575
0.0706696404987099 0.0193171052910191 0.240638589930888 0.346820188725791 0.322554475553592
0.539578223655219 0.0929094901508745 0.104368023016819 0.204783531812951 0.0583607313641359
0.332703632172753 0.182304932640129 0.307858465044624 0.175053961031192 0.00207900911130202
0.0851346284113174 0.266269129964797 0.0479087829604418 0.259670095422626 0.341017363240818
0.47228385053423 0.13919190331533 0.145488843754594 0.135509838543228 0.107525563852618
0.171029165498004 0.321841407991114 0.00127977920878583 0.268328230614189 0.237521416687907
0.14925952110065 0.117076922417737 0.432016084323523 0.0802269666374982 0.221420505520592
0.051756547630535 0.238665928903705 0.112218456571689 0.528552969257574 0.0688060976364979
0.091116553525374 0.215434278389445 0.19401895753529 0.226797764824061 0.27263244572583
0.355203742269586 0.0859201178861285 0.212003170747758 0.181436968454211 0.165436000642317
0.105115937546811 0.345517288891878 0.138385704361985 0.331110576195976 0.0798704930033492
0.00455229028580288 0.237468516521984 0.249913816113847 0.184181660225205 0.323883716853162
0.388344786953993 0.216339788331948 0.192045619314455 0.118580272920337 0.0846895324792664
0.405509127679661 0.00102279018199982 0.334969174238312 0.156441623508429 0.102057284391598
0.216552786652375 0.27179415104969 0.353912492574517 0.0970417613764503 0.0606988083469686
0.262043425963514 0.15538534093207 0.29681922908808 0.267914736685921 0.0178372673304152
0.249456630958174 0.358027357849802 0.100594792428684 0.0810163704397013 0.210904848323639
0.0700660862677231 0.423439959688219 0.268986596289189 0.190317857771161 0.0471894999837083
0.126199637128643 0.313786116587913 0.144486361641566 0.00640402549909186 0.409123859142785
0.146870777294092 0.425820705278974 0.099783676367379 0.174505392052311 0.153019449007244
0.241505462588047 0.107412566967857 0.157631197715043 0.364408444633607 0.129042328095444
0.387243770305115 0.245143314170493 0.0577894713992683 0.130086659079624 0.179736785045499
0.0805757884190434 0.0915944722012264 0.438778251397689 0.262284858903491 0.12676662907855
0.278572592936829 0.277019860295931 0.166642392726727 0.0875153755474532 0.19024977849306
0.250510871146343 0.184123628450167 0.178260973710448 0.310745543666596 0.0763589830264459
0.165486742841555 0.0436342726328454 0.204261793610316 0.387076846496531 0.199540344418752
0.266398309255553 0.139027820517474 0.275519052036211 0.279446081569181 0.0396087366215811
0.220760602283672 0.360347152397888 0.143866407021491 0.0935855011984115 0.181440337098538
0.145349204314677 0.09947281268008 0.138583298028579 0.362897318483881 0.253697366492783
0.08655735450038 0.119990092738544 0.100111133730104 0.279359486782204 0.413981932248769
0.163001743154358 0.198720308047772 0.120095922101753 0.2004838897988 0.317698136897316
0.17867040633797 0.387574805598647 0.0726824030048821 0.280654972871108 0.0804174121873927
0.00577102186179078 0.270701178143288 0.0883227048118695 0.330944914773493 0.304260180409559
0.0930310230902869 0.242429004947506 0.130319085607177 0.29157573419599 0.24264515215904
0.255360360612585 0.0630631265427042 0.188243555776769 0.238171792301823 0.255161164766119
0.0852715995173403 0.060840362051535 0.302806006121968 0.400151539166422 0.150930493142735
0.124314024643578 0.238000683683921 0.277471503012425 0.312846707144512 0.0473670815155632
0.0937701779246426 0.19310410153637 0.121987184369453 0.280406527909082 0.310732008260452
0.188726509823403 0.179726389630601 0.217248753262944 0.207609349419234 0.206688997863819
0.166349171380072 0.12285488761611 0.243346998373851 0.18740863097173 0.280040311658237
0.171529481584593 0.234647716652101 0.327621393299837 0.236012903941782 0.030188504521687
0.126007171271155 0.188140765532434 0.227038532103752 0.311876687555991 0.146936843536667
0.211484503993606 0.165538778003167 0.246939767982671 0.245465154200834 0.130571795819722
0.349868367507256 0.19603126634017 0.220899090765506 0.211921613440572 0.0212796619464958
0.281082062014483 0.323594287008548 0.0241258550207236 0.0101322932646175 0.361065502691628
0.208685826206277 0.207179513572462 0.0920837413609715 0.34810176602318 0.143949152837109
0.122474041743372 0.317295864125184 0.3022951900295 0.187295032555296 0.070639871546648
0.160805134130478 0.237644589090424 0.180965800390526 0.0900605028259542 0.330523973562618
0.216956836206657 0.119258230940374 0.16607607379284 0.295545848465347 0.202163010594781
0.10698094483698 0.226200910434273 0.27713082536932 0.331096465340503 0.0585908540189242
0.389772440354061 0.0674901180845633 0.348702985151109 0.0337244249581773 0.16031003145209
0.0362465794029816 0.350003645945295 0.30886889308467 0.100369055998885 0.204511825568168
0.293252823923216 0.0585568342043332 0.189694745655107 0.361881808869847 0.0966137873474968
0.0240543089861473 0.21460624252223 0.23691080643272 0.33231923549203 0.192109406566873
0.359405613762819 0.149672150818412 0.318797632775133 0.153716357586825 0.0184082450568102
0.0419196863595566 0.146787634840906 0.269601470981386 0.42757186600934 0.114119341808811
0.316228732697018 0.0365513554115905 0.146351364242798 0.311903192843817 0.188965354804776
0.108269615285708 0.272078918657077 0.048008066505464 0.336045989630003 0.235597409921748
0.278391181949458 0.20821948373345 0.0365111525467749 0.292759528624612 0.184118653145705
0.179478663039381 0.262343026010961 0.195088817544759 0.208062331269531 0.155027162135368
0.358076278927429 0.200527694311006 0.281308724248602 0.0242028364792364 0.135884466033726
0.30029991459989 0.312818046217131 0.0266442959719573 0.204773955938085 0.155463787272935
0.275041304619206 0.0988414968747307 0.116268368253458 0.276318430791593 0.233530399461012
0.184108054419743 0.26645347882309 0.00466896981483678 0.0874446014542319 0.457324895488099
0.1453343094865 0.0869548101327351 0.130277714116213 0.220941004021658 0.416492162242893
0.280000428434096 0.263681866098766 0.130217773099588 0.167693052123294 0.158406880244256
0.199571409322552 0.34314591391952 0.155493050098594 0.0386711131925416 0.263118513466793
0.217913508570411 0.0377292670413239 0.292039220265525 0.439709921960451 0.0126080821622891
0.280142884024796 0.160592213313693 0.125874063536638 0.157734507904592 0.27565633122028
0.00866835211757243 0.338813853995772 0.169851209805978 0.318558029346943 0.164108554733734
0.249087856212941 0.0585470654517337 0.194319005287084 0.25524704511533 0.242799027932911
0.0125289205977947 0.261165460350788 0.49848996760582 0.0803885393440451 0.147427112101552
0.243998096244286 0.242656824280474 0.0898738226011916 0.265521658590497 0.15794959828355
0.122188201497424 0.225392126323201 0.307458264247929 0.205013162178709 0.139948245752736
0.0450916488975398 0.49397352615647 0.148953590576465 0.269221808478551 0.0427594258909735
0.0586269185850271 0.581073028950742 0.0439393592410538 0.0870464486644359 0.229314244558741
0.0267256686723768 0.212107888667922 0.536143222205716 0.043764509300649 0.181258711153336
0.129375265417166 0.299813520033751 0.109750912431986 0.359672617276431 0.101387684840666
0.344032470758373 0.266108994219773 0.0377574396348891 0.123672837949176 0.228428257437789
0.276506537919018 0.321217163781585 0.0615628895080873 0.293517783927651 0.0471956248636586
0.0919324964057834 0.237987134114275 0.256232953341223 0.270189478092256 0.143657938046464
0.336678999702446 0.287376811143935 0.134553699423347 0.208992528287397 0.0323979614428751
0.0944683129911092 0.274439585659624 0.156369673409097 0.332125988283513 0.142596439656657
0.334808933586894 0.251446960541044 0.000241293127171851 0.220462953827154 0.193039858917737
0.00703419393069652 0.109332311800319 0.298784825098882 0.182312601193363 0.40253606797674
0.0677366028932798 0.034834550597466 0.566972165893455 0.056269712389125 0.274186968226674
0.0990067328300109 0.148392881396367 0.27968949160675 0.274787707643079 0.198123186523792
0.0176556511714559 0.322966860971865 0.114883477718686 0.230836714148043 0.31365729598995
0.239583972416288 0.170746912560535 0.0716509958787001 0.303330371547866 0.214687747596611
0.280131444867085 0.291422462655149 0.0233694009381427 0.369821838607426 0.0352548529321966
0.37131973373964 0.273181530168052 0.171996025399195 0.133008047672983 0.0504946630201303
0.0387046442863213 0.291638344199633 0.280603810325175 0.032350983741022 0.356702217447848
0.217059307343114 0.319701647286805 0.279603485700126 0.140449351330138 0.0431862083398179
0.102122493609673 0.179588627129513 0.145547731908927 0.2656840159133 0.307057131438586
0.0254677164132359 0.406679449873824 0.0408797757819838 0.393114697559133 0.133858360371823
0.109642771686695 0.349828153199871 0.333328954584885 0.187701353071301 0.0194987674572479
0.270429114159987 0.0182571356231528 0.193124459195646 0.263577057333142 0.254612233688072
0.0869549321533494 0.359319965967585 0.148880254346816 0.0575876039171172 0.347257243615132
0.145595276578103 0.324696571326051 0.221145908968797 0.104385453303495 0.204176789823554
0.181368690937011 0.052950467526894 0.416575108873826 0.073671667695874 0.275434064966395
0.320441759331871 0.188236325584869 0.193395089112379 0.128125022546769 0.169801803424112
0.0896751223655876 0.163796198207019 0.265530443653839 0.360485116028385 0.120513119745169
0.146657071644034 0.195074917679392 0.0339132237904816 0.331500893134014 0.292853893752078
0.15665784514718 0.0407727569452647 0.278630871732754 0.257402393078122 0.266536133096679
0.20167900322452 0.142169890333214 0.281975580145413 0.317599716314689 0.0565758099821638
0.257879582349276 0.0550170251304945 0.259368525999275 0.200719041451432 0.227015825069522
0.17615842816566 0.288169781098598 0.108835544791029 0.325637343377114 0.101198902567599
0.153903870372688 0.287667033937715 0.358875185996187 0.196722418168616 0.00283149152479386
0.0309969668251043 0.209766086094802 0.262327183306059 0.187698557566439 0.309211206207596
0.382649378436358 0.27897842405705 0.0232024433185806 0.197854461964733 0.117315292223278
0.252308159884197 0.127355183537879 0.211078032097103 0.15830169439963 0.25095693008119
0.278397381976494 0.190727704877552 0.315473479436034 0.172979207178314 0.0424222265316058
0.308768198847376 0.195013433609207 0.380934265499229 0.0716128938299928 0.0436712082141953
0.143792912075154 0.231607884750482 0.255582152771172 0.24008972643353 0.128927323969663
0.264263333071044 0.298983145240417 0.138810192531108 0.117024159106381 0.18091917005105
0.261710654138846 0.304550742892107 0.0224893900222936 0.198986063695813 0.212263149250941
0.012130358310229 0.380110674413044 0.23574800658886 0.271272251829316 0.10073870885855
0.143440161608626 0.232809114982494 0.222864801763814 0.160429430254202 0.240456491390865
0.0961464488558259 0.236142285659607 0.294574948605981 0.351432430322043 0.0217038865565433
0.245838017488219 0.310682108443192 0.139518618009258 0.180277118737222 0.123684137322109
0.0118820658372236 0.171599682346743 0.366358201637803 0.218739415638088 0.231420634540142
0.150978110950418 0.1989306926648 0.350413346759783 0.12910009350199 0.170577756123009
0.135609554741232 0.276727525746214 0.281080927575614 0.110932586180981 0.195649405755959
0.160121356205944 0.0933316189553867 0.549308680283795 0.157425531194513 0.0398128133603611
0.151807852810157 0.222751064704966 0.21041380574012 0.216118526752022 0.198908749992736
0.391311426897803 0.0071171333597781 0.0143533269162156 0.247475596995195 0.339742515831008
0.3586708613933 0.239885543105426 0.227933545343899 0.0524724309331979 0.121037619224177
0.0122141632990251 0.225001631134753 0.291112222738376 0.228769833401661 0.242902149426186
0.266456820165502 0.286827455345349 0.0346766538588833 0.162434008740905 0.24960506188936
0.186127054186052 0.122437452124671 0.193783306882799 0.204520172961431 0.293132013845048
0.221826151275461 0.201892533588855 0.147251377047292 0.203632315480448 0.225397622607944
0.0115701382137533 0.0260918541699191 0.385718916998074 0.118038274556977 0.458580816061277
0.381846195061181 0.0836031096519337 0.303915556677539 0.00119171540825441 0.229443423201092
0.362867321914747 0.188723005937098 0.00748056682612492 0.225881806764887 0.215047298557144
0.160021482591161 0.23819091374304 0.087126930526122 0.24093904869211 0.273721624447567
0.112263217954302 0.191662350589207 0.25493631801787 0.228145177945445 0.212992935493176
0.324499483730037 0.252550383561988 0.330480845052527 0.0764705997928956 0.0159986878625526
0.123661199048983 0.0448148020966608 0.304796944931689 0.213919851580632 0.312807202342036
0.306242491794786 0.00882890425570868 0.223661398095874 0.258360670683164 0.202906535170467
0.13962097009277 0.240339580437309 0.263166911886617 0.236623182382474 0.12024935520083
0.254280030309701 0.503718447473295 0.109689631548497 0.00683977190436104 0.125472118764145
0.412880480742631 0.167036162192801 0.0502885101193457 0.0276061110504934 0.342188735894728
0.339289794860982 0.334791091970085 0.138585876151197 0.0858655997356595 0.101467637282076
0.127779378293102 0.259005334363389 0.150086639705757 0.13511687017481 0.328011777462942
0.372746698969338 0.176069427844919 0.133110470145311 0.251902677764447 0.0661707252759847
0.375323349764285 0.193746903663395 0.121305801070279 0.0828329954314167 0.226790950070625
0.11505287617863 0.225969574339898 0.200662021867218 0.264572758241738 0.193742769372517
0.209175026592002 0.198553220063237 0.207507004212329 0.205970441958094 0.178794307174338
0.19131811785838 0.0522218817635263 0.465923387087165 0.201808773347969 0.0887278399429601
0.240435819672457 0.219545741614309 0.290218664996984 0.0704282479103923 0.179371525805858
0.264671001393283 0.29776788879278 0.0355397081686954 0.279122910166639 0.122898491478603
0.26890476494156 0.419036051826843 0.0242246677373455 0.25451744098925 0.0333170745050015
0.206104733751762 0.284835778332224 0.029279999046916 0.131779454862646 0.348000034006451
0.112322638137056 0.270695422557322 0.162623321026036 0.249281319246363 0.205077299033224
0.130279696446078 0.201371010616145 0.144626364548305 0.258735166307913 0.264987762081559
0.148939235492531 0.245701148310707 0.231322467980991 0.112510987317558 0.261526160898213
0.222979296792818 0.297341228386756 0.245713663607815 0.016366941294426 0.217598869918185
0.053901055721252 0.0551475322963976 0.354159055479192 0.124808424793894 0.411983931709265
0.122991220081302 0.035055555677238 0.23907865961458 0.388473464991565 0.214401099635315
0.139206853703146 0.322395373122311 0.0780287316754451 0.0842832031860036 0.376085838313095
0.0468537897286771 0.264784735156479 0.211705157455804 0.246696607634449 0.22995971002459
0.427299832278925 0.246163887193368 0.219780057840164 0.0379549302610657 0.0688012924264769
0.136366285413516 0.31118876391185 0.177031573411525 0.196230622848972 0.179182754414137
0.122774028203058 0.151745405334048 0.387171470340995 0.158619537693195 0.179689558428704
0.248316981507964 0.176117371991521 0.210984156003395 0.100127455989481 0.264454034507639
0.163761478684845 0.120470565981308 0.194721310043151 0.517400000542865 0.00364664474783139
0.402403051135314 0.0439762335639616 0.192700097090179 0.220189842287561 0.140730775922986
0.16141619777119 0.135642254507118 0.236286020340142 0.264949353719694 0.201706173661855
0.0819339552976475 0.269387124788045 0.182697670391322 0.11161328696567 0.354367962557316
0.0139197133478281 0.451385763219294 0.21867707064009 0.231908391437217 0.0841090613555706
0.0713572213756751 0.299041243552023 0.432221066655724 0.158422310617174 0.038958157799404
0.0994270530497382 0.197963103763042 0.16044639989092 0.271395031424692 0.270768411871607
0.0208676523825594 0.168020702174119 0.280419383667215 0.243321357973976 0.28737090380213
0.287883486373255 0.152357252545695 0.201216843752409 0.319088128101779 0.0394542892268622
0.0284183615588397 0.0945418062723382 0.241824350356762 0.417316244349219 0.217899237462842
0.234704918212303 0.238231712230514 0.118658074266923 0.168754086587853 0.239651208702407
0.233328983692631 0.206664647972502 0.124497451554748 0.176658778275214 0.258850138504905
0.197896920235208 0.352016700064992 0.278650098927732 0.0202077831478738 0.151228497624194
0.282834463967456 0.271685481203783 0.130794931812924 0.265799323103678 0.0488857999121595
0.416847755695048 0.348899585004472 0.0334604786277093 0.198427209754878 0.00236497091789296
0.209656141782495 0.241868897560682 0.255647460330023 0.0175239213439699 0.275303578982831
0.201965218058528 0.259823036313637 0.110954336438012 0.164735597555413 0.262521811634409
0.282097689534777 0.318553847674164 0.0558472777784979 0.260472430127094 0.0830287548854665
0.11054211058217 0.321434434408575 0.0903633058778947 0.311805300074836 0.165854849056524
0.0469542839572084 0.0862995248614107 0.239213883626323 0.00671426181389473 0.620818045741163
0.253702452215059 0.00579997918434995 0.367861528721413 0.307486712653176 0.0651493272260015
0.210200484420694 0.139730726555313 0.187321810357421 0.272180941873224 0.190566036793348
0.251166745521288 0.270305472770013 0.177289640046792 0.27871468450172 0.022523457160188
0.248918469237061 0.0653172642554286 0.197557219799267 0.00361042735261322 0.484596619355631
0.138663120438687 0.264690767671253 0.107890820640524 0.313838631687332 0.174916659562204
0.309144380510966 0.168383894603623 0.335371192268271 0.121445297216927 0.0656552354002125
0.417344154333397 0.0443697744794029 0.344961280021159 0.0528768135654222 0.140447977600619
0.147620332712629 0.143894659237906 0.164395183317993 0.389124682991572 0.1549651417399
0.205627784390844 0.0806849321221951 0.270456056123389 0.191073129298609 0.252158098064963
0.137810637139508 0.110681507175926 0.306087880719612 0.204934166553691 0.240485808411264
0.285453771893299 0.218626722482572 0.196077148554057 0.156743861607761 0.14309849546231
0.0899734871509559 0.151136280542562 0.268011570368815 0.191252729292402 0.299625932645266
0.108846739734206 0.199221399533527 0.20341911302527 0.269437822125472 0.219074925581525
0.260456201875895 0.122160737430911 0.181031123505526 0.182900604622929 0.253451332564739
0.205957199972918 0.101182326438329 0.245839946381752 0.178250269756458 0.268770257450543
0.340639457252284 0.209124473101388 0.121215148699517 0.0618916870108872 0.267129233935923
0.328705810240981 0.217537620411752 0.169366832212232 0.277471671399918 0.0069180657351179
0.334501781567971 0.328883748193078 0.0894814194256311 0.00970681194924083 0.237426238864078
0.21026667697503 0.0977869978624571 0.276442953146654 0.182783929852857 0.232719442163002
0.0995889898809591 0.485957244501984 0.184869348132526 0.0651678528381433 0.164416564646388
0.168174736562174 0.19565441354831 0.279326709258655 0.0807265306629489 0.276117609967912
0.198514286216575 0.297974414777215 0.0673635798488968 0.232669822349559 0.203477896807754
0.053515589378965 0.308677989148623 0.0113728096955257 0.46689931294218 0.159534298834706
0.256625955343339 0.0776617914089865 0.344809830289904 0.152212357824548 0.168690065133223
0.163445185546902 0.238970930949557 0.0911456082328952 0.280252135094389 0.226186140176256
0.0140843052736661 0.247512789030359 0.259285313708003 0.349927777796133 0.129189814191839
0.163717535138351 0.230450521844859 0.248254238819993 0.265361022635769 0.0922166815610278
0.387824368254542 0.297548556394644 0.03487324699589 0.0121923353104317 0.267561493044492
0.130416145479177 0.313431279080441 0.458280038435951 0.0594822998500666 0.0383902371543649
0.218878076638703 0.313717353457859 0.115276539265883 0.221016918277146 0.131111112360408
0.156372241895259 0.321674304172628 0.0953200521210521 0.199378087835332 0.227255313975728
0.492208832055924 0.0972860489294363 0.288848714547514 0.0752899568365626 0.046366447630563
0.0636988508583066 0.210694640539145 0.306712720865095 0.203756871599869 0.215136916137584
0.434794265954849 0.0371804005253486 0.204206007927822 0.176361672698325 0.147457652893656
0.237745987226648 0.378683528035723 0.124404568526408 0.159932650356927 0.0992332658542942
0.226625113380971 0.0203316358421349 0.282891411196082 0.325404459363359 0.144747380217453
0.183651331671196 0.416600341479816 0.0497608876209846 0.344199206353644 0.00578823287435927
0.194978481365083 0.278878299405249 0.181206035024896 0.278754295103551 0.066182889101221
0.0545350688833231 0.358162959122155 0.0291887453523749 0.120764421940616 0.437348804701531
0.277183245363533 0.347502532270897 0.0560603704550851 0.0839335790585275 0.235320272851958
0.233537752549464 0.173665695158849 0.276672552957155 0.308551630012069 0.00757236932246309
0.319138484529252 0.111095426714658 0.287502317931259 0.0973191893531765 0.184944581471655
0.120465746743171 0.158112937222639 0.263658842981826 0.0990702442281076 0.358692228824256
0.194374132323103 0.179659095905703 0.185985447431323 0.188484460597272 0.251496863742599
0.199229933077249 0.203254706372673 0.159285961298892 0.176600625068985 0.2616287741822
0.253253402280277 0.15891567300892 0.314620573071148 0.197929699116315 0.075280652523339
0.245012295457894 0.256058669327224 0.155653915367201 0.135151002985814 0.208124116861867
0.112262434608924 0.145951258016483 0.187634735602307 0.303277440863667 0.250874130908619
0.172892353826308 0.121223572058831 0.314642962942672 0.290721762761087 0.100519348411102
0.198593199651399 0.153808888514933 0.282819229752052 0.272786506715605 0.0919921753660109
0.158296097475723 0.407827359072191 0.350942394893696 0.0336623776573063 0.0492717709010841
0.132664046275513 0.380837794278372 0.0206851794134121 0.10263580388531 0.363177176147393
0.0732763013323878 0.321696005087129 0.227138681390645 0.130174411662038 0.247714600527801
0.00529642377127139 0.176866279573648 0.381289089884143 0.0703340316521507 0.366214175118787
0.323382056349323 0.222602902309496 0.274971307506459 0.105648064871331 0.0733956689633908
0.106696530021276 0.128795672613865 0.285563442406975 0.121640219794797 0.357304135163086
0.330761381861922 0.275594624309685 0.0734232252215782 0.273997636672087 0.0462231319347284
0.297648106622638 0.0214225700466873 0.128972032590921 0.465472860786554 0.0864844299531997
0.286652152424084 0.170032466012312 0.0737182630128489 0.22502604827662 0.244571070274136
0.0700223459636847 0.226289355324134 0.00137174465869885 0.575786989465351 0.126529564588132
0.00260940074978183 0.174607054359266 0.331332242571837 0.364953211899279 0.126498090419837
0.153747066821727 0.040504704355203 0.418298747693495 0.0915788082540797 0.295870672875496
0.126934180835357 0.0320746625618446 0.205973570262494 0.545500828777435 0.0895167575628698
0.262816424310293 0.253398923799372 0.256533913372067 0.0203957016558098 0.206855036862459
0.231242772343227 0.362180264617857 0.132505167843635 0.169126549027507 0.104945246167773
0.142489911464896 0.232582267136466 0.157563584759446 0.23885526223914 0.228508974400052
0.353375117375085 0.138759739806511 0.103911162618444 0.276876913362329 0.127077066837631
0.136313811744652 0.215368739294169 0.210356030847027 0.198976673636843 0.238984744477309
0.150428778841949 0.121269898986373 0.261002945267787 0.146319945718735 0.320978431185155
0.116369006821471 0.318215366145404 0.23677502463754 0.328615970218427 2.46321771571452e-05
0.195404123677624 0.364272875016886 0.342014482210089 0.0919848159062164 0.00632370318918475
0.278589680349115 0.0317375593203512 0.156191073559709 0.277298121884844 0.256183564885981
