0.0921095692964402 0.094541594957736 0.0732002175602922 0.113180598182432 0.154819106989957 0.140536808628401 0.101396127615145 0.131068356535284 0.0991476202343125
0.0275511654260627 0.0243445403213703 0.179336677338653 0.0696515354500581 0.118709875784622 0.137153704219205 0.13875041157621 0.137147824831433 0.167354265052386
0.152321132533801 0.178213338970231 0.0988929890853925 0.0442484444934158 0.143482366716987 0.122139193085407 0.0375890701581262 0.2056131792937 0.0175002856629389
0.130422930665563 0.125312176719748 0.142626387360245 0.012299858862438 0.115216088512344 0.13382714281752 0.135808839816608 0.0450617243279384 0.159424850917594
0.0130308764763002 0.234924460684705 0.287444645528575 0.0791581193005121 0.156562894582426 0.0303853627111191 0.000422909090025129 0.169056843641963 0.0290138879843759
0.105895632432764 0.25497530564872 0.0700856952591993 0.173091965986961 0.0330115676987921 0.0386090530799275 0.0039361750635818 0.156616591778054 0.163778013051999
0.103375500599761 0.140065213255127 0.251163041221105 0.0235643835329633 0.137498889648005 0.0201581350737871 0.0541633994774738 0.254304477006465 0.0157069601853128
0.193989699140294 0.122493895422827 0.0496025913785582 0.094204599945557 0.124882307952824 0.0148731602923411 0.141811896236154 0.148751384127765 0.109390465503679
0.0189957453958811 0.152006507704237 0.154719592890269 0.0504385450976945 0.179335074713169 0.0814753582944587 0.158297806178372 0.171614308262341 0.0331170614635787
0.374418816740999 0.0167170926891677 0.0325542048639424 0.099375577714087 0.216819515731788 0.0957378453874037 0.105275628137991 0.0363095281243676 0.0227917906102537
0.186824760543423 0.0988886436590486 0.138729580929622 0.149744887553769 0.0664894586956197 0.0634458844789385 0.164179536373996 0.044293819619817 0.0874034281457657
0.129849248793524 0.0205449402379827 0.0558075135778874 0.128341259963663 0.068623898101558 0.170839862115484 0.142422021310002 0.143508666467657 0.140062589432242
0.163049114772488 0.0815193943939664 0.0635229067033745 0.168498934043276 0.147058814539763 0.0340814357471203 0.0660290437028567 0.130584509813312 0.145655846283842
0.12544460145163 0.0873120090261879 0.0536048467014247 0.141921146998424 0.144711293688291 0.117795765454086 0.0267697589637086 0.141467315548207 0.160973262168041
0.155157175792152 0.180408818837158 0.190956855298713 0.175893701122538 0.0453259544405793 0.0312706992640798 0.0456769254364746 0.15445958350545 0.0208502863028554
0.0824883499731707 0.00839475574014554 0.2015303771451 0.172531358802548 0.0823740842883632 0.046752452611928 0.205744222701919 0.135733063440543 0.0644513352962827
0.119225149281 0.0742806987609032 0.0300045043027796 0.112163808135236 0.150233065587311 0.146131661786372 0.117826752046157 0.185639959356269 0.0644944007439723
0.0391121237249513 0.160889023101306 0.119041268037307 0.214328597989834 0.254497697906019 0.0632914829275052 0.00774378215172275 0.112942016439014 0.0281540077223427
0.0879010903611195 0.209080600987505 0.13983782845881 0.171170961167789 0.0430051332983655 0.13879969747483 0.0183729757319185 0.0656482276159025 0.12618348490376
0.0883120797696096 0.103342391204017 0.180515881094175 0.131407598642634 0.192872830450911 0.0847474817525039 0.00602561520616484 0.0892662469234083 0.123509874956576
0.0788151635692796 0.066419176564578 0.146670509746244 0.140163981640147 0.137977621663585 0.0856886605124188 0.124446139130543 0.0695105792437988 0.150308167929405
0.0952675660625536 0.138626692020704 0.130541581596674 0.131674049956271 0.136686220391792 0.133267331289307 0.0217461690734176 0.134448227862255 0.077742161747025
0.155556411967927 0.0947992367463562 0.0600786468987258 0.0707059694071707 0.126840672822851 0.128714855958355 0.123388151192043 0.0604619439317699 0.179454111074801
0.0504063131788435 0.0530461595301411 0.151344680278538 0.038516010667422 0.178230334767029 0.151888869498338 0.220177387619949 0.145044327769185 0.011345916690555
0.0407797273289244 0.0330883154125834 0.118850628552358 0.176427189818718 0.133129506233482 0.124813648132318 0.177500645708546 0.0246860319918744 0.170724306821196
0.0776477664659744 0.0857068591995997 0.117076704018627 0.166610748419153 0.0929738076861573 0.127330367089014 0.0933985934106963 0.120895050230892 0.118360103479886
0.0390034285050421 0.128663389038669 0.112844755200905 0.00467954296739252 0.00487665009151436 0.160682738606428 0.161444844219407 0.210670370843891 0.17713428052675
0.129256441404495 0.10720700071743 0.0536255611904493 0.186406811954018 0.119375033304848 0.179273261188959 0.136875349622366 0.021684356372405 0.0662961842450292
0.0979671470698898 0.105135763395451 0.0317181468318247 0.047785892588988 0.166451764030845 0.185118378580576 0.0924892112270791 0.00959423136096038 0.263739464914386
0.175292978138379 0.0422380163535001 0.0366433384460671 0.0210342860449217 0.199576611726595 0.154905924230287 0.140051658540619 0.199942387837132 0.0303147986824991
0.137014018193167 0.0595275144343855 0.14474686734906 0.145272537978219 0.141854630425755 0.0333283336321049 0.133740067334603 0.069635295808685 0.134880734844021
0.0865173354214711 0.109373101065224 0.153072127742163 0.0146202684190766 0.147506818138643 0.165384480417848 0.153330424914323 0.0321261269746612 0.138069316906588
0.125934779564407 0.0124796328276795 0.114056342437149 0.132856892199977 0.184276709126237 0.0446318974855917 0.190128336681707 0.0296913723813018 0.16594403729595
0.185084225712834 0.103449533410794 0.134570971267261 0.0656128356098781 0.0208721089799284 0.13628631431882 0.1301226370058 0.109186603842823 0.114814769851861
0.158229644222742 0.162131332554684 0.0680543202953171 0.160233326425066 0.0861912018064885 0.11096740949776 0.106377586237818 0.0659164979078168 0.0818986810523069
0.147487951076488 0.0201541506084291 0.166488846800366 0.0619203277602363 0.156865433287765 0.222438811407238 0.150640436787932 0.0595699624800185 0.014434079791527
0.109214402717668 0.197050012812538 0.123498316833275 0.113020843881126 0.0322521763797633 0.203842088941122 0.182641486767865 0.029272233019631 0.00920843864701183
0.0953211399793703 0.0809420997593612 0.0394155170839531 0.119355146597688 0.165649636080812 0.155599548925389 0.127387243469311 0.125009009313155 0.0913206587909608
0.0117722720223679 0.0437625368516096 0.0319792705691835 0.151291091177765 0.175933777414451 0.144995858066346 0.129519655150006 0.159777570166646 0.150967968581624
0.09716989253983 0.031236314236663 0.072150722703722 0.152780319944468 0.106959367435263 0.224517642315852 0.0240284158268637 0.077526324556803 0.213631000440536
0.17513802325825 0.201465272181093 0.0962356248983023 0.189669739446011 0.0590718288949447 0.0771896000720405 0.114996805685582 0.0722546983263873 0.0139784072373896
0.0555712247310922 0.162233979766841 0.0436979146394804 0.0354158763583365 0.14836637887712 0.0267514857380629 0.195569468573843 0.221168100342001 0.111225570973223
0.0466564608720912 0.0878850043949617 0.251876617417376 0.0525295600357212 0.0629873846015255 0.142640815135784 0.134711811874773 0.192857125782593 0.0278552198851747
0.023781103031553 0.270120943432165 0.0514737718467245 0.209608387364594 0.293826206498041 0.0393450030109591 0.00215900782696759 0.00930563576668265 0.100379941222314
0.15606658389809 0.0437624418049831 0.135662423235058 0.210569581251435 0.166994488980019 0.075401553404632 0.128202639820177 0.0193681781192849 0.0639721094863198
0.162273870652526 0.0252108121082573 0.121122000519754 0.111372006581357 0.0251882255209312 0.170841430715832 0.119886467595819 0.127666338960071 0.136438847345453
0.189296179428437 0.161241903636757 0.141412934153331 0.0652512896563333 0.0806963597628148 0.0641061666718331 0.010019855968363 0.0871896864967739 0.200785624225358
0.106345942393212 0.12899454031257 0.14586729300702 0.161451240458777 0.00354396068882241 0.152602067276807 0.0778022602348338 0.171408976489999 0.0519837191379601
0.193565225167355 0.0896400376762682 0.124361192209553 0.113706604042178 0.155970990388626 0.104800998889779 0.0266744316633495 0.0193079583508843 0.171972561612007
0.129171260030619 0.187401759868953 0.0246072350861856 0.122131661892301 0.107570645215945 0.110389473724009 0.0843320644119166 0.0583417504708193 0.176054149299251
0.148742057399109 0.290515698596174 0.00771910780191685 0.0796098777207275 0.0123313135374037 0.0998898101304387 0.130467730399399 0.0384950764124995 0.192229328002333
0.0873047299961204 0.244733957701937 0.0042858212147172 0.201094904661958 0.0794986972888285 0.134256631162801 0.157754925039545 0.0160496289198507 0.0750207040142432
0.100590925408254 0.176990637436172 0.117097796664666 0.0955357966154795 0.0770183600700368 0.14069678206979 0.14775128861406 0.0736435690255012 0.0706748440960415
0.13234896263956 0.0716266318074697 0.206198253720164 0.00480858367482915 0.195559869585393 0.0958483386307195 0.138280721126868 0.120781873756491 0.0345467650585053
0.0673955569791207 0.134160836507831 0.194813052806101 0.192309844140784 0.019707750482778 0.20220358480303 0.0244739186553478 0.146037448151317 0.0188980074736906
0.130478377961028 0.151673021146365 0.197680179165515 0.0369967169742418 0.0312117912497793 0.212911775587199 0.182233174278466 0.0246306311944171 0.0321843324429897
0.0206871645428567 0.130237534519173 0.0628630437534354 0.144346356698305 0.0498844405852451 0.139839554235676 0.170877237963334 0.207645820965543 0.0736188467364313
0.00194708046775504 0.188707532435779 0.214419860075681 0.0793779505268696 0.0893465753794926 0.184850152951415 0.123679862916978 0.0583743625177425 0.0592966227282881
0.0620626821660625 0.0886220263944976 0.186018038728811 0.0255019590835713 0.151003826604987 0.167779353272996 0.118458924106771 0.0893515954858029 0.1112015941565
0.249736779252229 0.182005506906082 0.0896021466684619 0.0192166855635565 0.101446894755116 0.111278282201196 0.0255565217799587 0.00975629683922817 0.211400886034173
0.031827069386089 0.0460325393421779 0.197367780412719 0.0592925043325784 0.207402657100726 0.0791048639126965 0.0885240599424018 0.12814716200318 0.162301363567431
0.154635817428498 0.129617585766365 0.0953168129715129 0.119824794254084 0.0531221196060255 0.136146984164828 0.105732267139043 0.0650647527459342 0.140538865923709
0.166214547971415 0.165095893934899 0.206081849634083 0.182714527232281 0.0551477058250979 0.0256898849778914 0.121709924333204 0.0243860687646571 0.0529595973264712
0.136643278177369 0.0396573133626036 0.0326964221619399 0.152986965642372 0.16625795634642 0.0654372232093782 0.182241481691423 0.0535116707431074 0.170567688665387
0.0292129134458732 0.119881957739871 0.210285125706836 0.19222145423636 0.125068256649779 0.0688180166624801 0.0262743529874814 0.0774789635512634 0.150758959020057
0.151877398055531 0.166585410120933 0.0998741097364833 0.113912769967236 0.0799128918211325 0.178636638707035 0.00699033389617354 0.11955127220266 0.0826591754928168
0.0249407049108347 0.212557501407811 0.201211950842466 0.144535966742268 0.176006196974319 0.108534050409507 0.0464289627940574 0.0665446245431761 0.0192400413755616
0.115330577563029 0.23987780197453 0.395998584168992 0.000746252171915077 0.0180597700043364 0.0494672366449046 0.0334659936123292 0.146002190948904 0.00105159291105873
0.17297641388514 0.0912438239232031 0.137092270825727 0.0329282433534362 0.145469922891334 0.118316326084972 0.105959863912986 0.0548945507348231 0.141118584388378
0.0974375004212699 0.0526984082830463 0.0592757504247511 0.15761957440984 0.157888678592382 0.0252559114856301 0.139365333930983 0.168743647436382 0.141715195015716
0.194850682075582 0.106687871018714 0.166812349511204 0.163463917603745 0.0018010862074859 0.1522159579763 0.010905058220388 0.15733015217355 0.0459329252130304
0.0900761217717933 0.0994736958708839 0.100427997010678 0.158245722623773 0.182395367448273 0.0569226640413334 0.166593241136808 0.00267160468971333 0.143193585406745
0.265335134855602 0.108999330951765 0.05382065916628 0.238146410031362 0.173169163275532 0.02114569047153 0.0239460613750187 0.0337330275726383 0.0817045223002721
0.112435911838087 0.145780283819988 0.256364822409312 0.0260497491050291 0.0519916170879543 0.114957620276546 0.0291310907263728 0.00332070537691004 0.259968199359801
0.000814694920959712 0.00647609713924781 0.224414909047507 0.160922987098086 0.0379812990668676 0.230880413514769 0.0834732653786038 0.120612402828432 0.134423931005526
0.151238221643385 0.0758217398700325 0.0739583304487849 0.103479966292798 0.133258928504714 0.163491372011314 0.158744707270128 0.0205094746563501 0.119497259302494
0.187330272708021 0.148579402385121 0.0640256132470089 0.164161184164354 0.092226723543542 0.0760468216672714 0.05630525201604 0.0386502529939572 0.172674477274684
0.0944275114042843 0.136519516181285 0.0176396153170054 0.213167694724185 0.0720147898354608 0.0633340838172403 0.283220559013104 0.08006820067224 0.039608029035195
0.156413235239809 0.135844258633925 0.0167758822686528 0.0406107356367115 0.101253392932166 0.146909715173126 0.157941240458161 0.0751161151742612 0.169135424483189
0.155457727382732 0.0168192384340612 0.0902299457806697 0.0529975957348668 0.147052965785471 0.144997111017169 0.0741230477662536 0.131631531172456 0.18669083692632
0.179612657267728 0.192517076926753 0.183646888503067 0.161182754529088 0.105775296148806 0.0755959499327518 0.0105218087332026 0.060202868710795 0.0309446992478082
0.155876388249308 0.118735196794401 0.0563870349709026 0.1692413556849 0.0289175582972148 0.100459113691975 0.13013226092953 0.154337370291388 0.0859137210903807
0.131228869486755 0.182277129354156 0.118870037604198 0.167535723723108 0.13756713374199 0.0916767615002323 0.0523714025062029 0.0907309244822731 0.027742017601085
0.087911988396484 0.155687081313365 0.141248263486832 0.169398290420933 0.10018267098026 0.127758730115663 0.158124382018602 0.0575618927462805 0.00212670052158065
0.246334318775284 0.00131791636355804 0.250554126579104 0.0641906023753721 0.06746075853855 0.0473296741625928 0.0691193531211875 0.136266128833411 0.11742712125094
0.214673872554073 0.0402858617530616 0.203853505803217 0.0260890564521094 0.205313290343272 0.18645562517537 0.0788336669828419 0.0207199950826168 0.023775125853438
0.239198789869631 0.0567174592546515 0.0746370812757101 0.219254410421821 0.129930126837491 0.138620462878224 0.0336371333831466 0.0132883954754822 0.0947161406038422
0.0189396280869828 0.121703986777315 0.209252223685481 0.155773669594139 0.14641262398976 0.23302886384259 0.0513812273943993 0.0204665114819648 0.0430412651473689
0.173142323417481 0.123202957941241 0.0368710163157762 0.0658947342263799 0.0848700539001575 0.161714080582596 0.118800569243952 0.0696170264891428 0.165887237883273
0.00776776703338387 0.204746193593944 0.0804400376083538 0.244948941133315 0.0467922082506878 0.165577093294788 0.0785521349338378 0.0962541543103151 0.0749214698413739
0.105415571027026 0.0031699600242923 0.0971787969772737 0.040814690455257 0.201006717391609 0.213793632901658 0.15977994683979 0.117436038024662 0.0614046463584327
0.113250146019067 0.00224346619149176 0.24965145390154 0.120519732971201 0.141326083009301 0.0125013685922228 0.167659751125181 0.192455115222978 0.00039288296701704
0.14058707601848 0.0471126468404741 0.206833797648038 0.111846206057909 0.0142383144349164 0.0265915063095446 0.127019250782728 0.205229219388604 0.120541982519306
0.14121579369859 0.0944879972033448 0.121749989756593 0.127677611586 0.107479634975517 0.114739257762935 0.110999869570508 0.0922594894194636 0.0893903560270496
0.16110886872527 0.108344605532156 0.0405346675049069 0.106560705812806 0.0961124569176403 0.0940824491409869 0.172027755895183 0.162000618119777 0.0592278723512736
0.137431871491949 0.0673146865151987 0.171515632559147 0.052166702444725 0.102731038129293 0.0557747640231555 0.118006681894219 0.151320879190323 0.143737743751989
0.0850566818449677 0.0523499426647536 0.101272353771503 0.117921263655381 0.193762820375166 0.119284822527674 0.155454688109954 0.0112153997928 0.1636820272578
0.148931625688338 0.150555222393968 0.0505245775045948 0.130343767903113 0.0695848336865769 0.0514501337599956 0.121031988928123 0.152021574728921 0.125556275406369
0.177758919665737 0.171884615398131 0.08045886338227 0.0345841508834369 0.0601928155161349 0.0835722152020662 0.0552966856409017 0.182580737506699 0.153670996804623
0.137538615767956 0.0439809029223131 0.0707218271450272 0.0451175923500042 0.120029724901864 0.19382723230683 0.0297088105820233 0.181927453425164 0.177147840598818
0.196186696093305 0.0105886279617207 0.18592512630687 0.136974915788573 0.0167024727154643 0.15493996389513 0.0716749389945738 0.0215839602134421 0.20542329803092
0.158743251960399 0.0130649004859718 0.105314215257885 0.199895240089749 0.121280145996913 0.0667912882161374 0.237900666801633 0.00384377393825561 0.0931665172530557
0.148713510937657 0.0457128299860932 0.180030111398867 0.16138059822547 0.161458919181763 0.0655105433967289 0.0436512957574367 0.10693432743344 0.0866078636825451
0.113656384235193 0.0430116624596985 0.149574900718358 0.000572577840195948 0.114941198891735 0.251949921652816 0.234881614443889 0.0190137308650333 0.0723980088930814
0.156029239215101 0.0612796387889684 0.13752803094727 0.0495812301398712 0.173073808930916 0.164955401123125 0.0054413604278602 0.167513119935809 0.0845981704910795
0.11729961446606 0.152184612390079 0.0130953423884569 0.200334172217229 0.246727797411804 0.00877394211208782 0.060501841836533 0.193064640503742 0.008018036674008
0.217944810922093 0.0368975967912669 0.1439500864619 0.113458958523565 0.0986866970739212 0.216730021643648 0.0813194994917185 0.0876982807635688 0.00331404832831891
0.0986678984902941 0.119094555740133 0.0755492763593342 0.158172776896497 0.0715130306256752 0.0757451200824989 0.117591187238652 0.156306291463516 0.1273598631034
0.0848673286166738 0.183027512233783 0.020209855322766 0.182119990104636 0.171320044634717 0.0977222549805042 0.122235836806195 0.103035496535866 0.0354616807648595
0.0239635368513526 0.00854022376279411 0.141902388247439 0.132145449329441 0.204259200656844 0.0559835323802527 0.120247085845374 0.0713195905826152 0.241638992343887
0.157937462365037 0.0943600480391443 0.163927549267267 0.249671524799676 0.116800408048915 0.0257764028026335 0.0432205320160832 0.0274616718403273 0.120844400820916
0.0865819969611336 0.103528863115467 0.0629765785405682 0.0493575329763381 0.100580708692442 0.0745622522865534 0.130907365763319 0.203464143671974 0.188040557992205
0.0476582233261807 0.180799411039704 0.0745065104188239 0.11383609964158 0.0460203519316314 0.108309968354824 0.368896929306995 0.0547010302258254 0.00527147575443618
0.0754163677546933 0.0573273372194485 0.0213500707028784 0.207765606116627 0.245227227967928 0.120544897109012 0.114569455422185 0.0574402041470291 0.100358833560199
0.152628681572739 0.103423883761638 0.0763772392640653 0.107974438320076 0.172351533526967 0.131323922810791 0.15443876984227 0.0865774378582475 0.0149040930432065
0.0974224614016742 0.158890734739485 0.0561550957030258 0.124772079136855 0.0287671478150502 0.149122271418556 0.0826677977061757 0.167336358077315 0.134866054001863
0.0637678874363118 0.203065813741781 0.0679463373080903 0.212845357479585 0.0517411509542936 0.0711455545751866 0.204093668782118 0.00967631763167942 0.115717912090954
0.163464126758071 0.153759401359168 0.0279245269134673 0.135722062783912 0.0718038044148359 0.126726802987956 0.148927591948002 0.0760421169160832 0.0956295659185044
0.236487616612368 0.00921882671630852 0.11306959943145 0.0225966840232383 0.20330453504269 0.179298737684362 0.0659506828016049 0.157166762890859 0.0129065547971199
0.224452013125082 0.062794492692777 0.152432937994778 0.160293433799984 0.154044965925625 0.118556026689666 0.0409621938977034 0.0827543314585867 0.00370960441579794
0.0929864365510419 0.172117355667412 0.108084974560031 0.0876665285982535 0.128273040160709 0.125243804595945 0.095727424678699 0.0842635848861422 0.105636850301766
0.059304490757076 0.0610787925736306 0.0805367310569853 0.198100376924459 0.303336374046353 0.00025958377183967 0.0194792137517163 0.0973302993033748 0.180574137814565
0.158387014321103 0.134771209524522 0.112677079640655 0.12480355206942 0.164786275959768 0.122322174403606 0.0323345488946423 0.0136927233180064 0.136225421868278
0.161514646328162 0.149594212916835 0.0991006128939223 0.0806369792171597 0.0425640716203595 0.155666481724105 0.11920599478345 0.0740730664139019 0.117643934102105
0.0896765080203683 0.0551926277517944 0.129359242605229 0.10803129039883 0.130226810592507 0.0573515561120847 0.139059384546993 0.151389030986236 0.139713548985958
0.0520676050914165 0.22376288618844 0.0600654932721145 0.0277229516400085 0.105748331234631 0.214826364956614 0.178524985590785 0.0773889916694408 0.0598923903565495
0.111203069025939 0.173082716390593 0.103614562079748 0.102128210480454 0.1223974070089 0.203129104575663 0.10906952246822 0.0709679742281462 0.0044074337423375
0.19699792609795 0.0721565782927159 0.0182801896301447 0.135914858703909 0.189511150960926 0.193115539483292 0.00481578157798912 0.0413417122494012 0.147866263003671
0.25954236143074 0.00432648752547331 0.102380025643758 0.164458364208013 0.150575909922009 0.101046183056293 0.0700623416946989 0.0499876984003126 0.0976206281187016
0.10572553143661 0.0933153838511753 0.0135588607646138 0.136486875375485 0.164013002688671 0.0951773259130164 0.054180797078263 0.135466791403272 0.202075431488894
0.0510726435548686 0.0532171612402575 0.00080636110095206 0.296927240706255 0.140462486712838 0.33194122053088 0.0201939469715818 0.0468394641913981 0.0585394749909677
0.199050604051668 0.216269960376656 0.0623264715252422 0.0959865227267972 0.0591112711557654 0.0181234283081448 0.152613560667009 0.134488461497783 0.0620297196909346
0.116963525421153 0.252081045442399 0.124963250081137 0.0119671732193074 0.112666091228989 0.208222854637013 0.0608074214462917 0.0828151615808676 0.029513476942842
0.283422265243567 0.0518695385050944 0.281337316464934 0.0503559665946899 0.0857601323692966 0.107773820992635 0.0196875998272598 0.000747992329992398 0.119045367672531
0.0856567742642279 0.0440067523548084 0.0212304873328484 0.168417728929725 0.135929837287424 0.139803443893428 0.0856707496566438 0.141040994160653 0.178243232120242
0.195008208655782 0.0779119234473806 0.0790638466669677 0.134885673001454 0.014472013298581 0.216124563342187 0.0534506567546885 0.186178903749828 0.0429042110831305
0.252361458248418 0.122132529337358 0.0359701842695894 0.134109925541007 0.00120031878250895 0.0344853124448807 0.104725177771384 0.0216170171538792 0.293398076450975
0.1583155968525 0.0185139040297096 0.028040169116881 0.0395711826976148 0.116819338915166 0.20537992298017 0.168791011999706 0.169643985762227 0.0949248876460252
0.164307731380901 0.118426027101471 0.184646344363369 0.133987841937938 0.100079938411745 0.0493568934734822 0.146319958270978 0.0336207037160109 0.0692545613441052
0.0791631763779535 0.0899121046956813 0.0590594810988534 0.111294219192671 0.0084901902355507 0.106528542328844 0.0741213743039224 0.216468426359056 0.254962485407468
0.138268796888736 0.177155495598016 0.12309100046542 0.0369150521304839 0.106699870884959 0.148428787522003 0.17087669051541 0.00873813768152561 0.0898261683134449
0.186086868794087 0.0531378304517788 0.149118556335442 0.179643848107086 0.0519508388844624 0.0619177056337939 0.152154480977038 0.131593402677658 0.0343964681386542
0.0992951880122799 0.0237840788363441 0.245323226256615 0.0975746288891593 0.0808320182677006 0.0776638515680524 0.174900108966029 0.200333383360705 0.000293515843115098
0.0456772556465195 0.0174218310618069 0.149347055655265 0.13824005074472 0.101673412797896 0.126979343634398 0.15211016563024 0.119856157125146 0.148694727704008
0.0765477766583901 0.135589328330277 0.0948442101486682 0.0111175956491911 0.178315612501955 0.109568657993629 0.131202995267162 0.0743250297254783 0.18848879372525
0.234438498474712 0.0688457268935095 0.00269916111640012 0.120717952784588 0.115326535629083 0.0288727604248044 0.0942485197187318 0.129522228395931 0.20532861656224
0.183627791720648 0.0299742011133608 0.185983990772091 0.0500506536563785 0.102145759397611 0.0538148215429356 0.0540923635322443 0.169420345530263 0.170890072734467
0.0404185187004172 0.1045740347297 0.0705451042857974 0.130981368530156 0.0859277890210563 0.187391156800608 0.00579750183117468 0.246059897597162 0.128304628503929
0.250238899202793 0.0179919593554493 0.126020548153188 0.0927704685732559 0.002857846264121 0.0637475056224348 0.166392563098181 0.196693562182178 0.083286647548399
0.120913438795982 0.191005561179923 0.0128697584655222 0.152101500727176 0.106017717094434 0.0413637856383782 0.00308637933510156 0.199933145001168 0.172708713762315
0.0458538002292717 0.0730535770440918 0.0211545698824956 0.170678571536862 0.0905132277874189 0.222802549883371 0.218033230743767 0.109723666514256 0.0481868063784667
0.0648813137121789 0.0579470986724321 0.136364312726622 0.109743535030386 0.123652618581885 0.0655143486747978 0.185560135445114 0.160522477973911 0.0958141591826731
0.0701488190047175 0.151630639875479 0.12976522424516 0.083162521820209 0.0454382522073427 0.171313995838819 0.0437527170318039 0.126841406956744 0.177946423019725
0.0277357731925895 0.1665138925823 0.0163859202189846 0.223236587008781 0.00361810587616192 0.11434415209002 0.0921824293858691 0.155680415972085 0.200302723673209
0.145882147455126 0.146745277966499 0.105287325794746 0.115929720890476 0.144073189153382 0.13746078903693 0.00316190436416069 0.114855813236832 0.0866038321018486
0.128479183661779 0.0477085352080909 0.148721146096252 0.216282527264931 0.0455097022234551 0.168273053299164 0.0483691347481503 0.158385978838917 0.0382707386592602
0.185661644959695 0.184246887233876 0.111717065359889 0.0648317107262346 0.0240677911252282 0.0380986019095612 0.239909958282538 0.0504414295470747 0.101024910855902
0.171317994271055 0.0748564606680342 0.0805505258945458 0.074231535507748 0.0353203613349481 0.165554886961618 0.0747488667869836 0.152440089828011 0.170979278747056
0.02220125024293 0.0762116507209712 0.116873071980677 0.0333040891575738 0.0920363108818227 0.0830623816015995 0.195848425111544 0.218043238739466 0.162419581563415
0.0972401580193229 0.0956869124293485 0.027630160903096 0.170936134198439 0.0578346803053545 0.169618178292009 0.181245235521906 0.170948964478655 0.028859575851868
0.173418740127955 0.0436853882760584 0.254902734689502 0.0177070101379267 0.0514473091718101 0.0383335834231517 0.119917122443409 0.280117892155418 0.0204702195747691
0.00803797535784623 0.0114485206903005 0.182854296294013 0.200307430804855 0.0685810414925367 0.116307903450042 0.148708542868358 0.0315084844051953 0.232245804636853
0.113356672878981 0.166351376727376 0.130985512624416 0.134697194468514 0.238774196958199 0.0835632107064783 0.0634390366776182 0.0333122287001906 0.0355205702582269
0.0347904013183137 0.176747751000388 0.245869294467955 0.0515361574857274 0.242170114971306 0.0821961995938233 0.104846430234159 0.00440589518395789 0.0574377557443701
0.170926039602624 0.131304892769109 0.214776989271913 0.0635438629797777 0.0442454125511346 0.0794569827423322 0.185145436934169 0.0448381134419017 0.0657622697070388
0.242948526326544 0.138752066506172 0.00668790212000296 0.0908774646375671 0.165502948008843 0.112152477191534 0.0554502406440097 0.179987599087309 0.00764077547801906
0.0591626641177611 0.134102982198989 0.0912482643743029 0.144688211854117 0.14717790361965 0.0914934717007004 0.149048444432022 0.159110568743473 0.0239674889589844
0.189377072001451 0.102732985300294 0.119047594888372 0.0523616133582427 0.0776648815032336 0.104063942073746 0.150789834346513 0.0762122004976309 0.127749876030517
0.0071459981491156 0.0936066653726147 0.129227940387936 0.084153249038105 0.166099673447081 0.087412392869146 0.127456598299874 0.199856523123296 0.105040959312832
0.0167245437786266 0.0339620119631669 0.0335097372445937 0.203166869590851 0.0623731980758434 0.0143784256471166 0.267388898297156 0.275497088732555 0.0929992266700909
0.173452048778129 0.0394593202268629 0.0255516685189375 0.0843107576272254 0.11846035908043 0.228725838854893 0.0357677884499099 0.15466318318367 0.139609035279942
0.187824510064343 0.00262425600453884 0.11071084102453 0.180285455089294 0.189409265553207 0.135382385363346 0.00123225453079038 0.185937782624289 0.0065932497456616
0.0979460832679564 0.0995825212008325 0.181691538692762 0.00835115500509748 0.172066527820499 0.147992007460786 0.166534474243601 0.0198889856533392 0.105946706655126
0.00317526657945482 0.0765225656966111 0.183986906894573 0.157286937833201 0.147631484998362 0.131747474813285 0.0856719893041606 0.0639975075388368 0.149979866341516
0.194087982272141 0.0173803988473791 0.0409863074378303 0.0974126781286893 0.191586661356913 0.186955829322387 0.116590186797831 0.121303121437341 0.0336968343994899
0.0710431754741227 0.168850663386347 0.188328114451483 0.0665374552887814 0.188043354288809 0.102904190563286 0.0683599815987717 0.131840503576084 0.0140925613723153
0.0748918757053524 0.0304270785525919 0.181365333880926 0.09664169652068 0.102820114817922 0.161428980851795 0.0772233208818345 0.151353954528946 0.123847644259953
0.0114559390834392 0.0902380216201652 0.0650528584020912 0.201863285497207 0.190899905613076 0.133922612604864 0.216594592765672 0.0301691708749359 0.05980361353855
0.154333207509305 0.139876340689278 0.00812140310532077 0.0959288189945656 0.139603368119944 0.0503634283568596 0.0962564469084053 0.169425898476532 0.146091087839789
0.0614114371584803 0.0829208210892109 0.121937641181574 0.152766468881178 0.171956165986198 0.138504451393757 0.099865289328905 0.168553667654423 0.00208405732627542
0.205267374897689 0.172034768537758 0.0457777850681511 0.042023309440141 0.130059356616631 0.0749067293524395 0.0267741619536819 0.0971776229109948 0.205978891222514
0.067442697311404 0.233395972503856 0.0563097637057915 0.0134009195172432 0.101315905751108 0.136571075939234 0.0255248751108793 0.23765204505941 0.128386745101074
0.23882424127178 0.151503032819835 0.0711289249876442 0.112557550812256 0.00172273179967603 0.0935603586546658 0.148369371368566 0.169204030580177 0.0131297577053997
0.00135333714745456 0.110920816138564 0.00844526566819061 0.129495677504909 0.027570013194557 0.182121423376631 0.205370099605198 0.190545015953406 0.144178351411089
0.0427255693288731 0.122311474342014 0.108049072919911 0.0742644815152934 0.139963676400977 0.167755412764915 0.0909827682357778 0.174693051433284 0.0792544930589546
0.174095403144681 0.0485295690872974 0.137784290023179 0.165065433561894 0.0429147557732453 0.14162346020992 0.168866651455021 0.0658841206224191 0.0552363161223423
0.0464438681965632 0.063744137018657 0.0330263626086955 0.140040205296327 0.199514945323296 0.139187069970469 0.130029066296239 0.0430754206205597 0.204938924669194
0.15316873595096 0.107217799650428 0.11389341217091 0.189618883752605 0.109335568819988 0.103896738536021 0.163626756428045 0.0414012275341222 0.0178408771569201
0.146539157879292 0.013744151539581 0.17375458877424 0.146057627246373 0.205683156064841 0.0689923893987325 0.0338208834710878 0.131324117040881 0.080083928584972
0.141044912547709 0.118828983272555 0.0281693923510588 0.162875666734603 0.0203457135821671 0.170456424979849 0.0988435718446775 0.146009413465896 0.113425921221484
0.0798870304405253 0.210813484331875 0.110549188660065 0.0435484825945774 0.0605345897135753 0.02945017412871 0.13734601734199 0.114235297105551 0.213635735683131
0.0673223829354067 0.135243727361532 0.0331458613188028 0.119085751610666 0.133409315350016 0.157761051081868 0.0648625987849622 0.136883509670829 0.152285801885917
0.102405206990086 0.147576789596437 0.0985967153905738 0.143558339463813 0.15817976898228 0.0634050290753789 0.151904720351834 0.0867788886844464 0.0475945414651507
0.0795240975374057 0.0972459737854892 0.154229295654088 0.142122667341292 0.0279083514943047 0.12649558692474 0.124537836051737 0.13935838209819 0.108577809112752
0.0861784408305422 0.0956460276003788 0.130981947663068 0.203343383173095 0.066233486755117 0.0908136831605157 0.155730290772677 0.121492635561467 0.0495801044831399
0.0914934541146073 0.0824000509090813 0.116175211285805 0.154337584197085 0.109241635920016 0.148126003087336 0.00165684133989066 0.167169787292712 0.129399431853466
0.19308781722873 0.126943543306626 0.0982061171575512 0.0169020092052287 0.0884977517397199 0.0287227102246646 0.0727067960950049 0.176706771183564 0.198226483858911
0.196835651662336 0.0194066641471934 0.0169051051259107 0.0827804342182903 0.0803163176752758 0.193240444738555 0.13421067307784 0.126884237357399 0.1494204719972
0.000542750858712591 0.11339138521996 0.125164912466781 0.122390446034401 0.0584712021578378 0.056335929895104 0.189663171207232 0.158033863907402 0.176006338252569
0.160299794266161 0.000211650889803622 0.0341965068948517 0.0491985326178482 0.186561793519248 0.159189984506947 0.0467790941438334 0.187429981030875 0.176132662130433
0.0605484511403391 0.171109019544637 0.0284177800462642 0.0498121122536665 0.142996327941523 0.135351109326019 0.190577513880518 0.0439167761327749 0.177270909734258
0.208688779869792 0.0623757327943218 0.019292323836083 0.0507412405781864 0.127725385360224 0.166954518415962 0.115994824658035 0.124922749271191 0.123304445216204
0.10755664359578 0.0820502439088484 0.0411864981986706 0.197354569359889 0.102410592333389 0.140650961245792 0.0263230967931251 0.210275253001952 0.0921921415625537
0.0962586551336369 0.212053921556609 0.0617176450624408 0.138331691699209 0.115104953189136 0.162203209204354 0.049425039799721 0.0813065326408147 0.0835983517140785
0.0153919454894451 0.193322916286601 0.230756460314472 0.126010130969652 0.258082622764896 0.0677412357742601 0.000977081325929591 0.068282340367099 0.0394352667076447
0.138957358031184 0.207308544796011 0.162700569524045 0.00858063999174189 0.123587687639996 0.195978308859104 0.0293804506903701 0.0766642511914801 0.0568421892760682
0.171691881791496 0.100730065974327 0.0553523845112047 0.0614722595134657 0.0125814116898435 0.280761316444354 0.260608757544147 0.0405895180909275 0.0162124044402354
0.0989076917455733 0.178207576608577 0.121411609966842 0.174784605857717 0.0819152386913657 0.0614390065509083 0.110735903529628 0.0922792306180257 0.0803191364313633
0.14917880996409 0.160186739691692 0.00941885719559208 0.0552854250021745 0.0886625838684663 0.109567800007294 0.10229425336768 0.130975523238899 0.194430007664113
0.251494547525337 0.0169274621059812 0.101712138552552 0.204186754270223 0.00216670183113943 0.133636935430273 0.0638107357927289 0.104362537619533 0.121702186872232
0.187574699700887 0.196907342543027 0.104313128711404 0.0749195656173323 0.12586010799913 0.0323535795241518 0.0249945122843232 0.128687232667428 0.124389830952317
0.108646811206644 0.143199680650183 0.128829359031251 0.157952747320783 0.12909438874486 0.060161038344555 0.00575776880379099 0.131806612773932 0.134551593124002
0.27665991642865 0.20745732722612 0.252702316908673 0.00694695405163033 0.0294524329709287 0.0456251133295072 0.02193665516589 0.0148994495142058 0.144319834404396
0.102370764124178 0.0741387392885102 0.113221653632875 0.14400870506501 0.156544090390173 0.168697590886676 0.00222954092137545 0.0687835266020229 0.170005389089179
0.140564924451186 0.123938286455591 0.117647521698063 0.0264005105701135 0.0851284003399048 0.188774041462164 0.118805879399179 0.0305154178424567 0.168225017781342
0.0195373686055598 0.296679862650429 0.0157978968866039 0.0427014374361334 0.271122562112847 0.166263937126758 0.0351063868766659 0.134873789418293 0.0179167588867098
0.148039512399955 0.0957641657355302 0.0660374004516099 0.144442192098691 0.11124724885824 0.14472194988044 0.083686176428055 0.0498854922633091 0.15617586188417
0.0599117840677222 0.000387843375805461 0.159151881974308 0.00194784925822587 0.0854416614866303 0.167227479866374 0.147615960053171 0.168455823016713 0.209859716901051
0.103058756577289 0.110356205604554 0.216454152728939 0.0697476763317306 0.0781326059713346 0.156030834297509 0.0590484318126562 0.127982059870593 0.0791892768053947
0.0476109031466844 0.195425561673924 0.0971185345300453 0.0111213764920922 0.00419726728334854 0.235464625631653 0.107766182930798 0.0959109895332415 0.205384558778213
0.0142224211070069 0.0912880925365298 0.0511833429430844 0.124970681181034 0.0890302604207596 0.177595805389832 0.105479733485215 0.132400187153657 0.213829475782882
0.212140457973228 0.186004988209098 0.0692226812063071 0.162702370962037 0.0129756832018197 0.0692634493164326 0.163690339214188 0.0171980421790958 0.106801987737794
0.171480163893888 0.21834225300663 0.209225014661448 0.107343609015424 0.0172652066876516 0.0246847242222998 0.156610570651613 0.0719183856608623 0.0231300722001829
0.113593643008869 0.18172706804204 0.104015860288423 0.13567525953029 0.140768280134669 0.113883794434218 0.0293587079840731 0.0435522360172158 0.137425150560201
0.0996324580523282 0.0374693383542263 0.180783947049418 0.0222530885506366 0.00630416527107657 0.173278569817194 0.17182659408652 0.126243105675261 0.182208733143339
0.127875671780319 0.109966074600635 0.037960326495226 0.141309190143893 0.0114468756691653 0.154926016126211 0.145933071410431 0.231076316163779 0.039506457610339
0.0364084839204894 0.0986989262195212 0.198556663873818 0.0402325907758197 0.0614128886813408 0.150303751748687 0.217585890262235 0.154317189555469 0.0424836149626199
0.148706300447259 0.142125678170075 0.105932335039964 0.0384697687677223 0.218396474081296 0.151872708454245 9.26132415028978e-05 0.169679122273326 0.02472499952461
0.117079277748111 0.238304794467561 0.15229635738423 0.0199334382432014 0.164913480759337 0.106291854031765 0.0307481958205077 0.103190875589798 0.0672417259554886
0.0710942064317648 0.0424488869034372 0.192863786069587 0.171926169801066 0.0490223481167379 0.138631141703619 0.158786068998628 0.0811294449244266 0.0940979470507329
0.0489087628622927 0.0653855572508003 0.10121488219459 0.0842913741048319 0.163768623549232 0.202733168714297 0.0443951456271905 0.143977285666966 0.145325200029801
0.218132432497097 0.233125054897392 0.105725771128995 0.0278804052961245 0.0618500546711757 0.160372199823554 0.0497689357518213 0.101038177045277 0.0421069688885635
0.181169552800945 0.122758865603067 0.181065537973007 0.135352206299135 0.0743228722561008 0.172925335583455 0.0158672836471543 0.0983612227396892 0.0181771230974453
0.174555401629051 0.046055274089876 0.0979077151042468 0.00129522556421303 0.138706091995524 0.114482352994448 0.13378024134678 0.137807621445656 0.155410075830205
0.23674147689125 0.0694474507680876 0.0705764098118694 0.0369545209679205 0.113734017162565 0.21144587378473 0.034045047126281 0.0901858956069131 0.136869307880383
0.174995409735096 0.183297463930162 0.0610245112213925 0.0449874708109794 0.0265725469946885 0.0134387497593736 0.208182526099254 0.0597217855629803 0.227779535886074
0.0269793180787832 0.117532358561919 0.0735048013418876 0.0746746685092987 0.0213360625057281 0.151010869940535 0.212065900216849 0.0982808410284033 0.224615179816597
0.132257565159472 0.0807395776715525 0.160903570081165 0.0966548873194805 0.117269579818257 0.0388020206662106 0.150615044355489 0.041490087302759 0.181267667625614
0.180169951334029 0.00430796486218994 0.0996860082510643 0.0502438939483147 0.128302788303034 0.223964792881556 0.0591560695195005 0.0249253145270594 0.229243216373252
0.123836641815509 0.102077438635208 0.0164881715342339 0.171695716593377 0.183414415905681 0.135113827540018 0.137270372520706 0.0159877330896762 0.114115682365591
0.0660315890539581 0.145343028524138 0.0913700817662956 0.0827520870706757 0.178026116474847 0.0895054379469306 0.143967657719617 0.126789982235096 0.0762140192084425
