0.13909132639523 0.374885963669574 0.238390915601067 0.101085247876294 0.146546546457836
0.437905647522628 0.0912257901450735 0.0197686559917876 0.187993197001364 0.263106709339146
0.177127584055279 0.287944166311154 0.34461982946814 0.178907402971217 0.0114010171942096
0.0779600591951843 0.45039473586208 0.0116728995735225 0.308755190016584 0.151217115352629
0.0473140574507812 0.04621935879917 0.210174973014782 0.29888800181345 0.397403608921817
0.149418659981061 0.144480155572239 0.227955189726836 0.0719001682070721 0.406245826512791
0.166359292223495 0.321655314789181 0.131739086952871 0.263569380495904 0.116676925538549
0.137249828677176 0.219749142879098 0.135494378812236 0.284771671601602 0.222734978029888
0.369226871717946 0.120840027080018 0.145606534158332 0.319931606690522 0.0443949603531819
0.243562961554363 0.0737258906288636 0.24768665594578 0.177307592389608 0.257716899481385
0.239632099506485 0.227797507588821 0.200418344252134 0.0671568991314794 0.26499514952108
0.235150907791602 0.00689045158683425 0.323491998875599 0.317923518820139 0.116543122925826
0.0487092508919304 0.333645371835211 0.37663785197453 0.113548971697994 0.127458553600335
0.146229736315588 0.139381042893668 0.382674434213768 0.032034842134844 0.299679944442133
0.100630383784899 0.064198389716004 0.296993138639992 0.270696690251114 0.267481397607991
0.379957732739635 0.521684530231217 0.0115377416476429 0.0129924576170959 0.07382753776441
0.0491492550351861 0.321618344191865 0.0687043538936922 0.244081161865574 0.316446885013683
0.165608855466094 0.279603660523079 0.346140910365436 0.197042990574134 0.0116035830712566
0.00977286940978958 0.348664012962023 0.0565648428609204 0.373484794941278 0.211513479825989
0.115178214429445 0.295893733328075 0.215564115461568 0.0815658412049247 0.291798095575987
0.0123884556234977 0.370805415820992 0.351803120972979 0.0716647553891417 0.19333825219339
0.0294902335127426 0.204606877604052 0.340914361769432 0.00639739130934388 0.418591135804429
0.0583673112717415 0.248734211170911 0.0573137264910008 0.30159851139027 0.333986239676077
0.239533056207028 0.0193830009456201 0.183901327720887 0.29296530934321 0.264217305783254
0.156629315502598 0.119549401167075 0.0619634749469654 0.45072527821287 0.211132530170491
0.326007427456116 0.0057912022949269 0.225211669812471 0.0407540689041501 0.402235631532336
0.30222314236704 0.248812874100561 0.0736199429818841 0.244416653215092 0.130927387335424
0.217849555889072 0.0466857858073964 0.304320027395513 0.287004902521557 0.144139728386462
0.0195406812420705 0.269846146131858 0.0136862476148082 0.345205583965226 0.351721341046038
0.267868537795193 0.0282604581230652 0.176439307454097 0.29319440383528 0.234237292792364
0.287312805515915 0.0349536295034036 0.193615919030385 0.288498064502479 0.195619581447817
0.146040653125501 0.0140105817339219 0.19751219529643 0.450125198656394 0.192311371187754
0.316715276420679 0.0382543982592789 0.258355689715857 0.23188738258043 0.154787253023755
0.242164508897488 0.200463121379579 0.121966164438443 0.210914080406607 0.224492124877882
0.164032326754086 0.325525606928228 0.0603498629523046 0.091951650411118 0.358140552954263
0.23274064309155 0.341889857195664 0.16791469797703 0.230182182076385 0.027272619659372
0.345786546273623 0.230665792724044 0.319147745658778 0.0958819933614459 0.00851792198210919
0.349469669039007 0.32999514766575 0.129505006080464 0.0571007086343574 0.133929468580421
0.0114689887586431 0.462751759751242 0.241778837492733 0.0386537159782913 0.245346698019091
0.263403171925099 0.261504344848843 0.0271224930170359 0.373840788918434 0.0741292012905879
0.146373013746027 0.244836411934526 0.14566388860855 0.32472232396222 0.138404361748677
0.154668232941183 0.100722549290702 0.288384763609901 0.202623663007453 0.253600791150761
0.0367390351394994 0.114355390867477 0.275007482055112 0.337454038660277 0.236444053277635
0.214395316634798 0.0129588636937743 0.0794036203350639 0.673941540893386 0.019300658442978
0.106426688658363 0.186384418232128 0.174438157017352 0.353304386076012 0.179446350016146
0.307702464549175 0.208079387455115 0.392274577027136 0.0869630934521289 0.00498047751644467
0.13727772595358 0.275854939518376 0.096264456809111 0.133392227590386 0.357210650128547
0.112452305112694 0.0417734782736645 0.0396336023968593 0.355162440655829 0.450978173560952
0.168626078094999 0.0346825836597144 0.303705303242458 0.285974221103086 0.207011813899743
0.229203612422299 0.159683742709628 0.168756027056866 0.346210464044236 0.0961461537669709
0.141315758805082 0.24090831340372 0.304131614888441 0.15302416367342 0.160620149229338
0.239712988193072 0.224490676289769 0.233505776878477 0.255381373667464 0.0469091849712178
0.313232430427015 0.0906471508543695 0.124977000793196 0.342867607992605 0.128275809932813
0.180133671307959 0.232151082671786 0.195099422281646 0.195517772110733 0.197098051627875
0.156239571324125 0.0860566757895677 0.432596574086784 0.317125589765174 0.00798158903434981
0.209996845142939 0.221274267171864 0.115643880490746 0.240729229652854 0.212355777541597
0.285209092534782 0.294445802774053 0.302917860382074 0.0634223248056131 0.0540049195034778
0.285418121803143 0.0507128775544672 0.304759502743931 0.230923956682315 0.128185541216143
0.30983076500307 0.0979278916935281 0.222153872594873 0.321109645307222 0.0489778254013068
0.367420841840985 0.0678941351464386 0.320248803956633 0.199554836731844 0.0448813823240991
0.174564185629869 0.000402533039486114 0.283475737219297 0.0429480659390247 0.498609478172324
0.0915811559603444 0.166833584786839 0.260817694144526 0.159822972004978 0.320944593103312
0.0315042373460112 0.632975299418631 0.0377063331467122 0.251189078152598 0.0466250519360473
0.446602416360354 0.00980787490171727 0.0777830439895741 0.193833011647074 0.271973653101281
0.288165942201584 0.209431400904997 0.119423425454147 0.176049856467294 0.206929374971978
0.0104562238259163 0.126588450349837 0.322992838879039 0.393550972492939 0.146411514452268
0.307233179944941 0.359151845279787 0.145715286747828 0.0780514683153928 0.109848219712051
0.252484465450488 0.125851256016054 0.264753052072561 0.246103623138452 0.110807603322444
0.155750269577207 0.117280819309842 0.115731527666791 0.372675486317367 0.238561897128793
0.0194005534083896 0.00858322277855894 0.330139287187605 0.33322574817807 0.308651188447376
0.326381170875421 0.152757429906839 0.361387497924322 0.0696574071385757 0.0898164941548424
0.318442619923963 0.347864571737112 0.209531629462833 0.0248822511114206 0.0992789277646715
0.221986222726003 0.0377402511494742 0.30145341758692 0.293230084570059 0.145590023967544
0.330903599342772 0.19690763988777 0.267858450981174 0.0826876592300786 0.121642650558206
0.493863623550414 0.0924371668474379 0.169590956002715 0.160664738226251 0.0834435153731817
0.167078151315841 0.141169427799539 0.265540981251751 0.165296366164333 0.260915073468535
0.127546167271225 0.26647246681968 0.388774100711667 0.130150224765035 0.0870570404323923
0.324226992704595 0.167349741242174 0.247298232318075 0.249161364228556 0.0119636695065998
0.336065540760735 0.215073802400076 0.0996332416890801 0.276832866550346 0.0723945485997628
0.259290360591134 0.273693727587744 0.218199570928286 0.130053478461975 0.118762862430861
0.30976565956182 0.0768691170762646 0.0483192083498008 0.158835441268423 0.406210573743692
0.21543215295417 0.371265674948909 0.270057817189831 0.0494100482155656 0.0938343066915246
0.152310153563908 0.124019213161047 0.275313974768635 0.248487904377753 0.199868754128657
0.192932634712228 0.201487356647223 0.232639440014005 0.221577086256371 0.151363482370173
0.254410755915806 0.00314201169446921 0.272407738602123 0.352195488234184 0.117844005553418
0.0201437463732184 0.211433129020349 0.290172480889985 0.232040321408038 0.246210322308411
0.209498398089405 0.253193288686537 0.250097868943878 0.252799342196877 0.034411102083303
0.167700822125482 0.39848777712683 0.0150824343526034 0.17341900948864 0.245309956906445
0.118726966552939 0.250948297312308 0.237160005269234 0.128298409358071 0.264866321507446
0.485211327330576 0.149619619781227 0.0792438525410737 0.284080386839623 0.00184481350749976
0.0453551443880745 0.229382294819297 0.380077865069126 0.216870479403626 0.128314216319877
0.3217553380263 0.0130814264453361 0.345378577886579 0.260453269324004 0.0593313883177814
0.202647651497537 0.183620289776528 0.277903367070669 0.0993209065435681 0.236507785111698
0.243254190862777 0.142214263250448 0.307701115657258 0.0240190711858365 0.28281135904368
0.331458829765432 0.166348570358944 0.179888923345362 0.161312478341704 0.160991198188558
0.0422352458222334 0.429024874009989 0.0858016901039852 0.378206504142036 0.0647316859217567
0.202080602184207 0.165389529797875 0.253821653875254 0.296306991874603 0.0824012222680611
0.299140325439773 0.0781286512712155 0.27746827192949 0.0742126498166627 0.271050101542858
0.226603397007106 0.0878870610874922 0.141820376858497 0.314886187602489 0.228802977444415
0.355091644984847 0.0733295802839978 0.0672446929506575 0.107768087089486 0.396565994691012
0.408001167322523 0.117349209678576 0.17137554227065 0.259076755323096 0.0441973254051559
0.0127032495715123 0.253935269864679 0.174479317254441 0.206113334004987 0.352768829304381
0.105479341676596 0.169620759478758 0.406678066134128 0.234647628366559 0.0835742043439591
0.0675902605836991 0.0621044671263349 0.586233464039279 0.0943911608675902 0.189680647383096
0.0308825766239171 0.161461274070642 0.34254331453269 0.107568844582936 0.357543990189815
0.205571516121139 0.193522025653337 0.222542072469136 0.0509602498088994 0.327404135947489
0.423101250992042 0.0183705496843224 0.0271527934236833 0.347748365568903 0.183627040331049
0.342112677504579 0.222403436741383 0.116971682183807 0.207086747691687 0.111425455878543
0.255108954469946 0.248412428855963 0.281458482176524 0.140662796846511 0.0743573376510561
0.241101330108852 0.172985771454508 0.307958187722765 0.19375318863336 0.084201522080515
0.0600618563378015 0.281755886564582 0.114930130613781 0.214557099127485 0.32869502735635
0.125201006515683 0.0888925219808054 0.371415741698954 0.241987023939976 0.172503705864582
0.334402002139434 0.356991142730667 0.239650003478118 0.0345620703805536 0.0343947812712262
0.0251776755985386 0.042351154913512 0.163444724021504 0.507909420495152 0.261117024971293
0.13211978449686 0.532523027431622 0.156438089802711 0.147451767283836 0.031467330984971
0.061537538560648 0.11464831967068 0.136817200715535 0.231393339096039 0.455603601957098
0.29154048276182 0.205810621546203 0.146661944172047 0.257698437857251 0.0982885136626791
0.177041693320262 0.220686784485167 0.170654157194654 0.241144777377737 0.190472587622179
0.0250621486484622 0.336217654394517 0.328268919918855 0.10532929851581 0.205121978522356
0.10909163029877 0.111268428042092 0.358998182443751 0.0782178005263442 0.342423958689043
0.129934060228078 0.263046309474551 0.306795063442794 0.0821313971477615 0.218093169706815
0.099198959558278 0.0242828995166336 0.264109252059626 0.312761608147351 0.299647280718112
0.367981383220254 0.383197890135578 0.000278038948499905 0.0300251456150526 0.218517542080615
0.270522423298224 0.291082800151283 0.10046149021761 0.211302941032786 0.126630345300097
0.0726984420795982 0.0926544478069687 0.227591912017879 0.293065704776609 0.313989493318945
0.00217337701749276 0.205163156034005 0.0365628729869375 0.511121520963114 0.24497907299845
0.255967065251996 0.153167151838612 0.0473245519861257 0.343532440244896 0.20000879067837
0.232774471802289 0.163724134777494 0.10772068386837 0.187416806636678 0.308363902915169
0.12758352402192 0.389356552971774 0.0834357642249941 0.00546366946842472 0.394160489312887
0.161220385006719 0.0924953547689221 0.113894676263878 0.169589147915867 0.462800436044614
0.227845066463799 0.0305268072008189 0.207069440363799 0.285671762662289 0.248886923309294
0.154452892795566 0.057188688834318 0.0518089702431253 0.690396088786364 0.0461533593406266
0.0516753147501261 0.279830792563683 0.271239787422332 0.185657015050393 0.211597090213466
0.250172323624715 0.163085249572075 0.216821926361881 0.193867962925648 0.176052537515682
0.048766687837524 0.0776116279390171 0.111068573441108 0.369393681101095 0.393159429681256
0.259903799920037 0.160011694863368 0.0290627588800486 0.274846713163463 0.276175033173083
0.312465244192874 0.291712792227034 0.0424247439221226 0.245314048248276 0.108083171409694
0.178683193010716 0.227603525760355 0.16766266756813 0.201815726069133 0.224234887591666
0.215235232159849 0.285985274181866 0.14883875220119 0.0348718627555547 0.31506887870154
0.22610435629614 0.154242526030592 0.226989528314107 0.155314468930944 0.237349120428217
0.155361689025778 0.153133849797386 0.31612565156446 0.228691522724721 0.146687286887654
0.180346612652814 0.139137516180949 0.244893261681422 0.210298823976464 0.225323785508352
0.267160808418253 0.261797978657875 0.032059500194333 0.161631260109974 0.277350452619565
0.203689648408906 0.427455225469348 0.163052113372529 0.129749681860983 0.0760533308882339
0.213023490731908 0.172655834972243 0.435812717098835 0.154170112865074 0.0243378443319409
0.271141159740826 0.163829434421564 0.283606047052284 0.110139706417964 0.171283652367363
0.293631616123389 0.355734296285066 0.033736267313345 0.291470390719249 0.0254274295589509
0.1585758005278 0.113606819195714 0.313214742633001 0.0955391087245385 0.319063528918947
0.0901680127540094 0.138434111819105 0.217734124546293 0.214429703728024 0.339234047152568
0.0438803951653249 0.192654710689151 0.259213525151449 0.415436612563764 0.0888147564303104
0.232287946575932 0.076721847695871 0.262225380954442 0.195145675116733 0.233619149657022
0.261341238216076 0.289245526083284 0.00131436603512014 0.0615497550400994 0.386549114625421
0.237684496148334 0.154602381091164 0.14179156376853 0.142065659784492 0.32385589920748
0.147903603748998 0.155853907489971 0.0751797179339307 0.504982061311432 0.116080709515668
0.2092377461165 0.27185368433338 0.0972347194677846 0.212261162402237 0.209412687680099
0.316337148107061 0.162682221602759 0.166824897748414 0.205464640873518 0.148691091668248
0.034476292376296 0.315563541752579 0.193196442804904 0.14617819835249 0.31058552471373
0.298812392083011 0.093481482510286 0.348935714793861 0.161432352821467 0.0973380577913744
0.297842787162156 0.137388907619065 0.186146047157123 0.269503226280363 0.109119031781293
0.192319287575307 0.300270098731763 0.273449588535434 0.182058341833557 0.0519026833239387
0.147811698701945 0.0354316291716313 0.306759622548718 0.344247029101155 0.16575002047655
0.368531408811133 0.369347806916815 0.00229740991701771 0.206917405023559 0.0529059693314756
0.220582803365998 0.149171153540491 0.294256111600436 0.280626096215541 0.055363835277535
0.315267663416947 0.188044423283205 0.0263431026546659 0.286693999167611 0.183650811477571
0.258190827498388 0.0600979634439421 0.2881520792514 0.0304149536208264 0.363144176185444
0.185686201153874 0.242644065256295 0.281912653196595 0.241718631291371 0.0480384491018651
0.33120090007298 0.099637339660491 0.358674008194298 0.107054934457356 0.103432817614875
0.240148209037194 0.131329594663082 0.300995966035889 0.145847800247448 0.181678430016387
0.208267069222066 0.2043395082338 0.216576984618894 0.182525352425586 0.188291085499653
0.266056097951879 0.30656079222297 0.22220300964975 0.133184789047296 0.0719953111281057
0.0781657841487734 0.105711856959282 0.10816662022044 0.244080921880064 0.46387481679144
0.19644009394827 0.23892250678651 0.23521028097707 0.280978657451851 0.0484484608363
0.123267101804343 0.29730594550875 0.107850783250816 0.158973053080726 0.312603116355365
0.00836288207372312 0.145764878202729 0.373608444224003 0.261689754876543 0.210574040623001
0.253865264097664 0.290757321429741 0.0116119450000987 0.176027619637261 0.267737849835235
0.190458181366894 0.333364203679121 0.166379954099221 0.0854869015594167 0.224310759295347
0.126666987826667 0.312839034278732 0.217721884259536 0.186274032331256 0.156498061303808
0.192727085718 0.173580864069638 0.226963118763768 0.22159418942749 0.185134742021104
0.178335564141317 0.137221903693909 0.166509676601099 0.362339297906074 0.155593557657601
0.256357852326578 0.0565594415452615 0.0535837235737114 0.36044678900808 0.273052193546369
0.0933859873529702 0.238188029220925 0.235197172885557 0.199628856583962 0.233599953956585
0.129754301219584 0.120407311240973 0.211750918496597 0.340073282860534 0.198014186182312
0.145462325172944 0.165991091003934 0.309163806429007 0.0426771758030643 0.33670560159105
0.2714009279707 0.274970917198649 0.127274875316606 0.146830954983723 0.179522324530322
0.0720197267053803 0.349468210186426 0.390012723555723 0.145626139792079 0.0428731997603913
0.269890824414663 0.234782301618794 0.036243120950277 0.306801352940361 0.152282400075905
0.246485065270781 0.31551957594789 0.0685178308660543 0.121379091345491 0.248098436569784
0.0186512327585413 0.234574174305772 0.259777389537885 0.230162593947831 0.25683460944997
0.312752320165654 0.235037456408471 0.299885545849219 0.136615174432386 0.0157095031442696
0.125753250219462 0.245219274859248 0.0590183956904911 0.418908022585239 0.15110105664556
0.305795922855886 0.287363884292949 0.213842877490619 0.144044547292393 0.0489527680681539
0.296827795653357 0.0541381274956418 0.24127599424634 0.147552843973703 0.260205238630958
0.296716181896442 0.298667455106256 0.00280018385791267 0.0679320145229409 0.333884164616448
0.368435889304412 0.153543164159587 0.247839769150168 0.0598259149571149 0.170355262428719
0.229990274897754 0.283174943967752 0.00349472930783465 0.148964222848825 0.334375828977835
0.189698838743775 0.160288445255276 0.237987238323951 0.218708029059166 0.193317448617831
0.0308211452305919 0.259718093838875 0.23380734433524 0.268971065378428 0.206682351216866
0.306744864995929 0.403171799461574 0.0381148988191594 0.241993951942329 0.00997448478100871
0.0531904696588236 0.110984497878589 0.345233831520062 0.0168719223058499 0.473719278636676
0.189327232560078 0.247933982874373 0.196035048368361 0.096141807196634 0.270561929000554
0.198657227645422 0.26861738823831 0.219579392717391 0.191713397497769 0.121432593901108
0.253431389310147 0.259954138834238 0.242836954850049 0.117497236720145 0.126280280285422
0.197759641197069 0.198775891188692 0.265918174078666 0.253323669200792 0.0842226243347806
0.371661882874219 0.0764339179698896 0.222187547644083 0.0491947847607775 0.280521866751031
0.264736017646553 0.170589375173633 0.191620521606135 0.12700433303141 0.246049752542269
0.183705705596881 0.192660426679763 0.0414815520537917 0.386983962227778 0.195168353441786
0.336366564505784 0.0417875696543336 0.224948693168476 0.308198939250647 0.0886982334207585
0.0555914189877367 0.13630679333436 0.0967344663354938 0.458271446546947 0.253095874795463
0.298248525266352 0.00816757383682192 0.582979410080743 0.0753913075931617 0.0352131832229215
0.295487119860475 0.0398234709647369 0.237429487234971 0.214297156792435 0.212962765147382
0.252316089985385 0.240136302019205 0.146811097656461 0.166415045001933 0.194321465337017
0.28821736099405 0.116453717941428 0.233024519121342 0.0462597139399537 0.316044688003227
0.111299331899163 0.15037659313288 0.235939400515801 0.157729777357242 0.344654897094914
0.0156972645525177 0.182658412091433 0.395060652207926 0.206693329402294 0.199890341745829
0.421388209158129 0.0296425451283399 0.069036257112107 0.200192825994259 0.279740162607165
0.0642620358093384 0.220775741497189 0.23836622040186 0.185155577832729 0.291440424458883
0.252397670253658 0.195585028590428 0.111047429320757 0.334066360374439 0.106903511460717
0.132882022133519 0.195172847710268 0.310413480990348 0.176696664177799 0.184834984988065
0.113171352466016 0.0587608363116301 0.165650096786479 0.201587396084885 0.460830318350989
0.185544656524189 0.234895411659062 0.14982854591456 0.15724242334649 0.272488962555699
0.103434565057295 0.36702955266867 0.366050867929577 0.161776358081267 0.00170865626319154
0.0340164338128651 0.0413840870772896 0.285015971061221 0.30043967922836 0.339143828820264
0.150872989535525 0.254012403435321 0.183002165528355 0.263531125623776 0.148581315877023
0.131804232579633 0.0175044852426723 0.463277584624514 0.168545627920068 0.218868069633112
0.397959871412881 0.124016365711751 0.057941242908823 0.237836356152932 0.182246163813613
0.276724561002699 0.17736812771321 0.227270573815934 0.0187849934564778 0.299851744011679
0.227862322778354 0.303531124766472 0.253905523489329 0.0951175643996719 0.119583464566172
0.0890650127349899 0.27862186033555 0.0213677709928376 0.304055934152502 0.306889421784121
0.231017729586594 0.202285905979876 0.0655435273998006 0.183464238718875 0.317688598314855
0.17289712198834 0.0474817917081287 0.198033234056928 0.00672089273822561 0.574866959508379
0.217873954429812 0.0144624278902652 0.426703239897425 0.0513066882933309 0.289653689489167
0.234827453483731 0.367078561128776 0.261200628912633 0.130853683396972 0.00603967307788815
0.293243425346863 0.139545912403362 0.228558661215622 0.303051408708183 0.0356005923259702
0.11347586593945 0.0612259550964272 0.0836210396673645 0.317000637937709 0.424676501359049
0.439600474305941 0.0786440995194838 0.260052768264636 0.156861951272359 0.0648407066375802
0.366139505079777 0.114173139489697 0.181574729712591 0.0537390587040603 0.284373567013875
0.137222903290297 0.199025156532919 0.172194384934354 0.314344773511636 0.177212781730794
0.22408647483478 0.00466438629828642 0.238042805128488 0.171317769996962 0.361888563741484
0.0686094859684224 0.158281284773379 0.234404760488558 0.256910057201777 0.281794411567863
0.191307311925439 0.269899392045642 0.0751884389079532 0.127266399347982 0.336338457772984
0.377817341180592 0.197194010027972 0.120516377391531 0.20643750056258 0.0980347708373245
0.0225466085612035 0.0646443372743319 0.297823432980085 0.304420151116771 0.310565470067609
0.235006366182999 0.214136425407459 0.116130835319434 0.328511019948133 0.106215353141975
0.218092324585873 0.0902776880488085 0.225395860730678 0.210839957244792 0.255394169389849
0.192082583557932 0.387029562434102 0.0264079257372532 0.0574122684365512 0.337067659834161
0.154550259206895 0.0525857397612321 0.190006258354082 0.162066331738385 0.440791410939405
0.242517729689191 0.131394151920995 0.112102871300497 0.25250091628893 0.261484330800387
0.0412536658498712 0.408599581917204 0.0558324780837805 0.24490991761817 0.249404356530973
0.133360419241371 0.401275949091486 0.0226883140215047 0.394677488884786 0.0479978287608527
0.219443368959544 0.192753112816378 0.251093613732179 0.205950879742571 0.130759024749328
0.00254208504519917 0.075784480374203 0.0653571335688975 0.415097449285903 0.441218851725797
0.352620411304195 0.0796002479865277 0.267093999955541 0.104100535847364 0.196584804906373
0.239462479047862 0.268747234218496 0.193848882707006 0.0157592549855437 0.282182149041093
0.216539324350854 0.210717581225616 0.133783940251527 0.239586398083548 0.199372756088456
0.132735999346193 0.217728232098994 0.00239560396342456 0.265750594021453 0.381389570569936
0.221241043882145 0.263568038912399 0.155646597426918 0.134675238502122 0.224869081276415
0.149903131480423 0.0180200684885495 0.305883746442249 0.347371641820402 0.178821411768376
0.0742791505643443 0.256177599781137 0.226888074421143 0.250430951778205 0.19222422345517
0.148822050162486 0.191472795777215 0.192573493110494 0.225989741201405 0.2411419197484
0.211305627250602 0.255926994864418 0.268082041527669 0.243611088050458 0.0210742483068531
0.245611189211304 0.0771208340270221 0.185939573346631 0.297360416975825 0.193967986439218
0.136816996846959 0.120003353758113 0.218195712690456 0.145605124083461 0.37937881262101
0.0856022400577266 0.29583053067273 0.282411515086562 0.297023675567885 0.0391320386150966
0.001103221854 0.321041070698121 0.242665504163292 0.146178856404907 0.289011346879681
0.100755747352138 0.152243326003314 0.224917610111698 0.270311169621456 0.251772146911394
0.207282478647524 0.127433661417314 0.213938552154408 0.422767455740779 0.0285778520399748
0.289561196609083 0.0117613566425606 0.248474193153067 0.179649398046445 0.270553855548844
0.393922050782858 0.0686675973148573 0.0944995417146912 0.115913895118537 0.326996915069057
0.221117958817148 0.233795032479088 0.0554178593582263 0.336714762543576 0.152954386801961
0.231192467933978 0.204974741895313 0.0353607610985425 0.292811936320591 0.235660092751575
0.321380977314172 0.32545589853264 0.0155135510240405 0.0632715117382981 0.27437806139085
0.364648862718365 0.160824373328092 0.0936240985103515 0.059531039046422 0.321371626396769
0.120258495961031 0.144113951419156 0.40289436776495 0.317377138443813 0.0153560464110496
0.215787892703396 0.128600974799457 0.315178359994637 0.0939230525109945 0.246509719991516
0.243508483491898 0.356788405678277 0.288212519046082 0.0352569338241356 0.0762336579596069
0.37510205879507 0.113505904379844 0.0559534219888003 0.455197814873128 0.000240799963157506
0.333866242623006 0.301205387331484 0.124573568272042 0.0105468249737369 0.229807976799731
0.170942443999338 0.296875033394986 0.0686494733486204 0.28558590203734 0.177947147219715
0.0512099398010122 0.287126933296028 0.156541021362433 0.230053478220385 0.275068627320142
0.225416949536649 0.146862601701423 0.171813315446224 0.212970404133758 0.242936729181947
0.263460145746398 0.0797756145084579 0.446456380803392 0.190120267149756 0.0201875917919967
0.130218144811326 0.152583926096698 0.29778758496004 0.111543274493492 0.307867069638443
0.233520451705568 0.254296213739527 0.0569711892469061 0.266040917034643 0.189171228273357
0.102202491664645 0.148195183408305 0.268531102581823 0.246334689131914 0.234736533213313
0.318469951268636 0.242793716514338 0.0299325292463644 0.155180197936903 0.253623605033758
0.202687648445377 0.490960929463254 0.0656005546140038 0.0702057695267286 0.170545097950637
0.370792647824256 0.170551600955145 0.0742959166835122 0.0525027290079058 0.331857105529181
0.32744256083146 0.275103493791525 0.108476073756152 0.105777668010245 0.183200203610617
0.146554761217847 0.240441754674436 0.129377723228889 0.219618964706418 0.26400679617241
0.0336138229251169 0.216477455656117 0.247338929863347 0.22997929856164 0.272590492993779
0.0877871610443919 0.184296461183943 0.1926323772616 0.364240559429749 0.171043441080316
0.172397784056321 0.371350575799694 0.236875652495961 0.192621703728646 0.026754283919378
0.105295005324629 0.0863798174784585 0.483171278410022 0.0253265501839966 0.299827348602895
0.31063842234549 0.148084653403872 0.0814552905293602 0.218973443999706 0.240848189721572
0.372251681521476 0.375633252854292 0.161438413953363 0.0891709856498405 0.00150566602102883
0.197882002793601 0.371984778065782 0.293422380151788 0.122371103045503 0.0143397359433266
0.100415082118959 0.335050542569759 0.301112836768338 0.24130142582097 0.0221201127219737
0.153736557267483 0.427456676976273 0.00712197995743951 0.38595383315598 0.0257309526428236
0.311370343250815 0.224381970208556 0.338635167120201 0.0971767721159595 0.0284357473044683
0.293711648311727 0.104601980216868 0.369799106886656 0.0716099719021178 0.16027729268263
