0.0567003382576049 0.151375703324222 0.0198052459453523 0.0801447227936808 0.168846860192108 0.183070991149527 0.0359847526299473 0.0121039607368614 0.127973896542559 0.163993528428138
0.0436549144012519 0.101397148962987 0.000756634573896914 0.164877314641364 0.180147810551527 0.0141636148541604 0.197163050783959 0.0345219827649194 0.206784314981216 0.0565332134847183
0.152068999046628 0.018760510720801 0.122218808876394 0.0844487072989428 0.1443015694487 0.112725978132847 0.0247300947034113 0.089137652584542 0.0894930465643677 0.162114632623366
0.112235470742904 0.0831269883620815 0.217808266795783 0.00046927921354192 0.0462229292797935 0.191124859816246 0.216785925016482 0.104922102388685 0.0157600411420501 0.0115441372424323
0.179541008779764 0.0552519165318993 0.113834888064055 0.00443687032421261 0.0045536699464628 0.0697589293213261 0.166106399420421 0.0779080589490066 0.199082638395926 0.129525620266926
0.0372685490932358 0.0954242088759437 0.120818655939391 0.165073555399803 0.0375655281014018 0.179073926382876 0.151714428680885 0.17970277584683 0.00729542557175336 0.0260629461078801
0.0426259921598185 0.146079933176694 0.121233323605273 0.124969337958871 0.0512355858295172 0.142906063839078 0.00672452638080325 0.121286515151368 0.13629547670897 0.106643245189607
0.130533298058777 0.198901626138265 0.111803762056973 0.0324163283092709 0.0341009645001602 0.167785339828023 0.0183727536646265 0.0119886066277127 0.157804797348214 0.136292523467978
0.16010589927389 0.0960405549049027 0.15449381289935 0.0991225790185455 0.168758320440446 0.0964293157922633 0.0644427558609785 0.025425165660914 0.0397078798821263 0.095473716266584
0.0903917642324762 0.0935155079496976 0.0662514551619265 0.0435295455404079 0.156179217933926 0.135784495448059 0.0154010281192808 0.0806518113583081 0.159068408413759 0.159226765842159
0.0624625684750649 0.0559891337556026 0.11756710517139 0.105995095954361 0.143994227274863 0.217419614508599 0.063796040710005 0.0804689309721993 0.0790566525570137 0.0732506306209019
0.163905283108621 0.0491294970240718 0.127546009510529 0.14293235393965 0.0395463130115015 0.0041929875833395 0.155149126682015 0.113637303804333 0.107673954694308 0.0962871706416312
0.10333036797052 0.0606058425787735 0.127926347432954 0.101706495818983 0.132306368726983 0.142139248519245 0.120322399211176 0.0591199994801292 0.11512050592463 0.0374224243366064
0.166929394735599 0.0765042328477555 0.00903705767690774 0.118613719700167 0.116955895231371 0.163090038795687 0.14634931945208 0.0918061767055699 0.0648908908204105 0.0458232740344509
0.0624959530212051 0.140278451683564 0.00431729823199772 0.0898133927707841 0.126767005337775 0.147493620558073 0.151995242873872 0.0419465905256797 0.101589496573997 0.133302948423053
0.0636679668154123 0.0571527750008874 0.166760408391714 0.162478710191513 0.107179448141885 0.135258490140693 0.0181535196626365 0.17453272906887 0.0162497782584985 0.0985661743278908
0.103828225021918 0.034227853735775 0.000631500210628046 0.0210670569836685 0.19712393479824 0.112218417589555 0.0988294463959422 0.176398888626519 0.134897920059308 0.120776756578447
0.184166059519384 0.231102975689631 0.00792803924007474 0.00828053495667637 0.229524702844865 0.0264223303583414 0.006555298224909 0.0282082054620517 0.183159503402041 0.0946523503020272
0.177552057846248 0.142998317953889 0.0773577978006032 0.0723922272332544 0.214694694303249 0.0381314323000415 0.135457808080607 0.00527945026462006 0.048618478475536 0.0875177357419512
0.21287162981754 0.0794393917279003 0.118695353866366 0.0115991546090076 0.0824902242298236 0.193454640000131 0.0814625249403886 0.053467084586318 0.0482130342703041 0.11830696195222
0.174122173964031 0.0230109372334174 0.038395878601437 0.124040633794002 0.155318941656873 0.0713119418742237 0.149527981707964 0.138855971926356 0.085037769747453 0.0403777694942429
0.132001102314089 0.144489847180103 0.127391486335776 0.069549406713894 0.109350462414817 0.0761593328432084 0.115995471602627 0.119153608312696 0.0701516404077839 0.0357576418750055
0.0443078473901078 0.0025400937661627 0.15259320467736 0.109395235622487 0.0755870619895293 0.155722766357609 0.0757885539313064 0.0913067251252469 0.151229498589626 0.141529012550565
0.0473607845493707 0.160744159359081 0.122770134005628 0.155341504246526 0.168069894866247 0.00686719291134765 0.137667754330639 0.0253326371481069 0.0554384581731071 0.120407480409946
0.115217665035371 0.191194937256042 0.123062783202637 0.0873981136677767 0.0971455206936885 0.0620411465366212 0.0632657588928063 0.149412905049845 0.0432206221903966 0.0680405474748155
0.0939404089174748 0.0390579355469233 0.190547561773102 0.0178489805210202 0.000842016941728983 0.0912768450471351 0.166459224186388 0.128250912261586 0.16291533035695 0.108860784447693
0.0639541843890876 0.0860125451422988 0.151612049693128 0.133897299823269 0.154015656568841 0.0995174280460725 0.0616054415680407 0.122980988821348 0.107878467623554 0.0185259383243608
0.145253469718251 0.0154021745316725 0.0641873816724818 0.103087821325916 0.0255399027180352 0.13364529687737 0.255745348660947 0.0726251327419419 0.0172088818197688 0.167304589933616
0.202411204023697 0.100566701335569 0.0875749038003213 0.0201118311763697 0.209807311150563 0.0160302307542316 0.0267585497514923 0.0521236324696581 0.217482283436833 0.0671333521012649
0.000678586524216658 0.041592331513521 0.103751700047092 0.0447387804368359 0.149130558807722 0.136664323490871 0.131961442260035 0.138596537033895 0.0907371470368802 0.16214859284893
0.156411623799268 0.0729472424538894 0.040970998739628 0.121776728045518 0.0799533862975183 0.110966368545892 0.0611872476590928 0.165333693453388 0.0706603788927721 0.119792332113034
0.188914132719791 0.0256977003433855 0.0800511585680168 0.187702513546341 0.0421932695698954 0.188262101835515 0.0186541833338546 0.0172150682194775 0.149881492083688 0.101428379780035
0.109914083945285 0.0921050995014016 0.136345760293112 0.170971057364641 0.0429169413820675 0.0358888883080252 0.169470404317816 0.117820537488887 0.11609846548412 0.00846876191464432
0.134031580316551 0.100328188957588 0.0797025778350099 0.112097187962803 0.111063129128438 0.0657477362205599 0.151166992997515 0.0387369579621554 0.120769504119292 0.0863561445000871
0.0802878235083858 0.197756098928718 0.0682708334898561 0.136040801215675 0.152102562252092 0.0514589588847101 0.0651663128131151 0.182472882279012 0.00726509980747148 0.0591786268209646
0.0138181159867006 0.0544001220419572 0.125042174455319 0.119532428007277 0.12242557068374 0.191343642491527 0.153394276767406 0.0554024239683714 0.122044496240824 0.0425967493568786
0.085258318315268 0.100830276664184 0.142564260528461 0.0843128108546125 0.130778333559745 0.1172646300588 0.137174378917966 0.0177469280981434 0.162883268273259 0.0211867947295605
0.0577965018480992 0.00463414916141352 0.0304654458562951 0.00319057795744274 0.140882554768676 0.19556141999943 0.0894325558638954 0.230445936042728 0.129236517585845 0.118354340916174
0.0621816956809029 0.179131752547141 0.147033970815371 0.010280795475266 0.0361853928051068 0.106601522095461 0.0625298032381846 0.188987825686516 0.0296922429768823 0.177374998679169
0.0279956951917311 0.16799475975853 0.0230353506103279 0.122662543739749 0.115966886937056 0.21656423725185 0.0544896472046885 0.0344196769988898 0.175127687687005 0.0617435146201722
0.122301763845397 0.123555222543573 0.0982452807462242 0.0957410214156599 0.151951864686241 0.0863774290706223 0.0522469522456016 0.135727660650803 0.101744771198955 0.0321080335969221
0.162805846809157 0.0679286886189183 0.0202649411984016 0.142486623298936 0.011998323196752 0.00174674832420687 0.0142459939966596 0.193623618304253 0.155059851788383 0.229839364464334
0.14735083766175 0.0261619311306661 0.0911619203412194 0.166183258864833 0.0172183469111124 0.185603265415594 0.0658506219206734 0.149890645172975 0.0707138943544542 0.0798652782267217
0.0979265414684227 0.154991279234657 0.117967403240559 0.0291616847476676 0.0780531882014711 0.0876891071161188 0.100797673945985 0.137906651382874 0.0422304099479913 0.153276060714254
0.118048320459121 0.0607424972792037 0.0982348262019906 0.141373211470916 0.153988859956758 0.107559926566765 0.0850354902435232 0.0673713627197745 0.154531263151049 0.0131142419508991
0.0655728204038328 0.108387382916329 0.0622242043104732 0.112587553948982 0.146820976673746 0.000124952740758396 0.206224208915403 0.16340880539274 0.043830102801627 0.0908189918961088
0.0245174204678603 0.083500074236379 0.0702385620762126 0.10426418328195 0.0869441571150824 0.121521730854161 0.151597688376908 0.0966280116990146 0.154645087645407 0.106143084247025
0.00717811069820433 0.0965312221045718 0.144802634343452 0.138537478505354 0.044823891741575 0.0328459040033349 0.227407968016356 0.1116650526131 0.183885790749152 0.0123219472249002
0.170851534251893 0.0670011306139149 0.0696581747279444 0.103029871348519 0.0181434398443887 0.0325382055416338 0.104400547350282 0.104851765715306 0.181150060401129 0.148375270204988
0.190762394752253 0.0572734098387223 0.0397901551875552 0.0868319016987933 0.0103970828387973 0.0951778750199531 0.153944672949445 0.175021528122754 0.112922884031915 0.0778780955598118
0.0673944611775719 0.163774163790861 0.0205463984076956 0.151256583906496 0.139133680809079 0.108449804125378 0.000639718488902444 0.169497309323345 0.152447590184148 0.0268602897865226
0.172939456714886 0.0622893996416105 0.0514131348558367 0.170081326823324 0.125842019798273 0.105904185201552 0.0487836976507347 0.170509547299328 0.0703692427523266 0.0218679892621275
0.0759245935179969 0.0803959714678488 0.0286810639989103 0.00162989563176894 0.150135368146339 0.161709368175486 0.165859721066695 0.122402244901964 0.134452445844356 0.078809327248635
0.205826043267741 0.0089909597566082 0.199344980014311 0.0675384433264328 0.0979737927542253 0.0755868684142537 0.16254487412965 0.0758927769252896 0.0748780108127181 0.0314232505987708
0.127995097693867 0.195021411884146 0.0174687156552129 0.148403973583661 0.184811037096782 0.00764731652911615 0.0455197752032218 0.119023277203074 0.115133980120017 0.0389754150309021
0.03625405689306 0.226038974879517 0.0775628832562167 0.108294164852835 0.0433955997292466 0.0682822662341206 0.201098193169668 0.0322217987202722 0.0568986465080481 0.149953415757016
0.106397513902388 0.116010059948528 0.0756308909649023 0.131919488763192 0.0681130821888359 0.0861601575924312 0.149845341131285 0.0510139679842109 0.0978622457442212 0.117047251780006
0.150059584998136 0.0640486649127164 0.0400550101510229 0.0915588474863892 0.163214200971966 0.15011216020356 0.143215538334042 0.140939544250041 0.000241157453526568 0.0565552912386001
0.170647264760909 0.148502740228706 0.0737251075898803 0.199960998683773 0.11262008893631 0.0336934072602554 0.0280717773536414 0.166147407313329 0.0464733414178372 0.02015786645536
0.0632136270066492 0.170060260206264 0.089562127760825 0.0682059071313027 0.0966627969209422 0.177237211294604 0.0324746323427628 0.140924941067227 0.135287297500019 0.0263711987694048
0.0673817084696398 0.095532480980246 0.0134519734440914 0.0983856006952741 0.120026851813899 0.139190428556779 0.0148376971431875 0.0801407212074979 0.177499233246398 0.193553304442987
0.0763009987639769 0.0719196396519368 0.0733038862265669 0.119881157054682 0.132614695299076 0.0693914186163016 0.150220915400766 0.0728540495765726 0.0838414786891372 0.149671760720984
0.0482482907059795 0.031706699311192 0.121306503154496 0.104073747775806 0.0833187319730603 0.141681725706445 0.0606182028108544 0.0859137770613855 0.125111027822611 0.198021293678171
0.154319569421933 0.023279136051247 0.115666156773708 0.0492423793856064 0.0632740436476632 0.141331598174307 0.075005737783266 0.157126014385627 0.0806455026865098 0.140109861690132
0.0769732503528738 0.156527476903304 0.0257560319640456 0.0373871245249003 0.150421397872779 0.0289377578451894 0.133705218879033 0.0416796989697314 0.260295336768777 0.0883167059193658
0.0559511184832379 0.180963969550232 0.052665822816587 0.0691143828383699 0.167017032929199 0.0918277308474819 0.0469754409442295 0.0404819106797019 0.16687715079647 0.128125440114492
0.00867125781250341 0.0586282149052235 0.091147463282795 0.147505750250843 0.000905798271053885 0.167440797221185 0.117980789589859 0.0893948356292528 0.160834219876914 0.157490873160371
0.00670756601893183 0.0122135089536746 0.232679174099793 0.107197102802338 0.0519725718830015 0.0185856350654154 0.19216250440175 0.000193573487802604 0.160360605108766 0.217927758178527
0.125292751384436 0.146613070025278 0.0934074026780839 0.136098393179031 0.0948205861924427 0.0385932445047454 0.0844085836911037 0.127572345670462 0.119503669788815 0.0336899528856032
0.134319767465082 0.121068106655859 0.141091222459989 0.100127183224368 0.116269467584877 0.0697996385267111 0.0216971436356737 0.139212011860021 0.0267978054758033 0.129617653111617
0.0198843600460019 0.0555113311052129 0.0950044470611218 0.131101655754652 0.167916798330333 0.0196225704755039 0.150236058017652 0.0461511010574254 0.170137726631143 0.144433951520955
0.120218260244514 0.152186484422108 0.162592617009888 0.0856739060976654 0.023809209662754 0.167357466870852 0.0179298034227994 0.0530722517213353 0.180879880354609 0.036280120193476
0.148306642665307 0.238877616780844 0.0625041127464436 0.0761760448913276 0.0271195261733088 0.0924732028470075 0.00951394565209391 0.0587302924466028 0.141936582627652 0.144362033169414
0.216000308801984 0.0166371230243439 0.208054933339947 0.0306024103591484 0.0450361864088681 0.100182600796694 0.0941150424001879 0.0689115103462334 0.112855321682844 0.107604562839749
0.00186470460940003 0.0695603483868162 0.146147482543931 0.165404877714868 0.0736478303321068 0.139669786182727 0.0705033843661568 0.0025244806075968 0.167019371874605 0.163657733381792
0.0525566042114503 0.11920806291882 0.105762252575361 0.0808054332808349 0.0343353329178259 0.136016792270811 0.121918651743295 0.118832007092884 0.128553909577222 0.102010953411496
0.127871841472967 0.0597474031419405 0.156697109202695 0.0722777066375713 0.0291441174369611 0.0393971339524468 0.181842631271486 0.10766818819364 0.019405139321169 0.205948729369123
0.07155286594971 0.174019287058891 0.0273185751250716 0.202817343335783 0.182677168945188 0.0609892069368621 0.0227361361311242 0.0531330001691793 0.111109093736219 0.0936473226119717
0.0716787177138703 0.273974445692895 0.141168474346376 0.0835448174368271 0.0834433765947184 0.0428708235716971 0.0537115533645643 0.162947873641869 0.0606086355992214 0.0260512820379614
0.109595073068748 0.0450509924938302 0.0761383349736987 0.161852451476936 0.107009488847848 0.106995792275886 0.0167693837018314 0.200808323168164 0.0703185993169477 0.105461560676111
0.198541087912891 0.0517118263484142 0.054561894475995 0.10949967903865 0.0370425689802467 0.0359523396586418 0.0446188871171547 0.122959682530204 0.188249817428698 0.156862216509104
0.132802310530832 0.114668244631256 0.0421800554626126 0.00378620681807888 0.0940884103629159 0.14270295314516 0.0462058794280426 0.211337612644853 0.146536780674254 0.0656915463019944
0.15373327095446 0.104533334663244 0.15742287773809 0.0217522004181816 0.00803661252191948 0.119365081726516 0.155024684121552 0.129020799075419 0.134786189970635 0.0163249488099834
0.0669022870406268 0.00853662544490293 0.12239011195221 0.152354818096953 0.08540273602276 0.0678604598513389 0.0844902625868854 0.107055244454802 0.198508574006733 0.106498880542788
0.156457618392034 0.0781803812144233 0.123719191006346 0.00919025297586737 0.0865110557099113 0.120859965232449 0.138542617177586 0.0972051028862084 0.0861160017993517 0.103217813605822
0.206470563115112 0.160599371244734 0.00640813518432276 0.19453624404803 0.0671751162865816 0.000485467064035268 0.0438737303571137 0.197451344461219 0.00558995438064869 0.117410073858202
0.0927216981234899 0.0716158307327866 0.0185880688991745 0.100001542971031 0.100248464871927 0.159681747828199 0.163222145294497 0.117378667037566 0.136041196483895 0.0405006377574353
0.00376156671474181 0.132105267173382 0.10216821786575 0.118717781840683 0.162213775742242 0.108995041641314 0.0272308148721707 0.0664792214568937 0.157663916429463 0.12066439626336
0.0742954195161899 0.0586417358506286 0.0616683074603466 0.118173367676707 0.00381628698501039 0.168494812055421 0.0973446460887683 0.0963640480994423 0.155643272733998 0.165558103533488
0.087809875715412 0.0936142899488436 0.0356099781233244 0.0514461184969216 0.0993972817979149 0.0042005421173756 0.199014622222148 0.252576436548545 0.093741799331069 0.0825890556984458
0.0918944704020717 0.232399101353751 0.0589976958568793 0.000521569457215848 0.10469080992364 0.221846775716946 0.0752968007686718 0.027105641662161 0.134333936606813 0.0529131982518499
0.16662128838277 0.0592742900468346 0.0738309988257804 0.0281767680867274 0.132193573843641 0.166502340015565 0.109522032504952 0.0291920676582658 0.11290968447978 0.121776956155684
0.0429604711594403 0.0575779013789952 0.133484793566073 0.141080631053136 0.00856950669712478 0.135807067972823 0.167047633338174 0.0676760668770869 0.152944755303993 0.092851172653154
0.0373485936784793 0.0912484899225108 0.165107311021604 0.0462677068658838 0.136816679851806 0.109792276812034 0.104853346528878 0.105336680942879 0.152317451201738 0.0509114631741863
0.190099764733479 0.149720226590848 0.176448545467013 0.00559846125470799 0.123911354576518 0.00980700462054495 0.109048543483982 0.183005950721901 0.046175308684379 0.00618483986662618
0.0895064338498308 0.168683650126404 0.152202330859999 0.0352307056834471 0.0613717546464826 0.156627597901389 0.0874345354215784 0.0144545473531791 0.13782758946604 0.0966608546916495
0.147677340228409 0.072339944066451 0.0456142646623263 0.207017864587718 0.0512544920300892 0.180809067478374 0.108607749764971 0.00218225075415636 0.0371757433124887 0.147321283115017
0.152838169543431 0.016390260931464 0.114942971242789 0.0808276075222497 0.0502265094948943 0.148221832791074 0.126591721880304 0.101678884742718 0.0834599533540651 0.124822088497012
0.0858507730893476 0.00348713680644121 0.0332188631556141 0.125296773508613 0.161160449958004 0.113241438227109 0.156194569749715 0.164868148560125 0.117777405170621 0.0389044417744089
0.113998565689484 0.105761976367325 0.0502258439869308 0.155021342893343 0.0804219679741485 0.07053690190759 0.133019913069105 0.122134210829528 0.0381729165515298 0.130706360731015
