0.196664747496524 0.245148209204089 0.095334221126926 0.204478949698588 0.206959036780826 0.0514148356930464
0.192334767325187 0.216868207242367 0.177908089747016 0.0823400964803207 0.10539153851504 0.225157300690069
0.0358542242810357 0.0668382166118866 0.416275868999975 0.207106494939794 0.138701294613689 0.13522390055362
0.244740392323002 0.016819544409225 0.244079446743484 0.249141026039509 0.0199825929180783 0.225236997566702
0.112150469586164 0.171844561851684 0.226105714553744 0.0683252405255989 0.255386681483485 0.166187331999323
0.0617417240601164 0.250812166586157 0.1516538959354 0.285544212102652 0.098131018908273 0.152116982407402
0.0234418231733891 0.232997801987072 0.144654692933096 0.263178165247485 0.290669378582697 0.0450581380762607
0.302414987896212 0.0019773853000077 0.0932140564632501 0.174910501627528 0.152490111568668 0.274992957144333
0.0457387362875986 0.158376858384364 0.253428522323757 0.089362729316332 0.271572713745676 0.181520439942272
0.070413892332139 0.0300247287396774 0.277184008845548 0.145255790928812 0.212637731331833 0.264483847821991
0.232016211195252 0.0163945995896603 0.302889017217715 0.136205152390844 0.206058076227805 0.106436943378722
0.0152806125573875 0.00411703686816355 0.232971151396505 0.252170652603765 0.219932424037144 0.275528122537034
0.149754513489579 0.115706492963893 0.310541942301746 0.187298259409152 0.0644952836794768 0.172203508156153
0.167960664841989 0.219417381496599 0.0563936008061398 0.243137360292145 0.161547755543714 0.151543237019413
0.189041881877689 0.16307954996924 0.268781046001343 0.0665772713396508 0.044020228956945 0.268500021855132
0.0476868284488739 0.129094726106807 0.143725343817105 0.355968313332394 0.0557574753643385 0.26776731293048
0.127538994165407 0.0694404820137838 0.0587193540033158 0.219014499967541 0.323352570161513 0.201934099688439
0.225714506616159 0.14967124960294 0.0936132508742642 0.239593420315292 0.102051846104407 0.189355726486938
0.227865982877121 0.178490558899211 0.00733753884641825 0.239665723006941 0.117447093373718 0.229193102996591
0.209751526648576 0.02268262948234 0.108150257397625 0.170166822059419 0.0424377764776608 0.446810987934379
0.128419008927869 0.281171623055541 0.0220245109033747 0.221692652751201 0.15794837717427 0.188743827187745
0.286118244744331 0.0504241758041096 0.229361961652906 0.175944003045446 0.238630437183911 0.019521177569296
0.300694319222626 0.0891350263541891 0.0374174250474471 0.287133365844574 0.173314356983879 0.112305506547284
0.0578430475945015 0.228125679848813 0.224485404203747 0.151030030925482 0.0522013781958599 0.286314459231596
0.158851122209782 0.214592935367362 0.22205769363609 0.198899357459929 0.0671890265661389 0.138409864760698
0.0160072556103205 0.148173650569641 0.185073864807382 0.285477703433987 0.15334088890599 0.211926636672679
0.276035059656643 0.095270079028096 0.355730336129143 0.142472944844659 0.0206351384503064 0.109856441891152
0.13617883762448 0.194060110850013 0.063660218801875 0.175818785325908 0.259581785735593 0.170700261662131
0.31419225354251 0.261354696417695 0.174160941332406 0.0976432011397079 0.0195867559338822 0.133062151633799
0.183595581541278 0.226175150171762 0.286045421593373 0.059507043387363 0.0633222711931662 0.181354532113058
0.253069280671206 0.223614291439473 0.102046519865796 0.248398587444146 0.0272917065453302 0.145579614034049
0.17945656486244 0.198512899479198 0.272059272737424 0.265764895258246 0.0283373456500851 0.0558690220126075
0.0744531155345131 0.198318588630816 0.182859496776319 0.228194370290011 0.0324027599587725 0.283771668809569
0.16382942456589 0.275292317249111 0.113330988026388 0.0484274957843175 0.106349992019652 0.292769782354641
0.128053270934667 0.288965514995657 0.227278783047991 0.0674090627827344 0.0814012229588304 0.206892145280119
0.340916945871405 0.070937925122156 0.145875219231151 0.143205777740616 0.246533819002058 0.0525303130326138
0.23485416688142 0.22026759187044 0.0489886009379248 0.0982326437456306 0.254530143615258 0.143126852949327
0.075625615692132 0.272675743662601 0.116635521063695 0.219716439232569 0.241892535424277 0.0734541449247249
0.099986634437464 0.0865095219362627 0.0883055577610361 0.243091094595187 0.230951142533663 0.251156048736387
0.0577390070464713 0.201679601123861 0.353384934441773 0.288955122705943 0.0256828366376737 0.0725584980442777
0.222169997871358 0.00452029667687195 0.226826257303157 0.188145403264208 0.111720221375804 0.246617823508601
0.0422027246277914 0.198014517030522 0.0465697130138986 0.214918172241221 0.255429072860514 0.242865800226052
0.180317595953435 0.207550894530568 0.11441078881444 0.21203617054591 0.0761394318542302 0.209545118301416
0.197687037251971 0.213720953951189 0.242053910605496 0.115059282566116 0.16815225859651 0.0633265570287184
0.309666130410464 0.0113716533046488 0.109747345641171 0.374097108969199 0.136625602272376 0.0584921594021415
0.201101162344476 0.210503925766706 0.127186532500398 0.0659210327862245 0.170755290942095 0.2245320556601
0.210620816627075 0.106016739775024 0.184170434857723 0.0576347179115961 0.229751909813295 0.211805381015287
0.196021663174191 0.207236508100507 0.095712937887269 0.237128834006407 0.0786452984888002 0.185254758342826
0.170234762310103 0.124599774076136 0.247319179087254 0.0906970837345439 0.0640564059203912 0.303092794871572
0.354063027938836 0.293607520399622 0.00413248940363816 0.0502974124973625 0.0725835869960218 0.22531596276452
0.495268794321592 0.249386252995836 0.0499648683138897 0.0590195519452677 0.0918930467701327 0.0544674856532815
0.100391631791432 0.164439603463539 0.00239155966763088 0.169336087131318 0.360684342969344 0.202756774976737
0.157218213786539 0.230567196402639 0.211007969163001 0.0108949034937422 0.214901302561897 0.175410414592181
0.270400822291273 0.280780630645922 0.00693920180822141 0.065093305507342 0.0597734649636484 0.317012574783594
0.00695013046597402 0.232618275522267 0.219358557556254 0.270454775440882 0.210837176516674 0.0597810844979492
0.220656301795265 0.0689108134103869 0.11925853930746 0.301439874636138 0.143039750878294 0.146694719972456
0.26527418926244 0.274614668582777 0.103062893854884 0.0507498475846686 0.185723868825538 0.120574531889692
0.323727147577287 0.0166790877669624 0.240673499202122 0.00416660391975609 0.238829723457341 0.175923938076531
0.0735606296141535 0.299776564261855 0.297635687064661 0.0845388353937647 0.214737921612802 0.0297503620527627
0.197877468813785 0.0424544976032145 0.103251493253984 0.268931876378853 0.0438565894635163 0.343628074486647
0.211701828175611 0.0331803845963205 0.260883856538125 0.195459334830607 0.17232483138007 0.126449764479266
0.172400129217544 0.0759428776513424 0.0711690533167183 0.316809556029636 0.246851445087204 0.116826938697555
0.143482672755187 0.130165156876984 0.143004247967753 0.0825688215740882 0.341014978311349 0.159764122514638
0.303808319457333 0.102021979691729 0.0226461088657204 0.00196413157852712 0.261186313040132 0.308373147366558
0.149342851551035 0.275825890133519 0.199260584547004 0.118868585599593 0.223407661613874 0.0332944265549746
0.237244804881767 0.165913203538625 0.190936247090996 0.176716100038459 0.0374779592732527 0.1917116851769
0.0344231955345911 0.00591191395528369 0.0207522104856362 0.369209202212927 0.301596903765205 0.268106574046357
0.0661291699622609 0.209669131073298 0.243394375739938 0.101566651565974 0.177250638646466 0.201990033012064
0.204318177918368 0.199973854432194 0.0362460611573161 0.315773765702318 0.17343459736597 0.0702535434238344
0.359051836511529 0.0798888044525054 0.127344884527479 0.0168358220037704 0.0422231297462605 0.374655522758456
0.0514903898820299 0.173682094260104 0.171000958509393 0.0567778891297821 0.281790595862912 0.265258072355779
0.0120057012658202 0.122405851970663 0.365608949549051 0.0528342503873672 0.115103634190216 0.332041612636882
0.406657765762439 0.157223323381058 0.0828823151645375 0.0932991652161035 0.0252639522359233 0.234673478239939
0.0420208127956779 0.0695606645687857 0.30261293649821 0.198420599132522 0.194175297158637 0.193209689846168
0.061120013745304 0.11150108578455 0.291937837476172 0.0410191802505527 0.122485244008383 0.371936638735038
0.299540479431923 0.152716267947722 0.377386604309972 0.143822881052333 0.0261515854550335 0.000382181803015907
0.184124295295171 0.278217123561111 0.179889252907687 0.198103518735025 0.159310181133289 0.000355628367717144
0.258430387814123 0.0885127624000929 0.316973756898725 0.118996607085003 0.00586662170049178 0.211219864101564
0.336096987576698 0.0661385685241924 0.134871799587357 0.284281567393569 0.00299417118413912 0.175616905734044
0.24959515087452 0.219132166053953 0.13909749896748 0.309476444000397 0.0597530442568411 0.0229456958468088
0.0783789245088448 0.182395828582766 0.318719498254935 0.0915398290254897 0.309861623828361 0.0191042957996029
0.129101055083141 0.210054546144414 0.254649583288628 0.230242453588607 0.146700069030261 0.0292522928649492
0.349118666625889 0.0860892882932746 0.107948380093558 0.171418597796887 0.0696916990846058 0.215733368105786
0.0661363086874278 0.21117215146137 0.260368109912093 0.0738300195938648 0.0900066092244734 0.298486801120771
0.265224211233607 0.0354892485704126 0.278526752383844 0.115254612617482 0.0132856456172019 0.292219529577452
0.152620587883018 0.176583850719819 0.172443613002567 0.140800637161281 0.164517047147565 0.193034264085749
0.0849144584771303 0.00904456784524123 0.103796872209798 0.484827169395084 0.198249458408584 0.119167473664164
0.118681955433113 0.0121682671112026 0.233297823609158 0.260951287560101 0.0848008906512299 0.290099775635195
0.18384025019961 0.1774848745482 0.0843555920852462 0.0559825769363272 0.299583840139324 0.198752866091292
0.33049914293219 0.0186256233122716 0.0868556118352114 0.102112458798725 0.206575468055962 0.25533169506564
0.106058452253826 0.0931574824668337 0.25776050829771 0.0659875056718582 0.234683476374544 0.242352574935227
0.14985486555221 0.024888282165373 0.157845845063627 0.0542222327963852 0.319401004802573 0.293787769619831
0.181241551851906 0.0344027464561518 0.110518753927632 0.11539768825031 0.276831418860659 0.281607840653341
0.00486681717490379 0.182868243961461 0.146528960987199 0.213421839855907 0.258514514916749 0.193799623103781
0.197165111661379 0.123379084141622 0.139998665270418 0.233047379877485 0.0605987922621619 0.245810966786935
0.170526253281439 0.266543915052822 0.0539805241104239 0.202108746593735 0.159545110310222 0.147295450651357
0.0607678392334102 0.258635313915562 0.0775561801354999 0.0792024329670271 0.17805519588071 0.34578303786779
0.198581787118131 0.164731651782981 0.237705017134074 0.0464460878189954 0.232148315261727 0.120387140884091
0.181499034119051 0.0939012369185823 0.324738436417614 0.158364832281965 0.0161612528974228 0.225335207365364
0.179274393683353 0.245463212738815 0.0214280787933156 0.235825719683387 0.134476312228404 0.183532282872725
0.114525715421232 0.216372709133657 0.061563623715938 0.272616894772103 0.206393611573843 0.128527445383227
0.197879378157218 0.149455089047925 0.175559010080243 0.259460042786054 0.162378726943156 0.0552677529854039
0.284357064185238 0.0724989574632733 0.0909072501314328 0.0526970084846678 0.193639980039288 0.305899739696101
0.0453183735999269 0.0483545597885481 0.304996406539552 0.232955740350524 0.293165221165808 0.0752096985556404
0.0644706041817607 0.125923069812567 0.0364789797572731 0.23951949546502 0.449183522539146 0.0844243282442339
0.0823837655957637 0.241228455475311 0.0879208052623591 0.215910722683867 0.205369063917234 0.167187187065466
0.106173081138909 0.203251259224179 0.227433412831511 0.112912363687543 0.259257464228875 0.090972418888983
0.0229494815858887 0.182167552812003 0.277313206168327 0.27257159237485 0.17774972884293 0.0672484382160016
0.220815104463207 0.169517982388905 0.102542214056591 0.283229785319694 0.0490855532110927 0.17480936056051
0.229792513526385 0.192829421394317 0.0866460628993505 0.186517498086252 0.121350434640095 0.182864069453602
0.231518070519818 0.244349059104526 0.206114704980918 0.0666458810598856 0.0343017375795916 0.217070546755261
0.339323123935099 0.0160768476260659 0.175709437373813 0.0432953770585655 0.313047354936862 0.112547859069595
0.0657802708856575 0.227711108785957 0.160859450195151 0.338014534386975 0.184360562926202 0.023274072820057
0.122359670210956 0.0999006210747149 0.0406458598389356 0.250090767520653 0.250439461512005 0.236563619842736
0.191426122880522 0.107619821292176 0.212981539281303 0.152425818040105 0.186442679092294 0.1491040194136
0.103174039757014 0.040147664117775 0.344027691791309 0.0597436630125756 0.191573785022396 0.261333156298931
0.297405940017386 0.0792081016852886 0.0738029200352253 0.0606757634916356 0.388613747464416 0.100293527306049
0.311386247148846 0.0323892936784454 0.00153808794715261 0.358827489969243 0.238179367533471 0.0576795137228427
0.253139411994767 0.153499683696004 0.277503527018373 0.100715840430531 0.126345993140805 0.0887955437195203
0.168098953259348 0.147447203548203 0.205974913947782 0.144749910322434 0.225959151382358 0.107769867539875
0.127795068691026 0.154612295579228 0.125153507219261 0.37390529425303 0.0935229238748947 0.12501091038256
0.149004773044214 0.133415192945205 0.114745846676014 0.210660923905771 0.19997817624084 0.192195087187955
0.0852119917184372 0.170023342442165 0.213663427147076 0.312062496543099 0.212230551362279 0.00680819078694352
0.0215934193789694 0.0803980572942343 0.248793626432795 0.266388344092834 0.237278009045594 0.145548543755573
0.210769525123223 0.156313055349278 0.162035267016813 0.13702012193582 0.130804064411134 0.203057966163732
0.184732553221361 0.21087129825832 0.0624990928151686 0.169052578600406 0.22057645574637 0.152268021358375
0.296555263063697 0.2101533596279 0.0871270678566264 0.175677793756573 0.0286562364128563 0.201830279282347
0.00902990389221215 0.51320355535535 0.128660379800543 0.056879666564781 0.0921789748517477 0.200047519535367
0.0908687769860314 0.094981016144767 0.295215970501362 0.0610164721777878 0.180516918872077 0.277400845317975
0.0486884772917391 0.0939752618237703 0.258399430682469 0.21262958451331 0.220269874314493 0.166037371374219
0.372787777287498 0.00482808594001145 0.185167014817115 0.0560455265985019 0.318470721806283 0.0627008735505898
0.248045878411271 0.125097575486179 0.163962583954704 0.265819587253311 0.138413015037829 0.0586613598567076
0.163896304552448 0.155945493805629 0.181650624500049 0.0962372747421989 0.201803980142765 0.20046632225691
0.0454752094515209 0.205701349246548 0.295594635846532 0.00164914715299658 0.119961697983144 0.331617960319258
0.130527591689744 0.115592597751735 0.138493140118667 0.317165268774675 0.25632074080495 0.0419006608602281
0.253132251430736 0.37767796762212 0.01676282155538 0.0149023885532603 0.0171263140059448 0.320398256832559
0.168261219755737 0.0332585068942234 0.262016022712935 0.123726059774882 0.247111325752838 0.165626865109385
0.232813822280306 0.109911209234059 0.150698179545301 0.0657840029878448 0.232811208581554 0.207981577370934
0.251974688408872 0.197675939081571 0.166682847273499 0.210437919529894 0.00411161962389428 0.169116986082269
0.0781915476594443 0.157081730025889 0.342226498371261 0.217715080252894 0.117090251318612 0.0876948923719
0.0106595214569166 0.294854153135743 0.0393864045859009 0.201170083933944 0.135358951310511 0.318570885576984
0.273181410645183 0.204968564329606 0.105903512698967 0.184786064995651 0.138332740293944 0.0928277070366487
0.363576625018947 0.111392100002998 0.0282171130406342 0.221279306213803 0.0593483980874532 0.216186457636164
0.218629736324006 0.179531343674717 0.177072828471373 0.124940749179809 0.175187645965668 0.124637696384428
0.18923610459684 0.116573625655987 0.13431887425004 0.218295915898558 0.0101984330745529 0.331377046524022
0.0982522094330734 0.289219888672742 0.0110038997597986 0.234745051042061 0.156047015682225 0.2107319354101
0.259014572493965 0.218213147480547 0.175182785675623 0.0896798097369115 0.17413742779855 0.083772256814404
0.246246215830641 0.148662115141185 0.0907547669485582 0.118766138957286 0.0399165486659004 0.355654214456429
0.0850953756233013 0.296215417125594 0.083567002757614 0.0957342613773802 0.118713136924429 0.320674806191682
0.132273470907213 0.00212377187103492 0.131412108190691 0.350850922715688 0.21570588699185 0.167633839323523
0.0289649548376411 0.143221368379319 0.164360541349754 0.178352939538567 0.236707967236198 0.248392228658521
0.0806281081957331 0.0592519728866244 0.260972354032756 0.119556487838854 0.344728566867744 0.134862510178288
0.236908244352302 0.0826403231301603 0.261638805244057 0.00966007713721291 0.133761044976148 0.27539150516012
0.124527557556148 0.215654352535065 0.133351128146129 0.108284738842168 0.210786841093262 0.207395381827227
0.269672325925084 0.0628393522912837 0.211032688523844 0.221773427946357 0.0721105566577776 0.162571648655654
0.118643992813041 0.304486137939008 0.0861829526397881 0.146686572698364 0.27772711218017 0.0662732317296281
0.00307177763294346 0.158851303573669 0.113715363973045 0.279407811417121 0.110609594941797 0.334344148461425
0.19290001841578 0.185458190970298 0.219310552689764 0.219121285875145 0.12462960743049 0.0585803446185229
0.194764652704962 0.0657265221132134 0.286844604845592 0.169875567192483 0.179512023576678 0.103276629567072
0.106125939805647 0.261267586843815 0.329025709496273 0.0983073477880183 0.107455723104521 0.0978176929617262
0.369936797782048 0.174542744742932 0.099008639888141 0.150249236049581 0.072922649655255 0.133339931882044
0.217423346399108 0.224084012045409 0.125511909769609 0.109579806188188 0.10704449371155 0.216356431886136
0.164514153189104 0.0854787224186156 0.194687924255844 0.32390121774412 0.112933155784198 0.118484826608119
0.22031310306809 0.260185543109854 0.12587207181031 0.0948579374036916 0.123920524296429 0.174850820311626
0.265451569387941 0.299879680072372 0.21508187559144 0.0186069244008301 0.162749925184873 0.0382300253625435
0.123638626026606 0.134267940735534 0.277691154532637 0.187105840061928 0.223189535126766 0.0541069035165298
0.245409151158409 0.01397040464727 0.131658817927103 0.226552423757137 0.113118224284513 0.269290978225567
0.31073193182897 0.0601636519428442 0.236712915479693 0.26426721650859 0.0400092906186045 0.0881149936212976
0.0872233738876664 0.0027083250336373 0.115266661803142 0.328125555407038 0.26992675763936 0.196749326229156
0.330711103812761 0.399398082163446 0.00718434039422133 0.0939086892517372 0.07030949750211 0.0984882868757241
0.0539976807374861 0.111047108096897 0.245282770606769 0.165957206241596 0.228958050228523 0.194757184088729
0.119401222664994 0.33443391323622 0.326189422625079 0.0916146017568559 0.0453131314024908 0.0830477083143599
0.0988447825338551 0.0905941608222269 0.211752891919508 0.289661555177632 0.157026021043405 0.152120588503372
0.154461335929903 0.0720377400885422 0.257010280498529 0.188917291912302 0.0679569665382394 0.259616385032484
0.244779337283513 0.16705206238564 0.145619328494409 0.208489045824532 0.126104898649298 0.107955327362609
0.177558470687979 0.10017081154872 0.291695359622662 0.14852857692037 0.12687656828956 0.15517021293071
0.126157599098069 0.0177970029695198 0.289205758039192 0.122407761378518 0.301996131652766 0.142435746861935
0.18086617828639 0.204580114782484 0.186160235152151 0.0588662211863425 0.0641239921905086 0.305403258402123
0.246479595770931 0.0380400128676877 0.16744047443592 0.213823887886526 0.157654095094086 0.176561933944849
0.0102777415535579 0.209338023128621 0.174436165729655 0.133380594563168 0.188560225715396 0.284007249309602
0.0650441628270454 0.0204891523091735 0.445553145981951 0.26470420591772 0.0175106139866493 0.186698718977461
0.0470115453805987 0.24765818909979 0.427169771131951 0.0427608365787475 0.202798661937628 0.0326009958712846
0.187907804464487 0.15449613470224 0.126528328925125 0.157796147515468 0.183787109250525 0.189484475142156
0.192290321146649 0.2119144791842 0.13675386470534 0.21230972487829 0.0343345160525225 0.212397094032999
0.258642690778865 0.250575152820428 0.262381172787019 0.125066352887605 0.0115455662159832 0.0917890645101004
0.113032312222443 0.182225361626418 0.177513233429247 0.0743911654716828 0.184728017974423 0.268109909275787
0.423698259890035 0.318196033354979 0.090149485235688 0.15459668592416 0.00745618161096739 0.00590335398417078
0.156145794572928 0.2598499853389 0.0337598022935603 0.143824709728447 0.264418966081146 0.142000741985018
0.0646216067080517 0.0549109737228755 0.212753111357369 0.235063904198579 0.141096930326746 0.291553473686379
0.21268880659293 0.304097081114098 0.105846238742325 0.16892038141931 0.0292957968944142 0.179151695236922
0.231394136701348 0.198033601835967 0.160134419102982 0.143024418549783 0.0651649306145899 0.202248493195331
0.0257561392551324 0.0535402044946971 0.18028552008642 0.330572451948477 0.123432735466668 0.286412948748605
0.11382554034891 0.136953564632249 0.302750004642002 0.205650964966976 0.163977049701095 0.0768428757087672
0.133120551916859 0.0730169280758018 0.185157485385436 0.0849602390028574 0.230043167180311 0.293701628438735
0.113150975255647 0.219637981180514 0.219950228479053 0.169895902369756 0.0191967687740234 0.258168143941007
0.349524835299073 0.0127753139657002 0.170090297737265 0.0367401798566067 0.327475737313535 0.10339363582782
0.0897729857841416 0.203864093593025 0.219628146364441 0.202795807714435 0.0941143805482789 0.189824585995678
0.0914240023665398 0.0699115477556707 0.222438888528563 0.168817342984385 0.233935702851837 0.213472515513004
0.332581247440712 0.296046252429819 0.00730216790726609 0.119790361906696 0.12960203783227 0.114677932483237
0.315133790425485 0.108617975801638 0.345764214178146 0.123839206832068 0.0754899995950187 0.0311548131676449
0.0505454279785713 0.255383206656827 0.157924647400558 0.028182391036738 0.152476429011282 0.355487897916023
0.165004822608463 0.0617002083940503 0.127468271038813 0.235806239754988 0.184967105547649 0.225053352656037
0.0490257414957523 0.237379004686509 0.228184326708066 0.271284342149781 0.114219797236037 0.0999067877238538
0.213425104414452 0.163048870581558 0.178221458371017 0.102544887196273 0.125911256138143 0.216848423298556
0.30350305865278 0.273851309168711 0.136492661360093 0.154266720199442 0.0031734080637396 0.128712842555234
0.229117777532244 0.222617920900132 0.19338573313408 0.230490118193885 0.110565980900614 0.0138224693390451
0.164804258130901 0.124907173515545 0.158178594078033 0.208604831776088 0.200985382304116 0.142519760195316
0.176198539959566 0.12825605298036 0.18058264365961 0.249539656936679 0.260634684130152 0.0047884223336336
0.193049382760947 0.331822025574913 0.107032861095246 0.0470142396199418 0.0353461045662061 0.285735386382745
0.0213600357565649 0.0142763913893076 0.0953622439743789 0.411017049704576 0.392112618014681 0.0658716611604915
0.125140301898916 0.217862838593521 0.231560934030904 0.021919218535203 0.125379004354351 0.278137702587105
0.404796932257914 0.0773099957593525 0.0762052638002532 0.0316483840705139 0.404843808296589 0.00519561581537716
0.0319166416668718 0.0363203059247775 0.317691050338711 0.0563900442044862 0.239039020846406 0.318642937018747
0.04269284464055 0.321831519957977 0.238857306065795 0.0196945758382041 0.0779788977749866 0.298944855722487
0.0928739314148569 0.237018953774192 0.167332110265341 0.180265533063505 0.14384690624621 0.178662565235895
0.117876187810829 0.264697754206894 0.205724139489348 0.0333803918994632 0.233526258850398 0.144795267743069
0.133476467684611 0.147453304083016 0.0586255040194213 0.062179122063478 0.357325949290726 0.240939652858748
0.0482564259840037 0.243167265361567 0.178827208658366 0.172684472419591 0.193081758971865 0.163982868604608
0.0249093558391648 0.190747762449346 0.00785241763840434 0.201395947387406 0.287454362188984 0.287640154496695
0.183320143316091 0.00934131138322535 0.0927364890861313 0.386024743953198 0.246246981042947 0.0823303312184068
0.18173747019538 0.271431025217471 0.0859862367000859 0.232388657489883 0.18713964710818 0.0413169632890007
0.132597681872701 0.0122891177194532 0.282848258888053 0.139007110243727 0.336779056258952 0.0964787750171139
0.347198244793457 0.218965209936338 0.292584916836621 0.0788575101546402 0.00647782746995884 0.0559162908089846
0.0549812661984816 0.265638953204011 0.0540653274749633 0.188159165357086 0.235202365420727 0.201952922344732
0.220889675758113 0.104076178948488 0.0274102169661224 0.159735154678587 0.242468678324276 0.245420095324414
0.292141469227832 0.169770186475203 0.0309712208439619 0.219716787220723 0.204432714654455 0.0829676215778254
0.143329053175582 0.236433258779488 0.146249476977746 0.0419369646322566 0.215244086691204 0.216807159743723
0.0603412659135559 0.0101452504221588 0.3911726702352 0.153707994256954 0.107694478723923 0.276938340448208
0.00580329396310051 0.0683837335964682 0.234056808627264 0.0621307184158589 0.331306068643235 0.298319376754074
0.171380382648933 0.116089099254234 0.191360914971832 0.167214312643505 0.134129073875457 0.21982621660604
0.0900677100089589 0.194927228083903 0.0236607612077903 0.0321360507833361 0.264659685642044 0.394548564273967
0.211852103799619 0.208152321097052 0.05380725504428 0.164426381088823 0.14165880127638 0.220103137693846
0.221837996005714 0.0640150041960561 0.162843361996305 0.149453680842845 0.180541209732024 0.221308747227056
0.0426500399626578 0.263157417176164 0.210248951308243 0.268908154254054 0.189658378866651 0.0253770584322299
0.0925581474919653 0.0385441307203399 0.247754287899809 0.214679431373221 0.297952742140318 0.108511260374348
0.103446840431838 0.21249698945048 0.130646567311824 0.198128179269315 0.135362596588151 0.219918826948391
0.20238439468707 0.00456417927478517 0.260727231561384 0.184471561589232 0.184584478362367 0.163268154525162
0.144274309477955 0.180147526749554 0.111616965121411 0.221075823538422 0.246842663801604 0.0960427113110535
0.205721082047407 0.177496172579901 0.215983799156902 0.145833220308549 0.126606778481964 0.128358947425277
0.194854713656692 0.178079866046107 0.254138829187298 0.11045407770341 0.14494251764947 0.117529995757022
0.0813497735404897 0.324507005859712 0.415646713446932 0.0051965138962273 0.0971909542045781 0.0761090390520603
0.237024183916016 0.275057825530133 0.173356164994248 0.132188194310786 0.148137747007735 0.0342358842410816
0.11823218599859 0.21240103939834 0.146394984926835 0.297254466386757 0.102168795903618 0.123548527385859
0.0475035956866009 0.0457598919532772 0.263906994928478 0.173767827774504 0.197352643485942 0.271709046171198
0.106885278219118 0.296363692271771 0.0592457231514211 0.150828052465269 0.141156032643783 0.245521221248638
0.196044860786775 0.173623796119802 0.176320347421486 0.205467355381748 0.173512300853422 0.0750313394367668
0.219240309770853 0.0939064694238788 0.250651220164288 0.0536617854291171 0.240179505942375 0.142360709269489
0.178323989489375 0.0854572937936773 0.201067235281518 0.0931849211274019 0.347620585288588 0.0943459750194401
0.27666328450276 0.0329932203655374 0.204082943492132 0.222814497457339 0.0261300229195993 0.237316031262632
0.349529952949369 0.0289275876955123 0.282580306608869 0.0439034808972855 0.264234556727131 0.0308241151218329
0.220300776002989 0.231745144520452 0.263512958455489 0.116352869972372 0.153523507065449 0.0145647439832488
0.0359271084539626 0.275836176510995 0.077008964102514 0.146256592931198 0.2755710303582 0.189400127643131
0.210823638680882 0.22377326600486 0.197700863777153 0.227612707360193 0.000775660745842215 0.13931386343107
0.0818964852595282 0.0109508284914525 0.252585518701434 0.193566766017174 0.0202383973351693 0.440762004195242
0.100546544281754 0.278041776300017 0.141736007018647 0.101879244132265 0.22622155522189 0.151574873045426
0.231829846744794 0.0797267898896954 0.0979744174342781 0.250422830220544 0.172981555385835 0.167064560324853
0.101443778696969 0.165915277034974 0.111741262370945 0.0568439718953112 0.0933551309079047 0.470700579093896
0.143234794509462 0.154803882769641 0.199815656306691 0.121902915443169 0.208620022399295 0.171622728571742
0.0811673116327382 0.154624866432956 0.0126652854133443 0.171042628142911 0.237190541607005 0.343309366771045
0.315136805631122 0.0162936630055341 0.0190557294760802 0.305836446246217 0.252201553816508 0.0914758018245387
0.333087652975745 0.0696583325814985 0.208836037624173 0.0528898929523507 0.310736011881436 0.0247920719847976
0.145570250265199 0.260953351144692 0.00811726345626105 0.172458016249112 0.194882209935555 0.21801890894918
0.164293275359709 0.200932456090478 0.107779445783945 0.158266239210342 0.173210924304897 0.195517659250627
0.13238960117085 0.180024138669094 0.271653904960566 0.117240597050003 0.0401915804159738 0.258500177733514
0.0488200139425293 0.0158633413001414 0.231327254162057 0.274530497022016 0.200827241802582 0.228631651770675
0.0394419041215417 0.235846377493917 0.193278197033396 0.219675579051647 0.127690126078346 0.184067816221153
0.125677558769128 0.150862087187111 0.131180034018143 0.205165176122758 0.15677975698911 0.230335386913751
0.0802572816113523 0.0508082376848832 0.316623018426597 0.150408185056245 0.36329723043351 0.0386060467874126
0.249765972994141 0.175673089479707 0.036927677799471 0.238877285440474 0.232752789371856 0.0660031849143509
0.0703456435396177 0.0779804720667289 0.172199377479981 0.246942938442209 0.258255220436107 0.174276348035357
0.20081101718596 0.256973943162962 0.127288460645213 0.156996678393577 0.110673794248611 0.147256106363678
0.0774385923009143 0.243883969478606 0.0697677103136037 0.171460686345997 0.182750684253598 0.254698357307282
0.118382611953758 0.17380596518514 0.238265072665963 0.0549140322232024 0.168085937095226 0.246546380876711
0.207933935326176 0.300802101450483 0.142944204491075 0.0307376994370347 0.0883082039772545 0.229273855317977
0.0233397280729301 0.279449986253574 0.131659037378397 0.147987409947893 0.268807422604034 0.148756415743172
0.0263429525150948 0.139613387162535 0.176190317386564 0.0295363993662044 0.322368299053159 0.305948644516442
0.0380246967794129 0.152616733228036 0.126980073173808 0.420702907725122 0.177100137018661 0.0845754520749603
0.218286964644786 0.0376201514631888 0.114856636031956 0.273266240216333 0.102907738507611 0.253062269136125
0.0331371397447652 0.103216187971216 0.187627348941751 0.16413397152585 0.362724985879621 0.149160365936796
0.22489125341648 0.224660529374042 0.175174234874613 0.0233536466273609 0.0891585245781049 0.262761811129399
0.0247662510288129 0.184295027898546 0.243013414226574 0.19663898680744 0.161312232613852 0.189974087424775
0.112959858061978 0.194914671386047 0.237137897480983 0.21547291917868 0.144861189244487 0.0946534646478251
0.293189209628033 0.295518458377608 0.0853627675144814 0.07358356002077 0.212290376561605 0.0400556278975032
0.20057368435767 0.138293032477655 0.163235446914085 0.150629574904973 0.184051834142067 0.16321642720355
0.0662407044369576 0.404792454966394 0.131091199631966 0.181529637194143 0.179526458449167 0.0368195453213721
0.21671397207002 0.111369180345182 0.0400027535549275 0.247751931523872 0.151819153751566 0.232343008754433
0.00134124460340908 0.229074835533543 0.294454360235284 0.263948574753992 0.18610185645144 0.0250791284223325
0.113216604078776 0.233595480762915 0.157347545158001 0.168034945143656 0.120408828091913 0.207396596764738
0.314895991135076 0.0983041080740345 0.0398014078011204 0.0111169587915632 0.194385405475516 0.341496128722691
0.234524964386539 0.149372620414474 0.106879937066866 0.0418718445897039 0.456195247424876 0.011155386117541
0.169546353716421 0.140140308899326 0.0918697365759119 0.20672164489736 0.189722766760745 0.201999189150236
0.109974329620939 0.217427430673716 0.325390811955637 0.0182071320259609 0.211092283799013 0.117908011924734
0.131550386094399 0.159095821001669 0.213646669243812 0.282355816718395 0.117950584719379 0.0954007222223462
0.0158225467623168 0.258022895570334 0.160313111605533 0.183532342560169 0.264301375171659 0.118007728329989
0.151444291420807 0.014779196898199 0.248574762423846 0.209830290130138 0.0742621959309896 0.301109263196021
0.0639337194889604 0.302963594391918 0.148025180889795 0.218275554123588 0.079654133890744 0.187147817214995
0.102369695021036 0.260481548941127 0.195628686293609 0.0442824889207914 0.0515645420223013 0.345673038801136
0.230678006757748 0.147773348131735 0.10389475720741 0.233806323425598 0.0737953795439073 0.210052184933602
0.139764796955594 0.187322965451847 0.222649394033239 0.230910516140699 0.0472245335146695 0.172127793903952
0.259868126307102 0.0563921943032689 0.287741312678514 0.274270352172602 0.0538870895662838 0.0678409249722288
0.23787464189244 0.180105715861126 0.117202037059187 0.172974901575699 0.227117494840868 0.06472520877068
0.0681317147702463 0.345869889583905 0.184083059580259 0.0615507509674227 0.0888203575099772 0.25154422758819
0.263347576172571 0.127193804165077 0.233885628692602 0.300849543944537 0.00307861377925251 0.0716448332459614
0.115404485299223 0.168290766253937 0.134400070048268 0.110840961797959 0.261678012018332 0.209385704582281
0.0926517727041343 0.244436544174983 0.246822216513217 0.114580163888195 0.284873084071524 0.016636218647947
0.122511817103563 0.3183615708178 0.101319504504308 0.199380936546239 0.246144097848477 0.012282073179613
0.184699752607691 0.167323036677564 0.215438935083244 0.0162861373256074 0.245553451850301 0.170698686455593
0.285371288217919 0.197276762915948 0.137480583427338 0.334745541033617 0.0240816347991755 0.0210441896060031
0.137335748450957 0.203551541596511 0.327550261644557 0.260611421586636 0.0502837912049872 0.0206672355163514
0.180206415300099 0.155039737444412 0.279531792894607 0.0983334316014572 0.180846673153377 0.106041949606048
0.256824371674706 0.0948468897213513 0.0540236869637811 0.163615161548501 0.25210459360955 0.17858529648211
0.211410884827955 0.254054451629072 0.0792797552746639 0.227779213653672 0.0253656642855032 0.202110030329134
0.24859836195512 0.00344317014608553 0.252203745662332 0.159873019721079 0.284513956008547 0.0513677465068361
0.193227480628305 0.0676359896048246 0.0794904198793708 0.452090763797204 0.160353962540456 0.0472013835498394
0.0881965725023019 0.173950644003276 0.0597203388090739 0.17350661276066 0.31052123959403 0.194104592330658
0.238977633233735 0.0918639979889283 0.306188015059445 0.194253456088066 0.113796014155394 0.0549208834744313
0.311584340409987 0.237716565913235 0.205055173007899 0.0320514450511544 0.144257190348109 0.0693352852696156
0.0118643180923894 0.277347653139619 0.10011743955647 0.219745345913503 0.251333864987706 0.139591378310313
0.191303047171481 0.306293247186325 0.183998944013099 0.0942137245965427 0.0428769050400377 0.181314131992515
0.235579883260081 0.0560957510715814 0.258310832584088 0.0183078654678718 0.163922935281815 0.267782732334563
0.0160805092821546 0.113980198254911 0.260332285209702 0.318622922794888 0.0864306391673833 0.204553445290961
0.364982763524129 0.0135197255762252 0.240239979636593 0.346823723713482 0.0195264134699756 0.014907394079595
0.0295412298395902 0.18640876152455 0.274952156456395 0.190708250351974 0.13294702432941 0.18544257749808
0.13339139859463 0.00589394614482808 0.210368283406294 0.24277925781481 0.234835529851843 0.172731584187594
0.203548665597262 0.145378671677656 0.155543150186684 0.114182907089673 0.26273630550629 0.118610299942434
0.291309298966124 0.102164898198096 0.072023584977029 0.188083947781355 0.0565263503530536 0.289891919724343
0.0988753426379984 0.254346970664866 0.195387443297752 0.0807612138651839 0.130775194771347 0.239853834762852
0.274470435063002 0.192143776921138 0.00283290725258472 0.113973420358377 0.20213684034875 0.214442620056149
0.16064033458481 0.282786607462463 0.0511949397024607 0.21061616637079 0.243824840650159 0.050937111229318
0.140422767176781 0.0562215181519764 0.0412655344810457 0.100736583070398 0.32086679214454 0.340486804975259
0.141848461592335 0.15879371702383 0.111820119535199 0.233837813684997 0.122980386991241 0.230719501172398
0.229516357406506 0.154692205652206 0.142498888472119 0.113706086138538 0.212910048329676 0.146676414000956
0.224869560314223 0.115179225280626 0.258369774031647 0.0157929896270181 0.128507830325914 0.257280620420571
0.029204561985392 0.217730369955401 0.0117979961345136 0.153593044048442 0.325222845965965 0.262451181910286
0.0634876860173317 0.0514705107187018 0.264940916440382 0.300700671291945 0.229720889858163 0.0896793256734763
0.203829523933641 0.0778855728145003 0.25161667912425 0.244585822327143 0.00355587767211669 0.218526524128349
0.170159950596454 0.145415199406337 0.194362656160385 0.0798319063739485 0.1865730547429 0.223657232719975
0.148430558419783 0.148804920231946 0.153343790890991 0.0634971017678554 0.298871630057777 0.187051998631649
0.039077777591375 0.255193931471699 0.302411411099696 0.172210454695624 0.220774843584438 0.0103315815571696
0.164714387728601 0.151348685735848 0.113088514305936 0.0726680773396107 0.18557047790922 0.312609856980785
0.0334395928087344 0.282932580134368 0.00279386188258128 0.229969603263303 0.165562222136023 0.28530213977499
0.273935385583919 0.0627224946024268 0.240681074177256 0.165159330744085 0.0446070528086833 0.21289466208363
0.0435662632799669 0.369977246482398 0.0377377932534415 0.0982801739717613 0.127782771672381 0.322655751340051
0.302161883617799 0.0292870540119879 0.0127902140226734 0.223778491880478 0.159316236894516 0.272666119572546
0.267742544979131 0.089604962725852 0.0495730249017877 0.232800349598211 0.175526009923684 0.184753107871334
0.244986916308819 0.0988095032377592 0.116535481057564 0.0308194513499837 0.252290831905773 0.256557816140101
0.177437345728654 0.18702052483133 0.150076592243378 0.192450117956146 0.182712559620194 0.110302859620298
0.352696141166992 0.0633406713982914 0.0567740245634176 0.145879401221187 0.0404937703601203 0.340815991289991
0.0834296852500575 0.122511741732276 0.351476668444828 0.0642575524165805 0.370969532770823 0.00735481938543511
0.368949706024776 0.119433410900353 0.0377156238075096 0.197443509148812 0.253350679848012 0.0231070702705381
0.336329286146091 0.0236624857787749 0.0643220338985838 0.0318104670367012 0.386143818285489 0.15773190885436
0.0240458336298988 0.126574268126567 0.0736165206757075 0.200826075038995 0.0863778125369328 0.4885594899919
0.102747608222225 0.211236150673513 0.174008889335808 0.360000448013099 0.0441396994019546 0.1078672043534
0.120522887317234 0.271757040458369 0.0929425557326184 0.0858735620525814 0.388515625783426 0.0403883286557717
0.267870692634217 0.236665651026845 0.053655911304228 0.0368366813014553 0.140458706686425 0.26451235704683
0.280433755069656 0.00855735892025415 0.253809591524682 0.258234525185908 0.108898385446129 0.0900663838533714
0.19792578728987 0.155324531958459 0.0239552310876358 0.238400931940147 0.249890980970625 0.134502536753263
0.236422728895131 0.132842800152531 0.166206929897192 0.234070662709758 0.0895282732839569 0.140928605061431
0.153027148311224 0.101233902900698 0.0785519983667149 0.231004977559173 0.160409397124706 0.275772575737483
0.0204269223121903 0.168839455016787 0.23050715031883 0.22032047012542 0.214349609826924 0.145556392399848
0.270176409728877 0.161627729083713 0.108010778126037 0.252597937583469 0.152386873887763 0.0552002715901408
0.295337961568437 0.0739681481155191 0.10689661747521 0.157160655624705 0.211713852975284 0.154922764240845
0.0154488995835384 0.250293102509382 0.10813933047438 0.297513550661301 0.0866355559366432 0.241969560834755
0.164347885231433 0.189792252455319 0.065127590937159 0.134722156816445 0.246785237924064 0.199224876635581
0.00284023107802307 0.206936599955544 0.260140340630239 0.0907281929543419 0.261631824129786 0.177722811252066
0.248813760579495 0.30004677855025 0.142504261754767 0.0269146128894312 0.0237727060202372 0.25794788020582
