0.286482761717432 0.273222407435633 0.37092688931764 0.0693679415292939
0.13301944541129 0.297168432257329 0.139040165181163 0.430771957150218
0.0483403711159186 0.300073434206175 0.425671393829294 0.225914800848613
0.280211577440974 0.219487662241033 0.408524574591655 0.0917761857263378
0.335859955622932 0.352797168538322 0.210359189563938 0.100983686274808
0.381790931489746 0.276563249578416 0.0997995655199854 0.241846253411852
0.144076487830459 0.517905905662207 0.245593426280119 0.0924241802272148
0.206066641371369 0.334416229891051 0.276472543060418 0.183044585677162
0.0116693533919209 0.39080939507726 0.456223019868244 0.141298231662575
0.36197199121232 0.0126002180604326 0.622535237309117 0.00289255341813023
0.376571770015052 0.357207098966976 0.0300792092258415 0.23614192179213
0.300536980245467 0.334022469612737 0.162703696106328 0.202736854035469
0.0711458535989019 0.0629722687300327 0.534258659412974 0.331623218258092
0.0768496038129738 0.403412168251398 0.0285876770933657 0.491150550842263
0.2744542451336 0.14280998130068 0.233255362469378 0.349480411096341
0.456832150097429 0.119822995349396 0.403388185880817 0.0199566686723582
0.282099615301581 0.334699350114514 0.0916700627479798 0.291530971835925
0.182245383556651 0.404355442041212 0.328510981173166 0.0848881932289715
0.199818327371798 0.374696594359436 0.352807641871439 0.0726774363973273
0.348923250441701 0.0321891037780472 0.340324079828118 0.278563565952133
0.137707362943437 0.358016858339556 0.142399520560358 0.361876258156649
0.268541487049914 0.160932957960015 0.502019890037912 0.0685056649521592
0.215635851535532 0.418985894549923 0.307592148898363 0.0577861050161815
0.0515505264024688 0.419765486886211 0.0669020877830052 0.461781898928316
0.294081189659229 0.100266985811385 0.189724366149658 0.415927458379728
0.0234126372854521 0.337786647895298 0.283164355381331 0.355636359437919
0.176144053628756 0.173669342561283 0.106236971907053 0.543949631902907
0.295208721565944 0.262494404814415 0.155865221866823 0.286431651752819
0.214292341432072 0.18605056048768 0.221343904799592 0.378313193280656
0.185659411514371 0.426479251150896 0.361872588082791 0.025988749251942
0.546131582100774 0.108252801276035 0.143563015010368 0.202052601612824
0.490113992299451 0.00331652845985566 0.0999582035523343 0.406611275688359
0.120644434550297 0.0312750557009415 0.540139465901064 0.307941043847698
0.206145479567532 0.221247112741055 0.231416924247578 0.341190483443836
0.367993889559535 0.250713942806231 0.0278787103691294 0.353413457265105
0.380662615002817 0.0561512657990275 0.391449870382833 0.171736248815322
0.368690684352865 0.148250942161837 0.445243730628406 0.0378146428568917
0.226588243838417 0.214185505335831 0.322835966324113 0.236390284501639
0.229577190246861 0.100311520299457 0.431506702332295 0.238604587121387
0.223885704889681 0.192187145980106 0.302739210005441 0.281187939124772
0.107138723527641 0.122522251923072 0.231383925407949 0.538955099141337
0.328390416627324 0.274709821973619 0.00758803176823327 0.389311729630824
0.302573668471521 0.283433819776392 0.0788584239012053 0.335134087850882
0.128136779356288 0.201324285506473 0.330918912639041 0.339620022498198
0.470277602713673 0.21938517595358 0.181629152101275 0.128708069231472
0.194410606541477 0.00435812396125378 0.398698508197458 0.402532761299811
0.141417938213268 0.304285601692848 0.170302693738072 0.383993766355812
0.0203330171839645 0.70637159161875 0.155730189686679 0.117565201510607
0.494978151037188 0.175528736554351 0.297604656120739 0.0318884562877215
0.221904175677538 0.297850031582955 0.317501729169689 0.162744063569817
0.375045033329134 0.196670622521171 0.277774322610342 0.150510021539353
0.183982763320882 0.154021705565116 0.350907099770438 0.311088431343564
0.217140201194027 0.209289667595889 0.182282500132597 0.391287631077487
0.374943629601775 0.139276484042904 0.0831564045282667 0.402623481827055
0.33130288669831 0.0207038993534357 0.250993595531508 0.396999618416745
0.0358442165753245 0.305418152558347 0.223202880571628 0.435534750294701
0.440806542293058 0.0150017203409697 0.42645606099599 0.117735676369983
0.403611514094024 0.251777075364388 0.0103560425081056 0.334255368033482
0.387095483365525 0.213333561876038 0.244201018870403 0.155369935888034
0.40582931361416 0.165177315865861 0.123696586412377 0.305296784107601
0.217961112858617 0.584391463116697 0.0276763890391433 0.169971034985542
0.0765807553797509 0.291178592145156 0.0855446434661144 0.546696009008979
0.254862228334316 0.224582752505642 0.291615664818344 0.228939354341699
0.42026441286517 0.139174601189508 0.303913342266171 0.136647643679151
0.0102040218668299 0.289164885136335 0.482275172373562 0.218355920623273
0.232445329668843 0.267105897178382 0.290239396150786 0.210209377001989
0.240265389720986 0.0279969779674586 0.201830369706736 0.529907262604819
0.10644420079603 0.381212644714221 0.189175480398969 0.32316767409078
0.521328044257932 0.197567131580977 0.204537918629777 0.0765669055313135
0.473228979712771 0.0310038746870324 0.287489402519535 0.208277743080662
0.251365347444667 0.160052257916876 0.0656275366506206 0.522954857987837
0.00723251460492708 0.499900297192558 0.126841195834471 0.366025992368044
0.0894980844312489 0.268235475479926 0.265775928255998 0.376490511832827
0.257269760470859 0.083238271159002 0.325851224242934 0.333640744127205
0.374781431845681 0.142941583604604 0.370230627666672 0.112046356883042
0.266082478529444 0.319635487511207 0.29922391599139 0.115058117967959
0.120092265586104 0.291556199038631 0.018993328218686 0.569358207156579
0.186886236974445 0.0638107067736605 0.538534491183297 0.210768565068597
0.08154669903094 0.257745595267099 0.326601129581948 0.334106576120013
0.199501316115456 0.590398627487015 0.190566573395395 0.0195334830021349
0.234665859779177 0.326095395490351 0.122293111416744 0.316945633313728
0.00345116073844958 0.407753497935143 0.339035078814199 0.249760262512208
0.163785337623541 0.178456381249969 0.0307368427218632 0.627021438404627
0.226115842566457 0.286794797253039 0.361013977830615 0.126075382349888
0.296942244445695 0.11825618004002 0.303728708772936 0.281072866741349
0.247442385029183 0.0199659410343252 0.1200989233632 0.612492750573292
0.127279304676971 0.221440756923788 0.225212546005318 0.426067392393923
0.128805098798744 0.254451615521905 0.392890444782724 0.223852840896627
0.439352145888726 0.20752975172643 0.176506561603649 0.176611540781195
0.135598527475395 0.373959761836549 0.155383379810365 0.33505833087769
0.144254419011198 0.415972573645851 0.38820862278007 0.051564384562881
0.120896774911661 0.211953118628043 0.350527037832969 0.316623068627327
0.119352269093308 0.247074197338604 0.232849914018063 0.400723619550025
0.117034011604341 0.329536838726705 0.326451214030696 0.226977935638258
0.469058565891208 0.0271960141520389 0.393559130406091 0.110186289550662
0.226324129698627 0.183716593759054 0.433100818697771 0.156858457844549
0.0869027750543897 0.251112857218967 0.214746262290911 0.447238105435733
0.0258104716815447 0.7102411672475 0.189037842457388 0.074910518613567
0.206791146721195 0.43831643566171 0.234503320844303 0.120389096772793
0.0761424872494169 0.185305984899729 0.487020968566887 0.251530559283967
