0.195696731440584 0.199419390220724 0.165942718589587 0.02930818411435 0.00350923717957533 0.105514121097252 0.0763555354597801 0.184377468679123 0.0398766132190245
0.102003502799221 0.0618151722516373 0.0882577750335448 0.023981152745113 0.0609998302911618 0.170161308307115 0.162687569815334 0.163922412451286 0.166171276305588
0.0648904468008812 0.176175566851201 0.162181336463246 0.101524970083682 0.149963388391442 0.0267458728198489 0.158999833274094 0.14793036668982 0.0115882186257836
0.167874018248063 0.163961106499902 0.100122830050918 0.018905435440503 0.0713547011411231 0.133454303379094 0.160516973488475 0.081589950359476 0.102220681392445
0.20013030123132 0.136791934001988 0.0201397851585087 0.180806402958283 0.0626853119890063 0.168552224163446 0.184188232201023 0.0217710679566603 0.024934740339764
0.112353585231677 0.0997611382202695 0.0973873971306213 0.107857907604751 0.167035169841747 0.16744514055066 0.0675774677342641 0.129374018665289 0.0512081750207212
0.0119469113476801 0.0835122267659871 0.207100792955259 0.190227284909503 0.0496649506946616 0.11096248428256 0.109560799789095 0.125515250226746 0.111509299028507
0.146908349472468 0.25187733686412 0.0402977770283599 0.141015413093461 0.0517273130084562 0.241639306561646 0.103171491157229 0.0045259613387032 0.0188370514755572
0.16432909183275 0.266034995614732 0.0622777242176809 0.0597670182738049 0.0818830445854219 0.0314519119100968 0.150313058870721 0.0140625302581482 0.169880624436644
0.0696209039872413 0.131587039190939 0.272511009329725 0.0349588499604108 0.182507439930809 0.0180026546881239 0.00249775392290465 0.204664006238993 0.083650342750853
0.163098775617669 0.199514636770482 0.150973015512486 0.110187290766404 0.0796816974076821 0.0281308615072244 0.00655073944085243 0.0523461069604952 0.209516876016705
0.095133958214301 0.185496063609706 0.209689645585798 0.0434472029668046 0.00248989629784079 0.215325810330399 0.126278680688897 0.0075596143411002 0.114579127965153
0.049486184635746 0.0526441017576957 0.185836687067663 0.0442932890359524 0.159740645798442 0.0873065962360515 0.15973052349648 0.0428397336619178 0.218122238310052
0.0162614762837779 0.22698133610717 0.0831366638089713 0.148374105851167 0.0645345020569243 0.166055101076477 0.257580124371578 0.0117170887626091 0.0253596016813259
0.0929980101907597 0.0983945174928113 0.182614844583725 0.104059391158168 0.103056132845672 0.180274407394136 0.0827804624904431 0.0865988326799097 0.0692234011643757
0.165914681057046 0.0283079616868911 0.0294690669654893 0.0975938921946438 0.204369744442045 0.0553920283987754 0.0799597461714187 0.195084773501989 0.143908105581702
0.0267460758416533 0.163831564561342 0.108418562749877 0.131538687130546 0.0839444061707028 0.0492801194802414 0.193146154401677 0.0812398620495701 0.161854567614391
0.0810611862523175 0.0436280823648082 0.208674336631247 0.144353387648322 0.0249238455578468 0.136230520756212 0.190477951249233 0.00838609316180018 0.162264596378213
0.0633968871093238 0.0741373502576563 0.122609526566731 0.146227987106791 0.182434869301322 0.132655139229016 0.10624300522222 0.158737670495767 0.0135575647111732
0.110979478816326 0.12526068987138 0.0176417862437029 0.0786881402579414 0.20734480955654 0.0778897375226073 0.0956502128203635 0.168928357879259 0.11761678703188
0.148085545955907 0.214876139738415 0.0539825466567505 0.198867453936035 0.156528433070355 0.0917479612004751 0.0695725631468506 0.0207658547177442 0.0455735015774678
0.0673486034285588 0.0827435481757202 0.0833599052241624 0.064761511316113 0.230191820511177 0.158609933903069 0.171299193948209 0.0210380462646022 0.120647437228388
0.187803624917902 0.0508070176142147 0.187502890431146 0.106903246410392 0.0214542946164322 0.0914352282727181 0.0459046101451675 0.183891120303737 0.12429796728829
0.180650929591057 0.166757582492258 0.0301953144687176 0.104961527921525 0.0968045099880923 0.0393870448558953 0.161707613350252 0.15908603598626 0.0604494413459436
0.00642399807279194 0.172293743021369 0.162911357673807 0.125686272840721 0.0748528078274619 0.0676355841065423 0.175500805277047 0.100371156723176 0.114324274457085
0.0489079585407401 0.0836781833036956 0.0447788693431192 0.194693347786234 0.218594555650857 0.0345670476386538 0.173778363470057 0.0877278601248879 0.113273814141755
0.131478416157882 0.131352061538584 0.1380785629778 0.173026301894931 0.0345079455584631 0.122409425283967 0.0407756978482995 0.087648860933936 0.140722727806138
0.100316838187399 0.0561683710169811 0.111022432408052 0.117256234949252 0.0756125356926738 0.211157335248265 0.156597820372483 0.0281385218133117 0.143729910311582
0.164703902450191 0.154356619887384 0.122111988824682 0.136619604474111 0.0829801665418618 0.0904566938035585 0.095430115745189 0.152415924660838 0.000924983612184448
0.212853401581133 0.145808436423831 0.0694003946835963 0.0758732170874165 0.0845399543351436 0.0659167077382762 0.207232695687503 0.102358923710582 0.0360162687525185
0.136081119317693 0.133385293464695 0.120702801624251 0.120814011475845 0.131116700668168 0.0744544718979385 0.0934446708941775 0.123155230677859 0.066845699979373
0.0724902718582563 0.0597586384702961 0.0647628910675098 0.16731170417984 0.175826358491971 0.0634336356865748 0.115991954498821 0.161113592952603 0.119310952794128
0.0321329729262285 0.179094540244089 0.0852368765899514 0.126211834033849 0.0981581251990528 0.183518896281001 0.0943340471088894 0.0908293055575912 0.110483402059347
0.124678633670154 0.0203659164549893 0.173982240845635 0.109974521577864 0.125505812656011 0.0716291753512083 0.161070343458795 0.174026587620048 0.0387667683652963
0.050258039969531 0.17084407894158 0.170866869176676 0.193889781437896 0.16026578299235 0.0060013685056833 0.129370549178353 0.098029363430932 0.020474166366998
0.0380660795771108 0.0343863683557772 0.119356970276035 0.108659318383842 0.0990031276944238 0.145505961609063 0.0480945576862586 0.192637430947911 0.214290185469578
0.0717190717040576 0.0772333121945036 0.1316413269186 0.232848971360719 0.130864447099671 0.0175127761254985 0.0678289153516039 0.110433043833982 0.159918135411364
0.115928895246055 0.319420254771847 0.113409955175702 0.0151136526784881 0.045617062108339 0.100366160978703 0.0691149621853537 0.0708032272808005 0.150225829574712
0.21120551719838 0.188613628727976 0.0143451663948205 0.0231516253961823 0.0193980348825227 0.168868743894337 0.179784214323349 0.157962368912806 0.0366707002696263
0.0729140296819986 0.105788567062391 0.0663116626973565 0.05533570412495 0.124011829793585 0.198230056027124 0.181918855511774 0.15151968038521 0.0439696147156107
0.0495405747691583 0.0733828974034984 0.159367123604373 0.163981306045579 0.0348725026498159 0.160654364872307 0.110520481912059 0.107308309690237 0.140372439052971
0.0181673495423309 0.0724335660501254 0.191189950124786 0.0435971349428533 0.156483215736858 0.147580180531054 0.198044591703061 0.112083550418954 0.0604204609499772
0.0797360442100735 0.15266468900761 0.0389138129943777 0.0289869179213108 0.0651966418986366 0.0560846533119862 0.181719303343015 0.238576380982605 0.158121556330385
0.0619807139949251 0.0103809470730025 0.078134748138408 0.085224003841088 0.19190210493201 0.088885502376568 0.215835404747924 0.058450377670299 0.209206197225774
0.17674909211594 0.0893454883771461 0.035326002636478 0.0154506152830089 0.106798520181172 0.156863288541524 0.112446633958636 0.138555113618876 0.16846524528722
0.209570361994487 0.100333404741534 0.124618317847931 0.160212014750752 0.092758180702328 0.0322182157649564 0.0203283175648024 0.0381516483143028 0.221809538318907
0.168979670947126 0.12253673588015 0.0727016852082291 0.0315451042361725 0.0470220951590974 0.144767464565511 0.150716159181962 0.163676508873038 0.0980545759487142
0.196208232704083 0.0800084470248718 0.192735200401531 0.0821424121835468 0.0377311780274151 0.122849101885191 0.240016666093668 0.0272830568761345 0.0210257048035587
0.0826967356536734 0.06664626680862 0.228678126976016 0.0733140811699034 0.0785568792477938 0.0566010247182911 0.0889130539662459 0.165916644552181 0.158677186907276
0.0672176736851672 0.00486675886235681 0.106867604847276 0.0569939343565675 0.127229267742317 0.0582371506030803 0.241651804284892 0.102757053483512 0.234178752134831
0.122044916523863 0.0842043743670784 0.157882535153896 0.15640085187361 0.17206867499964 0.0275773380183523 0.158286964742852 0.00882098203682255 0.112713362283885
0.0327064591288578 0.0813015763523154 0.158828845655554 0.0195822119168919 0.0688933450464864 0.168916377503134 0.0826748181653283 0.196914165256687 0.190182200974745
0.211363101451931 0.0276289880901968 0.0384631181677997 0.00233753898894525 0.043347843463926 0.16533600949823 0.159686746957086 0.142309937449104 0.209526715932781
0.0915486809995885 0.123725391404972 0.0135982965185374 0.113285822873604 0.224751532311397 0.219333202165281 0.135687829803601 0.0324224752354712 0.0456467686875485
0.158830648696338 0.0129215733469439 0.046215768509482 0.175615562829022 0.122315781065011 0.155576704885642 0.106219006996728 0.0937619895962118 0.128542964074622
0.14109961395921 0.0322956293768945 0.140292047045575 0.151221724083933 0.0666900556936328 0.0644772081830553 0.0975365451388744 0.191801435716608 0.114585740802218
0.120779267706525 0.0506268502437553 0.0661046052867707 0.0610224219979485 0.218069708007759 0.138090150578431 0.00882369979447412 0.246548781017566 0.0899345153667704
0.0968386790597044 0.0968901185610083 0.149454064560919 0.0516772659502288 0.148052838219782 0.0725582883491957 0.137672950085757 0.0905934204081874 0.156262374805218
0.12629817360179 0.172414213275864 0.0585675314851285 0.101511055602424 0.11444891463025 0.141440207799447 0.101416407739284 0.156403583039746 0.0274999128260662
0.200885678207065 0.100732472977029 0.0518001656053519 0.178252435752887 0.137560199299937 0.0271092393807678 0.107048518467933 0.147646618658905 0.0489646716501243
0.217361624481178 0.128798934089586 0.0103958873402011 0.0623946344408735 0.0116560245250026 0.0881230509038116 0.120057713010836 0.215458725330589 0.145753405877923
0.137210968303993 0.150974355050979 0.107700685639623 0.0631094846857144 0.230831985601448 0.08692654109457 0.151981850838099 0.045739583479119 0.0255245453064535
0.129844546734049 0.120053413727616 0.135471870231768 0.11831332756745 0.130533963151878 0.0592583574812016 0.121965771336496 0.116093949007457 0.0684648007620832
0.209186648546598 0.054598061816914 0.205870656192784 0.0627876621864225 0.180497450493309 0.0706317648132157 0.081476695098537 0.0965445004132451 0.0384065604389738
0.174823290822067 0.0972704169829479 0.139050241927834 0.0552988082762175 0.0635416077776576 0.0919929415940261 0.155715333098393 0.0517115254925723 0.170595834028284
0.152199424244907 0.0552124072475218 0.118836428067472 0.00103402538379138 0.201469368381968 0.187364103515527 0.144315382714028 0.012946070945092 0.126622789499694
0.0803622816969211 0.112341899611561 0.0902455224869973 0.164053063026739 0.0212614422442999 0.172511349950648 0.06060067556757 0.163081390622879 0.135542374792385
0.0987467891338834 0.242231493016428 0.148878300291485 0.0288133090038999 1.02702216389461e-05 0.194913882588767 0.0755811307073325 0.112188718748033 0.0986361062885318
0.0668681055718648 0.0602466902693312 0.167021142067914 0.0612722786901073 0.166352872947231 0.137249852319094 0.0916591173892287 0.0279016400238092 0.221428300721421
0.213438132094892 0.218043216228738 0.0243912066961736 0.142449463433027 0.0722198434411785 0.0417081095216348 0.0265574396351108 0.139939350938295 0.12125323801095
0.0200010305836621 0.10220098522902 0.160128804540543 0.0538681017708796 0.0906088400227733 0.157869658841299 0.163920353830695 0.125020610252038 0.126381614929091
0.121607319168602 0.162498998972452 0.0571927255382347 0.185744360930157 0.157000328917807 0.103802501310835 0.0133994232903319 0.135073094404393 0.0636812474671876
0.0897206859298752 0.167848076905539 0.16420668331847 0.103199784019562 0.137685015565556 0.00707060302227488 0.124394551623541 0.0586836000195705 0.147190999595611
0.119232070263758 0.114708240931013 0.0885629925471745 0.103674030734226 0.113715150768518 0.11562175495893 0.0475509878659659 0.15457801187478 0.142356760055635
0.0270390620809857 0.18468350771042 0.14679166830462 0.13645551702746 0.201044302752473 0.0427593075875679 0.01800475764283 0.124877508838935 0.118344368054708
0.125120287175093 0.212678141072461 0.0158139034524044 0.133216531319791 0.178454888583577 0.0424565584773693 0.0614765761916121 0.0502806857153147 0.180502428012378
0.000169140740866393 0.0193384955388908 0.0630173687125774 0.0331472110872464 0.192260300900901 0.134911211748506 0.286939913333845 0.116072295283509 0.154144062653658
0.109511964998496 0.191413021727632 0.0984687176465811 0.0535817928851719 0.180945171602109 0.132565062867826 0.144636056753464 0.0778913804160074 0.0109868311027115
0.0757557318772426 0.0542660316175896 0.0948858743024432 0.00236685266006739 0.0171122871787151 0.181342198622647 0.249079517230484 0.299638661241383 0.0255528452694289
0.0375493718787797 0.083823731608612 0.188018039058339 0.190202238436236 0.163381179114415 0.160882109896256 0.053673513553575 0.034498632004648 0.0879711844491395
0.0153605518616192 0.166420527607259 0.148470561081969 0.0106608882160048 0.209450079528239 0.0724561852813561 0.139202443120837 0.0184597450781124 0.219519018224603
0.102365608628498 0.159681102604066 0.167557852960439 0.167310006778692 0.0512646105877874 0.0706926954513448 0.101675256681647 0.0706366985931721 0.108816167714354
0.10833043688625 0.0646243840585045 0.134514480759473 0.149675910641431 0.0236120847646872 0.0611218737725179 0.0576562320759333 0.108719001035144 0.291745596006058
0.0840191702853491 0.137003157560005 0.129491381086998 0.0892766850865266 0.142612728600863 0.110955308195133 0.0462046859069305 0.127856059579013 0.132580823699181
0.0802597856597357 0.13603243644023 0.0185538779631151 0.155900877336343 0.0144542232935864 0.199013054962261 0.1525892371203 0.00686692799827457 0.236329579226154
0.105033151888531 0.0438968134065043 0.253358071000893 0.120824861701383 0.0263225360776881 0.120602826727786 0.100159233540346 0.16870052278695 0.0611019828699189
0.0786990079556141 0.0566740488229756 0.0912156271815979 0.100523194419284 0.131313237217981 0.145856191076902 0.168195114013734 0.0639891824009925 0.163534396910919
0.0923816319510543 0.0635961722087967 0.153589435091058 0.19015603443002 0.199128151602004 0.0588621895077415 0.0595348562019669 0.0984369963062652 0.0843145327010932
0.184231556676548 0.132192439088818 0.191525878686901 0.11027751928246 0.136828122134943 0.0661872506573 0.0601769190425631 0.0955322887265164 0.0230480257039507
0.0342056843558781 0.172953689557688 0.126844797148251 0.136066293517659 0.141971719430399 0.0327137674056018 0.0940935515428564 0.160203689217076 0.10094680782459
0.22123332661805 0.0675284155260226 0.162666159368819 0.202988789450033 0.0591418781527036 0.0563793358630652 0.003848812208527 0.0358530081960369 0.190360274616742
0.100193781576413 0.23676375030378 0.171319706892701 0.0592068448623063 0.107954650020761 0.110405289462136 0.0830827098551798 0.0371425331327933 0.0939307338939297
0.112221077212718 0.18195542911563 0.0202411753701424 0.0160270602865752 0.0930792786655825 0.142101861315423 0.142453121909101 0.137558048929457 0.154362947195371
0.0953971381129422 0.0966413188811142 0.0157405689125813 0.126948186717075 0.0964810085563627 0.0896995044185144 0.187511600933271 0.196008982665121 0.0955716908030179
0.00475493436388142 0.166896827822598 0.195697616253749 0.0572983392328904 0.165297558793255 0.0283385420478802 0.182273572477218 0.0195438766795574 0.179898732328971
0.122808181113147 0.199484581542128 0.0814449324723233 0.0572390762184194 0.0804194177909344 0.201132359491217 0.0736587206727312 0.149924432398165 0.0338882983009344
0.0847595554193487 0.15481273822031 0.132101604209083 0.128995879219247 0.115728877872249 0.162051426762768 0.0230490354309669 0.198120055388311 0.000380827477717011
0.133091763545942 0.18358752029251 0.0979460425619166 0.0631342029828073 0.0743257151928596 0.0435436195746374 0.169640645346637 0.0976704594613711 0.137060031041319
0.0951947568435843 0.100806396418255 0.13149940399228 0.155458859476894 0.0609940453431761 0.0313176600038418 0.202909104963565 0.13723952802792 0.0845802449304848
0.00647342156697859 0.030668675241408 0.213978730891144 0.227830578099843 0.0169002332953047 0.0962746521212247 0.268681977961148 0.0443544687447826 0.094837262078167
0.140054565926238 0.129665899422268 0.134537183687659 0.1031928435136 0.137709282016142 0.160833528474056 0.087860389880468 0.104723819962749 0.00142248711682045
0.152014917528485 0.12590911426794 0.106857319046669 0.168805068705913 0.120641598292978 0.129110814427686 0.137130826137003 0.0561347724256946 0.00339556916763148
0.0727794346932407 0.0786063528177072 0.0745657603272936 0.154185503147728 0.192346693464179 0.0453526742678891 0.196195024025766 0.161580257252823 0.0243883000033731
0.133096180867064 0.0153575219996493 0.103040444084819 0.0799256767569962 0.156012183547182 0.0482261663232919 0.161867952801175 0.144138954595916 0.158334919023907
0.0866728656270636 0.0114728169845667 0.0164429439828672 0.0362112749513483 0.0860103865074267 0.0270888190420904 0.484729779856999 0.112140178312143 0.139230934735495
0.151008131293908 0.0605227283531801 0.128131169774624 0.0388731197254147 0.0874972769636602 0.153522611193079 0.0690260079862779 0.0941361873889122 0.217282767320944
0.175431186982974 0.181220894629592 0.154820528986099 0.0462705516739801 0.0622872769745707 0.0787781807284625 0.0278969035693454 0.166168003738643 0.107126472716333
0.125617041626514 0.0648433955801781 0.167208055165809 0.068075265747613 0.191240471193773 0.0401020198302194 0.168155455528142 0.0170892435680637 0.157669051759687
0.103456778220328 0.150981243279646 0.019372530966185 0.150225401234101 0.0980309932237661 0.131465921502061 0.0332817309318228 0.154258764049638 0.158926636592453
0.0240339248039945 0.207551427648864 0.0679313730826793 0.226742288345789 0.0549288287567167 0.0615379601636588 0.245061811574138 0.0646746464347229 0.047537739189437
0.0467968240452669 0.0667342195182692 0.161045584994435 0.108719919830233 0.147045216049978 0.123326842571295 0.122916172023236 0.205333840754806 0.0180813802124812
0.133699039103497 0.0755654272863715 0.0594227470567303 0.150021609544463 0.0996501079459112 0.108485574942989 0.0939112053796989 0.1784151049584 0.10082918378194
0.138079993656164 0.178873501361744 0.118619315687015 0.0328895389517656 0.170957402643728 0.208237799144932 0.13023525122888 0.0109514535300061 0.0111557437957659
0.111174632862539 0.039651093310441 0.033705151576251 0.103173082395965 0.0523304042251252 0.162947142768882 0.214437221408 0.125007437188798 0.157573834263999
0.19509409300798 0.13897558788142 0.146398523060344 0.0416087277409157 0.0742981819054923 0.0885694920383295 0.106680721956835 0.0638989887787361 0.144475683629946
0.0719354497868267 0.0184546721563284 0.0782264476968351 0.00180310718278311 0.158583756031346 0.249395715593008 0.063276702466979 0.111277984926167 0.247046164159726
0.224315008650612 0.00167015877117518 0.171327264907737 0.0273768233844707 0.0561663523397495 0.124336763664808 0.16563608597222 0.0459850008608456 0.183186541448383
0.0461902613085984 0.0472799063194552 0.157989839476982 0.0621514690718421 0.217695216027196 0.110888233129735 0.186339087557221 0.0232720349749414 0.148193952134028
0.18538661107501 0.113109536135812 0.232143669705424 0.0149870205845052 0.00370196659286342 0.0766213763814964 0.165459780561254 0.0699698137977943 0.138620225165839
0.168326045144919 0.0714939290343455 0.233560919736747 0.150264183084299 0.105645492170773 0.00137613946928266 0.0315080185974651 0.126617075525526 0.111208197236642
0.165891849507292 0.0633051319374204 0.144415049991062 0.109376340179281 0.124396176953278 0.118655864725937 0.0478844559837539 0.00327838436219015 0.222796746359786
0.215268388252598 0.0335393583394659 0.0365971058155497 0.218842350946366 0.039519241241792 0.159971512372546 0.087264141914995 0.20473275802057 0.00426514309611746
0.275763869823571 0.201826926872778 0.0530407961687736 0.0262395675319105 0.215258476363429 0.0572793189279269 0.0753114521419717 0.071455870939567 0.0238237212300722
0.0890877810256042 0.165434387867276 0.128129158772097 0.121437662964525 0.125805722466482 0.00435710992999763 0.0515752718189169 0.203229293685002 0.1109436114701
0.140947986968101 0.0159292081149982 0.183146123912962 0.199628117494805 0.00203553762278628 0.15242137525136 0.123455914314613 0.0519551308143347 0.130480605506039
0.0896201052986675 0.104127382073593 0.177402585488623 0.00370014017087573 0.153090960441958 0.0220518666711155 0.2050901586414 0.236529583743426 0.0083872174703412
0.180568546573546 0.0782901973463983 0.146753838947018 0.144218862255673 0.000888409177677862 0.161094047965949 0.112002361242113 0.11483655920552 0.0613471772861049
0.172873563469022 0.00617489101445646 0.0374658958729633 0.0623902342673751 0.0773894106654983 0.157061939331078 0.201428581031351 0.0995113199916659 0.185704164356591
0.0218919116782822 0.0174078576094428 0.236546474142838 0.0913776562108156 0.116909720586013 0.0341090772240214 0.231049284112187 0.084360412980118 0.166347605456282
0.0552167829422677 0.239135996434984 0.0768090464256547 0.103210959482574 0.230479612418591 0.0566453509021176 0.104399905177092 0.0500964105378841 0.0840059356788348
0.106553324837804 0.157514556966488 0.143480201724597 0.0236051192932373 0.164472733273579 0.192816439822255 0.0198474034158408 0.0828046814581936 0.108905539208006
0.128192986329422 0.128065293772671 0.169755601833894 0.0700172211828895 0.0856902830372542 0.044117780906391 0.019503955426126 0.175647528504146 0.179009349007205
0.0817495010951542 0.164950578163871 0.149192424967897 0.0299171485670795 0.14228766030264 0.105187839544241 0.143641798449329 0.127990089510927 0.0550829593988625
0.125613582474493 0.0716960404731408 0.10588197445942 0.133147430599037 0.141331812812211 0.0989739812944348 0.145483283455454 0.0537698226599386 0.12410207177187
0.140974996697689 0.122303248929731 0.0589859701039461 0.1880668396683 0.0865500990063417 0.146395533209654 0.168664837089413 0.0607126250610523 0.0273458502338729
0.0789773985310034 0.116646160710713 0.0555847421426368 0.164284906316426 0.216262326063431 0.00766960686167462 0.138535462146702 0.0552901445059081 0.166749252721505
0.103710778053715 0.0783741031509099 0.0967665082986649 0.150103336835934 0.0425859830389819 0.138651874295716 0.146293913669279 0.164912322444669 0.0786011802121301
0.0727474961947053 0.0453766747539242 0.0895101355750024 0.247092851447724 0.0934862935337678 0.0989762513796597 0.0402789270946426 0.200743192425346 0.111788177595228
0.141106830508062 0.152696478498722 0.107290463208719 0.120544804782445 0.0639093491476987 0.112436207021578 0.13731772368494 0.119104604653025 0.0455935384948102
0.0798351813852408 0.131799803512053 0.17415679176378 0.0741343418915716 0.170503493519126 0.147467265689623 0.0222125336888902 0.052096985548571 0.147793603001144
0.11805300220799 0.214634812112228 0.0510421576050285 0.180609956702321 0.013198857441832 0.197802461551086 0.027594448274081 0.191735740224352 0.00532856388108144
0.015993346534884 0.210281322782501 0.136719387879865 0.14080594376015 0.154130623853725 0.065409289044381 0.0894563973548442 0.127803860149023 0.0593998286406269
0.0894492041001301 0.115185440398609 0.089494419449832 0.128760470182677 0.0190871042810542 0.10511691372551 0.17560948472037 0.163352340126303 0.113944623015515
0.190487558448885 0.0319866325576822 0.127912481571118 0.153070785793311 0.0387837429094597 0.0753040319782724 0.127655229345577 0.10126492934773 0.153534608047965
0.12897999326103 0.107782444359631 0.200178091321436 0.0639637847885325 0.0974842589995747 0.148798460804919 0.0013526586278133 0.19689951300656 0.0545607948305039
0.0380265992590893 0.115885307969471 0.170590073283367 0.0365176589645741 0.192748890046656 0.0223335559160801 0.161723131320209 0.192438392405375 0.0697363908351792
0.153504071113147 0.0321648314347133 0.212533312538729 0.0682058048629335 0.15447405678717 0.176523516911863 0.034638083733537 0.167108590502064 0.000847732115844311
0.0322781913564335 0.0537964858577491 0.176193004599252 0.0569958183867121 0.0246578510192502 0.183845592724042 0.177076012620571 0.123973702388843 0.171183341047146
0.0985720917111655 0.0930566543466532 0.109106889317563 0.106353384952381 0.0901154346070408 0.11419478822289 0.0263078399015494 0.180797795944737 0.18149512099602
0.164273792269231 0.0735998587786689 0.0662119187774413 0.165881591242258 0.0425611136029856 0.196332934896387 0.084546345897245 0.176594762154461 0.0299976823813231
0.0723995884838884 0.0432609509307127 0.0689856042787368 0.0518809284689608 0.121412808982992 0.121066699719545 0.278795297285079 0.0290697384183599 0.213128383431726
0.147283057820123 0.0475540363228719 0.111007604285758 0.0904640890393717 0.162936820596528 0.106415895053388 0.143957607560326 0.17025571663707 0.0201251726845624
0.101466772867074 0.126848869740175 0.157199245505689 0.029889337287568 0.0364220314725139 0.180048239167758 0.00844996611342421 0.164445432182886 0.195230105662913
0.144278206287941 0.0846997167414698 0.127148743633555 0.166946764751764 0.0547754262899485 0.165714641865572 0.141562625777583 0.0717706784486788 0.0431031962034863
0.145104014902777 0.147732118398936 0.158503429042659 0.129050290225616 0.166704349961936 0.015256546908849 0.0218769521159505 0.104525093813234 0.111247204630043
0.0842786185509799 0.0734055453774181 0.00590117054160667 0.0694784543216029 0.166953766433143 0.138256903238038 0.16313461810635 0.141168443544667 0.157422479886193
0.113125619005117 0.0199522482574637 0.0209822576348733 0.061759755551503 0.225148607668816 0.124287494298699 0.182956356404192 0.0243714541649804 0.227416207014355
0.0673004551672107 0.0466331203202036 0.225897587143483 0.103512701092111 0.186881074426711 0.0232259406090323 0.216985341061254 0.0943404420671449 0.0352233381128492
0.0617362722024629 0.103760669579109 0.0207835380728266 0.150368311159144 0.205586557562465 0.113607677707893 0.192219389747362 0.0879442305992122 0.0639933533695244
0.117361317601883 0.216592526386494 0.137000721561242 0.238021679575429 0.059948751879907 0.014801874593991 0.0525642131017203 0.000923705518224154 0.162785209781108
0.0249339433410628 0.203794102333629 0.192933551512744 0.172596786174853 0.1216131161194 0.0511083507172192 0.0190767660004015 0.0545871190194816 0.159356264781209
0.14352927280724 0.109877021577549 0.14329492032213 0.153149573876271 0.111340569095941 0.0389246643175898 0.139103531675937 0.0576532551355013 0.10312719119184
0.0548989670383066 0.109442465292832 0.240929045446861 0.166968400272693 0.00266269839972355 0.245490165520466 0.0207178257604342 0.022530373908522 0.136360058360162
0.0569759106844649 0.0691851433988567 0.219242436118714 0.0312637811174025 0.189432809832143 0.158203440911851 0.115303374437061 0.108529953836094 0.051863149663412
0.0563866122619416 0.221768871220613 0.032484890732486 0.0735810168760936 0.197109342953452 0.0376263552373712 0.0878977428414028 0.147447530784083 0.145697637092557
0.166279470125792 0.00529966582929921 0.0614327604109626 0.060080404455767 0.168289081469588 0.0807446331750951 0.13081827365302 0.136326346006276 0.1907293648742
0.144697060941402 0.0490804044634631 0.119188895594788 0.0893632591628244 0.0960034278062804 0.100290599699604 0.179155478340407 0.0365733182382163 0.185647555753015
0.16421594374897 0.00503109504166853 0.0114698862546654 0.117503962571426 0.0975146622110721 0.159736185133457 0.114406706201456 0.161933174085965 0.168188384751321
0.0750071076695654 0.181277532816454 0.187009082743255 0.011365375018212 0.178220572545192 0.0792148049407206 0.171042316774126 0.0558611332788694 0.0610020742136056
0.147238044638016 0.11363230010753 0.123305862949156 0.0864098953698398 0.0860340410522647 0.0242856717621034 0.131248084910633 0.142483809863006 0.145362289347452
0.0686817815538971 0.153946808364913 0.13354150174551 0.163375635109697 0.162179248780869 0.00252868173681416 0.156739852881586 0.10111412623873 0.0578923635879828
0.00737692072217957 0.180744292062224 0.153531645085487 0.174318706579903 0.0812595562816902 0.110250996816782 0.048773402067898 0.0719176593644386 0.171826821019398
0.107606051120179 0.0265378396245606 0.190182801771395 0.259551491147839 0.0322948973657607 0.0486088125624676 0.0763331474234948 0.0148770262517781 0.244007932732525
0.0921872334897741 0.0510274043416421 0.106881358115934 0.138756305642807 0.0786747195547916 0.0699854042913863 0.218963116681108 0.0750276306626588 0.168496827219898
0.116260898961332 0.0831246876279135 0.231999789970732 0.0382128214181764 0.0597029414412715 0.0782025028102829 0.149242106487298 0.0612793387061082 0.181974912576886
0.266114884848153 0.180896307187757 0.0048206138243901 0.117598764201253 0.0379913282567911 0.0169382787328156 0.0150575750635989 0.199946565186577 0.160635682698664
0.144352820042021 0.155734663405823 0.10189415839965 0.000554958095346513 0.122237259365281 0.159170231424328 0.170951681494194 0.125559935920955 0.0195442918524022
0.161710293116043 0.0812879929450951 0.088392223325877 0.0215027098210907 0.0392604561957969 0.0604352698551485 0.227406992973734 0.311029695609158 0.00897436615805723
0.119714529148802 0.149847561546082 0.112676363205342 0.125653051940942 0.0661592371414153 0.0407905849069511 0.171875594413222 0.151842785784962 0.0614402919122812
0.206778749866162 0.00708633182573807 0.170040350858622 0.0333512698369355 0.0569908137643774 0.221938230036271 0.0384694524857329 0.0571459521281745 0.208198849197987
0.247915621299844 0.0413014763296703 0.0474301189760888 0.0209492327047189 0.233671368117313 0.173953869195513 0.0262810372484949 0.144695274546877 0.0638020015814796
0.0957979397824476 0.048162326539839 0.0676147843609383 0.142645092024971 0.200170045015031 0.062450079266817 0.125690849502516 0.0818844679185386 0.175584415588902
0.197216893819663 0.171549509530054 0.0668660917526884 0.0562818143902899 0.0766822781200082 0.0599268199129801 0.133953280405082 0.139988930143891 0.0975343819253433
0.0519466147980495 0.205942883487609 0.162095448686748 0.015396115956131 0.0547814315081418 0.214378188013822 0.0549720825991554 0.11284585691423 0.127641378036113
0.067606589505231 0.138442456066957 0.0428262230585324 0.12319239810556 0.131767327081451 0.00559485521207014 0.153254173002839 0.152699748965416 0.184616229001942
0.123806593214545 0.0653204314761648 0.0192776782388408 0.163372159346295 0.0885537792972354 0.168850723653162 0.0812042276750574 0.184676661274639 0.104937745824061
0.0437191807079361 0.163906264186365 0.119028968458429 0.0291429971680311 0.194481802662049 0.134532042610443 0.108804693126497 0.189510297300215 0.0168737537800351
0.112525920322987 0.13457327879947 0.108653198799136 0.145097706048967 0.168414567838692 0.0607037508844269 0.0842900975218311 0.167240949478021 0.0185005303064695
0.0417632226978703 0.144325805470014 0.0900660550684896 0.109641913963109 0.149969928978132 0.10722816276675 0.0141169252470663 0.204477108167381 0.138410877641188
0.146247609525271 0.186641283411748 0.0890237543728012 0.0165189681248441 0.171969286887699 0.0340104172537609 0.105982626174031 0.112980774810736 0.136625279439109
0.0200364696211851 0.198976410030961 0.0480243610692257 0.199263824830311 0.117287709062234 0.102997330096394 0.16744404503815 0.104781048408009 0.0411888018435299
0.13697509167217 0.1936640327476 0.0419243775354971 0.0295168535478022 0.0904583650196204 0.148799986003155 0.0346204430803237 0.188179636399198 0.135861213994634
0.164626042226287 0.11270036297553 0.167962288584126 0.157588092019279 0.0301298223070105 0.159924286578995 0.00404902168459106 0.0433015455507109 0.15971853807347
0.165839846670508 0.0791355694038099 0.115751403751936 0.0409386969269159 0.0824946534900525 0.131139541335874 0.199282577872001 0.137165504460219 0.0482522060886846
0.0549390949867374 0.164162760324014 0.0641083515297522 0.144850789148633 0.172143570167503 0.218372158996675 0.0109684861694936 0.102203075609897 0.0682517130672954
0.136807104632146 0.14602784196464 0.0746949164595019 0.0652588801935955 0.111488710244622 0.152819269654982 0.0403175081613196 0.195988916217326 0.0765968524718656
0.167343031350257 0.155104930221504 0.17233922373127 0.068304416207941 0.0347979100438598 0.0422913482599371 0.0623470920497065 0.136835948489323 0.160636099646202
0.12654653046441 0.0537754575249378 0.0796058987873327 0.130508846224355 0.139609240302362 0.0744666783912442 0.18208191344991 0.0655322777192532 0.147873157136195
0.117355513094952 0.120383294903066 0.158483728763776 0.155421638430804 0.045209936281668 0.0558986769442698 0.107861235107442 0.155390343057122 0.083995633416901
0.22703429916402 0.160996465381266 0.127149083168612 0.124911072750933 0.118147736774211 0.0510787922841625 0.0398476919612323 0.0755287932403401 0.0753060652752218
0.224608553945037 0.132044743885209 0.112081957437211 0.149866205861585 0.12148648279574 0.121255918519965 0.0479692631508378 0.0593254024564434 0.0313614719479717
0.317752249162523 0.0381873674289252 0.236225225702323 0.118815863238371 0.10042293386209 0.0577340803206018 0.00399560694493273 0.0516232101336017 0.0752434632066319
0.111857422723607 0.0549684059766374 0.209480153729772 0.23354280959188 0.125028233363882 0.00855452844178261 0.152765811717222 0.0594198374358466 0.0443827970193709
0.211487675005218 0.0976445021120442 0.0287559577085938 0.0665086103110197 0.0458333886012827 0.205919582777172 0.0354997943604804 0.175114028061718 0.133236461062471
0.149153627767707 0.268084755983576 0.18756978672894 0.0599386490133686 0.0887438217886375 0.149694679812691 0.0174506972525208 0.0581628512062061 0.0212011304463529
0.00937362661563092 0.169537103174285 0.120282538340504 0.0516275747554366 0.0492942002941764 0.171952520687708 0.174059771401168 0.0593779852356688 0.194494679495423
0.0861319141508496 0.0406625815768862 0.121727484824356 0.0350192997352807 0.0700368334747048 0.172609171387289 0.12720434201561 0.116584781830376 0.230023591004648
0.187304192361912 0.158707521436889 0.000937824163561065 0.141116189028179 0.134539947496476 0.0360837652359874 0.0785402655130976 0.129857837458778 0.13291245730512
0.0611293756663281 0.244197969018615 0.0283513494971346 0.0473419244527104 0.113801278745958 0.0142818040694081 0.268180948277775 0.0518831170730861 0.170832233198984
0.0754380236066773 0.159463217614396 0.0752701803474807 0.0515254352172163 0.0758849415220116 0.170001226978359 0.15764287274426 0.15247934467313 0.0822947572964676
0.118079998585151 0.0663762581946567 0.180781916703472 0.187072642945046 0.0602017401900894 0.0790616219435723 0.119393058050178 0.0777982419790889 0.111234521408746
0.100143919351206 0.122085018388395 0.128030573651807 0.193719957495107 0.0409809799306499 0.112768766520301 0.145046656635354 0.0956918010295749 0.061532326997605
0.196084944598082 0.0780031142019693 0.185343276451243 0.00398770924095121 0.0599500374959035 0.0990931414383128 0.183923661779119 0.125592308421764 0.068021806372655
0.117304433462708 0.0716587292607149 0.116881085321796 0.12124441328509 0.0756866662917084 0.141122724111746 0.135095075611122 0.171366175985962 0.0496406966691532
0.0999624242727078 0.163249929653811 0.163063660880873 0.133059983573692 0.138043845867554 0.115694877942022 0.148326563088909 0.0281796074947657 0.010419107225666
0.137776119258829 0.163428252649491 0.0960990309315524 0.0149876767782388 0.124860339221124 0.185603122365167 0.129998258813861 0.141735428399541 0.00551177158219639
0.0573403236867587 0.0296072682628126 0.00761320118797672 0.173234956772526 0.13264564585741 0.0755696335544756 0.108830625140927 0.281915582400541 0.133242763136573
0.0435785255849796 0.184087704044173 0.0602007715021919 0.105209636259703 0.297955323687258 0.0319304132908028 0.107958670881984 0.121085850746708 0.0479931040021993
0.00874188123545263 0.0237476431378327 0.0219257998213903 0.211560284458931 0.208700853697136 0.148905442572574 0.163645116110745 0.128220749886697 0.0845522290792405
0.152845757402865 0.10080525839048 0.109627495342098 0.126990120664819 0.182482925871452 0.0741460435319324 0.0791006566632726 4.12158506479286e-05 0.173960526282433
0.0702613314520076 0.208805130528866 0.0522646230032293 0.147828218142543 0.0331982222186672 0.0786156374978312 0.191477432441973 0.139203435840189 0.0783459688746942
0.0795375366572842 0.106482716316202 0.0533711481648313 0.0273405692347181 0.184447822925317 0.130636691907722 0.156051418757675 0.124856559529136 0.137275536507114
0.209599369976545 0.0867831154347772 0.175322787808069 0.151065780678497 0.0432483335538709 0.0233014814739501 0.0156635295586428 0.146226902824681 0.148788698690967
0.146663624001892 0.103046864396122 0.187169188443516 0.173943034688394 0.0652587537711648 0.072301330899497 0.0566079373323582 0.166461963308773 0.0285473031582833
0.0844732098035171 0.191368184128429 0.0370920739439213 0.0551122733243976 0.261447767528997 0.0191585570146926 0.11859867958247 0.0909696983968258 0.141779556276749
0.0224247590930422 0.176323202054679 0.169066794053758 0.239402905092231 0.0341654441319918 0.00352637384085717 0.0838187605038485 0.239848428144428 0.0314233330851634
0.0702114405761972 0.205039107008922 0.1434822934719 0.0849199575616218 0.229256000084938 0.0367101874163872 0.00153112593939346 0.129023357119811 0.0998265308208296
0.189728633223471 0.0653390306945696 0.181456282559714 0.0644502410762552 0.140166706051145 0.0411187723167867 0.184572289645178 0.0293917551281576 0.103776289304722
0.134146357975973 0.193538575272815 0.0975790713099487 0.00435665072780611 0.065778855796176 0.180917379523728 0.185415624315325 0.0232051024170103 0.115062382661218
0.169643711103328 0.166950307421733 0.0334527754251896 0.0699573648734131 0.0124926532214794 0.169501361416108 0.130522226829317 0.0784119947565434 0.169067604952889
0.131175484873423 0.0629166263325998 0.128974647174939 0.168270405554047 0.140998782547525 0.121523551349566 0.059916630212464 0.00890935805439655 0.177314513901039
0.179090462264557 0.0672042665884161 0.0837121437748142 0.161417566773764 0.0255073587577005 0.168945276081449 0.0390410165077353 0.00867515024428611 0.266406759007277
0.0208463663403247 0.0645810393400951 0.0897803590097262 0.0716724884796403 0.163638241462875 0.0270958802136339 0.118384829084432 0.284384419537144 0.159616376532129
0.134311765259881 0.0782301652025065 0.0845548419721798 0.156502849506557 0.174085658217292 0.0961719911314012 0.00960398780906907 0.147108598655758 0.119430142245355
0.0196583141038562 0.103068490895637 0.169752324613549 0.11226540810363 0.213765395704699 0.0195134452275779 0.223636936082968 0.0423665763190808 0.0959731089490022
0.0337127766143709 0.13456451706473 0.173343914134701 0.074309241569973 0.17530834926066 0.0732498207389781 0.136677045132485 0.134052890659551 0.064781444824552
0.105453527350202 0.0243382604386506 0.130110055959136 0.0615953292672148 0.130332813686895 0.184245059714943 0.133578002590087 0.170339008091824 0.060007942901048
0.0607571850955788 0.130934441652101 0.0329964165134835 0.159337898513451 0.147278426454941 0.127369376194762 0.0902522105111978 0.176099313189202 0.0749747318752832
0.209261098118899 0.0208515849110521 0.193914710500517 0.106847370851566 0.220521540987375 0.0534691985605217 0.0693960093182893 0.109516749176951 0.0162217375748299
0.0518087895507233 0.0411944570551764 0.114666111860745 0.17604458309771 0.163763447269971 0.149631281599654 0.0341893352352839 0.0904570538660418 0.178244940464695
0.0440691526581923 0.20034657176657 0.121338629218578 0.103468111700788 0.233826675436378 0.0363428863840013 0.0994311224169986 0.135210770400539 0.0259660800179542
0.152528421004455 0.147284928157199 0.137547938406551 0.0609239030942947 0.105734133740302 0.23170994562659 0.0388519546301964 0.0815237500671698 0.0438950252732425
