0.206319084015717 0.0376732477290726 0.213218048758185 0.359453779735811 0.183335839761214
0.208968233753901 0.285646764247038 0.131066710693315 0.134369437616272 0.239948853689474
0.194284554887745 0.197468921845002 0.0156948689372433 0.139033270996682 0.453518383333327
0.213966893527848 0.266941865524433 0.253499002452086 0.149843865201677 0.115748373293956
0.280500657497094 0.217808459732362 0.205224312414478 0.10973232634306 0.186734244013006
0.245158684773408 0.262573405232506 0.248060164877221 0.087905413694218 0.156302331422647
0.198937010816156 0.19861636008165 0.187948208701898 0.154187564970183 0.260310855430113
0.220585399432221 0.244916846621734 0.0546630866824706 0.311137313009753 0.168697354253822
0.0215539490770116 0.495564397368932 0.173465012279222 0.167431292860982 0.141985348413852
0.0842394352125537 0.118712580354526 0.310386118987791 0.221982261569025 0.264679603876104
0.221292906481111 0.259029291202529 0.229323976539622 0.0605589661489618 0.229794859627776
0.191958618125322 0.221714477152321 0.205923494111614 0.253198882171878 0.127204528438865
0.358005468700809 0.272813461843416 0.0866636717229769 0.0164250869463899 0.266092310786408
0.333041485600344 0.144241367147145 0.0452360943973644 0.187225587501335 0.290255465353812
0.146180332071801 0.0464625075734772 0.240106019875544 0.435239874588374 0.132011265890804
0.249534541062127 0.0647564907197419 0.28477364049768 0.14760956917033 0.253325758550121
0.1141250900728 0.0164804331612735 0.316921228100526 0.440076409884298 0.112396838781102
0.248266256895759 0.0741023308852212 0.254075007973981 0.232797639727092 0.190758764517947
0.003750369929676 0.264665317913479 0.15963301041889 0.381810465519722 0.190140836218232
0.287875950822519 0.321340777237251 0.0371231632462475 0.0974703136588416 0.256189795035141
0.0532848693858139 0.212596433985878 0.136372152946718 0.382224163551727 0.215522380129863
0.169016143069201 0.161662505223523 0.285508813991845 0.19260995694542 0.191202580770011
0.301996407277122 0.276949457271718 0.205433116256267 0.00870584887396716 0.206915170320926
0.165971435670346 0.417831690289584 0.368699151232046 0.0415377251762283 0.00595999763179557
0.133124647403195 0.303045318098536 0.181937754869507 0.197901851233749 0.183990428395014
0.172224488843482 0.0864264271596474 0.117722774005205 0.308297308780895 0.315329001210771
0.285628915095761 0.0216266307688393 0.371476736298516 0.171462638033996 0.149805079802888
0.327475673773139 0.0811353803986117 0.108186672016175 0.29939867749326 0.183803596318815
0.457604202974833 0.281520314752199 0.0695687495591725 0.175393012777675 0.0159137199361205
0.207635626500375 0.0722503269241575 0.252781492862744 0.319721888979486 0.147610664733238
0.300768084529597 0.323000432049406 0.0124091411303954 0.179323012612184 0.184499329678418
0.133519598960892 0.237996784877177 0.276331465896232 0.136498099830776 0.215654050434923
0.0194277600856301 0.283759033922764 0.108050249966408 0.157680418099179 0.431082537926019
0.196604372141485 0.215232199360185 0.241104086661497 0.118837965252137 0.228221376584695
0.141643708242896 0.0637609985628475 0.160104202444534 0.359361440018266 0.275129650731456
0.168090715089 0.230144294917839 0.152231036144274 0.180170077126222 0.269363876722664
0.18866111318494 0.333390288936088 0.295666556938148 0.150906841081921 0.0313751998589044
0.339538937900756 0.159159989899039 0.456500453611164 0.00622872758374818 0.0385718910052925
0.232328529785876 0.232328293929143 0.0806114275996166 0.320681426884332 0.134050321801033
0.252600112041155 0.108036139933229 0.164278988270474 0.276763409390949 0.198321350364193
0.347756646555587 0.0120405897097212 0.171423649352114 0.320653867653647 0.14812524672893
0.382975097860809 0.214178925717846 0.046818361428616 0.256599197409644 0.0994284175830844
0.123210111395676 0.246255937388254 0.122377697762856 0.212876449572201 0.295279803881012
0.298622373788475 0.0946114540678572 0.0117589849547565 0.472303866973525 0.122703320215386
0.123981365914136 0.208872459105513 0.275710195231714 0.173378879404185 0.218057100344452
0.365929022390676 0.0278289140342299 0.11798045769081 0.294358532458275 0.193903073426009
0.299861323453142 0.228083410106107 0.120684211413955 0.216564997283382 0.134806057743413
0.349830760298404 0.0987148447346141 0.146173549982081 0.23619909621459 0.169081748770311
0.364304353630052 0.125273444384888 0.079841425843647 0.330408860552533 0.10017191558888
0.140476518729191 0.184763245018942 0.0708001127960194 0.305097870093663 0.298862253362184
0.394476323891344 0.24796801039335 0.0702939936745328 0.0448976047800738 0.242364067260699
0.269964162057248 0.203248831841541 0.205531175581814 0.140024403226123 0.181231427293274
0.295860970153204 0.125152239057131 0.147720756167962 0.135816501595491 0.295449533026212
0.292367279562814 0.264812891841767 0.0294327915187442 0.314132817287143 0.0992542197895312
0.201591855966221 0.222918882628579 0.171146128488115 0.190112451817515 0.214230681099571
0.194511335253704 0.248399198289051 0.242544500356131 0.135612078649941 0.178932887451173
0.197146928378973 0.236992361979184 0.244786677790676 0.142524992550277 0.17854903930089
0.138016396986422 0.0255836014195349 0.313356131494413 0.365616004101968 0.157427865997662
0.19458630965403 0.252326047844058 0.304818755110422 0.154832346411767 0.0934365409797227
0.0997321025145648 0.304915974307034 0.07325837780196 0.263226279441308 0.258867265935133
0.22200698781441 0.147591491427784 0.122128545791474 0.206127038540977 0.302145936425355
0.219394531366681 0.212753267256135 0.228231830455363 0.232096928046693 0.107523442875128
0.109255376156837 0.00220260353502209 0.373775168102359 0.15978400035626 0.354982851849522
0.188534914221785 0.288010526293154 0.221498055170761 0.220458208108137 0.0814982962061626
0.224955903822805 0.165061651106511 0.0154708245461623 0.484344943708142 0.11016667681638
0.262620129954229 0.0743761265707697 0.114339816391183 0.394331725908455 0.154332201175363
0.137504472865226 0.380544446346281 0.0739257756634074 0.332491869238542 0.0755334358865434
0.201292254704636 0.00731457375444049 0.124344854467054 0.573771186132326 0.0932771309415438
0.0324435514963994 0.224670700297858 0.142680133346222 0.12631666362229 0.47388895123723
0.108951927397673 0.0390750003996256 0.143439051604275 0.295334298483935 0.413199722114491
0.056539847199171 0.148706826019617 0.261469620543449 0.0580869083798589 0.475196797857904
0.312577848839299 0.00739022476204985 0.197080931773423 0.18391733379974 0.299033660825488
0.216822605237925 0.201020056297154 0.336047596030787 0.150651603044778 0.0954581393893553
0.234438927617646 0.0285144034193941 0.296290603912249 0.19044338530247 0.250312679748241
0.138983847785869 0.377994351237789 0.0863575667072288 0.263097779179851 0.133566455089263
0.244267616520297 0.0471201993154211 0.191296022849766 0.279799937873728 0.237516223440788
0.0643836357439961 0.454927549136813 0.0909389299138064 0.357087860865122 0.0326620243402628
0.0205228999249678 0.15687786075258 0.150102727046774 0.199421606626252 0.473074905649426
0.200280109771255 0.140782919294453 0.281669241694236 0.317949022047842 0.0593187071922138
0.17977310404335 0.132209129300362 0.274862714743779 0.166507379262772 0.246647672649736
0.208787027325134 0.192089940107087 0.227888199120356 0.222653980073617 0.148580853373806
0.17950252118693 0.113470674935409 0.117657420756718 0.142858991760355 0.446510391360588
0.201045632483923 0.387772869833309 0.0147539505416165 0.215873442062643 0.180554105078508
0.362085775777201 0.00683874314796821 0.154335396438178 0.41821038473011 0.0585296999065434
0.172146693995654 0.183479038762071 0.24841146095666 0.265732610650147 0.130230195635467
0.383913291275821 0.120293589962563 0.0034814713809549 0.352812192063968 0.139499455316692
0.218806517558893 0.17201961451923 0.390180101172711 0.157907045900966 0.0610867208481998
0.0790723859229306 0.158660040467795 0.207510426759203 0.544610805425422 0.0101463414246493
0.174333813129455 0.247989920561471 0.321104844947811 0.0745299137473478 0.182041507613914
0.350237305833932 0.409480248620333 0.147949920668298 0.0636060260921794 0.028726498785257
0.198287918972312 0.143608521939815 0.0942116620832738 0.385543052911982 0.178348844092618
0.0201558515219727 0.187657502428724 0.361784122581958 0.298569061992321 0.131833461475024
0.286368196349377 0.356859032367631 0.149799375982671 0.0429427664638498 0.164030628836471
0.246269624890226 0.322846266645175 0.0498062578892241 0.167979322172846 0.21309852840253
0.00633370658500716 0.303498203619985 0.10874792682597 0.252010891012319 0.329409271956719
0.227677926051398 0.260844689252241 0.177293648179017 0.274780307964774 0.0594034285525693
0.0482795057180922 0.230416305510221 0.335691839773752 0.209801313659633 0.175811035338301
0.148649156096498 0.162788896922633 0.370586040457481 0.0674321088171228 0.250543797706266
0.263948033331496 0.147667904382671 0.283360276545927 0.170930952274568 0.134092833465338
0.216540965242546 0.229540838901043 0.282103168246442 0.153711347266585 0.118103680343384
0.280132876600957 0.0389276755915839 0.264165680689549 0.138346907578117 0.278426859539793
0.187725778578071 0.326812655798488 0.064123705431555 0.329334641903594 0.092003218288292
0.289319453829404 0.0518983178560628 0.292487832610309 0.28317170425993 0.0831226914442946
0.241124721093599 0.0452911091240094 0.129440541897495 0.272456715731375 0.311686912153522
0.333691021627078 0.107101206280466 0.213796514869497 0.00643179896640326 0.338979458256556
0.23749752048985 0.216122422874264 0.11281756575152 0.204726905091488 0.228835585792879
0.197769226062717 0.153988693516994 0.253424330071483 0.244671108263624 0.150146642085182
0.0486393566930703 0.285498615166491 0.239906890992551 0.266034693082058 0.159920444065829
0.0948885234434386 0.191623435618436 0.205305766511935 0.262043526366345 0.246138748059845
0.181402343574755 0.0243275371703094 0.0450436797305059 0.306257771352382 0.442968668172048
0.00541408912256204 0.0276216876552423 0.537407502051992 0.392643961732294 0.0369127594379098
0.134125883545723 0.199227593945769 0.31727114056826 0.0278401900760483 0.3215351918642
0.10044200968402 0.206201556959179 0.090404200385908 0.303492308170673 0.29945992480022
0.042140541071962 0.371740917631385 0.355143249886198 0.144757265508134 0.0862180259023204
0.0825731052431583 0.209371399760071 0.489237121675945 0.195605983382892 0.0232123899379334
0.482574340099637 0.205150605267353 0.172540826000171 0.102259215093738 0.0374750135391003
0.32107556434678 0.00862811312795883 0.350227927890733 0.272829498901216 0.0472388957333116
0.2916009259202 0.237668626917869 0.279121354022558 0.0341109336950208 0.157498159444352
0.277796517527148 0.279747686174956 0.0452252337494405 0.0731235491745935 0.324107013373862
0.201963121826129 0.213307800966987 0.0897688348839179 0.140039392610984 0.354920849711983
0.0936715067445256 0.28016583198784 0.144096534125787 0.166494556884098 0.315571570257749
0.298117019930886 0.0670984776954123 0.28782782565755 0.15488939776662 0.192067278949532
0.0493600843938378 0.261826453103461 0.151515185873975 0.335781598879317 0.201516677749409
0.232842762996911 0.192362867631316 0.238889835075538 0.0693321587847769 0.266572375511458
0.0640525161074074 0.275540100462075 0.264925148524915 0.141538242519407 0.253943992386196
0.156406300882189 0.252228764997914 0.223761089070051 0.181374073944619 0.186229771105227
0.0492266232895498 0.0914727155625364 0.319029425415938 0.240879285993956 0.299391949738021
0.274430811399283 0.146154029208654 0.0695789147513675 0.400587022524471 0.109249222116225
0.0789544910527255 0.322921813654186 0.0757715331382764 0.259530525142925 0.262821637011887
0.286639600234789 0.183767807920149 0.205466259496948 0.125400725212207 0.198725607135907
0.414599916693104 0.030781095985715 0.346975070101683 0.0401268558662427 0.167517061353255
0.123208083657461 0.331655476756679 0.307563009315303 0.00719132778230192 0.230382102488255
0.170455813690029 0.195895690554642 0.121665098863026 0.182914204858475 0.329069192033828
0.0698664438718705 0.215021597308174 0.14324297239246 0.34130150331151 0.230567483115985
0.190689796414705 0.272039583304167 0.13736775599665 0.198641927053673 0.201260937230806
0.0597551520688489 0.25026894750021 0.477557194786411 0.203801602656748 0.00861710298778132
0.168818402243806 0.0133948397495031 0.332756559497593 0.147188647626339 0.337841550882759
0.150427607713212 0.398084986837273 0.1462530712489 0.284847665981467 0.0203866682191465
0.267706897283678 0.109768237591101 0.293528223117959 0.176320521292512 0.152676120714751
0.167805962058854 0.304958847737735 0.226286438327635 0.276944829704815 0.0240039221709606
0.27016301478661 0.263773036936057 0.0544154377713286 0.201271515836162 0.210376994669842
0.240795887267054 0.37361328127974 0.192157031453381 0.101085379205162 0.0923484207946632
0.337996544281174 0.0120851843542907 0.311583466219025 0.0313175157220121 0.307017289423499
0.346254163689606 0.045087865990643 0.167770884427226 0.326783110681568 0.114103975210957
0.0306418775113077 0.265187385725423 0.256272048472173 0.230979826293009 0.216918861998087
0.332987828817777 0.414243899521534 0.106166391532787 0.0516698668660759 0.0949320132618257
0.102864661478717 0.231040226153824 0.260087224443949 0.251303053873143 0.154704834050367
0.19279280942769 0.136398757324922 0.491217361764718 0.0704904013617712 0.109100670120899
0.260857074759415 0.0453250306676191 0.405793267503497 0.247925899522903 0.040098727546566
0.275948298056377 0.0553718253407766 0.248421918904485 0.224976103802902 0.195281853895459
0.107211719430531 0.294938010459818 0.0800322922057284 0.424724957041765 0.0930930208621579
0.207251282363884 0.171720585195807 0.227274149871065 0.177968320199797 0.215785662369446
0.0499205921737557 0.139316231993163 0.504009604663951 0.0967854796326915 0.209968091536439
0.00268758779690187 0.279236314654822 0.093776455992775 0.465258562115688 0.159041079439813
0.151838431086982 0.382037084297039 0.00310230940438938 0.356214816270428 0.106807358941161
0.0184577935343087 0.219645621058015 0.239807444803753 0.265744173216653 0.256344967387269
0.142380296581436 0.189209381019544 0.262281007082313 0.0953496448458141 0.310779670470893
0.0199725932478265 0.025779305143841 0.394339979430135 0.311611978228609 0.248296143949589
0.106071947429588 0.21542739730076 0.190670372029394 0.184092574739398 0.303737708500859
0.304550845084616 0.177634076737689 0.0643569207665321 0.295161238473417 0.158296918937745
0.120465681875379 0.109304764547764 0.159747565143129 0.399328670929091 0.211153317504636
0.232700745910432 0.0991664787445425 0.345339916287252 0.0982308019534817 0.224562057104291
0.159244755262554 0.193838358357012 0.317700649065916 0.149151837985292 0.180064399329226
0.155922753260351 0.251402747356232 0.281238054754697 0.214962154793663 0.0964742898350566
0.0591295747464889 0.178789584412782 0.159573844633836 0.440166553448105 0.162340442758787
0.104178050456582 0.183237255806522 0.245457576889673 0.169305290139754 0.297821826707469
0.204215300562789 0.034699987025288 0.29720725893541 0.0763373831700463 0.387540070306467
0.286646575428647 0.307295133781443 0.26589430768277 0.0283144206862138 0.111849562420926
0.0201217078388882 0.392162842631264 0.246355248314654 0.3413328746168 2.73265983934289e-05
0.0269980338087971 0.427078765224318 0.226121656883083 0.0444174821124989 0.275384061971303
0.0787539487481514 0.308775857969471 0.243772175529238 0.285588681620157 0.0831093361329834
0.190627617796876 0.176584385540245 0.159944960198408 0.221385649741956 0.251457386722514
0.208876635285489 0.240679257599838 0.0395756993750891 0.204957943716251 0.305910464023333
0.28266277830077 0.130306877083212 0.247981881399885 0.316192185948646 0.0228562772674878
0.392000555774126 0.0905470344691141 0.0659566068834033 0.341672926083057 0.1098228767903
0.208084755234853 0.117974731495517 0.287069592786594 0.131895435890033 0.254975484593003
0.273347981516853 0.0273016885939447 0.0661760240306464 0.372225609222813 0.260948696635743
0.400061538288697 0.0897647974546268 0.0727343716313187 0.137522136038115 0.299917156587243
0.218423508993519 0.190649734723656 0.232428794054282 0.124097502247945 0.234400459980599
0.318831485437862 0.227123987812448 0.167181622616289 0.109488712784028 0.177374191349373
0.16973368294279 0.128254315857565 0.271249890580628 0.223013713763754 0.207748396855264
0.191465744648429 0.131089409541237 0.315584800090642 0.239772257614476 0.122087788105216
0.35900780941412 0.0113957244739095 0.0633881899197877 0.414955603424396 0.151252672767787
0.321841691299238 0.345962189998878 0.0138476210619835 0.28037764807385 0.0379708495660505
0.283155848586287 0.285864727522832 0.155277079156986 0.180481364404396 0.095220980329499
0.149944989430284 0.310856234051245 0.100629192829798 0.299297022166517 0.139272561522156
0.151978415225691 0.306003058962213 0.304701723092021 0.187790405531489 0.0495263971885869
0.364455201735657 0.185649209507393 0.172731567957938 0.0281674190795533 0.248996601719459
0.20845523067742 0.264961420920483 0.0683721725909765 0.039709052023571 0.41850212378755
0.00100258726834393 0.0578064066104913 0.673009597528346 0.0419822360475568 0.226199172545262
0.113007600915154 0.247896047192466 0.253382621004131 0.257689641941177 0.128024088947072
0.320092977006352 0.229503007192003 0.272691158292147 0.114563337922341 0.063149519587158
0.312375005842822 0.354508961159808 0.102959468209446 0.116029651182087 0.114126913605838
0.356678234178379 0.162773089095081 0.117144640150347 0.0702990186808049 0.293105017895388
0.271816920054058 0.144707257521797 0.214061723258453 0.0984664688664356 0.270947630299256
0.220392074524491 0.230621487394623 0.138274075666328 0.186150088466457 0.224562273948101
0.271808025186199 0.154253208841865 0.139562967767914 0.143348343027707 0.291027455176316
0.079070291049016 0.192703534263325 0.276284401777026 0.238492477337192 0.213449295573441
0.128944507735492 0.277550613170595 0.272984252526385 0.0397973168100506 0.280723309757476
0.105830249164274 0.279203535925646 0.133031609060082 0.209669179713827 0.27226542613617
0.14385980285702 0.175619058979471 0.426480240591486 0.181063727065337 0.0729771705066862
0.0493627655473966 0.283736354829179 0.129436465221309 0.227448909668833 0.310015504733282
0.185505235260443 0.315290856637214 0.167558852504115 0.1978522108067 0.133792844791529
0.0703934125740523 0.174698191534225 0.369316993823268 0.282784947574454 0.102806454494001
0.0137355180510281 0.058630095821854 0.326319970910049 0.304456852503788 0.296857562713281
0.110927018214704 0.288242148039636 0.0292770441269006 0.496957456590391 0.0745963330283682
0.24246868979783 0.220864408186788 0.202561615663529 0.191509439159308 0.142595847192544
0.0658419371801387 0.0701953619429407 0.374958921483422 0.185299958710314 0.303703820683185
0.181118841580749 0.0294249049037797 0.16291402195789 0.276473539358467 0.350068692199114
0.123598126232549 0.262661279062972 0.206959523453689 0.197981288369023 0.208799782881767
0.0788010776089101 0.271941074754563 0.0586924020384149 0.149601551821382 0.440963893776731
0.0541778765126587 0.306046669038486 0.301725147459437 0.229717264406528 0.10833304258289
0.152572741640216 0.104058702702634 0.165814304687548 0.287367217847043 0.290187033122559
0.166526597924774 0.262266467811101 0.17625867446482 0.116382099069211 0.278566160730094
0.202244564019506 0.075922709943386 0.337445943287179 0.046855767978831 0.337531014771098
0.0814604473465115 0.266648272269336 0.282428396395479 0.164593090055381 0.204869793933292
0.0607605929898446 0.04333025513924 0.318548699395636 0.289711910593601 0.287648541881678
0.30497737333193 0.0280666592496822 0.285538246937793 0.0235864523504181 0.357831268130177
0.281407917816247 0.0301390399518109 0.149880180077903 0.2345891844774 0.30398367767664
0.318562628247159 0.294484413430877 0.1063460187819 0.199685338997882 0.0809216005421825
0.252217636822089 0.263681704001191 0.0764891409377006 0.0136893702479777 0.393922147991042
0.214732639112116 0.132788412883868 0.399816129588462 0.205940512403305 0.0467223060122486
0.320893926742709 0.0120530713084869 0.132068166078164 0.158402376541812 0.376582459328828
0.211642934366784 0.072070618970905 0.0188169460369459 0.380836583628508 0.316632916996857
0.0380610785969057 0.162726126845697 0.243592878910539 0.486419034275963 0.0692008813708954
0.212666799817058 0.0375456845487158 0.349040289292373 0.110535551178649 0.290211675163205
0.24836163100727 0.128668640839832 0.1126899830168 0.28520868150956 0.225071063626538
0.218211294231991 0.212513339220138 0.206894635631759 0.30656264250507 0.0558180884110416
0.342654878735216 0.448801058956598 0.0207187921568613 0.0420142601243563 0.145811010026968
0.120422652526121 0.260117874427388 0.211525018969953 0.169404756705546 0.238529697370992
0.244044941924256 0.382638696358849 0.247096204464766 0.0825112802165854 0.0437088770355431
0.14082546404547 0.399355850165927 0.173966744830707 0.0523268205563936 0.233525120401503
0.161075011111045 0.115186457777093 0.288636369196349 0.302318638053125 0.132783523862387
0.261940167177211 0.183923959183938 0.14722486380094 0.232417933004891 0.174493076833021
0.0666022177940195 0.156820538174894 0.199906596552399 0.0566099980875354 0.520060649391152
0.226375787909 0.262067378467341 0.133352075464047 0.113290447740064 0.264914310419547
0.0772815852260647 0.287113852770926 0.23917152208094 0.0985111148810167 0.297921925041053
0.232936934393799 0.247244824894613 0.158800910146388 0.21059653555683 0.150420795008371
0.341868424001417 0.00397842972543921 0.167986445805293 0.318777172974169 0.167389527493682
0.124903118316607 0.0572526402044749 0.190012766432913 0.24267968278886 0.385151792257146
0.212717347722715 0.118793132433673 0.2498883155855 0.165309595660725 0.253291608597387
0.327982552011256 0.275396224653702 0.170353297326103 0.0994384910514527 0.126829434957487
0.359528211570794 0.384240034634207 0.0414711998097234 0.12665177981968 0.0881087741655963
0.166141876435068 0.302817877973087 0.227751221764823 0.253027913541528 0.0502611102854947
0.330154107418572 0.13566341031876 0.0946940786373792 0.253566785776184 0.185921617849105
0.0962039577887172 0.264346854981832 0.28445867704988 0.278609968851034 0.0763805413285365
0.359440101659427 0.0489074863156268 0.160003514210659 0.229412242178535 0.202236655635753
0.372129088315915 0.333794875803646 0.0284114864832948 0.134762660535236 0.130901888861908
0.329236719627491 0.189979113073244 0.424069445722838 0.0340590549498145 0.0226556666266123
0.0237994104376491 0.183544375269759 0.283155087627919 0.270663829435608 0.238837297229066
0.317907750143088 0.0302007995391078 0.289725397926259 0.219173559096941 0.142992493294604
0.046793227879525 0.14560051823757 0.492216180748848 0.037221693110836 0.278168380023221
0.0614286692454907 0.132883257916455 0.25792677294766 0.294389133691159 0.253372166199235
0.239223246170828 0.193240466498253 0.0735501700486039 0.239508805794223 0.254477311488092
0.140313614579442 0.2460203738261 0.154862752754545 0.0265239162710491 0.432279342568864
0.5313213260036 0.246962035513653 0.123539362306997 0.0177669631790419 0.0804103129967073
0.154588740088877 0.213343524374987 0.216205810029634 0.190709222822286 0.225152702684215
0.0798410386716071 0.473068525251506 0.206570212500742 0.196660513709396 0.0438597098667487
0.317605768447205 0.338425105636811 0.180076916287088 0.161863542140453 0.00202866748844301
0.176380345855188 0.272223735032562 0.214494426857334 0.104711136538684 0.232190355716232
0.364351322205829 0.312788018650391 0.0128081063393531 0.20867309340444 0.101379459399987
0.293172510712899 0.0961927749636134 0.253692790758169 0.267513844242183 0.0894280793231357
0.117958032257302 0.192016431235327 0.292399384606368 0.267282766129561 0.130343385771441
0.0873004665089055 0.079910180178219 0.321049337545702 0.236315418397358 0.275424597369816
0.0481839048830743 0.139565625265038 0.402824725794877 0.264236743882343 0.145189000174668
0.177158695462174 0.180713549991798 0.266779936743424 0.286380227119106 0.0889675906834983
0.306705214412265 0.31255976482908 0.0725092920242854 0.107660549644713 0.200565179089657
0.412595570133204 0.14343722974065 0.135362246184552 0.0132684400019842 0.295336513939609
0.258606037751046 0.103152765310894 0.159074781872628 0.272000449275914 0.207165965789519
0.228172799261986 0.208103921042042 0.100028407889736 0.208981839585003 0.254713032221233
0.0120767734822109 0.252161533457825 0.196786525064627 0.234139216909374 0.304835951085963
0.265819038759782 0.259390908323275 0.117641388780696 0.177159443198278 0.17998922093797
0.0118104148098197 0.231038018787879 0.134011771594712 0.465776001472445 0.157363793335144
0.0170998695865899 0.247504216135411 0.241936012683019 0.277736140701341 0.215723760893639
0.105198491660007 0.160757137895182 0.455723304154944 0.0861520858070557 0.192168980482811
0.231406468235729 0.0281028190655245 0.19365103793795 0.114843775023621 0.431995899737175
0.414758653623553 0.176396642798749 0.325600676881281 0.0166546649626834 0.0665893617337337
0.241438131143034 0.298306541074028 0.200701067249818 0.152395310803407 0.107158949729713
0.152194747619468 0.319431243062619 0.136595921438915 0.337503008196787 0.0542750796822107
0.33132822514552 0.00911458354015012 0.0432792328995085 0.415347681470725 0.200930276944096
0.217818438346708 0.145382907962981 0.0726443301714994 0.314326967667298 0.249827355851514
0.377341773978581 0.184748121477817 0.172714355386566 0.114731178557418 0.150464570599617
0.0500778207003283 0.0362425315590477 0.364669513934906 0.327567622484188 0.22144251132153
0.252696518635971 0.202781251552972 0.131322230867815 0.169040111400109 0.244159887543133
0.00968689702248896 0.278965267454769 0.123101621837208 0.349438797548744 0.23880741613679
0.0356520234301572 0.230610949387287 0.234290153390751 0.273072955793071 0.226373917998735
0.335471441011295 0.266380217475197 0.0804240097170545 0.270363679665736 0.0473606521307166
0.318947628059001 0.0436298533690204 0.317499339543819 0.0139130285827272 0.306010150445432
0.105867278835391 0.315025907745161 0.22527528964757 0.323205232557103 0.0306262912147746
0.0568852019540991 0.111977827167965 0.406578272129003 0.139424278964266 0.285134419784667
0.300838321938379 0.113231533924774 0.36125164636348 0.143154020675133 0.0815244770982343
0.110811066882269 0.0889667807383347 0.063286913746804 0.349511452082898 0.387423786549694
0.0438028733651795 0.134468806467782 0.196375722749863 0.29505963362147 0.330292963795705
0.17048440789389 0.107128959228923 0.173307482031933 0.144222434244772 0.404856716600482
0.219163879485261 0.408941402590786 0.111310934648718 0.023472469890369 0.237111313384866
0.110596941053432 0.166766600732208 0.164826051476987 0.467851137367725 0.0899592693696484
0.356754000473736 0.136517843276825 0.0786325046074052 0.256501579454124 0.17159407218791
0.313300982204798 0.132538442239578 0.160650738681057 0.212984104793655 0.180525732080913
0.27655424906135 0.127397760937817 0.0239821001317696 0.281742935969264 0.290322953899799
0.0750215605340084 0.167506070587974 0.251172083017024 0.34251203128369 0.163788254577303
0.119316946836695 0.207100983933055 0.216087625524801 0.0813002311496941 0.376194212555756
0.265733080174994 0.147155394157113 0.171637178099549 0.354045557133129 0.0614287904352146
0.400053999586426 0.183754551145197 0.0428347369816715 0.0953664181075237 0.277990294179183
0.00820166213798907 0.398874990244639 0.0908824344568772 0.00716257678932472 0.49487833637117
0.381581398604878 0.259304253586667 0.112417979411958 0.234073891148555 0.0126224772479426
0.0428494917132166 0.196901789311544 0.269177882323192 0.300920880552084 0.190149956099963
0.242801887995613 0.199111925841923 0.197583458133339 0.186265849442046 0.17423687858708
0.0326701002009288 0.093586900943484 0.186964012916664 0.453262795306131 0.233516190632793
0.1756783160282 0.302708136876493 0.14814694035598 0.194907640148428 0.178558966590899
0.0757015328336845 0.239634725230816 0.152454066919725 0.273252706172362 0.258956968843412
0.131490019069741 0.153821803766658 0.207375527492694 0.172921884696544 0.334390764974362
0.389474863062249 0.0829435871620338 0.103608560946957 0.146028479975789 0.277944508852971
0.243141075348289 0.223109798525813 0.190016046467638 0.220590207387101 0.12314287227116
0.101760516425123 0.263305836493692 0.101310346642347 0.366006958813188 0.167616341625649
0.222554090227078 0.158097611194556 0.401319835722868 0.187006523953022 0.0310219389024768
0.393127609260001 0.0609087539138776 0.25473039882226 0.182048267194997 0.109184970808864
0.177406699527205 0.341886357505111 0.160824017322593 0.0213668862563271 0.298516039388765
0.0306671231305041 0.275793374926684 0.235119255177645 0.305289117400206 0.153131129364961
0.455105196059623 0.0972623124438763 0.0188825534272543 0.0212788023212714 0.407471135747975
0.137868154253372 0.269017223536821 0.224765534236798 0.156637803541032 0.211711284431977
0.299861566603553 0.0447017154018216 0.178955217502051 0.384019796885027 0.0924617036075473
0.247614569795197 0.139252683443761 0.407585898933857 0.147966919384857 0.0575799284423291
0.278204406292327 0.31706660755962 0.247037125533204 0.0303606732248969 0.127331187389952
0.31148206633951 0.30930970932457 0.0992157875785008 0.236091741598883 0.0439006951585371
0.103551628062074 0.0128901009536162 0.550428248860637 0.18708587808876 0.146044144034913
0.268904874058213 0.0901414098766913 0.296945383709343 0.319499483395343 0.0245088489604096
0.248289782810566 0.312209182684832 0.133279405254524 0.0916813256879417 0.214540303562137
0.196782199454602 0.180767303513973 0.234953385204319 0.347021326698302 0.0404757851288046
0.180245451817858 0.340848193523157 0.218419017206147 0.141056785049885 0.119430552402953
0.274231276775786 0.23549828065115 0.0736943074470497 0.128419663347595 0.288156471778419
0.284983663080452 0.0651289851139794 0.242617312382944 0.162823980136217 0.244446059286408
0.0624811911415012 0.259516909751558 0.292268272378698 0.305001760528701 0.0807318661995418
0.080682168752867 0.368981952375781 0.0792323556833793 0.361805758356683 0.10929776483129
0.131283052200745 0.174067892930314 0.280122356237794 0.180080673334582 0.234446025296564
0.0623385673364316 0.128824719410746 0.00408544757600675 0.343140586639779 0.461610679037037
0.169067592605422 0.288757094989039 0.0394651904104397 0.152179626953386 0.350530495041713
0.0633774473590573 0.278905082352173 0.277276937357367 0.309156708042026 0.071283824889376
0.124311272236646 0.207043141217071 0.259072019439995 0.251826061196789 0.1577475059095
0.183709939876135 0.3517453635847 0.235970415428751 0.0650383731154287 0.163535907994985
0.307489189893638 0.328612548052952 0.16813736116874 0.129748971342272 0.066011929542398
0.189493881955541 0.299633308314016 0.203603019414965 0.235853299994187 0.0714164903212919
0.0295126187746381 0.298831507305649 0.25251492628522 0.105870444210001 0.313270503424491
0.181639120894834 0.199640210393863 0.27633299585211 0.267754646041063 0.0746330268181299
0.309268510640685 0.166307251363855 0.0804361079721103 0.286620877828778 0.157367252194573
0.338633935349286 0.0583071793471018 0.150773105544754 0.434757547491371 0.0175282322674871
0.22683304344147 0.306305533100505 0.152332788911102 0.00509206563818747 0.309436568908736
0.0961471101349802 0.341942157628913 0.275536540704509 0.248693720956911 0.037680470574687
0.241318015897438 0.0987472861840182 0.217139109808157 0.215791425579466 0.227004162530922
0.0945222189547692 0.242714209874678 0.0669104862192886 0.307031877679356 0.288821207271908
0.275126445944614 0.239248388164725 0.0812510515168904 0.213301820672064 0.191072293701706
0.166335178023444 0.339923928725634 0.209329776485092 0.0419512529987526 0.242459863767078
0.118674863377798 0.29338450016197 0.273932830289786 0.208777326667 0.105230479503446
0.253567933884173 0.231983637951299 0.120379967913962 0.228078467068347 0.165989993182219
0.150786714905261 0.393082791728562 0.20989329204063 0.145306515532644 0.100930685792903
0.255402494841435 0.293635944285976 0.22579404835124 0.0655532451262213 0.159614267395128
0.179302933095079 0.0868841251718954 0.13212721874552 0.216114926005952 0.385570796981553
0.164023470673608 0.171624208502541 0.268294697246941 0.181714843126486 0.214342780450423
0.113697961981657 0.339377754048674 0.174086214261353 0.0834723885984096 0.289365681109907
0.290922410533963 0.000705606576201856 0.285377403166533 0.250141967042221 0.172852612681081
0.200662166661053 0.161301818388252 0.313776657886026 0.0250821455256343 0.299177211539034
0.36123859780954 0.363315520399849 0.0268671046145119 0.119094048978897 0.129484728197202
0.214762424099145 0.129491592576827 0.379260647236258 0.00979064305896819 0.266694693028801
0.122590476871089 0.20704127966248 0.270304315583977 0.262852827641347 0.137211100241107
0.154522516155571 0.218142993425233 0.247342117793732 0.161150637288524 0.218841735336939
0.295859126836721 0.303432124561456 0.172483793616746 0.169557180691875 0.0586677742932007
0.0766096676809645 0.261268960137218 0.291784208618121 0.213827122808928 0.156510040754769
0.183085772787765 0.0518459227742981 0.195552559717 0.274602271549542 0.294913473171395
0.283845754149011 0.177645912704832 0.271649605647679 0.205778904876012 0.0610798226224664
0.122152680900401 0.0409852939152417 0.373141955936351 0.0897852567266376 0.373934812521369
0.425250953642351 0.225081333345546 0.112294052025504 0.0205102735265793 0.21686338746002
0.279778904249177 0.168053188928011 0.0531434810736293 0.262539800959057 0.236484624790126
0.393088127654632 0.11443333376256 0.0673635214284952 0.324039002896999 0.101076014257313
0.268622448340525 0.246198633835703 0.285478610653037 0.00875868401482919 0.190941623155906
0.180278273997354 0.377139862697651 0.081878187803447 0.248926935957598 0.11177673954395
0.267995256206479 0.148853412814289 0.190365311792679 0.278272645546637 0.114513373639916
0.527002280499456 0.100141824611574 0.0804249215949729 0.0773125563950301 0.215118416898968
0.236443691917572 0.252026313914131 0.272717909986035 0.0234540201900211 0.215358063992241
0.182519799101223 0.275921205624066 0.118442393193529 0.276647341201588 0.146469260879594
0.283768310617866 0.146139417813574 0.139274655753064 0.226782894332184 0.204034721483312
0.124131537295532 0.254066269396566 0.244551192739698 0.147190751277712 0.230060249290492
0.108964809698616 0.225375667491377 0.265254125908012 0.200891356703943 0.199514040198052
0.212761595442135 0.325478469279417 0.298905416004799 0.0521417598947013 0.110712759378948
0.0329138664226519 0.342320450480554 0.0896028152724138 0.18123738219713 0.35392548562725
0.270611923464381 0.181263738559407 0.217505746337992 0.205997186118909 0.124621405519311
0.0535261319563261 0.061155401069728 0.599553750136301 0.178117880339486 0.107646836498159
0.257760156784362 0.057958383037385 0.23685342089459 0.09300782064132 0.354420218642343
0.274874633518459 0.358376873608017 0.231312381179781 0.0800290603937622 0.0554070512999807
0.0497952627393267 0.366079588752356 0.273958856360858 0.0676500271770496 0.242516264970409
0.0415212913269706 0.303427774056245 0.0582337856369389 0.356559845861204 0.240257303118641
0.0875644021908491 0.113972559347151 0.271358918315793 0.38255343931618 0.144550680830026
0.0616639016298651 0.0734546655792506 0.150928589103278 0.205622762057961 0.508330081629645
0.232740214860163 0.135762460629152 0.0767850046290933 0.425878109201907 0.128834210679684
0.0230118370803407 0.474342062388834 0.195163217578979 0.245400412136431 0.0620824708154152
0.140480848440416 0.311257926452668 0.244189388050147 0.0892771462197767 0.214794690836993
0.556915982696153 0.064197140045625 0.296623558769356 0.049995305375887 0.0322680131129789
0.273029333076607 0.289213755787915 0.140544505496127 0.0236967458175225 0.273515659821828
0.498275319482905 0.167215056340431 0.00392918037692124 0.26458849776743 0.0659919460323126
0.196838249101818 0.182759545872826 0.22770060403062 0.355680407663741 0.037021193330995
0.357485384025566 0.0659842469246035 0.0717502442888096 0.343454071630798 0.161326053130223
0.213535111761357 0.2493626074621 0.336347500910224 0.0411863549794771 0.159568424886842
0.319360751973476 0.177377928482804 0.00419955364238307 0.351718993876723 0.147342772024613
0.288964563173892 0.344610610809986 0.156183397737317 0.0529562975260202 0.157285130752785
0.254859090365224 0.236754456606455 0.289164516609884 0.195859311626367 0.023362624792069
0.186278576664437 0.305999808365313 0.118972800102357 0.131914711521545 0.256834103346348
0.181731497251582 0.214429178324643 0.124965365021167 0.239272336614967 0.239601622787641
0.258926983787682 0.0691297151177208 0.224286789667622 0.21297287743902 0.234683633987955
0.281896333412915 0.111924774992917 0.464247244089431 0.0448056686452522 0.0971259788594857
0.148481093780733 0.277580061490012 0.183011845327165 0.127010938366064 0.263916061036026
0.401557211462754 0.0726735684605509 0.334273866129729 0.0148638278539716 0.176631526092994
0.0804221518708499 0.00650098852985123 0.525584407972395 0.272974446155879 0.114518005471025
0.335389484677156 0.0429115388856792 0.166134813027575 0.218714326799742 0.236849836609848
0.415532203717332 0.0356236042461302 0.0137852636479101 0.0980154277275873 0.437043500661041
0.342460318125386 0.0855761288636413 0.323452481912946 0.15849196232361 0.0900191087744169
0.329563461699704 0.167242540155156 0.0297430661354761 0.283088239122825 0.190362692886839
0.178719711106738 0.0386568660947273 0.17699872149781 0.362215163534731 0.243409537765994
0.125202996486874 0.290270190527982 0.0413673736430998 0.26365024729298 0.279509192049064
0.0652764866540554 0.390273989754541 0.114196543126015 0.184673302413787 0.245579678051602
0.235327062951093 0.200511333903925 0.110457832203249 0.185323551642824 0.268380219298909
0.344371334401047 0.317011829774211 0.0652886656982751 0.0271853851601108 0.246142784966356
0.281180973816467 0.0846356451151212 0.118535645492655 0.281066141851465 0.234581593724291
0.0363087470626493 0.0812259980999116 0.413006571315951 0.0806253699879639 0.388833313533525
0.166825098831685 0.261715329483278 0.128762933081578 0.250016740718257 0.192679897885202
0.0931423276865585 0.364976421989844 0.123008496368495 0.116352287396599 0.302520466558503
0.283749572129503 0.0523459505635391 0.139589427590675 0.441670450203146 0.0826445995131369
0.327917539049838 0.297741620485627 0.213912982958422 0.13042931178113 0.0299985457249836
0.432771432314811 0.200920352232822 0.067065555929404 0.20000477600245 0.0992378835205133
0.0651512493423427 0.270639933467608 0.284761064160838 0.100287001272899 0.279160751756312
0.215598409878844 0.104592861748824 0.218565009383614 0.211193059570471 0.250050659418248
0.358840822347149 0.0251958505801278 0.309926316971451 0.244401730132074 0.0616352799691982
0.0317987973947916 0.240756334947403 0.128773772457475 0.0684053158052055 0.530265779395125
0.0517494597204732 0.361246378306025 0.0269283161431007 0.00961326697955941 0.550462578850842
0.222963002016206 0.217569835807626 0.231367156719054 0.185697570300306 0.142402435156807
0.273840352729432 0.179116485723646 0.246774936802779 0.298225217777084 0.00204300696705865
0.0705731621513937 0.116800569098671 0.167534875497697 0.0928090818673632 0.552282311384875
0.0556976920332479 0.26836314289131 0.180021668485115 0.34143477066719 0.154482725923137
0.285308397711406 0.380686667262201 0.169491400351076 0.0289327095018828 0.135580825173435
0.126229350758043 0.0237811176423674 0.343461564240355 0.341452391849001 0.165075575510233
0.113761089813561 0.146553720359203 0.159630792628126 0.21724689352167 0.36280750367744
0.198761969068184 0.233649576839198 0.214110272129468 0.246762399131872 0.106715782831279
0.149418559343533 0.286069902131037 0.130660674480024 0.32745614064445 0.106394723400956
0.135119241372871 0.206155731223948 0.174316080255875 0.249555839640776 0.23485310750653
