0.277042461889713 0.287585272457144 0.241279596237287 0.194092669415855
0.113608926878564 0.189725538645997 0.4157029048678 0.280962629607639
0.143192991765037 0.213272082926461 0.439035953488029 0.204498971820473
0.270660661720872 0.39964035215127 0.134679348108643 0.195019638019216
0.00628014223983145 0.134337656352644 0.47962554721399 0.379756654193535
0.196678087758137 0.463988157890661 0.177555906254044 0.161777848097158
0.38535277840091 0.50858103404608 0.0426269246969333 0.0634392628560759
0.197503688502434 0.00568039895659471 0.351840869960381 0.44497504258059
0.250915076065516 0.125286077866279 0.35638042555554 0.267418420512666
0.151815891304326 0.23719606410291 0.386772809200274 0.22421523539249
0.185309053554802 0.0125048802803949 0.50011987497945 0.302066191185354
0.229838210000653 0.0918578066070162 0.401407164706265 0.276896818686065
0.252688784143613 0.305438040467071 0.0206241098713921 0.421249065517924
0.130101347517079 0.329397848301721 0.409840420992313 0.130660383188887
0.713220404266183 0.0153121717710159 0.0227855134895609 0.24868191047324
0.460345349283915 0.0127518796473346 0.22864973322438 0.29825303784437
0.372876457024811 0.0511104888095894 0.119685829019965 0.456327225145634
0.384210881339678 0.322580526763219 0.277434313458769 0.0157742784383339
0.0380013819997872 0.188007024513194 0.416603395599783 0.357388197887236
0.301169491317154 0.391418525227861 0.0438322355126211 0.263579747942364
0.279114480215483 0.238809579442031 0.226684074479967 0.255391865862518
0.157616769405907 0.589765846282654 0.0454706200906976 0.207146764220742
0.366165607568863 0.291367317291037 0.00461525959816995 0.337851815541931
0.20513837224692 0.301601157316756 0.102308032138971 0.390952438297353
0.0804048567029381 0.367298777282592 0.32893658322051 0.22335978279396
0.419134309169984 0.020861085798103 0.0273075037764109 0.532697101255502
0.386356894032088 0.0295020114388408 0.164820046105543 0.419321048423528
0.29210347352219 0.15688407585038 0.311290656752313 0.239721793875117
0.373835727008861 0.246792828815879 0.0551917734092393 0.324179670766021
0.378233336141436 0.0484516218441494 0.357385066730269 0.215929975284145
0.0843423306700632 0.54283867437541 0.265459069599851 0.107359925354676
0.389205907597902 0.175546259209717 0.00332370011869499 0.431924133073686
0.0467487130047259 0.372804012131649 0.155662232215037 0.424785042648588
0.218159454788346 0.319259417431329 0.289011516979553 0.173569610800771
0.0593562665355889 0.377925023694046 0.289057000016451 0.273661709753914
0.154748207745698 0.183496022893333 0.643181952440102 0.0185738169208678
0.121408981830966 0.41172593630854 0.110722725355014 0.356142356505479
0.0660248007997405 0.28229526842882 0.492152252243042 0.159527678528397
0.482179479714297 0.0893911781720518 0.13963599594167 0.288793346171981
0.241705213351959 0.0534302443625749 0.33991706312523 0.364947479160237
0.159938712206591 0.2159768028293 0.361003799638008 0.2630806853261
0.250376120545064 0.378444179835198 0.288754259594544 0.0824254400251939
0.177507289321295 0.307045356455945 0.126930646366748 0.388516707856011
0.196559683744995 0.394803269128795 0.0206551649497146 0.387981882176496
0.14192647962489 0.566295466050214 0.0792834820441941 0.212494572280702
0.283831033223396 0.26490032339597 0.144814627242826 0.306454016137807
0.0916765798771173 0.0890859889525335 0.340377524496175 0.478859906674174
0.299972989843566 0.335221686475348 0.0376071791235822 0.327198144557504
0.158091232672694 0.458245730384214 0.34397250780175 0.0396905291413426
0.381196519441467 0.0113067008949636 0.268032831880713 0.339463947782856
0.186229430209937 0.334380264999887 0.464993890301996 0.0143964144881806
0.309877367090866 0.252345121729004 0.135071012328095 0.302706498852034
0.333658824031925 0.0935201827459644 0.282352631168328 0.290468362053783
0.205704289658782 0.519312755390315 0.164227517054097 0.110755437896806
0.185848770721394 0.378130835039618 0.282396774707626 0.153623619531362
0.487201874361009 0.217656411290064 0.219029291121086 0.0761124232278417
0.134412303583591 0.041832280802983 0.400687993958255 0.423067421655172
0.120220635728032 0.529796779084894 0.155086168067364 0.19489641711971
0.359554714718979 0.297210954796732 0.242858862301896 0.100375468182393
0.155840369998812 0.294098908677004 0.337398791333128 0.212661929991056
0.493402593698063 0.174744303868087 0.0176397756889088 0.314213326744941
0.118803524253272 0.470707318828431 0.313338164437673 0.0971509924806239
0.229841751992907 0.554044087886093 0.179137565324747 0.0369765947962526
0.373535301717119 0.339522404013673 0.165188474687634 0.121753819581574
0.0828272108463238 0.33313099125581 0.336370680005413 0.247671117892453
0.382912000340917 0.113640284413196 0.0273206736275821 0.476127041618305
0.159223464416894 0.0114742732425028 0.269003399100951 0.560298863239652
0.0126892856068104 0.395375340807712 0.411768554669283 0.180166818916195
0.430495629874764 0.0106833956903407 0.310154933780759 0.248666040654137
0.470474772650662 0.435807486778429 0.0389566530521735 0.0547610875187358
0.432473965225175 0.521015568271575 0.00343657508848349 0.0430738914147664
0.27573846069425 0.289393643405722 0.283111362685929 0.1517565332141
0.136394802085414 0.0635025809242691 0.35734451660594 0.442758100384377
0.0633057679392827 0.0762546918314604 0.483839045481017 0.37660049474824
0.314270504584915 0.0801523259537682 0.0352948163279118 0.570282353133405
0.22238889494031 0.404791206785405 0.32630788756792 0.0465120107063658
0.132545431042191 0.192832284311609 0.137312879655837 0.537309404990363
0.279340205814396 0.00966266939882458 0.431677505321382 0.279319619465398
0.0886515873889822 0.28198062253725 0.303489256300934 0.325878533772833
0.337330074943479 0.0144820348505133 0.19236111185313 0.455826778352878
0.179331892982385 0.337126554197065 0.295554317796016 0.187987235024534
0.218311562593747 0.424685328225575 0.082190663482495 0.274812445698182
0.341997028909083 0.159433581616562 0.258384755246931 0.240184634227424
0.202314376087853 0.495935568764127 0.14388846143922 0.157861593708801
0.0519687264221563 0.426978135453523 0.209312059419787 0.311741078704534
0.0230878978568751 0.103693525889013 0.486919507362452 0.38629906889166
0.228084415353607 0.300805553951745 0.219132917754724 0.251977112939925
0.274510972160116 0.33008786963295 0.305218546917011 0.0901826112899235
0.267649312389558 0.0480254256407653 0.674080003340709 0.010245258628967
0.365486248168364 0.180266315494309 0.215149190844085 0.239098245493242
0.414497812705429 0.0559975408817534 0.262484188576572 0.267020457836246
0.245018390435376 0.250780451515967 0.26158322952351 0.242617928525147
0.220613813690425 0.215486225282075 0.236262377666236 0.327637583361264
0.263973215853337 0.287501793574475 0.286001364379919 0.162523626192268
0.271918211041563 0.419853467426767 0.153842954363345 0.154385367168326
0.153936096982426 0.275903730033896 0.0446853357460355 0.525474837237642
0.400269930956457 0.295127213738703 0.0205837336236353 0.284019121681204
0.510861602236727 0.0535593200541373 0.0141174602254746 0.421461617483662
0.209457255197479 0.337252738261031 0.301059529100622 0.152230477440868
0.245201163038023 0.0291039649643031 0.360601120543489 0.365093751454185
