0.0184325769488057 0.140747610315039 0.105196224904777 0.00288768980702749 0.202454515151961 0.202089021068188 0.159130366935488 0.169061994868714
0.131477548466243 0.170802775779764 0.140336801050669 0.0844535113616512 0.160908457734266 0.155288149828727 0.145759024037484 0.0109737317411955
0.189743567432 0.119011104847387 0.0305635820923005 0.191216302387747 0.171377094497623 0.021716309288448 0.162561797112876 0.113810242341619
0.183828243868441 0.0382340781102052 0.171178087399364 0.179973820772795 0.159951859092482 0.101726748239036 0.116718367447338 0.0483887950703399
0.138048712522317 0.218505839307106 0.0959151722347631 0.140757219412601 0.22823855319509 0.0260360272703574 0.0648401568666315 0.0876583191911353
0.195082934535001 0.190965996453185 0.0120569274183625 0.152929436233253 0.0838332080652173 0.0591501205342485 0.137375785310528 0.168605591450205
0.0694893035527818 0.207202675596806 0.00517239292162376 0.246468183392802 0.166747811565591 0.256684398737571 0.0214404118965342 0.0267948223362903
0.0463794847567773 0.135185805410885 0.133394823956646 0.1930583534969 0.04402570634372 0.0533996405162108 0.191587736832802 0.202968448686058
0.057485196608064 0.146686602359992 0.099867043603076 0.18745871731962 0.0435652096875222 0.141395790120542 0.148887309453988 0.174654130847195
0.243200806542812 0.0899747989023486 0.010465090727819 0.194767797401639 0.234679322056959 0.0603909576671871 0.151686926610722 0.0148343000905136
0.252705385716091 0.0178058851645474 0.0518918503449759 0.0642415016237523 0.170172836036809 0.117586515352037 0.29435732816347 0.0312386975983185
0.127972358524385 0.180058087972373 0.005416480527197 0.199093048908574 0.118751889368969 0.153113091975524 0.135329388474673 0.0802656542483054
0.170178732974903 0.00109317711416798 0.0286972621421423 0.0335235145267033 0.217716741731269 0.168669527620978 0.219363971565283 0.160757072324554
0.0386551378889863 0.162458524598325 0.0641497774419893 0.215310418508172 0.127272470095272 0.209796366068699 0.0913267389624076 0.0910305664361492
0.0268989206409502 0.00227316738119779 0.26215407721285 0.0381706448608399 0.00575956886192464 0.245201101093622 0.243402744300261 0.176139775648354
0.00285932776678139 0.0423705083090765 0.08376377599495 0.251727266728254 0.285719894220994 0.130397175230707 0.150070777963287 0.0530912737859497
0.0360712040309932 0.240745818722324 0.115784557427574 0.130397759677808 0.0861402077871445 0.140478705438371 0.00567616589560375 0.244705581020181
0.0839008879208071 0.097050510301406 0.178629384712959 0.0895866115740117 0.188124035394714 0.140714018814542 0.0910768217455847 0.130917729535976
0.11672491965138 0.0610494010829902 0.346864800258149 0.14943520962596 0.0402253870951142 0.101418488559388 0.137747442460057 0.0465343512669617
0.0992100522036056 0.005427754248628 0.224783714053268 0.140516898553562 0.222637423212489 0.00494403554831808 0.185973841940703 0.116506280239426
0.108993742411143 0.181423938128361 0.00131560617160571 0.272148031021618 0.119459266179724 0.00364030485038606 0.153540825603908 0.159478285633254
0.153954414467471 0.0229336327227267 0.135449405499738 0.0555870071293683 0.114760734657613 0.115047546532038 0.301784047677794 0.10048321131325
0.17899571975838 0.0814760954493781 0.11007910076668 0.149196562421931 0.0474748973041942 0.0535247138502907 0.271159442582109 0.108093467867038
0.0649439216968609 0.163604719562939 0.106174074400078 0.152040236431032 0.150129887684165 0.0303324679928059 0.20856407321569 0.12421061901643
0.0189842887144345 0.223353794391153 0.143463519180159 0.0916079884080664 0.107643683584804 0.148080116855336 0.189576019434719 0.0772905894313288
0.166898977635724 0.11119966439976 0.0503588817615431 0.10999080302363 0.12596727325981 0.114348676929772 0.164103942065923 0.157131780923838
0.104729079642773 0.0394289846244038 0.0458000479940521 0.20023858741843 0.143404558542224 0.196784113087217 0.139209421199508 0.130405207491392
0.0529570870961556 0.00696654210179821 0.204357629510996 0.262266914898748 0.0702764980628003 0.295268952978353 0.0694297166852257 0.038476658665924
0.128242919569177 0.172872988970466 0.108412855507099 0.205947704130847 0.049648568636029 0.0982219086385141 0.229768971126322 0.00688408342154591
0.125742495595295 0.0932763547992817 0.0673445221609509 0.153766366490617 0.237678257798361 0.0496651302025686 0.0419678600014061 0.230559012951519
0.148785057956212 0.0801031110009961 0.0104540955974913 0.168539415876604 0.144869389928785 0.175990945479519 0.168896465487276 0.102361518673116
0.18241765868718 0.0291992891460037 0.085286933468676 0.0651792813992862 0.0110884667541041 0.234941393196678 0.234885173855768 0.157001803492304
0.09159879346827 0.205417483507112 0.175126041178783 0.139864887254576 0.00571905637130995 0.196859733966381 0.15588124274843 0.0295327615051382
0.0360572691055119 0.135162280623055 0.212400174594899 0.129094356051215 0.113410938907005 0.209691424298648 0.0638473565045072 0.100336199915159
0.187920453359899 0.109278078361215 0.135884728176651 0.176180345010275 0.122788785649458 0.108487860850196 0.0600023000197129 0.099457448572593
0.106479908285194 0.0845396362698229 0.20616636485176 0.221343722889169 0.206291914126594 0.0325879914586569 0.117548900539188 0.0250415615796156
0.0644085349908163 0.0296837444013474 0.262636711684364 0.0671453326028692 0.238758485930334 0.0494991463648235 0.113183222921112 0.174684821104333
0.0818884846082621 0.062564013925759 0.0705114968250394 0.195190554187771 0.186369258491384 0.0642904714192497 0.132023580603362 0.207162139939173
0.0968996073750962 0.155180944334805 0.162224381353236 0.164816877699391 0.150733358199674 0.0683882502540214 0.173858737243261 0.0278978435405158
0.110619099277799 0.0598813265898047 0.117569719987568 0.216300676407233 0.16397910104665 0.141084025043543 0.15177729951307 0.0387887521343329
0.194229595473131 0.00685347606104331 0.0989140350652124 0.137216381884746 0.12661148305276 0.137271622397734 0.200633897522207 0.0982695085431664
0.233919069488353 0.232520264704962 0.0451857256447829 0.0496692596380313 0.0361856156400512 0.0618357228128755 0.129631570951886 0.211052771119057
0.0525231596698058 0.236622598256188 0.0908548235235354 0.10044163664095 0.294061636179055 0.103046394810323 0.109870050313788 0.0125797006063558
0.169614468959641 0.00146839337991116 0.00236227998910136 0.267713733990809 0.0658747292006355 0.189091139879542 0.244252048181309 0.0596232064190504
0.0783595015182503 0.0639116302344553 0.18016649063067 0.174361722426961 0.0392389621369962 0.177510210528259 0.0856810871902428 0.200770395334166
0.166990447883059 0.0616290142175682 0.125849585493602 0.209258426666606 0.107656893138713 0.0866044041702731 0.148752171960353 0.0932590564698262
0.164711159384913 0.104983419726796 0.156204913010239 0.102429843206063 0.00788918528761307 0.184237497645841 0.116264698801984 0.163279282936552
0.214056171612382 0.0914865731432503 0.115777156434138 0.189057547846193 0.0508334542625823 0.197891106968883 0.0611531858034026 0.0797448039291681
0.169095918609087 0.0513087239837967 0.166887783208252 0.144142567891576 0.132325476657775 0.135195371991572 0.106297339872195 0.094746817785747
0.244321576535308 0.146913818813911 0.150191571749336 0.0306971232302283 0.117675717593615 0.0233039136832026 0.166807798478361 0.120088479916038
0.243873765227979 0.179081053484974 0.0479882245215243 0.010973817386158 0.216162796421376 0.0263027438704786 0.0707990120944287 0.204818586993081
0.0925374636378146 0.182009802511501 0.129713087016374 0.0521566285483821 0.178285100919333 0.0941037762493907 0.141542938484768 0.129651202632437
0.129286100663541 0.170852339554367 0.149119166724069 0.141053990247389 0.0803891698311205 0.169922193700128 0.109289350904 0.0500876883753858
0.0180424480857698 0.0211607849416144 0.23512042428434 0.220606302036142 0.0241132553277238 0.218742216192651 0.143616902594318 0.11859766653744
0.16805670888425 0.0326716820806203 0.0830065102652259 0.230480772384912 0.175015709902076 0.138054697544836 0.120942640003656 0.0517712789344236
0.105615709823203 0.0272821206753353 0.172369006004638 0.0983610828258432 0.133729908260302 0.190676418742381 0.118283548585723 0.153682205082575
0.118816767375791 0.237382733263375 0.0180205744329506 0.250928864997216 0.102906364939595 0.0746516393960689 0.0245005353384409 0.172792520256563
0.0590823818538934 0.188507028341849 0.0103433792254871 0.0528375851769389 0.139124680814151 0.111991363741296 0.254179530767742 0.183934050078643
0.189314392158375 0.200994865734613 0.177814992128015 0.145899469203157 0.0707054587398625 0.17602464404285 0.0326589442486223 0.0065872337445057
0.103645427558037 0.147762878245902 0.151826172760046 0.130727835977221 0.0460019126220948 0.0640953957488591 0.171030750777348 0.184909626310491
0.121778881838228 0.21155590870071 0.0184071213516892 0.163380452666535 0.131101632211719 0.197985581131035 0.0123490877768744 0.143441334323209
0.0214148327092504 0.180946626550785 0.0732760309259556 0.0664911335649986 0.130415974625579 0.226763068030668 0.256882941815015 0.0438093917777485
0.219952605141595 0.102886629517296 0.0898026829600655 0.260018402560521 0.0877651733092196 0.0488373204889508 0.0505230951788329 0.140214090843519
0.00957300219800988 0.245553257448507 0.154800982382359 0.228377823242812 0.136364140985544 0.0698868760419555 0.0959798072277762 0.0594641104730367
0.110890290070466 0.0263757127859855 0.0732961129725413 0.116785519334199 0.197494593521342 0.187397183861536 0.229302536967018 0.0584580504869127
0.332275277250747 0.0433126314945829 0.0873514184949034 0.159555288599316 0.067858816751571 0.0710748702983523 0.0591471242291922 0.179424572881335
0.0718141579108963 0.144024526219304 0.00616507365738846 0.219331341018896 0.101901773293038 0.0526940227638541 0.233837982025569 0.170231123111053
0.0989095396760962 0.218521891869635 0.185548177451869 0.0162260261949336 0.136105556650016 0.114024454395091 0.0518565266982706 0.178807827064089
0.167441197874083 0.0605488489074975 0.025816466021921 0.12158599691541 0.0374421468812784 0.151632077564624 0.0834278231244342 0.352105442710753
0.054609004466895 0.0155181160111028 0.125118848123572 0.184524068332377 0.180080667331639 0.145088915598719 0.104572540868222 0.190487839267473
0.143982594819563 0.122552104832732 0.162898436296897 0.100729835772 0.121633270095873 0.0899464330371871 0.103833437636966 0.154423887508781
0.0571487207444291 0.221877245824263 0.220676938464425 0.0410468430146646 0.169072060052276 0.0454497165186407 0.202017869935827 0.0427106054454744
0.0517872077220943 0.0217673103622315 0.220242967085402 0.0411328938179936 0.0765964509031977 0.200442003468603 0.227079001530475 0.160952165110003
0.107209156688718 0.180668406026381 0.0456779222651837 0.164157057066805 0.197078441558322 0.191202046105318 0.0588646952781939 0.0551422750110791
0.00472437207222555 0.0256127488219547 0.0522993178029948 0.132367906335497 0.251743342864937 0.281099750345419 0.0156757842676724 0.2364767774893
0.00384183148888397 0.0954820692216713 0.159992389126284 0.0885529571181469 0.192798628716492 0.143467099197374 0.113954859212324 0.201910165918823
0.205757004937367 0.218037439197503 0.192980450653068 0.0278172738668246 0.0534589647541105 0.0477073686027988 0.134833556785261 0.119407941203067
0.169579092229266 0.0156908419106193 0.280195488078529 0.215702616506389 0.126759662679765 0.0497938220115175 0.0453970097480815 0.096881466835832
0.15793665136764 0.100425552491636 0.0832854490383625 0.177665774561642 0.132054991863592 0.182543239879747 0.00161393167383324 0.164474409123548
0.171514380476321 0.167900371538332 0.127233406362715 0.127622144550422 0.0889014881457545 0.0550812592549052 0.127894822476553 0.133852127194997
0.00191195124535728 0.187389175975074 0.102638730808022 0.0916131198662086 0.0768902778912593 0.203769446825536 0.279569829396275 0.0562174679922673
0.283447301409453 0.0352621637976736 0.111264100408177 0.0714976181088886 0.0741030902740341 0.220046248880146 0.0819588155183626 0.122420661603265
0.148295213252867 0.0954007706698903 0.181125909459982 0.142611226246793 0.132379960851117 0.13276866599952 0.0396921494509518 0.127726104068879
0.229133907761854 0.236182716295715 0.13731982155312 0.0540780247457831 0.0645018181125235 0.0632491878832723 0.0943776070554982 0.121156916592234
0.118495654099295 0.216562884626305 0.183787855167259 0.0548451236555985 0.0159152624351291 0.00682162278544154 0.210573363886215 0.192998233344757
0.193625928205833 0.00610032016740272 0.102860795492501 0.177511883140942 0.0991435296321998 0.0164256199266164 0.177576468702495 0.22675545473201
0.203499924837511 0.156566612587034 0.109698459010642 0.0173232601808806 0.148001299465671 0.13957006356784 0.13603780013765 0.0893025802127708
0.186047322984504 0.157253776707298 0.0706327187654269 0.0963271233719418 0.154371967559722 0.0952171279009316 0.182987674038943 0.0571622886712325
0.136175181569632 0.0920892471914763 0.228568031829145 0.0871487903107847 0.056756682626565 0.15503604088297 0.0842292558750787 0.159996769714348
0.126333093714368 0.0961339999816919 0.187442200778316 0.0433648065387003 0.122906128543891 0.196850181074096 0.126744795321611 0.100224794047326
0.111129562756604 0.088923251306164 0.0813661928465493 0.233140249548988 0.0454660183991817 0.231057499868194 0.135445533902507 0.0734716913718119
0.124277676992479 0.0531671260515989 0.245788241571379 0.0625778039161853 0.202140937806076 0.013400175865788 0.125390943628053 0.173257094168442
0.0433164690667857 0.237015530248528 0.0781652628004534 0.112479865064766 0.258185256561858 0.0357098442296762 0.116950948220485 0.118176823807448
0.00937156363499238 0.0072998084893497 0.241546228411317 0.169305496095832 0.0657176295986464 0.225197539513699 0.0373475636109136 0.24421417064525
0.13186880456291 0.185324356305516 0.0723806591114136 0.155628352259655 0.0332211114784619 0.181374414091907 0.167197386377582 0.0730049158125549
0.0740562316900553 0.194251901160138 0.196664405726284 0.0870819126799735 0.129846866649646 0.188599133116426 0.0439186844098909 0.0855808645675862
0.18366181703715 0.0436808632588369 0.073986542619161 0.242205879553373 0.106315574908168 0.0319693841536202 0.0883519837586289 0.229827954711062
0.12643671502338 0.225776240838136 0.329533568554067 0.0648132938402293 0.0928553766886261 0.0266349792749699 0.0874945669478485 0.0464552588327423
0.170272563552166 0.0430962861480663 0.224028769044518 0.165676939132555 0.0790968797078596 0.071298826138697 0.120492508963776 0.126037227312362
0.20333514657405 0.182627118623665 0.102757427604936 0.0523200883101641 0.158652919800185 0.0149102036921134 0.0606536113577126 0.224743484037174
0.128403823058758 0.17976190322714 0.0269166387240517 0.212969058737293 0.16098671721565 0.126047168533176 0.139502349200732 0.0254123413031991
0.00872703808612073 0.214957734125475 0.120902259522505 0.0549320457419262 0.0416523595349059 0.0146292430922392 0.190396645492196 0.353802674404632
0.129475179544687 0.0875825142792022 0.164068220694535 0.118069538202664 0.0309456101803503 0.149329930339295 0.141498676881559 0.179030329877707
0.0110123260985858 0.0582398859385286 0.211889499387235 0.113776774212237 0.0854342554644931 0.164920787288057 0.186306785635596 0.168419685975267
0.216933623082544 0.121434434134761 0.0217778206368326 0.151203500914423 0.183827078807708 0.0956046862741018 0.0243740983064677 0.184844757843161
0.158156589927258 0.106790832027487 0.0997742784362546 0.0722712088778969 0.19559764359749 0.216545061854728 0.123272340122668 0.0275920451562183
0.219571398769117 0.052263609442811 0.110404592555563 0.0454631643152228 0.0913847719415917 0.139020205010772 0.24573183825391 0.0961604197110122
0.15770514617511 0.191072055992398 0.22828517946078 0.0444759580143868 0.212015631130878 0.0722423666706849 0.0736105318549156 0.020593130700846
0.0761814406228202 0.205322118615916 0.152099536161327 0.0355328801983025 0.273745674125943 0.0278347045290649 0.0784932796044428 0.150790366142183
0.169405987335895 0.274296443123431 0.0648685568878983 0.0135234249146186 0.223837687525227 0.179760848756906 0.0426247455554615 0.0316823059005624
0.0946524035877404 0.149475812372279 0.167021325755469 0.0738337596611946 0.113795958665054 0.17834651366956 0.131539176917689 0.091335049371014
0.0458188849420852 0.202203554990581 0.0307401918852969 0.0191844690873176 0.23678463943398 0.12968879723515 0.200444929685748 0.135134532739842
0.090367695619217 0.0919485734968822 0.0279414116472276 0.156497276662843 0.214851867649358 0.28093881143272 0.104081318959662 0.033373044532091
0.0787209842623524 0.0379549107642826 0.173281347485667 0.179857590215875 0.0147873646502512 0.200400506124815 0.167373098421127 0.14762419807563
0.112090787670915 0.104947967601325 0.0579093798202648 0.131277761284074 0.164105423378594 0.12757330048285 0.219341907370564 0.0827534723914136
0.0778556634490882 0.136958300792684 0.172691784008241 0.10332020429549 0.0486571249892874 0.172122405226352 0.214473327308932 0.0739211899299257
0.161160119877153 0.232137291768516 0.182442892040495 0.114140120025129 0.199615958853875 0.0219817061286954 0.0376991150101289 0.0508227962960075
0.00579266717725971 0.178237879303605 0.210317521810619 0.0323597865675605 0.117885007321459 0.0868017111903822 0.188531843828955 0.180073582800159
0.150755702385182 0.0910944310166224 0.172976741267776 0.091531632642335 0.119664292508712 0.0286431120384673 0.18058582424194 0.164748263898965
0.141394163013719 0.138857719353144 0.0296928882812631 0.190255343214139 0.190094876957382 0.0412384941861051 0.16045707276012 0.108009442234128
0.177595634872256 0.167412542230531 0.0410721307524409 0.119968471060347 0.220878387638798 0.0314846363376838 0.212577976604279 0.0290102205036629
0.0713516532489647 0.0448387300701341 0.0557648464582201 0.158651266257735 0.179063175877384 0.148603434640877 0.157467124551568 0.184259768895117
0.307069605519695 0.0447566847209803 0.0460971002394987 0.374614386170007 0.0164707063795738 0.016241028277187 0.121476140420589 0.0732743482724687
0.0619891547711122 0.0954797998986873 0.116753036255532 0.201941434452099 0.131477249634709 0.17980654117776 0.0121574353670176 0.200395348443084
0.0758364412861695 0.0099751337105884 0.135981673854673 0.185557026145217 0.0717686728383358 0.185342817074859 0.263829740188925 0.0717084949012326
0.0347669912590591 0.215519332011406 0.140939692224527 0.117208860286868 0.0747285413512221 0.0117808959423268 0.21798560555101 0.187070081373582
0.228034362619815 0.138360630427038 0.0722032398689788 0.0492908620788267 0.0678942179977378 0.0542108716944841 0.218640560819759 0.171365254493361
0.137061877037072 0.0525344756808217 0.142314312381694 0.155322503169624 0.161988525839938 0.109758934285055 0.162384967120089 0.0786344044857054
0.0946202953482352 0.184882055417283 0.0844273974764332 0.152097937276516 0.098497770369171 0.0504627277023451 0.13168183810922 0.203329978300796
0.221945498512959 0.100298428062551 0.0826370576779914 0.148379483063037 0.195931312648666 0.0295879436109746 0.0247833335049813 0.19643694291884
0.0887163745588033 0.148862517203246 0.0505917915716094 0.145158807500165 0.0360305073503754 0.17836334412441 0.179640124252339 0.172636533439051
0.160076699964986 0.101887081015863 0.0406953715310939 0.188139122818696 0.162083673125979 0.139633298065543 0.0877011316898745 0.119783621787964
0.0833311101748248 0.209782954460441 0.156281351768634 0.170531444026051 0.190731280322184 0.0209150905370353 0.0794490659327721 0.088977702778058
0.0904143963916965 0.0823910357427481 0.0788703180958058 0.132723125849686 0.204312768449878 0.0275873843399049 0.141026175533754 0.242674795596527
0.057888033839628 0.0621240850664549 0.195384320608156 0.245971246930737 0.174341895039084 0.144650326976313 0.0443149092651928 0.0753251822744346
0.0952234744491668 0.127916317421 0.153535377598114 0.154946686866444 0.0343215456458662 0.268082209085589 0.109379902681157 0.056594486252663
0.185742185040468 0.181191727880946 0.0377325987488979 0.209787700187254 0.092433084733813 0.0415845776750643 0.0777552087465765 0.173772916986981
0.209191819259939 0.0418427108913283 0.00943226285256863 0.312244239763815 0.0115526411979046 0.152189190781982 0.204552627301786 0.0589945079506771
0.104140418598681 0.146257093631637 0.226125512839632 0.0391523220812238 0.145166651452197 0.21621192380658 0.113441404566901 0.00950467302314797
0.165537190563298 0.156543397583728 0.16469481652338 0.0955783420296515 0.028398502720908 0.155887019091263 0.0749234202142005 0.158437311273571
0.1040759661784 0.116793875766548 0.110355240638448 0.250287417350354 0.153522563911137 0.186079217700329 0.0554455663402245 0.0234401521145585
0.0533349895963595 0.162862337540107 0.106673916865829 0.0741729477465829 0.181048048322163 0.136868464906595 0.223915951830383 0.0611233431919805
0.111268056433714 0.0707945370848778 0.142484636156463 0.142820989924654 0.159610810292886 0.155116209274226 0.119973435524289 0.0979313253088896
0.0645305808188948 0.221288653889686 0.24557023438849 0.0181719992637403 0.0312631139715628 0.241783160109889 0.00494577591036909 0.172446481647368
0.153382311753083 0.108444102998274 0.164084367082659 0.149812266800949 0.116983042585864 0.0877022653714809 0.207347090511102 0.0122445528965877
0.18588412628879 0.0613261142282239 0.0802009735409748 0.00624199353777123 0.244638637554363 0.214402634875894 0.0623132488125837 0.144992271161399
0.239482778785446 0.111500197603798 0.0536947701927201 0.159505596438726 0.0303209032248317 0.181092589089896 0.119591390527027 0.104811774137555
0.11761111274784 0.0744441681862167 0.147461225117773 0.187950394984017 0.175967902981505 0.0181035747336548 0.101949472440004 0.176512148808991
0.0209748641759538 0.0137050171611511 0.245393583960693 0.217349989522734 0.127746559392168 0.0303895765828274 0.0772219619935115 0.267218447210961
0.158290948237957 0.0245180266297012 0.366793490067437 0.179954190747589 0.0127204210191547 0.0630921240403874 0.101412927192294 0.0932178720654797
0.0630222133391586 0.110104285586699 0.0904137917200528 0.226595725991242 0.0557636395698919 0.0141005570029321 0.217339959303476 0.222659827486548
0.13641197482748 0.0730894630127679 0.0490993615558276 0.18455810731529 0.106720798646915 0.109014919697108 0.147889269055572 0.19321610588904
0.208893222554799 0.191689810712136 0.0163408226902665 0.195718781394846 0.00243919925263648 0.0974496577059791 0.087320016219725 0.200148489469612
0.160487264836611 0.127699783494101 0.109010207359008 0.162010067783923 0.0910974632165871 0.149384711993323 0.0750939770104544 0.125216524305992
0.0770551130626337 0.00901354561555723 0.274096814386403 0.0337163330005992 0.192964304787308 0.0262744072791426 0.242068351220155 0.144811130648201
0.146235711987981 0.0298852416121591 0.108092202308845 0.204073632587015 0.136809330327519 0.00498537478585607 0.102431616712394 0.26748688967823
0.206787552961991 0.027611916800138 0.00472110895253991 0.211522678040287 0.158050194171416 0.217485502880609 0.00513450947619343 0.168686536716825
0.189077253931946 0.195048981060307 0.00904272695879677 0.190174910353769 0.0156746734211742 0.140431347981874 0.0844337422247131 0.17611636406742
0.124351160758163 0.0794944651334154 0.011111449337339 0.139097926419616 0.0813473096919219 0.155722190127938 0.216478732384129 0.192396766147478
0.23415519122018 0.0565334512006102 0.143791317944834 0.00718831832521623 0.0366450449383227 0.180652933914255 0.140919660145445 0.200114082311137
0.0067840369457753 0.188407239734001 0.0781636742595187 0.159165494018558 0.134417896795884 0.122197478873378 0.123992341372528 0.186871838000357
0.0863526977586995 0.180317841058128 0.0170515436414193 0.206165631937578 0.116273357371712 0.22008999202366 0.0184313786836455 0.155317557525157
0.106855407882333 0.266619665202579 0.0354127146356451 0.147344452294537 0.288215527153686 0.074183420744155 0.0469919558130591 0.0343768562740065
0.186275114524624 0.118584800096237 0.162852926376859 0.0625023766457532 0.15361345833942 0.0169170767804653 0.104975051737448 0.194279195499194
0.0169828609455302 0.253786105068921 0.137477787957703 0.12085714727861 0.0573419677712933 0.0718119695497479 0.273652951333078 0.0680892100951169
0.0124082396688757 0.223068060899066 0.198290971572699 0.076129361740177 0.161821520273582 0.105429166458534 0.196102786733255 0.0267498926538114
0.188678194332317 0.0770710428342161 0.207422637973427 0.0252553858486693 0.24302298883646 0.171027889850606 0.0334321898295991 0.0540896704947062
0.109028727351471 0.0761304793372736 0.0987636478886825 0.172972593652579 0.082477085300183 0.110862430636952 0.173887937649449 0.17587709818341
0.112100554812217 0.0744546133274274 0.140584369569127 0.184622020528814 0.136662489391379 0.120054336224549 0.194721722854943 0.0367998932915453
0.00474063253298967 0.199020663883726 0.208244641304832 0.0570711635598783 0.0458722333788754 0.0645765805871101 0.22365609514565 0.196817989606938
0.118105326607733 0.00420466895670293 0.097818111212797 0.180183417675937 0.251691009606591 0.273785007024403 0.0022915097223117 0.0719209491935247
0.131395058016274 0.122060462540454 0.170648087051346 0.0385555699607924 0.19019284452683 0.208125959556492 0.0255502333699003 0.113471784977911
0.1673880359604 0.0779535096248283 0.142510602724237 0.000660773527672182 0.071800717457278 0.146872506341304 0.203834362130996 0.188979492233285
0.0905248877489728 0.0423357339601902 0.18108827484682 0.228830000872489 0.107449371409854 0.341902037290268 0.00540404781750725 0.00246564605389846
0.123030802659021 0.0473971844588796 0.0942501046262647 0.260659588182608 0.100222053646318 0.267696843681212 0.0452340222893585 0.0615094004563378
0.134621565146502 0.125819297671985 0.00848469182742197 0.146187208915997 0.0849396414473306 0.160420498629466 0.136603610573832 0.202923485787466
0.140195336035206 0.198261531509615 0.0684147387927683 0.079579087789816 0.0429932939180982 0.199999899294101 0.187149213815264 0.0834068988451315
0.00709402913396188 0.0357198636844045 0.263211599007779 0.16787017025842 0.111238899412492 0.202103238054669 0.0938744114331317 0.118887789015142
0.2021884683595 0.05592331475688 0.105427449494838 0.150799269702923 0.203218354556142 0.0239535225451114 0.161494013006624 0.0969956075779816
0.0126052794927098 0.0835262554909561 0.0289307580125982 0.115111070791151 0.483996428094192 0.0072672713932516 0.0562958543789707 0.21226708234617
0.131045741199577 0.0993153459045664 0.128619351701331 0.1395684752421 0.145484443321434 0.171117932883206 0.135342884869277 0.0495058248785094
0.111258489761573 0.105234448991817 0.129738077019193 0.162419936747333 0.214883601608234 0.0799506426911651 0.154720838971094 0.0417939642095913
0.0592064905747806 0.0121140691476187 0.131704007889574 0.103027798866059 0.126363118429452 0.180880318892112 0.199025006730699 0.187679189469704
0.0586384693902312 0.156887737195014 0.160449663189966 0.216070048130266 0.103923032941418 0.0943662341252782 0.201501332956532 0.0081634820712945
0.0857279499378808 0.12279825518844 0.206179956059095 0.203537234620099 0.150098235422734 0.115441956504539 0.0923035450043125 0.0239128672628998
0.184964287832885 0.0301078392916876 0.0564206398425982 0.144514505422799 0.0943323336425525 0.144641989052015 0.163928677683228 0.181089727232235
0.0571210146943738 0.192265959310336 0.00784337961131713 0.0292693946429868 0.14044153880543 0.24662404430809 0.146902458805963 0.179532209821504
0.099692012660241 0.170212382263913 0.13537165885539 0.226150873728305 0.127631228412651 0.0470524854955672 0.149077939891914 0.0448114186920177
0.424489123449502 0.0116173778809006 0.000638377885167178 0.0997406591161504 0.11752578374723 0.0323973255379338 0.190106793082344 0.123484559300772
0.0128000225982914 0.150858493187721 0.153399435769042 0.195959833686569 0.139119582722471 0.15334375094471 0.0650248648584478 0.129494016232748
0.0700102889763203 0.141274667434681 0.0667798530584516 0.149116883893571 0.037317044977211 0.238406550615105 0.167677937450353 0.129416773594307
0.156930869580739 0.16372869545562 0.110884351904624 0.0406352276222675 0.00913696876383203 0.163781612666461 0.216506265516016 0.138396008490441
0.156463023482852 0.0628499462571234 0.161742209228147 0.100762747462715 0.0478794912320676 0.0941143839516592 0.15649185459711 0.219696343788326
0.030227753488454 0.134885254341134 0.205675493957675 0.016587617889723 0.133736957549876 0.421586469789559 0.0014035169444611 0.0558969360391187
0.171490648705834 0.0926534966899878 0.20595093600226 0.0376625343210222 0.156144299290756 0.153694626918153 0.117604474637964 0.0647989834340225
0.168354247214187 0.0192177048086426 0.170074712934127 0.170036813176001 0.111769031109524 0.138830718575097 0.0488493582876895 0.172867413894733
0.150188036892543 0.18631803866464 0.125646275293081 0.0826600710296803 0.094398002901521 0.17104338291511 0.168985650321793 0.0207605419816321
0.175295913433331 0.0594053017420844 0.105619456661805 0.0860591436776217 0.152652063372285 0.16851920484126 0.103356401128158 0.149092515143454
0.139079845933025 0.139668434211497 0.0515213874532694 0.106946207042218 0.00618168904301113 0.24422709177937 0.243281278227917 0.0690940663096919
0.186759594595896 0.0272165324574746 0.0383438668242906 0.0836678248461984 0.18391351411705 0.206764967901337 0.125082721669945 0.148250977587808
0.171216348122316 0.0362773605622683 0.110011722687157 0.0109488920011085 0.203017559028686 0.112715752214907 0.181114412904651 0.174697952478906
0.00121555176352573 0.0458057618301529 0.142782026673468 0.00669145373988155 0.368676953898067 0.00493540643925065 0.0393539020376636 0.39053894361799
0.0133488239741082 0.134829531577299 0.318282625054899 0.0019937455674199 0.00624298334351925 0.22105041339146 0.284259784410517 0.0199920926807782
0.010758361416325 0.164177062995352 0.158807068417415 0.161994726764393 0.146938569018853 0.0488014632527497 0.132505549852744 0.176017198282168
0.186003783968612 0.132092511160565 0.0335292185678387 0.0554618975606462 0.132873963160734 0.177445941191288 0.111652767618175 0.170939916772142
0.198820492586786 0.205189212901719 0.00733249743882551 0.133548125613679 0.108061592619858 0.113057117187224 0.0519556654591049 0.182035296192803
0.0996584337091807 0.0783122883316196 0.186188786805142 0.0698573795404856 0.268280546607582 0.187956101381121 0.0956372461003941 0.014109217524475
0.0388757403337714 0.136723858610669 0.202261594106956 0.107965554197275 0.106743667358764 0.215601416429092 0.0627313570517389 0.129096811911733
0.280856590108024 0.0263302059853499 0.0877235071169351 0.0353745375379622 0.195397672160709 0.0445233763434488 0.228861378827978 0.100932731919593
0.107793224866718 0.13187524363255 0.107842266278027 0.189658326616106 0.0431068367758794 0.155573766521086 0.14108031412452 0.123070021185114
0.143771476481949 0.389389438513753 0.0889335096267308 0.0555621489446732 0.171555726468172 0.0257398456376834 0.071699960663032 0.053347893664007
0.143586186578806 0.253821687952872 0.0876037320544314 0.163837674846291 0.0050343139727239 0.0337366482523531 0.238863670227089 0.0735160861154339
0.0750396733132499 0.0418927594163801 0.151724938263941 0.131314602714437 0.170711890502567 0.144214531054952 0.147476375050824 0.137625229683649
0.111596464616813 0.0512989587736805 0.177042528406765 0.201882684123271 0.19259997737945 0.0512917968462955 0.0331282344286975 0.181159355425028
0.0365035072713853 0.126876421389346 0.0459125457895363 0.134258431489819 0.167817464785028 0.229482442359539 0.0603444348432574 0.19880475207209
0.161404055790406 0.13208329145883 0.132705938264708 0.119221444957787 0.00404131708226186 0.171804945368386 0.169549561634611 0.10918944544301
0.154014190456754 0.0735860581007624 0.0112872659244783 0.136716036085343 0.197571555491929 0.107449209090983 0.156995099276359 0.162380585573392
0.215581705607761 0.0753043886619928 0.254522472539351 0.118494436788939 0.0575903244110021 0.230905512637963 0.0394280850235769 0.00817307432941413
0.167553055808033 0.0866805949992887 0.163764370465997 0.156410664830061 0.0878639807794531 0.158665923607379 0.0684158050726993 0.110645604437089
0.277296685562149 0.0637925080780493 0.0149900875346415 0.0544530983947299 0.0107906151162321 0.329116354560501 0.048039457069727 0.20152119368397
0.0725961532916247 0.107407283419969 0.0157056795581059 0.208094511595874 0.202174420412685 0.0525849353424403 0.10357116770497 0.237865848674331
0.03232161844508 0.202319633954354 0.184746201020106 0.0546351339882913 0.171947450033132 0.0570412453459093 0.136288218417867 0.160700498795261
0.0524838314671413 0.0668800135131555 0.11959931940755 0.1049553506156 0.271341621622221 0.070050856500325 0.200176564999972 0.114512441874036
0.147013262848291 0.146487828797329 0.317344948933806 0.051254374166095 0.050090546711315 0.0190750827167873 0.26230163182754 0.00643232399883605
0.0121278215752574 0.00577731097829078 0.187209412171907 0.0374204574317224 0.262381022080144 0.06639747329591 0.22402672673328 0.204659775733488
0.178259781074279 0.0325908188620099 0.172995616113462 0.107116219511921 0.0691635694820205 0.214150010473426 0.0649365091987906 0.16078747528409
0.05584373868976 0.181106321599808 0.165694185530609 0.0424092347683811 0.172465578194332 0.201025685905215 0.174487127732522 0.00696812757937455
0.0589166873857636 0.167773532075989 0.185768720893123 0.22714369383164 0.15211985079862 0.194357499293391 0.0099448735036935 0.00397514221777965
0.342476012273306 0.0152598618745038 0.0388368677409509 0.0118881441676991 0.0158062778786329 0.0109404386697543 0.171746458770498 0.393045938624655
0.0827416251297361 0.265261367535967 0.277668369017151 0.185219712043707 0.0949797335501516 0.0785746597255876 0.0143432903601911 0.00121124263750796
0.148488918695227 0.14147067723281 0.119778616336942 0.11422773245094 0.121914534176216 0.102031026106781 0.0690487227834582 0.183039772217624
0.105097957587846 0.21537521867586 0.151419023724104 0.208655503881787 0.012883643044133 0.187053694183181 0.0396924255662081 0.0798225333368816
0.0780318233987677 0.18034589024808 0.0107949573263131 0.19690836238271 0.137738031994083 0.022043892052048 0.205553690911463 0.168583351686534
0.0983196034951938 0.0234194418787467 0.0980705285168079 0.138353816252902 0.104913657572681 0.176567288527619 0.164821845883593 0.195533817872457
0.0251631358318588 0.129193750455738 0.119495170045628 0.0711268261662693 0.128474215624187 0.1749944065065 0.29311188711621 0.0584406082536086
0.174963273241061 0.130347886057642 0.0469218791675375 0.0233572002404135 0.133496779618725 0.0722208224558074 0.238698946163299 0.179993213055514
0.116487614773414 0.197356486543983 0.147025098206708 0.18885578079183 0.00314802328505141 0.0392875605572862 0.207197187552628 0.1006422482891
0.0390694471581585 0.164579992464147 0.220701283886507 0.208770762670384 0.033492638813172 0.129064297749433 0.00347427894805554 0.200847298310144
0.200837764339958 0.114938904095828 0.0645152186740487 0.152949544824311 0.171298934824498 0.183833102171696 0.015159509019795 0.0964670220498651
0.130667584037041 0.245611358189547 0.0802491111375274 0.103467891281895 0.189679020996229 0.0267042869602303 0.215136000221489 0.00848474717604242
0.110812266483333 0.140041991310293 0.162731334312698 0.212688064012078 0.00826151319197344 0.0590484493828945 0.107082777316113 0.199333603990616
0.000752488781054037 0.219358288884626 0.0592965858836147 0.0871428434894335 0.231952324693063 0.0990100961877443 0.117565157955652 0.184922214124813
0.116679412141061 0.219197803073586 0.133642264262827 0.135349244640142 0.0943602251978133 0.0703402892206441 0.200089046624713 0.0303417148392132
0.0993188420346825 0.179141829252145 0.100662043499246 0.0323829281848495 0.13321555242866 0.0681950233540513 0.202969021156183 0.184114760090182
0.0866473230871955 0.143602621157443 0.232816246757993 0.0910043242398538 0.130436584903748 0.16017398465201 0.131956100030219 0.0233628151715384
0.194618600721158 0.201125118923515 0.0852043945411717 0.15776204312383 0.0573973169136114 0.0708799052786775 0.163323613906238 0.0696890065917991
0.0462592713319452 0.184924196961092 0.0704833132198379 0.17299813777483 0.0956619356207533 0.210078115663613 0.14982982600852 0.069765203419409
0.231249416161001 0.106696264096128 0.121807389614557 0.0505870951102494 0.0881818017089646 0.0907186144071151 0.0843667516752132 0.226392667226771
0.0942927389464333 0.129129951855939 0.163013861156031 0.136272176910878 0.167438170458378 0.128745187617538 0.163498603470781 0.0176093095840205
0.012422134066709 0.0933011515568318 0.150645469263983 0.0532620589530536 0.277144147973844 0.0481781909533305 0.206726492609095 0.158320354623153
0.16354271404123 0.0981615990072658 0.0786634987157956 0.0824882285961587 0.125237689448215 0.109082084530744 0.182299517323359 0.160524668337232
0.24037889315278 0.0891729380842155 0.207245458552118 0.0204807198226736 0.118063389235905 0.184222903865496 0.108421325390755 0.0320143718960562
0.250081813924841 0.00246107501916665 0.103583845810408 0.208471719262209 0.0404718142407125 0.0108499393173827 0.188365167895444 0.195714624529836
0.268131692143882 0.1102613454342 0.280089136780026 0.0581466646822094 0.0891078625374419 0.116371324680329 0.0432053629681933 0.0346866107737193
0.0918792601548537 0.131416176245944 0.0585208796884515 0.0817576710337024 0.0518602748273836 0.123906363615401 0.229030888180998 0.231628486253267
0.0119538990538656 0.0458298094550492 0.0806963775125087 0.199916853665104 0.106809335973517 0.268627783281825 0.244764591622507 0.0414013494356239
0.22547114107337 0.0466755472891571 0.155717656046002 0.167719081235236 0.0925261609775496 0.0354808719370814 0.1310809913363 0.145328550105305
0.174156692198976 0.0406715690445634 0.0779144587359423 0.0124592841652682 0.209556274008075 0.141050688419639 0.139809678608458 0.204381354819079
0.0406833239897641 0.0549028779341262 0.163623284154402 0.216082354615234 0.00475896134180648 0.120914784253992 0.17684886345986 0.222185550250815
0.0763374326602555 0.106260280278514 0.205495791605962 0.181824246761334 0.0939918044234961 0.200894884725888 0.00718187656346907 0.128013682981082
0.119749600531114 0.000954523371545353 0.132205221746549 0.21377255709551 0.167613500453957 0.211298219692583 0.0998530400622568 0.0545533370464851
0.0883024676473188 0.222600907236783 0.181402581272692 0.0439601796770292 0.141826402211283 0.0998936791719375 0.195585979197185 0.0264278035857717
0.236414753710925 0.241109254909052 0.0230167730334598 0.223739801239845 0.0724880122418336 0.10027041201295 0.0729579458486298 0.0300030470033046
0.157711321782019 0.104242633203142 0.15791205142661 0.12561227358485 0.0504021413607561 0.160175242318874 0.170110993544032 0.0738333427797175
0.14517242533131 0.00858633289335799 0.155177237630166 0.172716937855073 0.0560280449411808 0.0990479067746649 0.186782373723715 0.176488740850532
0.0698060847377614 0.0890133031735336 0.118226144136851 0.103755025840915 0.0621964651872378 0.188279706270516 0.169012535258053 0.199710735395132
0.140204394161733 0.0148801062837708 0.0287569165955702 0.0886981923997235 0.388401417628602 0.154599188939095 0.150990619420089 0.0334691645714167
0.0660810471016668 0.136735585607537 0.0349312330611801 0.318144992877551 0.273794352977389 0.118809459117808 0.0194735878367978 0.0320297414200705
0.00223921564945931 0.16833493008005 0.0808116392421817 0.118428738015917 0.28188230527082 0.0482252782241391 0.0878657780193716 0.212212115498061
0.180403332120155 0.0711172631486904 0.157456622686239 0.160443775426136 0.0851433295419764 0.0841992180462574 0.143956369039264 0.117280089991281
0.073124071942925 0.343338082968824 0.0151764629917143 0.268779251998655 0.0952788367002779 0.00144941501022401 0.173372002851892 0.0294818755354885
0.121774001446621 0.0580912559062744 0.0132066796965085 0.155832322527622 0.118443048047387 0.177402875425171 0.148333169338699 0.206916647611718
0.149433374686293 0.123622455221136 0.118659492985108 0.109094454452578 0.17064794900831 0.162214768127725 0.13370277220141 0.0326247333174391
