0.0856040423815757 0.0723071618243051 0.166458044071193 0.246425109465279 0.221333998164066 0.0154823665405278 0.154884160479845 0.0375051170732083
0.0419930057020436 0.0785221642040134 0.0723504075479631 0.100851932194948 0.134480529534333 0.188993291300992 0.182094717022187 0.200713952493519
0.12022563128 0.0981967432648618 0.204953928019466 0.190971398805387 0.172585329920889 0.086401757151611 0.00660192830682556 0.120063283250959
0.112969902192984 0.22581742190897 0.115227746658425 0.175732289538381 0.0206922562900029 0.017096993686742 0.176444828279108 0.156018561445386
0.0887131797775465 0.0119571607955516 0.0256027277926221 0.0500159475901594 0.328294682985661 0.203920622830611 0.0372459493263765 0.254249728901473
0.174277296253108 0.162671547241193 0.0907182612322826 0.109087958767886 0.08488456123194 0.190845855955732 0.0425427751007008 0.144971744217158
0.159461472990887 0.170379243359019 0.0120729005400863 0.155963010800941 0.0645077574962356 0.116841829202137 0.147508764459224 0.173265021151471
0.0412448234780865 0.1671401091675 0.171741538061156 0.177066988478585 0.0681122296498287 0.0725136749636681 0.148223880395241 0.153956755805934
0.108934364654481 0.0782569686417158 0.172082329420596 0.041602455393713 0.123817212168591 0.19974917733098 0.0835996057186414 0.191957886671282
0.26045117816287 0.107433288669988 0.0410452324916713 0.0595181781700049 0.123139860716684 0.26882929208482 0.0602145961714044 0.0793683735325577
0.219030530477131 0.058225417700059 0.143756742678573 0.120917170158304 0.16037057248989 0.0704630537806224 0.0348527194330122 0.192383793282408
0.0333985930367513 0.163504474319221 0.289872814983762 0.1702795233518 0.0256327120422468 0.265847167471105 0.0297975689061681 0.0216671458889453
0.111376121772884 0.15937567655211 0.116706810068324 0.087507497155835 0.235487057816686 0.0591726194977478 0.053312896321851 0.177061320814562
0.0259879248552657 0.00834581579225648 0.29275625644808 0.315055927833764 0.0443745959132986 0.0723150084588992 0.0324268562862513 0.208737614412185
0.135318849109194 0.106350811881241 0.143591476665637 0.0755724841247185 0.124051125129307 0.168502546335556 0.0627305856467667 0.183882121107579
0.0993461130943519 0.129600364747329 0.0105364656489228 0.163944565574834 0.214226535925215 0.085926275827049 0.0863341965442807 0.210085482638017
0.0488061212461361 0.227000796440945 0.0748951323517104 0.10486729196081 0.125731793509485 0.0630905413050584 0.233800774696197 0.121807548489659
0.209488525848641 0.169488851403006 0.105934288737874 0.127371064294032 0.0445169154226793 0.130921323073585 0.132718769867334 0.0795602613528475
0.10277677838388 0.121162563168127 0.115750594710585 0.160416655413543 0.103729985058443 0.170166334053941 0.0980042100907592 0.127992879120723
0.0117176467452609 0.0871165710714041 0.00821908901943352 0.219236869262005 0.296293519722946 0.10511720978029 0.0139775000839356 0.258321594314725
0.138863050875088 0.0476713107177228 0.207760142426079 0.15723505341174 0.193599010424803 0.0465679543241173 0.089496561525951 0.118806916294499
0.217488483310809 0.0483523045191133 0.121187301720141 0.112531699748422 0.0326281910370001 0.0121077598653282 0.160794514387047 0.29490974541214
0.209269604431974 0.130546156705588 0.222177610812034 0.189024100869323 0.00343165294019853 0.0424421423451915 0.155116247245506 0.0479924846501859
0.0134091098642672 0.162885867626465 0.164785722529683 0.134553167652172 0.0983222752967199 0.190634686535122 0.0303301729439108 0.20507899755166
0.0946385592781168 0.143026378295532 0.0946750199664043 0.0361904046427164 0.188709102176773 0.145955304752863 0.159565950937031 0.137239279950564
0.156587293814251 0.125479100014415 0.16465155880379 0.133308757482681 0.0624471430334074 0.109730715555661 0.14263270301333 0.105162728282465
0.119186517769832 0.0340921776035756 0.1563119763516 0.149948849423184 0.165435130505611 0.177927512848435 0.0584062523363399 0.138691583161422
0.136906609419958 0.0867286568913312 0.140115850801274 0.153598294178806 0.175108893571055 0.00140549383061557 0.166081584612889 0.140054616694071
0.165463024218506 0.162371551437041 0.117508045250512 0.0516917455441489 0.0801172185255403 0.181070727422889 0.0924050708754495 0.149372616725913
0.00971934920930378 0.340707025845111 0.0380088513399269 0.0648353062536676 0.0339650022276312 0.0954149982688098 0.389189638693987 0.0281598281615635
0.205807260332047 0.182152377872403 0.183685165968252 0.0485752187702519 0.0853061026366341 0.0889340926443161 0.156099164709958 0.0494406170661374
0.0516119754712037 0.143466781515704 0.108256036547732 0.00165170583264769 0.0312113188177963 0.152426964235518 0.333009579165864 0.178365638413535
0.159443537066509 0.18155046890877 0.0586937582473264 0.0779299933362496 0.176254530591918 0.177642273551351 0.152936809898792 0.0155486283990844
0.0460047954973436 0.127155345978749 0.171941270080189 0.0401383745281234 0.15631890640019 0.09272996785081 0.167512253456542 0.198199086208053
0.0676025803562108 0.0795330925290197 0.14935369640519 0.118646810227002 0.159958026553281 0.17097333588366 0.0938327763770059 0.16009968166863
0.1182375416465 0.0785568057624658 0.131463152696285 0.203511987415047 0.228137253488431 0.0543417224767167 0.0630706747345986 0.122680861779955
0.0550761136770629 0.207642664231512 0.169778968943515 0.0850058793804919 0.0828260801562357 0.183069556493323 0.192663280402718 0.0239374567151412
0.131800740638516 0.173332272801504 0.00867902762798427 0.215470775036758 0.194968492391486 0.117065793610878 0.148237433738217 0.0104454641546566
0.0771892617036157 0.19279594569615 0.176958757829033 0.00367199364192961 0.24129294171167 0.177222874783062 0.0427346420894585 0.0881335825450802
0.0162225703977233 0.114755455832212 0.196826890938714 0.132673817697891 0.17300332926023 0.119077097456683 0.10492711902883 0.142513719387717
0.0392211262472863 0.0486913977959246 0.141388618965915 0.0505107801712627 0.19075218123836 0.12985058028779 0.164511477462121 0.235073837831341
0.137598318860407 0.0847701873978308 0.0378454952962356 0.173817610469225 0.148051175951344 0.116774401779312 0.120573054833678 0.180569755411968
0.174315878254765 0.0433224713181509 0.1745498640289 0.198093521006543 0.0208430748519558 0.18633780856609 0.140725536920502 0.061811845053093
0.173344226900643 0.198111095321457 0.0387524659925578 0.121040142365549 0.170993633461344 0.151153935067284 0.134792377003934 0.0118121238872305
0.0826620076962266 0.192348591668383 0.144566387344099 0.189565457535368 0.0763943189986869 0.103993428002694 0.151625913780347 0.0588438949741962
0.0531625832138219 0.187570034071315 0.204509371910965 0.270398807134266 0.117723898474628 0.0522156473024974 0.00358727754301253 0.110832380349494
0.0122768365875654 0.0983405592500265 0.00940780197228305 0.104459172938311 0.269105277204162 0.235103169577467 0.179375455774386 0.0919317266957985
0.114903543970281 0.141402217690317 0.142484151994906 0.160514266984924 0.0681673451511966 0.157022965805311 0.0707098017917002 0.144795706611363
0.0769267768239715 0.195535365206914 0.0473447480255267 0.201500325004688 0.00474737935013948 0.120311788768126 0.196717272345387 0.156916344475247
0.151409518297958 0.234558073452163 0.154561964070926 0.00320703186003104 0.0948225008947084 0.124816552904961 0.124767921975557 0.111856436543696
0.127178021321618 0.0242779416745048 0.187801186528359 0.13116082005769 0.0654007995454954 0.164749246309895 0.179934803246779 0.11949718131566
0.177422074045094 0.20116370724589 0.0584048276235646 0.0991270109920896 0.129963220352464 0.0815747677574067 0.192828659659165 0.0595157323243266
0.28703790610131 0.0208809871494934 0.140934553797398 0.0143243553446951 0.00809244183089912 0.121757020508636 0.219037261052201 0.187935474215367
0.0168890718166836 0.184410093332608 0.22946849286854 0.155446098496789 0.184464552736147 0.0386090206222863 0.0337173177402515 0.156995352386694
0.0269935129180769 0.096115671051988 0.145163140171169 0.179370447762211 0.16303006053035 0.0628877665249651 0.171080319576703 0.155359081464537
0.132708269107889 0.0787548544405957 0.0502665382996179 0.12872439942838 0.244362329419737 0.153682680688633 0.170542467877454 0.0409584607376939
0.217366016004534 0.15448407433191 0.18749311679455 0.00802996835225057 0.0785696077300105 0.157466894680102 0.180788928893109 0.0158013932135345
0.241983295371246 0.101197230863133 0.0665492937944868 0.0394991794318757 0.179975962303513 0.00493912268927139 0.108017855522675 0.257838060023799
0.127333254208875 0.247086431569161 0.0465353453617043 0.0933535390123772 0.129987610781778 0.108015191300458 0.0273522508093402 0.220336376956305
0.216187490657447 0.0240495061511505 0.028382538679391 0.124890804495402 0.191208120483975 0.139842330737642 0.136365544972693 0.139073663822299
0.0570778597308114 0.0770973589442553 0.084970659334492 0.220839379719486 0.256725680006156 0.0762640719369959 0.109901871531545 0.117123118796259
0.0888793083515555 0.227099658845804 0.0894558274230957 0.101830591137174 0.205785845922908 0.0939989580266562 0.186110233491476 0.00683957680132982
0.0536304276206242 0.0560474923160604 0.238126388799995 0.243305478934379 0.0473268677530723 0.161111489289855 0.00538364095654967 0.195068214329464
0.19999079611141 0.128703282152027 0.100296900031623 0.0942845005376738 0.240635958287242 0.064050083780802 0.0542451584044108 0.117793320694811
0.0449004686879746 0.13680075917879 0.181506061526616 0.194774797157595 0.18122309017652 0.0832345122128033 0.170257761402839 0.00730254965686159
0.204701896304422 0.201379886155528 0.0437588882907742 0.0464589895425448 0.300618833654309 0.0596714957807365 0.0401457803636982 0.103264229907987
0.0460081416328091 0.194936404428825 0.0330183233561124 0.300262474188008 0.184347542152979 0.0438683279665324 0.148387512311971 0.0491712739627633
0.167996392519117 0.137955895340048 0.185621471237998 0.0501450083032109 0.163093645515563 0.0155958929212227 0.0996380385552826 0.179953655607558
0.185471479891571 0.125600314838421 0.166401214813172 0.125046578768355 0.076363565916639 0.164260520336214 0.0167955903861493 0.140060735049478
0.198206127044468 0.0739159527520129 0.0711478872914182 0.2080744474438 0.0911201523221427 0.0810537994415009 0.270190240827509 0.00629139287714749
0.156831831895959 0.214202058858795 0.187622966150823 0.178601279544301 0.00477633447724905 0.07837118254152 0.126684071661228 0.0529102748701243
0.183721719107292 0.0992307728071008 0.154823375353527 0.161789198131861 0.0633061761407052 0.111272788454042 0.0810826911393414 0.14477327886613
0.0702276092910285 0.0519906196972692 0.125232454595586 0.226481877921574 0.00172562274337135 0.0732756132271825 0.218833675319509 0.23223252720448
0.0287805365340725 0.183831290773845 0.197713459325481 0.150421727773313 0.0941014358469976 0.0354569800566051 0.189977423471734 0.119717146217952
0.0022684525242578 0.120712230895072 0.180442331991023 0.192377728171643 0.00208161670917673 0.143872502453177 0.192132491949169 0.166112645306482
0.214001127486483 0.152806838635501 0.0300605363922102 0.114489934968391 0.0107328798315843 0.211669454002789 0.175013530489383 0.0912256981936597
0.132498765451185 0.0721653603157358 0.159397163206526 0.199945173556261 0.0487855238517201 0.0449055696906083 0.181480557045509 0.160821886882456
0.124229744406045 0.160113783520648 0.190512530210413 0.160045959832917 0.192430684618256 0.0481697267045597 0.0224203951514776 0.102077175555684
0.0810949151084987 0.0507952619932252 0.186636152501314 0.200435196221882 0.212044735540321 0.195981089392907 0.0396665324029807 0.0333461168388719
0.155566515648639 0.254672462708933 0.0365203501343349 0.0432882131145479 0.0328511143341392 0.166625740395793 0.255357670349795 0.0551179333138183
0.0127991484257992 0.131078440981219 0.0328369847565351 0.321772442976238 0.055091815930253 0.274004065317431 0.0562719611178262 0.116145140494699
0.152310546432961 0.0913070290894201 0.095201402836296 0.0603944511873601 0.205387976375794 0.0516427166586125 0.142545953397525 0.201209924022031
0.109363408407563 0.265184649340813 0.159002890778974 0.0425709355850613 0.113838886952986 0.0188167373671998 0.0702504181205264 0.220972073446877
0.200502838528811 0.189354856762644 0.0867548838486205 0.0926608633199862 0.139650857878912 0.192218004514674 0.00912009482913948 0.089737600317213
0.196756294515314 0.128379404192671 0.187593172845837 0.0974335014027474 0.181194677057685 0.0676193336483911 0.0940564308363793 0.0469671855009751
0.0975880228583405 0.115427209795659 0.169992151037058 0.0855419627374349 0.149784014400309 0.13818075105037 0.183984198125277 0.0595016899955521
0.111493592251359 0.205774951542689 0.199020672210924 0.135016351521442 0.0303882693483675 0.143050176446491 0.170847920335151 0.00440806634357637
0.0801208453337315 0.108907796143492 0.0985894491908124 0.14313317036728 0.0670304351267981 0.168020520471659 0.156583883352376 0.17761390001385
0.3488250113215 0.0170288841474024 0.182640898587669 0.0661527031833254 0.0207674126367 0.160740198189769 0.195744996230912 0.0080998957027216
0.246563542497288 0.214582006122698 0.0722220305618549 0.00616463743702085 0.287656120730042 0.0327199008588847 0.0151638388592514 0.12492792293296
0.214463177649745 0.114930247287797 0.177997188817295 0.173187916699241 0.0150616452755545 0.0878398342735714 0.10155985171097 0.114960138285825
0.107014552125334 0.169464269665554 0.0670408519669967 0.110584830135149 0.226954608885212 0.109908000392309 0.00908967517791805 0.199943211651527
0.0405798215232492 0.0157914544901187 0.136630847749492 0.109324494353173 0.168098988083206 0.234170582459828 0.0964360147523114 0.198967796588622
0.209298305608238 0.155580582040071 0.0435856594345038 0.199491913015265 0.142792168846766 0.107687281356504 0.00671456865065267 0.134849521047999
0.0293820032002519 0.258173095582441 0.12056810927983 0.172562958358834 0.0386618071102801 0.292288008966576 0.0535967944094543 0.0347672230923336
0.023574170375055 0.166654999563168 0.157411002403969 0.18735092107797 0.07710742939663 0.0835737624339039 0.173466380586842 0.130861334162463
0.135008271195575 0.178811546950346 0.0683619319092297 0.146499705956876 0.113974886147261 0.137777454027166 0.0419611548542538 0.177605048959293
0.170306131777687 0.0201414296777304 0.135704844116237 0.150445771989029 0.157256543739362 0.0181711250587836 0.165560826214534 0.182413327426638
0.0181653530922591 0.0262268011344159 0.136927462486546 0.264144857033618 0.016728970220896 0.339886336819445 0.05262837049181 0.14529184872101
0.0717820024560365 0.0954558891046389 0.252313755054778 0.127816067401372 0.0526428991781918 0.13245343708755 0.091126293063697 0.176409656653735
0.0428931482578331 0.139493564862666 0.158136834161072 0.18717270202781 0.22012481398497 0.0279654321366316 0.0778634481133474 0.146350056455669
0.266103360733178 0.0836100682547954 0.246449355665925 0.0256721010512048 0.0513494932811526 0.0244515106105566 0.247905211068084 0.054458899335104
0.0129110512381645 0.24035225707822 0.126566549160267 0.254911532446228 0.124621194948257 0.0228481369819046 0.00438992926946796 0.213399348877491
0.0301154498498936 0.118270150238791 0.16454621622715 0.114637128178293 0.160423936918557 0.0415691593656072 0.225371373600917 0.145066585620791
0.0549655917121562 0.0879921906897738 0.178605659265376 0.184998683956244 0.092726677000721 0.0651552414288017 0.245362042188224 0.0901939137587037
0.0746740486850824 0.28524235559792 0.0159608755178717 0.238002328321408 0.0702149709925761 0.156125850549405 0.153403064440218 0.00637650589551794
0.230844165399084 0.115142338074847 0.0431087211793442 0.0816943921182149 0.226144575632232 0.108254196560206 0.055326040523301 0.139485570512771
0.112599885524363 0.110328469540764 0.151081321475035 0.190122970408235 0.157001126879029 0.14101991547661 0.0596069489285174 0.0782393617674447
0.142288519719838 0.0798596697530001 0.147277540660851 0.0545998777161075 0.101951018412818 0.197945932058368 0.11840445260212 0.157672989076897
0.195258930815864 0.0555640739830437 0.114738545861406 0.174355408442435 0.169743885250527 0.071911012896995 0.138787856233329 0.0796402865163992
0.153556620234395 0.0496420989596646 0.0953860378283017 0.186407475875331 0.0599012774274441 0.18601011131777 0.106739772049373 0.162356606307721
0.157580966825022 0.150626626497179 0.215312923986022 0.0974046611016808 0.00290190311052889 0.13248417369477 0.0417513149728944 0.201937429811903
0.0710296397159782 0.161599018887578 0.120064128130537 0.161593550596463 0.142657913131599 0.143964831670862 0.0134285342571446 0.185662383609837
0.0231333311436046 0.0195752658169313 0.0579742493017366 0.062287441003701 0.335078530570896 0.0609491510075926 0.154632224220912 0.286369806934626
0.194259460535289 0.0459495408988309 0.00233428484516102 0.130856059649105 0.130072662528586 0.260521197844591 0.0257866118453202 0.210220181853117
0.0774310001050773 0.150620615638093 0.0968175744136216 0.0328824161334584 0.13260388281146 0.119619447114064 0.1626635589683 0.227361504815925
0.169530544874294 0.198186165625542 0.176928056572946 0.0237648920696263 0.153043005253821 0.103906410496258 0.0799822796849656 0.0946586454225476
0.0744951829973798 0.164456222273047 0.0784057194795027 0.159717425313999 0.130163893426976 0.171631394342228 0.0657222276825931 0.155407934484274
0.132584277290436 0.0482565279081998 0.0256384414033826 0.117535249615352 0.205328264108286 0.310907869505292 0.133063978069511 0.0266853920995408
0.112319646194449 0.214475802267939 0.119586812879412 0.192938492933155 0.177807215995435 0.0739273099488494 0.0470659643278745 0.061878755452885
0.0453273972318357 0.0268890976715067 0.102228398314592 0.151789442671327 0.185791691872492 0.17125216658579 0.151352197673657 0.165369607978798
0.0759753345082892 0.101782112367202 0.112472346314756 0.185806740902166 0.115905088355339 0.192749605587108 0.188397763322445 0.0269110086426941
0.202628990249193 0.0424683167131961 0.173263108414683 0.213407296177043 0.139080238675264 0.0704348672167179 0.0991146566707747 0.0596025258831282
0.230819676954728 0.103549767763246 0.078329677261185 0.1819064641116 0.228585077118218 0.0221898982846628 0.0176546558596376 0.136964782646723
0.159041360334011 0.0492482882408713 0.264515040169689 0.00633974604639342 0.228954687282646 0.0676889795136885 0.0368525319875404 0.187359366425161
0.0664622355575544 0.0981975988388054 0.0526708705681269 0.205589297648273 0.0370808160361771 0.215492752934996 0.0895226624306763 0.234983765985391
0.0685463781597605 0.161353493504067 0.0667795403350133 0.176572693040126 0.15313300843423 0.0665283590199888 0.192098808059302 0.114987719447512
0.156399449338838 0.00976949925547437 0.202545966864977 0.0619030769290665 0.011855910011668 0.199287039163395 0.144498585524555 0.213740472912026
0.277924347878817 0.0359174337829626 0.00593201256519098 0.309828694499497 0.107060515480803 0.0363322766862454 0.0238769369269638 0.203127782179521
0.235039132964837 0.180478420700171 0.152538642898922 0.134674777592778 0.103610618381437 0.140180335584596 0.00235080880442916 0.0511272630728294
0.170409673179796 0.0632082937110132 0.125472112360108 0.122903323171048 0.0491801570170885 0.153301560855859 0.188569540573597 0.12695533913149
0.0768181297158486 0.0305007755381783 0.159832503576909 0.141266707495973 0.193505312395849 0.0358427950918547 0.14256885765591 0.219664918529477
0.12234514383963 0.158553946149106 0.218670772648855 0.0480358572259491 0.0720372022142222 0.0600073936549205 0.165327856601492 0.155021827665824
0.086705441909194 0.228108557826594 0.0277480238143335 0.1775672511344 0.191451664513547 0.152503957807243 0.125418778444621 0.0104963245500677
0.0427954640397659 0.181964797565745 0.0319051313072497 0.191000208252311 0.148823511280603 0.107552908045877 0.12218703692485 0.173770942583597
0.013157956360723 0.101189131705648 0.278131744212847 0.164802187069845 0.218409400792481 0.00254146396955032 0.155373391951834 0.0663947239370716
0.253847518679169 0.117286824646716 0.0433022658214372 0.160483027555959 0.13214452257525 0.0396371049946948 0.081142887831036 0.172155847895738
0.0324499487287328 0.207252543109082 0.0518105881339137 0.126786117695711 0.109984301053008 0.0724413348702351 0.213745935932332 0.185529230476987
0.177827449876567 0.147719030951316 0.0789239376757472 0.0497318360963073 0.166508447312984 0.117700827237362 0.0845693493520193 0.177019121497697
0.00987990765624965 0.0752075802405189 0.261684617245484 0.247154868749574 0.173892569145036 0.112341201964358 0.0873714017333567 0.0324678532654224
0.189638334481826 0.113084277965424 0.0198405991626903 0.0471131901089594 0.246124621344968 0.0676028144240033 0.0332864556575823 0.283309706854546
0.10219518799026 0.145619619321115 0.0457798878413432 0.154139834823237 0.170776938117273 0.0407246540826033 0.116750623281249 0.22401325454292
0.105578787914032 0.0736503471124779 0.142557271253355 0.270000475833443 0.0757983898877885 0.0489281567322182 0.214270297717602 0.0692162735490836
0.00118711509411989 0.18028433913298 0.0410604967153857 0.0302711040237221 0.185625194535403 0.232603996423173 0.108052295070406 0.22091545900481
0.134341353198479 0.119383856931675 0.202555468076291 0.0185199527839641 0.02037585714648 0.174997197177191 0.200625729421742 0.129200585264178
0.153230409405472 0.0610365681210093 0.142893244894615 0.0603896794599935 0.217444439368766 0.236564948776168 0.0160631213310818 0.112377588642893
0.193694830879158 0.193250831566013 0.169799848359564 0.120523389480848 0.0198135745791339 0.0494199852541581 0.185240910360736 0.0682566295203895
0.132997929310487 0.122069137085028 0.0513731627276935 0.23480697503776 0.126881008840671 0.21721023217723 0.0887498947696019 0.0259116600515285
0.132709260782324 0.019657863428981 0.0254601411498696 0.239184537633283 0.215638148420256 0.0757549382555509 0.215862759333128 0.0757323509966084
0.0815543464141115 0.0849336784372979 0.109799124952898 0.231990127703275 0.149295593470257 0.0786214156713894 0.145855129297241 0.11795058405353
0.0359025793902513 0.123353413103089 0.322837493576421 0.184362238583106 0.0825700386131558 0.187659635848069 0.0219103307095031 0.0414042701764039
0.194427186118514 0.092194920239378 0.0881952620990744 0.119448918667848 0.159983151806348 0.162630124936294 0.0603936951645876 0.122726740967956
0.00298211478082891 0.0786003592555686 0.0125233328140978 0.145359794631892 0.151547415041292 0.152102833300498 0.269526960176075 0.187357189999747
0.0585648802897625 0.133938238117049 0.151347739545783 0.0707722754132356 0.0941772890205228 0.0996342821152259 0.125778828550586 0.265786466947835
0.171141718285126 0.225470975964697 0.154039936107387 0.0114378897862627 0.284050056505324 0.040238051982356 0.0951555205804398 0.018465850788407
0.0773800743377741 0.231879185839678 0.253764748226822 0.1900496057827 0.0206109600004369 0.011495097916508 0.0103075526973059 0.204512775198776
0.0903436595028664 0.144016070866518 0.145023819753123 0.0710757171563733 0.164320079550032 0.183631434648635 0.0757983068361862 0.125790911686266
0.128973193325117 0.0484304578859798 0.108553691192508 0.0701555945364768 0.227638379036909 0.0481096467642142 0.179631687339254 0.188507349919541
0.138232226554487 0.193344450413901 0.0558047838093933 0.111351661635707 0.093957339566281 0.0858966011658056 0.155684082802039 0.165728854052386
0.00754513670147722 0.0970177811890113 0.114516203578359 0.117583187523879 0.244558079560373 0.205544072923751 0.0166180697746769 0.196617468748472
0.189805008053571 0.262173478759401 0.0713343492841493 0.0678523130872541 0.106360730229527 0.0912793171258368 0.205182734284339 0.00601206917592207
0.051320051327649 0.240125131499069 0.0953212987442389 0.0844544704442601 0.0589168567767641 0.0341662581169753 0.248123397867476 0.187572535223568
0.104613628625786 0.141868753933107 0.1874573402487 0.0339630900138459 0.00367507547021415 0.157845320838024 0.158318279162456 0.212258511707868
0.135140454126362 0.143842898767008 0.19246953178719 0.231111729159472 0.0146852543541683 0.0604955979613764 0.116391865729964 0.10586266811446
0.108851603665226 0.0250878011625886 0.0763782885625769 0.032622635699211 0.0302435148056098 0.298270816440735 0.20611174180856 0.222433597855492
0.0697050370225688 0.0965159742148344 0.127075176361579 0.155710948048788 0.16633126898253 0.117376243034235 0.122836253919424 0.14444909841604
0.129119894118087 0.126679353232949 0.060253578274449 0.177298350864523 0.168568736847777 0.143653846167417 0.14729476944744 0.0471314710473576
0.0383058751795193 0.00215458625935467 0.275541034550704 0.136936806754729 0.0726349117353959 0.243618213246844 0.0477256570569026 0.18308291521655
0.201126293676482 0.114607161005724 0.11844762579019 0.11743988523901 0.188579218550419 0.0448999451971922 0.123075654578556 0.0918242159624259
0.107817966410475 0.199745804466647 0.0538051675549199 0.142442859717201 0.152814097156106 0.0298730318299215 0.161718775720454 0.151782297144276
0.0266655948566729 0.334557858160893 0.255805227067056 0.0176871068289383 0.0862223934529493 0.0556561625159108 0.211730137700415 0.0116755194171645
0.260353461938151 0.0128464364457873 0.0147550369785036 0.104071982762282 0.312466308156342 0.114992259728717 0.130728132505393 0.049786381484823
0.158672677340948 0.234459531563393 0.125154933557172 0.0173727902687446 0.238868569937624 0.0451438748691697 0.110087217712318 0.0702404047506308
0.0250420528949381 0.151956655557875 0.120847709041405 0.158519718754653 0.0725590060131191 0.235625403035663 0.164002982258606 0.0714464724437408
0.0451564849117068 0.208799195469611 0.130657442842671 0.0476109909984917 0.123479933730255 0.186587424365042 0.19895148697739 0.0587570407048323
0.131301586155054 0.0286134117930162 0.152348365313269 0.0880804476271881 0.128028139874857 0.219362200144655 0.131065480020575 0.121200369071386
0.179028951838937 0.105875405592241 0.020996172750756 0.114315818745541 0.205946497278037 0.0446064341709339 0.19818481836115 0.131045901262404
0.153585365190758 0.124282159941964 0.0175725032601954 0.130985669272128 0.162097872597059 0.0682691194485125 0.168329144856396 0.174878165432987
0.0171583717179759 0.0996810982018126 0.201430319186194 0.190846013744716 0.00327150707639125 0.0276801921323931 0.240974201707111 0.218958296233407
0.256618934964755 0.144789233509472 0.144205807688405 0.267790330718634 0.0623322410598857 0.0539057119846739 0.0163357257520915 0.0540220143220827
0.229603542280713 0.175084665602747 0.150144172617589 0.0958436295294404 0.00124709862362693 0.0285922323664416 0.0230947886257441 0.296389870353698
0.113401369008797 0.104482373232265 0.0121455816367827 0.171012673713647 0.161202070935826 0.166635140567873 0.0898171246473389 0.181303666257471
0.071685319372189 0.0234736516760863 0.176351506168906 0.195116276702809 0.160477308798007 0.205745251352559 0.00777152642175725 0.159379159507686
0.00373871112413747 0.0814845740889208 0.110536449313894 0.19610506930822 0.0833124567769152 0.131889102130698 0.177276275959247 0.215657361297968
0.162665484429337 0.150564526000923 0.0397165092854061 0.0606071048420021 0.146319746474794 0.155785584023206 0.16392829107944 0.120412753864891
0.0774409857915337 0.194745705667438 0.0556166014348617 0.256849683797176 0.00156249331126439 0.102831844484485 0.195038616987266 0.115914068525975
0.144811891275616 0.0320390382757146 0.15853580983895 0.207945283333151 0.207780989902131 0.0255963553396548 0.166056556524163 0.0572340755106198
0.184425447620365 0.127481265655407 0.00650698303477182 0.124302378420125 0.184439470234207 0.0145660086692758 0.300269438956763 0.0580090074090853
0.00742288429841634 0.217303109902353 0.189702671649922 0.192069684843642 0.148984276943452 0.0654731651889929 0.155916379763011 0.0231278274102107
0.164228438884706 0.153827415140189 0.196270548391083 0.113899854215005 0.149332792072647 0.0454646500587125 0.0662134992292695 0.110762802008388
0.0556220971280329 0.168425537610996 0.205080455960843 0.165752798566407 0.0478166228817132 0.116761775959142 0.229115857232542 0.0114248546603249
0.0395811897371493 0.154157463590716 0.216269326544126 0.0156396974621471 0.196918115995888 0.00992364337916136 0.189350498371587 0.178160064919224
0.0300240117964414 0.123430125281055 0.00306710551275071 0.147685275442325 0.177919779935532 0.268581565873554 0.210686616710348 0.0386055194479929
0.159498008047842 0.0421944642498433 0.069217612906075 0.323461176599727 0.122393647826661 0.103440438522082 0.110936624186691 0.0688580276610778
0.038441733366636 0.100293995651267 0.167755325608799 0.159029162971331 0.0963605712080575 0.111364899631787 0.150592855601691 0.176161455960431
0.0824131783528386 0.102680873891932 0.0256509279937764 0.0122843450696826 0.259547124089849 0.165617950654266 0.164030279273379 0.187775320674277
0.166729365933776 0.0608105003572386 0.281658571201059 0.0317377126319875 0.115451638749903 0.207872272631356 0.132460635369366 0.00327930312531429
0.102177831155898 0.0305898474852586 0.032682393044382 0.0477036803960229 0.232082839297773 0.129231598109554 0.232603891863592 0.19292791864752
0.115315272225865 0.228247677876309 0.287236246451775 0.225476591770097 0.00426811038269505 0.0273799095777257 1.6060775580883e-05 0.112060130939953
0.290195451866951 0.00236873942553272 0.153746258486069 0.010756318535278 0.137900411045584 0.0115545082375123 0.215221407200655 0.178256905202417
0.134382333076437 0.21209898796416 0.0560495659284723 0.123450063347406 0.145217352655376 0.119915411160279 0.0210721398279413 0.187814146039928
0.17684571898521 0.204721990434479 0.0743920316366967 0.0727436763849127 0.0887480141746656 0.0378869542054124 0.155640300635479 0.189021313543145
0.0569121285508534 0.231306580242661 0.0815524893643405 0.113973264736214 0.0721989733754659 0.23950797091952 0.174762583226195 0.0297860095847505
0.0052734117679136 0.140952904894639 0.183583610759162 0.212260000622014 0.101236358837717 0.0828155978818445 0.142750301591309 0.131127813645401
0.103961304578484 0.100382984343204 0.031146481141653 0.0592931980372685 0.213635905904417 0.237763208795373 0.147556433674806 0.106260483524794
0.155591728040314 0.0573306703075598 0.0337181711107211 0.203894555298041 0.0999644609373177 0.23742991032937 0.00333232451803503 0.208738179458641
0.0302545282720311 0.177933130791983 0.120865603160645 0.0354089571233763 0.134307043074919 0.061671731503677 0.195154394825374 0.244404611247995
0.0672011585698001 0.0282472320006299 0.0460219265664139 0.0534539901837282 0.449584498101483 0.18561856523103 0.129328372938529 0.0405442564083856
0.172785014477775 0.105349588521846 0.125668459929825 0.1033044663537 0.18738503402521 0.0931728115838584 0.161687845636667 0.0506467794711193
0.0371948369612441 0.209869191434732 0.0588936352287108 0.224500859894031 0.0455456556927874 0.0722259004106402 0.149892467838236 0.201877452539619
0.0775711938130552 0.19610920507775 0.191267911025225 0.0971155245965762 0.114099357957371 0.117158974433268 0.132671620521894 0.0740062125748602
0.26076675075907 0.155769524034023 0.250204367216281 0.0938637818475285 0.014905409362737 0.118670610526708 0.0105578258371877 0.0952617304164654
0.167309781228129 0.130569574439923 0.165157306784517 0.0260699018903667 0.220363358375481 0.0107164749874453 0.165378517065678 0.114435085228461
0.267578657332368 0.0963452947063473 0.192634883057106 0.088106867885266 0.00746072482940693 0.00849964819626737 0.0101684728129682 0.32920545118027
0.136852200067138 0.0974388432884727 0.0272079433020532 0.0503583944832649 0.131661565258323 0.233152598275965 0.0994845295581687 0.223843925766615
0.0263935131175137 0.0379842104310817 0.229532875851665 0.00427597628798559 0.184380311382688 0.152508179001375 0.0772627897856031 0.287662144142087
0.141067184264944 0.120033748560398 0.167443622035698 0.128600524470404 0.0986602550377324 0.0540040386335281 0.183331300087996 0.106859326909299
0.173752065958491 0.147110800236705 0.0373898144996407 0.195093783184047 0.113401416439598 0.159173907072515 0.012494882135382 0.161583330473621
0.0392949594152308 0.193546690931552 0.0464243627673377 0.157974168252403 0.138135638721937 0.114173453796179 0.0659703222711724 0.244480403844188
0.059881295931818 0.116255812953466 0.0487858019261813 0.0864272333286485 2.20409520231473e-05 0.227100022394552 0.309589459716067 0.151938332797244
0.104981680669399 0.0556289113409422 0.220794231713487 0.0198324613553193 0.0401301697069668 0.202683608355434 0.11679844788967 0.239150488968782
0.255637467770069 0.122132032239117 0.0770953760821344 0.240274718119565 0.0281215064297775 0.057036014830173 0.161172361260413 0.0585305232687512
0.181450503097996 0.158114816123857 0.145555368905499 0.220869518018079 0.000526598512556371 0.0088877084130697 0.0371551581141079 0.247440328814835
0.0338343250392212 0.316378965580324 0.0118807234120407 0.0579360128838298 0.246841359964462 0.00490476120242036 0.149067067788849 0.179156784128852
0.100514496615064 0.0310690031395322 0.209158845950861 0.132132260255884 0.0707751941193186 0.14182393463507 0.118919329184773 0.195606936099498
0.108488743915655 0.131452635708438 0.283189813078762 0.0435265688964338 0.0283913943596762 0.171820403177784 0.0529075723475529 0.180222868515698
0.0615138458719167 0.122265144714525 0.224097789777619 0.133686760050542 0.169408713345877 0.0750703226485495 0.0507549969277849 0.163202426663186
0.271262343897332 0.0564548127471677 0.0516961591439859 0.0409513037665468 0.239321547475651 0.0177104029430956 0.242438590311738 0.0801648397144825
0.143624227636136 0.135923614416561 0.120458293156581 0.1119821733458 0.1542462884317 0.150821447718708 0.0571984276849124 0.125745527609602
0.000847028096681321 0.172843363349548 0.0829458541912447 0.201544367307797 0.0784604620018867 0.124364135008863 0.182327660365005 0.156667129678974
0.0426832606090906 0.0671264095247877 0.223947066382392 0.170200177419404 0.138667586316269 0.00702664421439901 0.217671133528091 0.132677722005567
0.175558145861548 0.0950022180949172 0.163539081765999 0.0510720232657156 0.0619345923756048 0.138010194644996 0.177590208098826 0.137293535892394
0.199203743867386 0.0127398657275029 0.211792307838952 0.0113509126175727 0.147307603080983 0.166577053899912 0.144231180113035 0.106797332854656
0.225179300547506 0.0150851651264975 0.0844168853898129 0.0089367117364991 0.0974591839675953 0.197171661826226 0.258141788273407 0.113609303132456
0.0678382665202059 0.160046018108845 0.00411289008622432 0.0949611554758009 0.146588799693763 0.221791534402831 0.0275712985936617 0.277090037118668
0.0757642987201169 0.116055184835167 0.158700479489988 0.136278086934486 0.168636891442826 0.182202193871147 0.0497564802309799 0.11260638447529
0.242163065928378 0.0103363924222922 0.0527832274393305 0.166407433327744 0.0761513201431937 0.197171885739748 0.127633045507408 0.127353629491906
0.0957027319509805 0.161950618195166 0.0824983283499925 0.143998214915636 0.139910025544332 0.144870306414696 0.148115354556561 0.0829544200726345
0.220155186702826 0.0641364740080545 0.245848861091426 0.210060406728614 0.0442360838516664 0.0347937256174519 0.150991376580455 0.0297778854195054
0.0405809420391906 0.173849801260415 0.0327993292681947 0.118690501652507 0.135623181634388 0.0928220150259182 0.18949923089287 0.216134998226516
0.117814179197182 0.108305497983258 0.140598119443377 0.120094265450804 0.132576105778826 0.0849101724549002 0.093952513376082 0.20174914631557
0.189024208168584 0.21403208639062 0.0732602545412707 0.0976502935674728 0.148411843296279 0.127294606914508 0.142341949467123 0.00798475765414275
0.00790852791376431 0.270726635025862 0.155598028918363 0.126193513137824 0.258839535151108 0.0544094289318215 0.0632781921045231 0.0630461388167349
0.149346903528222 0.00195771537043403 0.0965678483576578 0.0711711152780828 0.213438057236474 0.237279466425007 0.194873542049738 0.0353653517543841
0.0386250015510345 0.166621462271103 0.142434473589557 0.154932530430601 0.0743650813667099 0.0493426214180199 0.198159892517717 0.175518936855258
0.103454631623397 0.214968600391657 0.125506961707727 0.0176664557689588 0.131183488002667 0.204989963100662 0.114345927763809 0.087883971641123
0.0669977149857886 0.249360034818454 0.0948470142057465 0.184083844743647 0.21547356089921 0.0856737785665978 0.0123520110614227 0.0912120407191339
0.238596555548928 0.0413266826757216 0.28549210093414 0.0329956296739859 0.134162496483158 0.0200698517431548 0.229334737394278 0.018021945546634
0.115123567992523 0.124186133254205 0.11584811925842 0.210490603445947 0.0279057974731694 0.135867234214163 0.0763170971896645 0.194261447171907
0.162656232542344 0.0309337280319806 0.124643682162053 0.102005042090972 0.0543429690481833 0.0803338800420858 0.314441272224993 0.130643193857388
0.00604390824178736 0.207488229867043 0.157086957672251 0.00855817045869372 0.10157777812198 0.235798145093724 0.165231045001298 0.118215765543223
0.305893252878985 0.00193973751377501 0.0228537439047413 0.0235007477126763 0.0169637303328156 0.218917507166719 0.264302744345116 0.145628536145173
0.0168918545892601 0.0250459591240075 0.271964966104875 0.29861539775643 0.121807323162898 0.0846816359911174 0.178095267213529 0.00289759605788282
0.186191550829599 0.0786460118269854 0.16855551320477 0.0808520857602503 0.159407600940884 0.151227729691648 0.154926424545416 0.0201930832004469
0.184479809294952 0.0538322744854641 0.204253421953313 0.169735406122316 0.134281333781096 0.169066651672184 0.0530266050539311 0.0313244976367436
0.0671378651228483 0.0489448798372009 0.243562887056051 0.285650928488032 0.133109714648129 0.149430385409346 0.0367690215404498 0.0353943178979439
0.0325407035260344 0.0562822257613986 0.161788098156781 0.154359017081359 0.222159138799225 0.0360568573238165 0.127779232958678 0.209034726392708
0.172676144477379 0.157077323973216 0.041682786448076 0.111924148926946 0.133288131382868 0.176896546319835 0.085353081846021 0.12110183662566
0.162710362986696 0.182249213657239 0.0358728363339767 0.111647752930628 0.185894001326544 0.105558636198269 0.0282917913910617 0.187775405175585
0.201697046754353 0.135144676052325 0.067205428088274 0.00846268857771158 0.0631442168380536 0.241161644076248 0.0855320354510928 0.197652264161942
0.114833880051667 0.175058447308628 0.0894027091962809 0.0459127519961112 0.0991415902262616 0.138768583052862 0.163641085421722 0.173240952746467
0.127167413083036 0.166901107537142 0.0684821149034853 0.134796907510199 0.155571881272409 0.0180789779439182 0.101607734294007 0.227393863455805
0.00977835185365319 0.0812537034044739 0.0937202970523963 0.14848076584168 0.149894510084951 0.205566595013852 0.145199391491224 0.166106385257769
0.0313943193012033 0.167511361050467 0.192562462492941 0.0779582957900694 0.152105023812766 0.162920819051681 0.20831725745664 0.00723046104423314
0.0351186758756713 0.0770864059608233 0.0965697523104669 0.218373461305294 0.224450592257129 0.135537779577514 0.00961301394948522 0.203250318763616
0.0526847581119258 0.130012292304812 0.160489234769391 0.0746058894925836 0.294650856947887 0.1379951442251 0.131465202984275 0.0180966211640251
0.184155240535533 0.14012265844009 0.0601777378962717 0.128489955503125 0.0790707162540858 0.0671198164383523 0.175176840368709 0.165687034563833
0.0852419265768763 0.131440201728029 0.049123678354471 0.151949010827148 0.0249128932853156 0.252955446682353 0.122276692235742 0.182100150310065
0.15748267486852 0.0866773321214172 0.168019123833578 0.126608524658966 0.185294293908168 0.0128859226615086 0.17634743834229 0.0866846896055514
0.02993095639911 0.196775815508874 0.173554451239604 0.0492255973556567 0.152557333400949 0.189796028600468 0.0917477329953116 0.116412084500026
0.16055864292566 0.10183899102231 0.0950125921129629 0.0281111323295313 0.19574709571344 0.14070829083499 0.0153272355269274 0.262696019534179
0.230933000269661 0.0921061220093037 0.110542794451016 0.207792257300299 0.0542722225968842 0.247568248330601 0.012973497873459 0.0438118571687764
