0.248402042874521 0.00938890651254388 0.264830731177395 0.31156439520136 0.16581392423418
0.298374020757063 0.344084288278567 0.299360346893315 0.0398469350361562 0.0183344090348982
0.0150969352258639 0.196988488058501 0.29656300533309 0.316587783842645 0.174763787539901
0.320825399726539 0.146981733509064 0.178847484987175 0.0956246813466872 0.257720700430535
0.300279186865114 0.102154758510507 0.224014083501409 0.299831542853417 0.0737204282695533
0.317597303354424 0.265267931789338 0.23188216572691 0.15167965289989 0.0335729462294377
0.359175824297114 0.0796893213877921 0.0798604039514779 0.261310594421756 0.219963855941859
0.0403906857091073 0.202574230980204 0.313215207289419 0.186878842515606 0.256941033505664
0.142858270357894 0.333699043896752 0.125237646114654 0.250074577905757 0.148130461724943
0.269459170536491 0.258560179227094 0.222516024092891 0.204269250208949 0.0451953759345746
0.192145278859371 0.180830422252913 0.16284547665477 0.308346149951291 0.155832672281655
0.33309991543938 0.346406880471674 0.0817345912101903 0.222849052676847 0.0159095602019092
0.332636728455435 0.092994863622154 0.331179940817439 0.233473874178114 0.00971459292685833
0.0701326810065954 0.436397859179538 0.195659492709568 0.21026111374909 0.087548853355208
0.0407540284008844 0.155779400699705 0.302137714446337 0.156336909284561 0.344991947168512
0.103386959152544 0.185486868308081 0.274579730864391 0.23609091694517 0.200455524729813
0.421622325475425 0.140214587566084 0.179623775246554 0.0884754511922205 0.170063860519717
0.216947726189473 0.0150893564468377 0.296255083497288 0.0819789649121559 0.389728868954245
0.250689635294344 0.0530319936759766 0.45524831830276 0.1255779519011 0.11545210082582
0.293553763838409 0.0717690097248595 0.277629437149627 0.171931211039596 0.18511657824751
0.135113808799953 0.138233528972407 0.419011818248244 0.0171587769792305 0.290482067000166
0.210985577430149 0.141290261827206 0.281062733593922 0.061441034031192 0.30522039311753
0.0166886054490589 0.406969643298108 0.231344946715556 0.182581967938103 0.162414836599174
0.0543811066880264 0.413337577711266 0.167999304951551 0.279311298643864 0.0849707120052927
0.040054409448182 0.284539754156524 0.228189803417331 0.228005431274828 0.219210601703136
0.344689630997913 0.0123145790459345 0.384611237609423 0.114379350497029 0.144005201849699
0.272931472686473 0.0513399832765033 0.282138491749891 0.192074900127681 0.201515152159452
0.0288250560740084 0.503802221067014 0.301380121104459 0.054220969219951 0.111771632534568
0.0570574131081696 0.28056637761838 0.0713260223646327 0.28504004308632 0.306010143822498
0.340179619320631 0.19905958438084 0.0843702047208522 0.224309323452949 0.152081268124728
0.355907374924437 0.177790190376422 0.238689447364113 0.0396810201564491 0.187931967178578
0.0671501648544964 0.0683803856278709 0.152788233866575 0.343724725904344 0.367956489746714
0.228160582080413 0.277477393026435 0.162087265321397 0.157078340044795 0.17519641952696
0.421381040915392 0.0849130049223854 0.0672548476167117 0.319911429117038 0.106539677428473
0.345535030946035 0.22820063980186 0.0147825063327819 0.219238675171329 0.192243147747994
0.155230879249076 0.00273907601543464 0.303591612717827 0.27327919545052 0.265159236567142
0.206198246535574 0.121102821863393 0.226839466009351 0.273587464490609 0.172272001101074
0.178734039887681 0.344709963129754 0.219196786753606 0.167789253110953 0.0895699571180067
0.470550610944468 0.281538880701383 0.0098321845372881 0.176662293430566 0.0614160303862951
0.315462872722616 0.226895411195582 0.00122380784860741 0.172403432561446 0.284014475671749
0.24101076063989 0.26007674490528 0.206300894327179 0.0210472391564772 0.271564360971173
0.26119040503912 0.205351104699353 0.248602696858457 0.229028141116382 0.0558276522866878
0.0194037567423966 0.114241946908513 0.0919900570701742 0.0316127079770608 0.742751531301856
0.293446509816314 0.328158521878871 0.0882465344820444 0.21115528326236 0.0789931505604101
0.123915931858933 0.132406570224599 0.273891019217506 0.225719549916176 0.244066928782786
0.223500364100116 0.263596030058104 0.189784637844617 0.0739044442066139 0.24921452379055
0.12292828825229 0.395959824684406 0.0770406094249853 0.330126784934251 0.0739444927040668
0.400397889498249 0.190681262180326 0.189296553389504 0.0925565928618129 0.127067702070108
0.252333232069594 0.0835861579616101 0.398203974897631 0.049269247176174 0.216607387894991
0.213028212375559 0.0155959055885124 0.352556600737456 0.260802941044787 0.158016340253686
0.306292444775296 0.310306384252732 0.121328283550499 0.119843268167471 0.142229619254002
0.177224061985657 0.199305505397037 0.274173785506389 0.324979909480669 0.0243167376302482
0.0440062356693823 0.137081215496752 0.33607977509234 0.264473984012414 0.218358789729111
0.277193547935396 0.130634402554314 0.292769276631771 0.258052057607714 0.0413507152708047
0.295173570887421 0.0594274472133926 0.115505077047223 0.221071217820539 0.308822687031424
0.192912378100826 0.205574890897421 0.227527118866402 0.331035352561754 0.0429502595735982
0.489872344524456 0.00830636331948349 0.387903425753546 0.0537536730297622 0.0601641933727521
0.262004335013416 0.221720817787331 0.127632793358734 0.276395279199137 0.112246774641383
0.120329480358135 0.114480988531487 0.267687049222818 0.273611005642833 0.223891476244727
0.0313289885465103 0.269339713087559 0.157270069684057 0.20435736877637 0.337703859905504
0.280601258652213 0.0588790004528677 0.0414118277020206 0.28394955158594 0.335158361606958
0.279973826226906 0.268458548770369 0.0405267123415659 0.169836979689523 0.241203932971636
0.264468503571395 0.271952832446328 0.265583474366427 0.192987906490636 0.00500728312521527
0.0187328540733367 0.286823024116321 0.160689624949625 0.230842307986412 0.302912188874306
0.15376129068915 0.321231084286426 0.121519408123829 0.0216103742260473 0.381877842674548
0.201629639000188 0.136154144558446 0.419085373827659 0.17678154369578 0.0663492989179271
0.443258621016219 0.12574403875774 0.0164857109603506 0.338872162050819 0.0756394672148704
0.285989783110774 0.270053700853094 0.225509542903591 0.194234500863986 0.0242124722685539
0.124415499305809 0.0407383560503274 0.380144416958016 0.152808265378989 0.301893462306858
0.38573912541961 0.337087503615941 0.00472364831491261 0.167437014631473 0.105012708018064
0.0576950891047332 0.147950228780793 0.0803151925620853 0.291406662541433 0.422632827010956
0.0746062572998586 0.0778007347449511 0.167151855471424 0.221157928641185 0.459283223842581
0.211644333715484 0.00253655567365479 0.203217727325826 0.0579828421742581 0.524618541110777
0.309072896603644 0.229412174261004 0.0175995903768791 0.226789180551885 0.217126158206588
0.26837309335482 0.233614084670199 0.0776410608172345 0.187079692283113 0.233292068874634
0.0238348765042402 0.324524763191316 0.331337353469898 0.145607291593617 0.174695715240929
0.0605562960555682 0.391089345674517 0.0886829656900822 0.29392041487374 0.165750977706092
0.0659176969209854 0.213309110994728 0.214513969734862 0.215257717680557 0.291001504668867
0.213284629230022 0.256077257423195 0.0838400403455862 0.267057602906419 0.179740470094779
0.214867022608685 0.218403673138315 0.298836161162583 0.0744020391703387 0.19349110392008
0.24028390368234 0.065433289719557 0.260720606806258 0.044591056448265 0.38897114334358
0.283003642938551 0.342267659499234 0.253131860335787 0.0394334341375841 0.0821634030888436
0.0639500614060291 0.176506784079099 0.170449349148585 0.270622205143168 0.318471600223119
0.238698720358761 0.190086190786296 0.169355702653619 0.330739974276032 0.0711194119252919
0.0753454818163438 0.15901115095897 0.18494336092484 0.45139906802613 0.129300938273715
0.0830848255999677 0.3039639163118 0.213121055188552 0.246274233580533 0.153555969319148
0.291824242923818 0.280489594722195 0.0728707548575957 0.221931420415011 0.132883987081379
0.298621049062953 0.142713905303246 0.180790330068448 0.243960266100451 0.133914449464902
0.100556838035253 0.121951415506762 0.0608674256615196 0.463248946414986 0.253375374381479
0.111364894938702 0.197626559088066 0.289152942958413 0.194692571678405 0.207163031336414
0.378041706514709 0.0217547238099304 0.31343491995429 0.228860679089611 0.0579079706314599
0.168335886072458 0.245168517074858 0.204001388790393 0.244183294393363 0.138310913668927
0.289125861359421 0.194536699779095 0.123608499374824 0.160905284830566 0.231823654656095
0.0616073548882025 0.312907736761816 0.252458964577566 0.0835095640065976 0.289516379765818
0.194587145817894 0.252399677570673 0.223811521268877 0.258929884329056 0.0702717710134989
0.239233896784751 0.164630823514787 0.270036739851818 0.0252311738369264 0.300867366011718
0.0807442364827894 0.313439623035973 0.111837846251945 0.194810156638341 0.299168137590952
0.301471505684002 0.101615267473024 0.111840260531432 0.17868255662882 0.306390409682723
0.266091974504457 0.125309119042986 0.362337274864315 0.171885527799085 0.074376103789156
0.112758624433649 0.17009803290377 0.0532498416998028 0.415717012302895 0.248176488659884
0.474350055226838 0.0660191621629247 0.367780690684931 0.039122462015943 0.0527276299093628
0.233379618168186 0.391568974587627 0.0298465434148655 0.319975390967864 0.0252294728614568
0.116428937703698 0.111217915767235 0.304130528272666 0.231936010754244 0.236286607502157
0.169413071885132 0.0666624336353907 0.293030294907172 0.166901196902817 0.303993002669489
0.248189722607984 0.0964658163218155 0.236737590748853 0.139506597965771 0.279100272355577
0.248510318243006 0.0978253818193809 0.144445905714425 0.261520773381083 0.247697620842106
0.130144892170864 0.071949669760752 0.270884147985781 0.332164840800088 0.194856449282515
0.168382074340521 0.253179016591909 0.251118284341471 0.12905939887538 0.198261225850719
0.0825073295431595 0.352284855967228 0.100119226160937 0.0571964758261562 0.407892112502519
0.366542744657636 0.238414322611421 0.328577516792166 0.0426221345870296 0.0238432813517485
0.118533153006933 0.0668925355217401 0.286906339463988 0.213461907100749 0.31420606490659
0.216216087167877 0.291303042780156 0.140141539076258 0.125609362181885 0.226729968793825
0.178066690941982 0.318953051813527 0.350063441869245 0.131026619053212 0.0218901963220342
0.05869438451498 0.174146155167699 0.225771531104711 0.288245435489573 0.253142493723038
0.208440357561505 0.0076065631132071 0.31149882701907 0.2577573119332 0.214696940373018
0.219422046610051 0.202830197495456 0.303296539041312 0.212891720234624 0.0615594966185585
0.0215131276818001 0.362559353953068 0.161980980004773 0.266054700717964 0.187891837642396
0.0648036065070736 0.327736998021926 0.264506788404447 0.158815843177139 0.184136763889415
0.0747025042384549 0.299680165493024 0.283668344520744 0.285195306240406 0.0567536795073717
0.200348561056095 0.154700101842777 0.227485142642207 0.0387782616114865 0.378687932847435
0.0737458287991148 0.0334939709790865 0.368928571223223 0.151700194697684 0.372131434300892
0.288038828142814 0.198727108376917 0.0323836058415867 0.366847247491248 0.114003210147434
0.233283625934515 0.120555822495685 0.217003803762224 0.168842435195624 0.260314312611951
0.387945607843227 0.147893031333407 0.10267644167792 0.327842562617944 0.033642356527502
0.160677932208485 0.263033099640434 0.153543167297606 0.0617079940894153 0.36103780676406
0.122862419582501 0.0217534723342101 0.279442644468112 0.474307677138991 0.101633786476186
0.0567761327154541 0.465407147451958 0.25839387403771 0.187262575545819 0.0321602702490588
0.223372095756139 0.112721178733592 0.158401148216543 0.328246053455569 0.177259523838158
0.32097347069393 0.0480613101132984 0.119147082654341 0.259794206746931 0.252023929791499
0.182824594731622 0.225459445053488 0.192979607166876 0.160920411673409 0.237815941374605
0.191665330467068 0.0340777553221005 0.343317421653688 0.194644499559429 0.236294992997714
0.0144278996683321 0.38944388003038 0.196848546341156 0.373461431325553 0.0258182426345789
0.127006759826645 0.330826359338052 0.0882557165742678 0.382488100859015 0.0714230634020197
0.322532476230308 0.0570828435547496 0.0906845557063164 0.338483540222127 0.191216584286499
0.164136582130388 0.235015793262137 0.277197444459584 0.0952814437083265 0.228368736439564
0.140528133835421 0.408820660732108 0.122021343442869 0.322908231773652 0.00572163021595001
0.257177774997009 0.285273199632497 0.133267736682705 0.175731596176615 0.148549692511173
0.256407699890252 0.262928304327196 0.214018700798071 0.208589448136047 0.0580558468484328
0.286839807638696 0.224205402291758 0.0386975886505001 0.370301739589373 0.0799554618296737
0.275551915865106 0.015440021771503 0.163424516430118 0.232669828027112 0.312913717906162
0.164362585083971 0.0775628758408111 0.100087174339073 0.3094963989189 0.348490965817245
0.381153206505043 0.0474548068113306 0.199683909510604 0.0215484821423089 0.350159595030714
0.158272189659541 0.372014094777291 0.0527212931577826 0.318486754391135 0.098505668014251
0.164916740361716 0.260733634214012 0.257091397917998 0.198078338764139 0.119179888742136
0.121398543591042 0.228910004483833 0.230371501685495 0.308260149495678 0.111059800743953
0.142376470394145 0.345042621155679 0.326076810954749 0.0498414908065021 0.136662606688925
0.196004104777733 0.237162764050875 0.0960542031731024 0.223024586738802 0.247754341259488
0.160187284467621 0.346611708598124 0.23902215976894 0.0111115928607299 0.243067254304585
0.0533603154734426 0.30396382381883 0.362820163747095 0.0904135067633822 0.189442190197251
0.0372766622310886 0.274773174126439 0.330892463973778 0.197161465189097 0.159896234479597
0.208545588716417 0.210877978912785 0.0355192854043042 0.365191534089356 0.179865612877137
0.285645125489018 0.102316454806119 0.306483708409354 0.21579539774267 0.0897593135528392
0.213370347913945 0.213581805391706 0.227353800896134 0.267972735402165 0.0777213103960507
0.275668611799947 0.217564997731748 0.142550075978021 0.0772573544589477 0.286958960031336
0.295453387460559 0.155982162615581 0.129028557481106 0.189725497775415 0.22981039466734
0.236665275647902 0.132187708187914 0.314112773246934 0.177091492817363 0.139942750099888
0.228638892962636 0.225142597120101 0.136877882832024 0.12532210783515 0.284018519250089
0.209640697271876 0.28920710406682 0.172193906932832 0.0950551089233756 0.233903182805097
0.0270418523830416 0.185541678897736 0.00569913888933606 0.136606752787001 0.645110577042886
0.304660376955422 0.0538898459459414 0.198417595597736 0.196268677113656 0.246763504387244
0.127006964260528 0.159055812091487 0.216715504563599 0.230553402527603 0.266668316556783
0.0668212261468732 0.242996885323704 0.172414442488503 0.262701818774252 0.255065627266668
0.453490517536109 0.246288163774709 0.0912260976118976 0.129499442888431 0.0794957781888529
0.244535258419618 0.12753037608152 0.296879934517697 0.2777744236046 0.0532800073765654
0.282657027626222 0.138580276795626 0.307061024726478 0.138651175553712 0.133050495297962
0.231610815609393 0.209380882920891 0.188671622691171 0.214402065274022 0.155934613504524
0.0105671711648443 0.334335954206265 0.400409881130252 0.0361064926449617 0.218580500853677
0.235413611543751 0.212256535903338 0.0838782809022854 0.347124589447456 0.12132698220317
0.154370872464058 0.353016759418386 0.0239036081456657 0.179008818492124 0.289699941479767
0.165671783945558 0.157300531379376 0.193709222120095 0.181795718128681 0.30152274442629
0.116325129246492 0.296672905037182 0.0260502210116227 0.257658450465605 0.303293294239098
0.0989834666488751 0.32692743227792 0.182807708219561 0.251726671388129 0.139554721465514
0.354375289948142 0.0769026431035045 0.445196251727364 0.0959952778338912 0.0275305373870979
0.0246960416273129 0.363758767200414 0.0058285312402843 0.333604693756453 0.272111966175536
0.183087754107744 0.131054772545912 0.166072189733902 0.24297768124372 0.276807602368722
0.25308239011312 0.237680825922654 0.176173544128191 0.213720403424582 0.119342836411453
0.326080757097903 0.159042762749241 0.247959701220993 0.0145066055279787 0.252410173403884
0.199598886036284 0.250114229804013 0.208668698686936 0.148057656605633 0.193560528867134
0.0881987108486108 0.141366268796875 0.12513945197371 0.241679686427082 0.403615881953723
0.205484848625164 0.221248852281332 0.16372502349304 0.224215582697295 0.185325692903169
0.252462348260145 0.207496016251755 0.226341988759236 0.10796836195787 0.205731284770995
0.25220741032294 0.202541675196409 0.315037856122026 0.126861678298114 0.103351380060511
0.180981340224049 0.0416078362205428 0.203118705625918 0.272872046642901 0.30142007128659
0.536937429442467 0.233392388149435 0.0727439597905467 0.10115257803384 0.055773644583711
0.123541471804182 0.247314872875637 0.115174700233917 0.426181982051826 0.0877869730344382
0.114095306632305 0.31593923628582 0.254317890866312 0.234056383592256 0.081591182623307
0.188637717374896 0.118942379667391 0.029828050755896 0.397830730265537 0.26476112193628
0.161585868551093 0.132661100384757 0.0896259735022022 0.171393855268415 0.444733202293533
0.149845244387723 0.360073861396683 0.332757772371787 0.0996642097601158 0.0576589120836914
0.0738167785822139 0.332360363029519 0.187548546837028 0.338394651904926 0.0678796596463134
0.167693255836469 0.12151586882747 0.31110703086159 0.291981586679141 0.10770225779533
0.0487180688490267 0.144088700024256 0.347822339789368 0.171417100557304 0.287953790780045
0.102623055660577 0.0147584394834477 0.127715850328709 0.156503606663367 0.5983990478639
0.0976848764116942 0.416081033666135 0.131450864534827 0.277664179389911 0.077119045997433
0.112134040213538 0.333460765730917 0.151598975324454 0.30414281839248 0.0986634003386116
0.346759910461113 0.0604231661874383 0.250462876855496 0.0977001399796123 0.24465390651634
0.247670209008053 0.0987897981312949 0.204357631398076 0.207331003636286 0.24185135782629
0.259268437143064 0.256970809014316 0.202548313496313 0.0630008965949302 0.218211543751377
0.240333037750189 0.0775543256935223 0.367746609298603 0.268625955613144 0.0457400716445415
0.17460849654449 0.27606881642517 0.151248809623135 0.216148775094044 0.18192510231316
