0.106034657508233 0.185168153243109 0.0903960797106163 0.19153242497605 0.0300410768242311 0.102677930860023 0.117412539629477 0.0419891700634955 0.134747967184765
0.0523155132820721 0.0158967412948412 0.22438699266268 0.12902224095853 0.00576845183640922 0.115262952380454 0.250127035135942 0.0330470899016751 0.174172982547396
0.156876079782788 0.140462279540063 0.060614738856694 0.158380439561912 0.123225997735259 0.0922419100447559 0.11523296110397 0.0602821319669002 0.0926834614076574
0.160832631517468 0.0491320416167378 0.171565319772767 0.115151468583565 0.112496613289833 0.133656079918352 0.068458919555282 0.0331117195595523 0.155595206186443
0.0807356376640095 0.236011879370379 0.149756937561335 0.137592702528766 0.134100378908512 0.0044308886606022 0.0872148110082097 0.0594958778345052 0.110660886463681
0.175696248579138 0.0948888048292193 0.017258517966728 0.167326002383722 0.107919652145768 0.0302646972725655 0.0930832264506232 0.174286862570376 0.13927598780186
0.108877244042909 0.109263517166773 8.56453894628768e-05 0.137886138023096 0.122426455380596 0.132703052965383 0.105425156989505 0.165488434122673 0.117844355919603
0.226453936679437 0.16717318589726 0.0100461668036654 0.0578167341959844 0.230286052220422 0.259525598119521 0.0357996337993945 0.0123985268983985 0.000500165385917623
0.0526810341285782 0.161020457395973 0.156567861693949 0.119772753112679 0.0327198390792683 0.201322805439886 0.133373948874897 0.045828035344766 0.0967132649300033
0.117546901360181 0.108379222550567 0.0156134255101849 0.183685405816717 0.119036946918812 0.0146669573247278 0.0142257057116231 0.21495255991946 0.211892874887727
0.036103964812138 0.0103885984105862 0.0937055222209154 0.173108420242815 0.129660317022893 0.112548689645688 0.148051743925734 0.0215064961803454 0.274926247538885
0.0408317347646044 0.158210505581302 0.175708795310073 0.160637401703992 0.0187382210291742 0.14113788464806 0.0322360745639802 0.121786539347505 0.150712843051309
0.129286651213649 0.0828872149338191 0.0017422083897753 0.202278753837817 0.0616531655659129 0.111721783704692 0.125026773749016 0.0664111785377282 0.218992270067592
0.0257981829743741 0.0775958179028407 0.0667596571132469 0.0785040907237781 0.182899502862834 0.0316408078855292 0.211543576189224 0.166343207810534 0.158915156537639
0.139974147994675 0.19204900017247 0.029736665787319 0.0606283705410178 0.143113220530686 0.152435445104086 0.0844545748062275 0.0494466009341947 0.148161974129324
0.108810689087968 0.00680771159105101 0.184180148451168 0.0745695672123431 0.093760460884306 0.134230538781376 0.00558707568624984 0.204920359422635 0.187133448882903
0.175514143134877 0.104940280363052 0.0117701887738223 0.0734332742474889 0.0522461628192613 0.191408064562124 0.112919966571832 0.147767150256359 0.130000769271183
0.0667237487404661 0.165657278107073 0.141656538394815 0.052192773453461 0.0826533126553429 0.128469691841701 0.110525127939298 0.0972487842297956 0.154872744638047
0.0576276232020595 0.0453619512641675 0.20945696689139 0.0839801142828599 0.0417615233596654 0.240904046629536 0.166098164972163 0.150716684621929 0.00409292477622998
0.261474832943432 0.0528394860298798 0.0591231714166802 0.0590472953022131 0.223072926530937 0.00599686589064959 0.0138919747729539 0.074166121220215 0.250387325893039
0.0656024453745706 0.226932481352163 0.174750509229519 0.103494192693174 0.0751556608462843 0.0133174052469623 0.160716759870785 0.128671751268446 0.0513587941180949
0.158090071377616 0.194006671083745 0.09594060689888 0.0769032842834575 0.11337659177928 0.0255354824067851 0.0226525408549508 0.173592470973047 0.139902280342239
0.164826647784383 0.123652744940898 0.134131033297813 0.0493152522870462 0.178189705602769 0.0387491580963906 0.165357192073466 0.0718713711209414 0.0739068947962938
0.0493428536586569 0.110578700461386 0.000761832454568469 0.0362073931557877 0.236067130670955 0.0434029350849193 0.148294483921485 0.260187832106978 0.115156838485264
0.169807291588073 0.0021689554052593 0.00182093144678655 0.17338714770057 0.0395601892046985 0.154890049633059 0.0631689108853273 0.246569064935863 0.148627459200363
0.0125757811141216 0.182702146352072 0.0637054301270169 0.180784962409004 0.15852032078232 0.19523175594894 0.0405148922511684 0.0961357473756849 0.0698289636396717
0.166233320980892 0.196660516916439 0.149108894977657 0.0282660775217404 0.181897956880824 0.043106100175512 0.0190974523101906 0.107107031984803 0.108522648251943
0.137949849973711 0.0511677872617902 0.0543144527571619 0.163048690016496 0.149991152889904 0.191825003500656 0.0193165934825785 0.0655241919934096 0.166862278124293
0.160494193221422 0.108066416630772 0.179141737571317 0.173089630285154 0.04068265781124 0.0717134970456927 0.114475795977803 0.14896594826665 0.00337012318994956
0.197071804666417 0.0291876311157048 0.220455863316001 0.16178641404038 0.213955842748257 0.00583149759752723 0.0820197580585619 0.0231832521032564 0.0665079363538948
0.107459092970331 0.128108764019903 0.0414861783834977 0.0850000607754849 0.207147784049818 0.181983306887594 0.0160791653408614 0.108160214530691 0.124575433041819
0.0556757485819678 0.167222964495523 0.201403614622736 0.111320259204157 0.179987981804578 0.00743011358688084 0.034126351915319 0.176911957218407 0.0659210085704302
0.0124305466344781 0.128881576082838 0.0131336131296095 0.195127695705455 0.226578750228305 0.00322170396975383 0.0592571172114691 0.202135324130955 0.159233672907137
0.0702102337567807 0.182725302324421 0.251559494108036 0.181330891017825 0.117334885808714 0.0993230137891556 0.00311354182457073 0.0484135138502391 0.0459891235202568
0.161676881760581 0.044559640937507 0.130508684423179 0.127318951914147 0.0557253252781461 0.0862833969446075 0.0872703242400823 0.174709613144533 0.131947181357217
0.0809567377258188 0.0839303658791481 0.237504051764586 0.122707571737829 0.110531572188138 0.0540834949933477 0.0220454176152548 0.124611290478535 0.163629497617343
0.0968506106464962 0.165861111813672 0.123736487541365 0.165913124477404 0.170371071428595 0.0853741990322843 0.106688844230685 0.0626216993214416 0.0225828515080567
0.17673479987125 0.12149508719402 0.0865852343511503 0.192806055908971 0.18661214023938 0.0952874102820218 0.0257129414784842 0.013254095618843 0.101512235055879
0.227048798135744 0.0118595221125847 0.113201771948938 0.216739966219675 0.12059509010105 0.0161411732335207 0.0599407218576901 0.212829191829376 0.021643764561422
0.11610706654602 0.169279110224762 0.111239910897362 0.144715709141449 0.055316703632491 0.0575001048373817 0.0265103359321181 0.148402780904933 0.170928277883483
0.191200279773675 0.190468245238302 0.0645580947583339 0.0463978368197945 0.226036166725777 0.0508722883590681 0.0679794892054999 0.112195025167023 0.0502925739525273
0.0960773853011422 0.00762574150619451 0.0985424028882283 0.300979765460799 0.0423959271555003 0.315971770096031 0.0780645646867445 0.0168965867144866 0.0434458561908733
0.194672858570535 0.0349120832549448 0.1907581175844 0.0429643849832082 0.208971231100616 0.076547253483461 0.0728462118367561 0.0684703175730714 0.109857541613007
0.102873727448512 0.170041703549946 0.115553337324766 0.0246497390652394 0.0618088433737894 0.168061221022055 0.138849197553704 0.0577309247766856 0.160431305885301
0.0689605317883352 0.0633831902010085 0.0337632115528497 0.201012682124398 0.0834600880946187 0.105647314174763 0.226094032868147 0.16762721565841 0.0500517335374688
0.0632393345590605 0.0307115357016491 0.227201304874295 0.185277577181632 0.0715886907630335 0.0544105661568207 0.0468986310634547 0.177739327738428 0.142933031961627
0.0363101145002252 0.161907814625627 0.0887383257854168 0.164685863547351 0.0567030478411349 0.0706263449313329 0.164307760422999 0.116838341643424 0.13988238670249
0.0840013749921209 0.122315422678152 0.0431161505737051 0.170691568301435 0.0505517308177624 0.143960972080166 0.126511299484017 0.0955414280927667 0.163310052979875
0.11146322143392 0.160139517331748 0.187106930860222 0.144468288403798 0.053524773783232 0.16590614216629 0.0199854901047262 0.151600627238216 0.00580500867784799
0.171670794525425 0.122653334456009 0.0836166617183753 0.202414945893954 0.00669191942410785 0.0363372561159161 0.0988974865145972 0.124449504626401 0.153268096725214
0.121935431475132 0.12123280245147 0.0603105460124157 0.164226619675804 0.10908840963876 0.150551816418275 0.0697261790674571 0.0406380874936212 0.162290107767065
0.172502013747116 0.0714075426242366 0.198166390678351 0.179692650167113 0.0954213317716182 0.0599461515989507 0.00273775859081888 0.0403925615469315 0.179733599274864
0.111958106403228 0.176137266100084 0.215877406934234 0.0817794732194885 0.0154289754590029 0.0652908323569963 0.0417864405729919 0.0761898590227502 0.215551639931224
0.230558928860297 0.0209773663293923 0.00764253585734541 0.201603538725586 0.113099438531421 0.19637320434654 0.183850492400612 0.00625298025271971 0.0396415146960869
0.0150826189591162 0.194962625409348 0.133635164326063 0.057604355468341 0.215984647113542 0.126215549338312 0.0614578611637534 0.143618955525624 0.0514382226958994
0.191049737125035 0.0770075395182529 0.0935780519602264 0.137245862576882 0.133994851032669 0.0240528294964722 0.138082302366791 0.115772125045333 0.089216700878338
0.160961748607989 0.180424467854325 0.0530276482688569 0.0918467697265644 0.0404826696705981 0.227754733868736 0.0429364553416345 0.0888274610345485 0.113738045626749
0.102967608259434 0.18318684527463 0.115851506345188 0.133395967839874 0.152168010581883 0.0841439777730396 0.154423812128648 0.0291547665639894 0.0447075052333133
0.0254130396752379 0.149883365167285 0.0316334938389656 0.129467916271888 0.139841863468907 0.163600337802715 0.0854935763565199 0.128413151283286 0.146253256135196
0.102209597181846 0.206322342040061 0.182893482062838 0.135245429926642 0.108007843863744 0.121918095202781 0.0274599456371552 0.0833603156400808 0.0325829484448513
0.0810864091715849 0.0490757391155495 0.169209079293464 0.176745470640356 0.0884657813548602 0.0933913796937265 0.0459357246808818 0.228579491285073 0.0675109247645034
0.136131470024136 0.0686403578780435 0.091917195947518 0.142951811709801 0.166509886401171 0.111954644643732 0.112580417464825 0.167483380763874 0.0018308351668986
0.139112371508163 0.145415762824051 0.183577070797381 0.101124288562075 0.0929743853012296 0.0351087316149239 0.100142203141558 0.0821367506806089 0.120408435570009
0.13326198611328 0.171949225230968 0.189967782361987 0.202816890197738 0.049712114701756 0.000208840362910327 0.0560118912902298 0.103465980467327 0.0926052892738035
0.112824568448998 0.0550642436784208 0.13512973836771 0.125190562872005 0.165026519126307 0.142025800408549 0.122481203650285 0.057827529366405 0.0844298340813199
0.0755606939268798 0.16688868906299 0.163528704746718 0.156810116302916 0.02776232208582 0.156636955941014 0.109357915381804 0.0224137807248427 0.121040821827015
0.0877243585667428 0.125155232105479 0.17875107994689 0.0932913632905962 0.190754786867918 0.0542787366549123 0.0266088409282806 0.135965575869414 0.107470025769767
0.100944139815515 0.0510051544768063 0.163427774699833 0.0493136358072363 0.09477486494093 0.077214026893996 0.121347605762543 0.161227822746805 0.180744974856335
0.179782523176989 0.0139284590110351 0.121705544064181 0.134046703530875 0.181868278229101 0.0699630007117569 0.018049910355303 0.164185972010703 0.116469608910056
0.150807587638666 0.162021291495795 0.0971083581836327 0.0587048015244531 0.11863074007529 0.147877208781178 0.0554271509157021 0.0489468908384686 0.160475970546815
0.167894241052578 0.102744627260737 0.1537930747986 0.071171410165674 0.0705059585145333 0.151717093676517 0.00513189695355398 0.146933553731567 0.130108143846239
0.136309448143246 0.0409504663546949 0.113935546104535 8.77917565306911e-05 0.110083625547164 0.216387647185458 0.0359413327779121 0.187878546974686 0.158425595155773
0.13915875068952 0.0882814135865471 0.0704292069763016 0.106813875501709 0.0618363948869352 0.172755791947646 0.157537911034884 0.179665967857972 0.0235206875184838
0.161337245063635 0.118932980902659 0.0343489138102765 0.128633114265837 0.130445047860099 0.148333038714875 0.127311693569511 0.0352879044860625 0.115370061327044
0.0166152461377249 0.0757649464365982 0.156071208264353 0.112367331972875 0.0129189835255903 0.148462592663939 0.164623418929249 0.151762073004538 0.161414199065133
0.0504655367776064 0.070172201665378 0.105943333435088 0.0446710173246734 0.172687603176905 0.114578672687888 0.181096461725109 0.0849559013947869 0.175429271812565
0.135379440646417 0.0851753740536756 0.266510932843647 0.129403596423832 0.0316867904652951 0.0187146475249217 0.160064757622666 0.0318532966583589 0.141211163761186
0.163155717600743 0.0778414371867366 0.183588147168455 0.088497289584401 0.0373124407713073 0.194324081549134 0.0482080897900175 0.047842372407939 0.159230423941267
0.146869285184864 0.227116021077895 0.0540625294662757 0.13342532139351 0.102224346678859 0.064340510392673 0.013354954802246 0.169054468322626 0.089552562681051
0.202488498987081 0.0591880555338802 0.0241915861454337 0.0407966319265989 0.255521320737983 0.172825056984034 0.114872434556175 0.0744012000750075 0.055715215053806
0.259879359685588 0.148481071215464 0.0603918815185122 0.184236500438015 0.0681194593985438 0.115688083517801 0.0556701713066115 0.00410923125982943 0.103424241659634
0.0696985944838338 0.0681492458722954 0.18976083541761 0.164166312706724 0.0205014282070335 0.12040134664674 0.169314516638288 0.0143799745924384 0.183627745435037
0.13249256966748 0.108375527577647 0.18101368475126 0.171461765234557 0.13793196255742 0.0406606434679125 0.178302585664003 0.0433475557103531 0.00641370536936872
0.0601282024727124 0.130737460685782 0.1661525901999 0.100698910957812 0.160595206781774 0.0923669275939204 0.119284530449144 0.0748720958469898 0.0951640750119643
0.132788287786153 0.200066848102674 0.0995941727782721 0.0326638431375764 0.0616247158387276 0.189336609745116 0.00994955066035696 0.13186182449958 0.142114147451544
0.0588294659116595 0.139371340302886 0.0710815714765435 0.0826037502422702 0.19045160604863 0.212935023774997 0.066639530431553 0.00508981524208447 0.172997896569376
0.000918190178074006 0.193280590568803 0.126705942882796 0.200221318195871 0.0982458818345446 0.0261761881119358 0.157856484743095 0.0570967879836981 0.139498615501183
0.15063511081317 0.0523234215917655 0.133523044366197 0.0473211585824859 0.0960724124038215 0.174070059844093 0.145274062400871 0.0586112725496153 0.142169457447981
0.0352261968608713 0.172920336974927 0.0775533750699559 0.0847844762023712 0.190462467897746 0.16483775371727 0.0965243651840769 0.125071154268885 0.0526198738238976
0.138527922710343 0.135138302269316 0.0920260366926527 0.180290744592834 0.048113693307881 0.122244930063228 0.0972457221676361 0.037267616015372 0.149145032180738
0.0918987063449047 0.122945328451782 0.143230680384455 0.0309834436061656 0.123213844000064 0.165817651695434 0.0838344518364637 0.0814716346848668 0.156604258995865
0.026178685327987 0.260950789207944 0.128005857399086 0.0504058127238273 0.159186676962602 0.227167977495549 0.0816740824059381 0.0113745846941839 0.055055533782883
0.105189798489072 0.0923280515976212 0.12171335648273 0.141010037615718 0.010083511070088 0.0185208812546623 0.230490148976962 0.123101656787231 0.157562557725916
0.0877294961872686 0.0604750838624238 0.101002626546591 0.094608564770776 0.149796442436167 0.158146396042984 0.146968948185781 0.0119016458598823 0.189370796108127
0.0767520350596746 0.18228742820223 0.114435169689923 0.106645711197936 0.180437562442928 0.119987481153034 0.0601538327475016 0.0326827534040705 0.126618026102703
0.0556876912723529 0.278746337733379 0.0302726714648667 0.191281444529783 0.0728213909195652 0.0314834160032379 0.0265729804586572 0.134457177480247 0.178676890137911
0.0862089167711328 0.102099439816822 0.0785232050031838 0.0609795752619329 0.138854646106136 0.16811471188045 0.144337460833205 0.0885770946162253 0.132304949710912
0.164405477117994 0.0240419445445185 0.138754100393962 0.151840751386352 0.187576864291444 0.0820840927306196 0.0299850361696817 0.0748282169573177 0.146483516408111
0.185199441715893 0.128452749504889 0.0562215361598126 0.191880454359144 0.0977585212595468 0.156234424524432 0.046847200763713 0.079020604898064 0.058385066814506
0.0600170466839808 0.132612546456972 0.0897952013935507 0.123241568300828 0.0731664767445192 0.169860674041873 0.199282432578492 0.10485359133516 0.0471704624646249
0.0859693208856192 0.145311969628347 0.0374270849228519 0.136193680089049 0.230329165833247 0.164228041649976 0.0396247841516303 0.0182815439787436 0.142634408860535
0.257593550229669 0.0640199039497779 0.0583454036825951 0.182065814059288 0.0277463467083842 0.09081367041802 0.136050966546896 0.0848350328711884 0.0985293115341807
0.087398857870092 0.192869682438792 0.167279920325893 0.187397738112368 0.116339383528067 0.0105245009416902 0.117903748716412 0.0874777044198034 0.0328084636468822
0.114058773278371 0.224825056215095 0.0415837955703909 0.0316263758895345 0.168076367806872 0.159073351874912 0.0867584865322059 0.0861318622879294 0.0878659305446899
0.0635590865648955 0.164940973482714 0.131707781251364 0.12585414001877 0.00634452129144657 0.0907656769577519 0.115575603715439 0.103697711217705 0.197554505499915
0.151061875850127 0.135267080962173 0.228997530202013 0.143061352752169 0.0309850242952287 0.0314964937496535 0.154302624273948 0.0180227155153932 0.106805302399294
0.113010000682579 0.150447495396389 0.0308797465240313 0.368985978926056 0.141493236920693 0.0878426692150647 0.00395491198625193 0.0166601190315214 0.0867258413174134
0.0234021510443413 0.0185664989023745 0.107765905868161 0.0342872598039496 0.0806005279580212 0.202026014887737 0.175827544479824 0.168841063865256 0.188683033190335
0.068559138052068 0.0781126044731381 0.0293566541329246 0.114534529901321 0.152007493212318 0.0914360691102648 0.156269727869453 0.148013939271622 0.161709843976891
0.205652749640874 0.205005559997609 0.00328607465640717 0.0557011439516575 0.123436093039549 0.173471049694631 0.0356850589798027 0.0161836466887083 0.181578623350762
0.166987237192802 0.189901616891689 0.0599094039961672 0.0283957099041869 0.137262221973377 0.103166730402605 0.0653390342790707 0.194673170728614 0.0543648746314885
0.106730285910243 0.137021140532006 0.101045637379711 0.0572645172719224 0.170719886873496 0.121843824930172 0.119453752460786 0.141959545653208 0.0439614089884559
0.0891992477191536 0.155810539410941 0.180444499103697 0.175261889981229 0.110731468544421 0.0326193628919043 0.107058906973097 0.0485733720292776 0.100300713346279
0.107459366781223 0.10604353983349 0.102531124349241 0.110330377646583 0.0735623117637181 0.118905572504834 0.0666658597224122 0.156797893875376 0.157703953523122
0.197654459828559 0.0151680448121934 0.0967453659322847 0.0441350700640663 0.166436971271873 0.179904110557141 0.0675459609539576 0.0125194817029293 0.219890534876996
0.116918279910521 0.164232954893899 0.0871410719554576 0.0939705199060993 0.203906159775193 0.00761668745711786 0.08426493851899 0.0724190827900853 0.169530304792636
0.083704513766585 0.155390095250593 0.0439247641523313 0.077646149903935 0.174739608376169 0.0326892166923278 0.119979434283273 0.145635740242385 0.1662904773324
0.0835800734888376 0.166260388443573 0.154298844028702 0.139939038725226 0.092246171311869 0.065912028584961 0.129523995814126 0.0687970098686791 0.0994424497340272
0.14550206183209 0.129682442186814 0.0224919032337269 0.0448861132422563 0.213884611663154 0.0579887557253496 0.169300059232221 0.191704786135101 0.0245592667492874
0.158174472818614 0.199230744771474 0.0345877958817422 0.0625847298172916 0.092477666936216 0.00461855904104415 0.271051061261945 0.0859842475634105 0.0912907219082631
0.170395549039919 0.129304626401277 0.129087348830417 0.133535438998006 0.0484003732769007 0.200974123500193 0.0115194522535077 0.0373492156584216 0.139433872041358
0.0826419046510594 0.0623640538428089 0.0587889653555946 0.110270536605984 0.16626962362142 0.140256960452199 0.165559246792453 0.108935927452478 0.104912781226003
0.0635793383414997 0.162561698709807 0.21263247629188 0.0331244440255046 0.143884453689689 0.0584063294282501 0.0297886983271359 0.0781590432923157 0.217863517893918
0.185954622604915 0.136258815370252 0.0507935020251288 0.0849426117824766 0.177240598104725 0.151269604509994 0.0613347391798392 0.0716045630146178 0.0806009434080519
0.109627622682543 0.152332876996528 0.0675072033701213 0.163714634478611 0.0715811884403366 0.0360573583541517 0.0935815638165004 0.192684615250355 0.112912936610853
0.0143893279802579 0.169205876675165 0.0712508189008675 0.0267364031085236 0.153977361678389 0.0731711797906576 0.213464591693942 0.224673955907443 0.0531304842647543
0.160589150423964 0.13926858373907 0.113861493027624 0.0675019169108789 0.0842214284747514 0.0344348312211228 0.11915246926077 0.245857457016835 0.0351126699249849
0.0847862407890392 0.0608614001335203 0.13778543490372 0.0824825841297748 0.132559164737254 0.109440044160397 0.130270052883433 0.128786709025682 0.133028369237179
0.131142352877786 0.00138784692842772 0.201999276357556 0.134891549206222 0.0268357791280535 0.114668297731284 0.11502422981136 0.102575335962209 0.171475331997102
0.18309483867823 8.49192847302103e-05 0.0836787568630699 0.11564529437547 0.148520899934722 0.0510882034058629 0.189089845259303 0.0861422609676784 0.142654981230934
0.0585790000896115 0.155070442844124 0.0398950506699296 0.02795446994646 0.130688878586605 0.29251445907262 0.0990807371265173 0.126914445227886 0.069302516436247
0.167125262122111 0.07689395703262 0.0803123240835311 0.130713439451557 0.0509878637897656 0.0435813858602527 0.222776212126169 0.0631233037863217 0.164486251747673
0.223231730067017 0.12437576130981 0.0949245408787207 0.0274925754119653 0.212871300921415 0.0236956684657074 0.00829731241710325 0.211747100815208 0.0733640097130547
0.158796284694641 0.149065669181115 0.021990854709507 0.157624746751087 0.0914553137121997 0.12184770889464 0.133280720699297 0.0215108916232663 0.144427809734247
0.116141867181868 0.233112078183548 0.0312312313858531 0.126428457376759 0.214154335058933 0.083898784986309 0.120421649747909 0.0652673581973714 0.00934423788144906
0.162127787006571 0.0625540754425394 0.168304240002045 0.117275738487469 0.0484670291062783 0.136211824871622 0.156857295549784 0.0923136113080554 0.0558883982256362
0.0901899719942079 0.131568745587237 0.0382727724224386 0.0374704682300913 0.175865381421886 0.163687811592686 0.107440487058087 0.105538277143232 0.149966084550134
0.202469114677075 0.0863018948706743 0.093299679946222 0.0542623911780335 0.0914027335849432 0.00109956812023452 0.0297075490393792 0.18507137613417 0.256385692449267
0.100872057276901 0.213900491303923 0.037176179011777 0.109078312548207 0.158712361268373 0.0635348126766714 0.192428588070841 0.0679294364117506 0.0563677614315555
0.156811275930896 0.203910846948681 0.133086030333172 0.0151809549730485 0.158514156811538 0.0929647365602859 0.06014332268889 0.1134298062133 0.0659588695401896
0.0149905752092338 0.0694534668618524 0.164608295515731 0.169751020534089 0.157404056314249 0.0802579389575933 0.164080673318965 0.0219447352804131 0.157509238007873
0.132006695663773 0.0568096216291717 0.125628626903496 0.0541250217690615 0.159675378349168 0.121889196040195 0.148441502862558 0.0507759905108472 0.150647966271729
0.142285944745627 0.142399622768666 0.0188486735430661 0.154646737715569 0.00998613715276114 0.0921170106471963 0.127949389109507 0.147826931703467 0.163939552614141
0.0183975886186481 0.264844494887035 0.179709586605404 0.031601393070256 0.143540629619531 0.0448716195511654 0.131913036195701 0.124431257071132 0.0606903943811277
0.087271262062426 0.175554894678934 0.179965757027263 0.0924357647645593 0.0735498134847115 0.0286299597546587 0.182350675832622 0.167146817299865 0.013095055094961
0.0257066203090783 0.146251518467333 0.131445888118797 0.155977624201267 0.0914874860019409 0.161632574066137 0.155452586287063 0.105859471689754 0.0261862308586301
0.122306630667222 0.17652147943462 0.031808590266395 0.192713903599554 0.165847793708546 0.0114101934988952 0.167512584610556 0.0629921357652489 0.0688866884489638
0.0436253804107893 0.137071930010265 0.0552775113649042 0.134857272914896 0.156460144963101 0.143381884444886 0.171476244667188 0.116334349008354 0.0415152822156162
0.216323997498168 0.224764792978144 0.0699913654962754 0.167792063258415 0.0442308330593434 0.135542187786695 0.0100405237043712 0.101515748630673 0.0297984875879139
0.0348959899455375 0.231695520791478 0.205808066094152 0.06778826610256 0.12658596367885 0.188946556210705 0.0072583942718732 0.00689460534961394 0.130126637555231
0.0481180163561983 0.236258576825743 0.162742146354796 0.0647844437242403 0.0484493220620139 0.00874334220455863 0.248912245975657 0.175994392681181 0.00599751381561247
0.118663625585123 0.12985410206028 0.0920438217898191 0.0601851847887631 0.129857560971527 0.166194157872248 0.140018942556584 0.0739429921819648 0.0892396121936911
0.156945573560857 0.0445493849215786 0.173349807015862 0.0338446453822077 0.139979484301155 0.119271376035526 0.0833664096087683 0.0932276004471134 0.155465718726932
0.0239991578005461 0.0642897297527555 0.240078567620185 0.247437410347829 0.0653504122817088 0.0041932601590986 0.0389020553364619 0.150890307597397 0.164859099104019
0.142434028357882 0.09951599776864 0.104198034170179 0.110575300796546 0.177438969960196 0.139102895559554 0.167707818697831 0.0574489898267891 0.00157796486238378
0.0378526013862037 0.158295694116773 0.0418933189414339 0.194397829262457 0.119284670654525 0.164780041978194 0.0578742043255424 0.0845657899511404 0.14105584938373
0.261676579042956 0.0449259413701561 0.02001614677472 0.194642694029696 0.134926866858342 0.188167056773293 0.043370601004716 0.1113215075693 0.000952606576821352
0.154311799304321 0.0225498985551989 0.132993018090436 0.109546173927363 0.0540545474237077 0.182625540589605 0.076472290403384 0.0846450785379712 0.182801653168013
0.17117088764759 0.0624620785946349 0.107464427371161 0.0440163198355045 0.243861481819943 0.0048167028387854 0.0292183160578516 0.147788084028254 0.189201701806276
0.167508445895901 0.16346726682067 0.167997490041307 0.16920870915545 0.16775098435602 0.00241695068100499 0.0737969969415504 0.0858471075802439 0.00200604852785369
0.0581077391588238 0.072377419913595 0.121672959651503 0.115516003951369 0.152814005405917 0.134616455756876 0.194089361921411 0.117889184834298 0.0329168694062068
0.322937780774746 0.123518270743842 0.0265801629785039 0.0855164247987766 0.171670407246193 0.00388756985094073 0.060615417850164 0.100747712436332 0.104526253320501
0.270399566678657 0.10681943026255 0.138550802300847 0.051659200681051 0.116961943362239 0.0287157933261531 0.129366606225597 0.0191586750255567 0.138367982137351
0.095358726418611 0.0620191726261113 0.207691703564718 0.10698683155623 0.13080770243464 0.0639491527865672 0.201506738876676 0.118852453479402 0.0128275182570456
0.086340463763568 0.0670665003773965 0.150002448351021 0.190659912948202 0.12146519095333 0.0340613530510278 0.122611597352651 0.193829191413611 0.0339633417891933
0.138145384046172 0.0318586872879316 0.0832615485225135 0.133845451439432 0.17698719191023 0.142836343754832 0.119940076530693 0.0841629732233823 0.0889623432848145
0.0706168409283907 0.0227522598733658 0.113845395112318 0.090237314080339 0.197793809891082 0.0743811835655738 0.111614185629285 0.147410550573146 0.171348460346501
0.149569110695305 0.0366645544466605 0.0744378248983232 0.233745200296237 0.0879013828507633 0.100418333324311 0.10967761762934 0.0583012774238678 0.149284698435192
0.104389843669613 0.160192828830569 0.0754829855496003 0.0309193527347277 0.166575625040903 0.169978503546099 0.108616426431099 0.0887715562440257 0.095072877953364
0.244811574010786 0.0967666769040471 0.0761660507202569 0.0708401041832544 0.0680285613313027 0.0830794752919 0.190295735516854 0.069831045900817 0.100180776140782
0.0250512835796835 0.06215648377959 0.240215247866244 0.0737841754319639 0.0120871790449542 0.178860425373526 0.186363307886971 0.0253247846588853 0.196157112378183
0.223340421717475 0.187237480969502 0.032422821043798 0.123798859572987 0.0900785554161835 0.0162680731160042 0.0274618391751673 0.206589290550754 0.0928026584381285
0.0136794265512592 0.0137884539660612 0.24551855997071 0.190171142596832 0.0234008057580925 0.0609301047468522 0.162581554136407 0.141105695805011 0.148824256468775
0.17163780462488 0.216828635815257 0.0103495559218049 0.17964816451505 0.171258145614729 0.0224346971578066 0.00193680592583193 0.164945032076587 0.0609611583480533
0.112084806679071 0.108365132009229 0.216915556602288 0.0434800861251218 0.105261284637326 0.21164380304168 0.0101186686487183 0.178122051079919 0.0140086111766476
0.165089403125391 0.226022968708042 0.0503984061501399 0.112570031216799 0.0174343662032025 0.058867823684581 0.0573757420151148 0.167284049248021 0.144957209648708
0.0960070963897288 0.255679483924046 0.263405978136805 0.154865131666483 0.00933786860669738 0.101067910435927 0.0117187115112511 0.0381519779747501 0.0697658413543107
0.258727017520737 0.113034165999437 0.0527359560697458 0.077834043648497 0.065024504014251 0.0573671029105467 0.0515545438297327 0.0968480663777933 0.22687459962926
0.0966616066329704 0.185394265123033 0.140448583876746 0.0361850563643707 0.00954612046438511 0.189146633485646 0.139667533371566 0.0166755583209099 0.186274642360373
0.113770551076559 0.254007463242109 0.0253609309173 0.188110790629385 0.131411143141269 0.0548570652643647 0.0905274650973477 0.131126295153126 0.0108282954785393
0.0834857826958396 0.216708950808716 0.117733917278754 0.0270054063215011 0.14230890695765 0.165526672796617 0.18389660981153 0.0044588855468783 0.0588748677825138
0.133315952113211 0.178254373890749 0.0463716114963541 0.151479610847241 0.1011059211434 0.111491101515482 0.157142680909081 0.0963729470116832 0.0244658010727982
0.21752814192088 0.0104407474992635 0.0423466950010907 0.190764997724333 0.122287999476567 0.159254098408303 0.163233081550644 0.0226826614087235 0.0714615770101956
0.0495771053079664 0.089066903258669 0.0190391373364838 0.173167266174309 0.25450280734353 0.134089019858082 0.150388005959893 0.0182658227942912 0.111903931966776
0.111755917609168 0.00608225821349184 0.0746565832060975 0.0576647157606994 0.0746028672883592 0.228027310224642 0.0997340707280284 0.098203133849423 0.249273143120091
0.121513763567589 0.00908148380929171 0.0650702002823711 0.129208042623302 0.066402664503063 0.164193339990781 0.205636013162076 0.130023889225923 0.108870602835603
0.0956130210543577 0.139325181884097 0.110046527004316 0.123006331397644 0.0270321741536905 0.00832761212487623 0.181553721107839 0.113315803643876 0.201779627629303
0.189956431337216 0.0354462293841509 0.134021214640681 0.102672620124502 0.0694815836871859 0.181400835117924 0.173150020667577 0.0777898667035794 0.0360811983371844
0.172702137991943 0.0949219867544372 0.243328723228046 0.150062428269869 0.116088934986848 0.0211070708057774 0.0924038459832214 0.0424828485932161 0.0669020233866419
0.102334235461949 0.155572426402582 0.0225419439576497 0.155882992840646 0.0883426708148471 0.0378671884133581 0.171577493398618 0.118048536067426 0.147832512642924
0.132161829735707 0.142469972528194 0.0935245172413571 0.123558182485786 0.159491743654887 0.154085144642495 0.00312945551203703 0.0899071722259247 0.101671981973612
0.10419685038213 0.225002062734082 0.0145537692916659 0.178195730805627 0.108151869266773 0.106057732094571 0.116257336589779 0.0138612391020706 0.133723409733301
0.146470943664392 0.0548064867351596 0.109539786446764 0.00427796170875223 0.168310590190714 0.154231609114277 0.00358628550242789 0.155252068113494 0.203524268524019
0.0101062967781033 0.116921330044228 0.104187654098459 0.114005775203202 0.02558638119347 0.175743145024251 0.160453098302329 0.154645808613758 0.1383505107422
0.196120574521849 0.103851566813303 0.164952295225186 0.0847354820082128 0.10843527371043 0.0715814099145662 0.000333812263191026 0.0874374060768063 0.182552179466456
0.162476906982793 0.0584098084063582 0.0582655028234448 0.198775799490091 0.0756414522390457 0.0668925256079498 0.112255943794622 0.155556336951732 0.111725723703963
0.14866272557896 0.163243288899006 0.168560859435559 0.0986770665234856 0.105801932550821 0.0123708153691661 0.107113283373411 0.165807885031043 0.0297621432385477
0.0109967177820772 0.185140178920159 0.13555926970365 0.167510259905771 0.115060483941433 0.0610600600891649 0.167280149138874 0.118174690166419 0.0392181903524518
0.184300078938556 0.158359356976388 0.113546536348551 0.14455502189223 0.103536389167331 0.148609471199568 0.0638857785119321 0.0560689918619278 0.0271383751035166
0.0843594546995753 0.101636352682476 0.104763759164609 0.18775863808106 0.154610292641837 0.0544512835506543 0.139356872947355 0.167160958328346 0.00590238790408666
