0.316550594724502 0.212488495213876 0.161853099157768 0.29871040522629 0.0103974056775637
0.224147018841504 0.0565432272457877 0.245634776564376 0.32342758679451 0.150247390553822
0.257102278891288 0.207591694626722 0.333576668009638 0.0284246419029524 0.173304716569399
0.356364038713295 0.0454112737893787 0.346602491020536 0.134046664980101 0.117575531496688
0.175633829049644 0.0308135203363434 0.284361524097159 0.483121395416252 0.0260697311006013
0.0768882821581593 0.130497537684196 0.238058086522029 0.371198011682276 0.18335808195334
0.165934773803066 0.205606856928001 0.278435574515946 0.192505577466348 0.15751721728664
0.0650198464291431 0.395766300247423 0.0285858098835498 0.38949028558969 0.121137757850194
0.28748626827798 0.169316085050504 0.0904968863983335 0.207889888927032 0.244810871346151
0.26173859142296 0.387842887120944 0.0324781667998566 0.163345603835846 0.154594750820393
0.124111819127368 0.0328060699087747 0.228381111386633 0.200787718768714 0.41391328080851
0.166038239945047 0.355351465405836 0.0130403198938595 0.0765223134984978 0.389047661256759
0.0316452938166636 0.281283507738102 0.216982722266562 0.320175983699779 0.149912492478894
0.0292653108860914 0.00942654654535617 0.467714311775824 0.374359540209688 0.11923429058304
0.119402110642595 0.34455661674319 0.278769964395852 0.101788889352707 0.155482418865656
0.278266853930276 0.146655605538044 0.188118682331202 0.133230913074455 0.253727945126022
0.10565239013544 0.27290988980434 0.166541374669989 0.253140151339569 0.201756194050661
0.205288849579359 0.287542746275005 0.143841704814481 0.0338458245977869 0.329480874733368
0.0527136385367041 0.180316049432665 0.228587369604603 0.280998005380784 0.257384937045244
0.0685937881411825 0.192201495597586 0.207314969394246 0.354833770594998 0.177055976271987
0.365926635487481 0.0738757338773483 0.0568555300583102 0.447587409722534 0.0557546908543274
0.0716906002730084 0.223640107429335 0.035975015508494 0.336588437683492 0.332105839105671
0.331928673804063 0.308869951356027 0.0351890034061299 0.313683411664262 0.0103289597695182
0.156691551962799 0.120586063048145 0.0708930483500226 0.279077378930773 0.37275195770826
0.216814867612779 0.302191196383265 0.0309810803725963 0.187619648928113 0.262393206703247
0.38292669130005 0.403676743557962 0.0390336866246841 0.0373579812613498 0.137004897255954
0.102460996515189 0.340722576741749 0.0781462209915386 0.146474705621866 0.332195500129657
0.203753671396355 0.0907333416824064 0.269236721622867 0.302868632103045 0.133407633195327
0.250038603492353 0.288125149454809 0.109620064978031 0.293524128148484 0.058692053926322
0.192383664131319 0.248155321167456 0.160854298424444 0.212144369680753 0.186462346596028
0.282826151322102 0.199465082590116 0.271649281224191 0.00970397000856556 0.236355514855025
0.29240048433652 0.188834946266646 0.245866028533785 0.150836852804455 0.122061688058595
0.24530961353568 0.222641504785425 0.183159648734282 0.107778576841705 0.241110656102909
0.304862905812726 0.0252237093017286 0.211938034911408 0.378298675452138 0.0796766745219988
0.279494300187666 0.234643957810205 0.0320725830878528 0.308515693192518 0.145273465721759
0.345944703347242 0.0223150831143972 0.168459162606119 0.387797817298724 0.075483233633517
0.369656870980271 0.186320402401558 0.0396287316687077 0.139205534639182 0.265188460310281
0.134895797533519 0.356638430728349 0.0472277821968288 0.295202463446003 0.1660355260953
0.172996276776183 0.0184024673818585 0.335933595146055 0.267250269748773 0.205417390947131
0.337268525638397 0.131433366782588 0.181836147663195 0.264137774358509 0.0853241855573108
0.16497152232015 0.0196822262570834 0.267004505584732 0.287942979660201 0.260398766177833
0.020348572549984 0.0975254307567955 0.364149034724401 0.30849673965333 0.20948022231549
0.316142795039889 0.0582554513639906 0.210949087226361 0.122052379898171 0.292600286471588
0.266735716265429 0.181265093011038 0.293099104856952 0.211436300419259 0.0474637854473223
0.155225556775044 0.265374645858434 0.0789265607693788 0.34759496906073 0.152878267536414
0.187173294751638 0.181335913124001 0.150960767865201 0.122585021348163 0.357945002910996
0.282573426511269 0.129105471915159 0.0643823836498077 0.206961783591946 0.316976934331819
0.178845621540333 0.238421234544104 0.128145379178516 0.24251267248198 0.212075092255066
0.114339248059872 0.260941241396408 0.280347870292807 0.286002658181134 0.0583689820697801
0.0467553660553644 0.205374823841702 0.215298286443984 0.231601751297854 0.300969772361095
0.232834820900505 0.0436936238483018 0.235508503179179 0.217110894608546 0.270852157463468
0.233689417569614 0.248154833902022 0.16775198693503 0.162636492171027 0.187767269422307
0.16162613327185 0.481045910128819 0.10960443447091 0.11819621110947 0.129527311018951
0.188801634207497 0.247793039321985 0.16894834088661 0.145440843173751 0.249016142410158
0.186103971181685 0.054948346430999 0.229814519353395 0.42666952915195 0.102463633881972
0.26673119276871 0.00983539169700749 0.0902026698440812 0.50759275917201 0.125637986518191
0.00263554731326057 0.418171976250167 0.316569506632998 0.261692620568346 0.000930349235228017
0.189837797544602 0.205014516620969 0.163167668938294 0.287821611844681 0.154158405051453
0.351684008757072 0.259550306846622 0.174634326352926 0.172052911900006 0.0420784461433728
0.350421174793576 0.138085193084622 0.001050207449505 0.0736259895980507 0.436817435074246
0.154854301520889 0.13083483825156 0.236182624053128 0.200562507814207 0.277565728360215
0.0182074422714047 0.34102150950137 0.0693294374556214 0.279436283773916 0.292005326997688
0.123485971036553 0.307480473850021 0.247379171969055 0.275393168853855 0.0462612142905153
0.278427449765816 0.15220939992103 0.269994786786293 0.0536327046086445 0.245735658918217
0.0902213604259497 0.0775965617226327 0.403196866029918 0.074602319260252 0.354382892561247
0.0308296576101471 0.0947659058147549 0.434805628241153 0.426747612247232 0.0128511960867135
0.262265689093589 0.16980258405812 0.0641353109786319 0.267853510475319 0.235942905394341
0.248681361372154 0.182757635640004 0.125536023111471 0.17080515720844 0.272219822667932
0.113268706618837 0.269889803007301 0.120520577195819 0.30866841132252 0.187652501855522
0.456035951744122 0.168774174843099 0.0151128554356432 0.0966346725334946 0.263442345443642
0.155360744413522 0.158895355824603 0.284571494309548 0.141868195746812 0.259304209705515
0.337003348956896 0.336689503061284 0.0492482333301424 0.103478883653301 0.173580030998377
0.130322213676081 0.370174033634525 0.272182485653194 0.0016193770474543 0.225701889988745
0.259365490273409 0.34616869036687 0.181805772367926 0.0983115879351845 0.11434845905661
0.224149271342603 0.188437029962971 0.148908561549243 0.215666834288511 0.222838302856672
0.56149791463386 0.0982551477094651 0.174226800488887 0.0380218171358798 0.127998320031907
0.366769811716793 0.0491456644988752 0.0493629854102768 0.0411741794305645 0.493547358943491
0.263158978699605 0.284313565038421 0.24677799122607 0.109850425381577 0.095899039654327
0.389686412848911 0.104689192538505 0.0772476672611949 0.269199819148401 0.159176908202988
0.203498308752884 0.149319340974851 0.325741757874648 0.0270078733563835 0.294432719041233
0.044242348432325 0.156830250200576 0.322185499073723 0.296094340401694 0.180647561891682
0.210452186460956 0.528928262018906 0.0676547827373912 0.163105609565409 0.0298591592173375
0.239642285811704 0.107279793903149 0.283685962939008 0.0953104399882657 0.274081517357873
0.33798039952348 0.146604345611783 0.212391937916327 0.0657277330805873 0.237295583867823
0.199328805586552 0.185447215313483 0.295112370763 0.183854201454131 0.136257406882834
0.0461271298949748 0.178081045326848 0.215403147898311 0.281678814452632 0.278709862427234
0.250069527606064 0.285289530054189 0.148476777326096 0.163103074986025 0.153061090027626
0.00534930433474314 0.618169897051138 0.0646527228324434 0.14600148941944 0.165826586362235
0.318427040287596 0.130780454720594 0.250516977438435 0.05509883293421 0.245176694619165
0.287899173376138 0.345802835793372 0.0837100351055597 0.0334042991939007 0.24918365653103
0.267623563482016 0.0941214202782294 0.0728918119995856 0.287535069237959 0.27782813500221
0.216168585581421 0.106520942139258 0.336297139064101 0.196584177787094 0.144429155428126
0.0610396499231443 0.195077766052184 0.331239730754747 0.164170933609936 0.248471919659989
0.0498835078228756 0.249601680526949 0.285557757399939 0.149610433152921 0.265346621097316
0.134658032977434 0.254003323968636 0.109582964894358 0.13574206261957 0.366013615540001
0.343024910477973 0.180105388697344 0.17201155971451 0.136802965422842 0.168055175687331
0.235676368574751 0.250405266798205 0.189519874520397 0.311209755102308 0.0131887350043392
0.295011910280998 0.339373190944934 0.000609472858896125 0.341125338892674 0.0238800870224986
0.219709947372545 0.215376495528577 0.0732526902508058 0.24469064013407 0.246970226714003
0.307713852789281 0.185768879242481 0.245517635357019 0.180560819683695 0.0804388129275239
0.0903373425078252 0.227490344976825 0.288405744263024 0.0827624751676117 0.311004093084714
0.243547289042744 0.114816081044235 0.117309116907927 0.309774689570846 0.214552823434248
0.248094553392257 0.259730369507141 0.224313620668503 0.107267956206214 0.160593500225884
0.0757466526210396 0.302417623879458 0.176154349808042 0.246918993339756 0.198762380351704
0.357045205518163 0.0480538799515099 0.0330898376535406 0.224440005464752 0.337371071412034
0.0805165852998172 0.190587960124257 0.297153292445981 0.291556504826269 0.140185657303675
0.225425474896024 0.0158143919981622 0.482777454518172 0.127150750921566 0.148831927666076
0.226574609049791 0.116726159318382 0.121923475406202 0.2231709315453 0.311604824680325
0.278931104515599 0.2604289655011 0.0930231601676442 0.110072423229158 0.257544346586499
0.393778378899102 0.122287327821037 0.0429533487157406 0.267535539719435 0.173445404844685
0.30648307348345 0.106858545146791 0.177458257461676 0.00574769686075301 0.40345242704733
0.248697939876146 0.314869794276898 0.173148957724293 0.0158847510829477 0.247398557039716
0.154748643438812 0.214465339787761 0.135130461189069 0.0363092967294931 0.459346258854865
0.294970031505396 0.103997805549648 0.271865274144863 0.125191285932787 0.203975602867305
0.239320948728926 0.0486761527446596 0.281299417855057 0.157625855060148 0.273077625611209
0.0789728185950927 0.336779505065357 0.0570262550409245 0.312477306224529 0.214744115074097
0.170839818026798 0.348744706059709 0.157743219367931 0.15318428363424 0.169487972911323
0.236792938930445 0.189751484110124 0.235943636360619 0.0184368065006332 0.319075134098179
0.457704537019968 0.0208607045859307 0.336708182124411 0.125021188761433 0.0597053875082572
0.290616651807435 0.075313280339146 0.18460770207035 0.421483756054496 0.0279786097285734
0.188480340034028 0.262264120888159 0.0871784509508272 0.249244895630881 0.212832192496105
0.605932964484348 0.137963991412488 0.136092774532137 0.119837462792666 0.000172806778360151
0.483437714150959 0.095440690939891 0.0308552930360349 0.358537308161293 0.0317289937118219
0.356601996923079 0.0161714585033716 0.177748659004816 0.123852300937786 0.325625584630947
0.271168715515191 0.170074574880341 0.120524003092587 0.27539568433928 0.1628370221726
0.0351215702318941 0.459644956893387 0.145059887233018 0.249800024484652 0.110373561157049
0.358449607368847 0.126864152225387 0.329903838927268 0.0991953572321285 0.0855870442463696
0.362555777209947 0.381169134427662 0.0437031120497933 0.0491924391084596 0.163379537204138
0.0982467196720032 0.408043743991482 0.162254398844738 0.310716542889079 0.0207385946026981
0.377820313527845 0.201421844274174 0.0485916646772573 0.338816720173077 0.0333494573476459
0.22678449909117 0.151476493929116 0.406014764995286 0.0947052258699261 0.121019016114501
0.2574384293777 0.00487618844301118 0.39529196939657 0.180836817856272 0.161556594926447
0.472121168780952 0.247412961628134 0.257629643523562 0.022494930095936 0.000341295971416273
0.105134385768202 0.294455486584981 0.0215620604015205 0.275300652870535 0.303547414374761
0.0207540327191297 0.130916278756075 0.579707246694185 0.113624160966109 0.154998280864501
0.198044751471204 0.359243800888552 0.192949995798209 0.118097918208348 0.131663533633687
0.0572376645861177 0.479157126994139 0.295225268084616 0.166454737172397 0.00192520316273017
0.328546058056371 0.296812335300782 0.261129721715791 0.0852137419443872 0.0282981429826689
0.244157093005999 0.0425772024755254 0.186826512707383 0.298221898429351 0.228217293381741
0.209662810037036 0.0684197554009212 0.169162514934192 0.298693406521249 0.254061513106601
0.262011128320939 0.25351241179355 0.271937984363321 0.20918784790135 0.00335062762083904
0.20330400189496 0.243777708451785 0.108193954560363 0.229862099895692 0.2148622351972
0.223043212272319 0.172996097632283 0.198922602109376 0.152024447917039 0.253013640068983
0.153762135838347 0.319169360622425 0.331214554339329 0.188188010508929 0.00766593869097084
0.215920497370465 0.146631441211975 0.0759511020337077 0.448296318838566 0.113200640545286
0.236482203855706 0.153384760941731 0.0842172937223314 0.227688506891049 0.298227234589183
0.0967285668287615 0.229515045769772 0.158297671488264 0.340909888654033 0.174548827259169
0.200093347973482 0.00786489442019358 0.316528853357541 0.338999301639485 0.136513602609298
0.307809175329526 0.206025928550057 0.242809823423388 0.163468422403605 0.0798866502934247
0.188625355306851 0.0680792213160503 0.261394832518565 0.219658734930161 0.262241855928372
0.188302170015527 0.0372786335392525 0.273355270339381 0.253837366643584 0.247226559462255
0.0128151516447339 0.451812011533843 0.0338038201849987 0.384523169462693 0.117045847173731
0.213696766170924 0.235459989694122 0.145304323096198 0.202721133769808 0.202817787268949
0.0248275853475041 0.21230959538105 0.27085072961541 0.336665863611306 0.155346226044729
0.188510811623105 0.05295833051024 0.0582660343898921 0.267069093775976 0.433195729700787
0.21767737435144 0.0984677558941482 0.0709969071361853 0.228056707056263 0.384801255561963
0.204404465309557 0.195977657029994 0.147325062490186 0.0605299875181192 0.391762827652144
0.485224439480736 0.130555000051331 0.0444050013348519 0.00200407986667837 0.337811479266402
0.0108638894674129 0.362949656423855 0.182279395788785 0.339033563065481 0.104873495254466
0.201403857682866 0.284615512286285 0.256590179978144 0.152405647418187 0.104984802634518
0.0942340678952559 0.317381333012334 0.0879832363205441 0.188952976516621 0.311448386255245
0.239246285021573 0.0016286266558535 0.42076417477385 0.120839587833252 0.217521325715471
0.33991539791584 0.0524277320574367 0.150427613140451 0.205002091231275 0.252227165654998
0.176071730492763 0.306933039617908 0.333302611398644 0.182707024544051 0.000985593946634441
0.265693790054172 0.218139249225936 0.283592253687445 0.0497339203289622 0.182840786703485
0.198493142247567 0.240159980491909 0.166616468384074 0.210777669298068 0.183952739578382
0.223387661386264 0.219166249604624 0.321216961873134 0.0963634522552295 0.139865674880749
0.0702695417251829 0.23381160511816 0.220820351077797 0.114473374089113 0.360625127989748
0.143247751982035 0.19153809307795 0.248331248582264 0.23317702728544 0.183705879072311
0.333244047245751 0.0599496084156372 0.233686564053376 0.264019798510488 0.109099981774748
0.301087376588051 0.137030475961033 0.2596415981796 0.0542271735913381 0.248013375679979
0.0942793001181647 0.225056793959422 0.143801359406915 0.252889110941476 0.283973435574023
0.17042988749474 0.052908786799226 0.444319732282162 0.0106369965310327 0.321704596892839
0.197426072474778 0.168537085666381 0.507780920216502 0.0576553201350398 0.0686006015072995
0.0553144470775859 0.0891189696847973 0.408695387706708 0.280834305333829 0.16603689019708
0.289118190797852 0.15671722545826 0.219469906941263 0.270246637248504 0.0644480395541221
0.0739339511178188 0.294702178494656 0.0794995792534484 0.271023151208898 0.280841139925178
0.302512295271963 0.29784512494352 0.12373199931516 0.227255958145687 0.0486546223236705
0.111203031959298 0.315402009981374 0.258139699303412 0.129700326622668 0.185554932133248
0.339727890473947 0.256063053808074 0.207359109180808 0.0364124738193748 0.160437472717797
0.273058141498278 0.0435312160480354 0.108177500360976 0.272591949195154 0.302641192897557
0.224779914488952 0.324919675277371 0.2256804357271 0.172585860873271 0.052034113633307
0.0633923825032401 0.23788254962034 0.230708023636953 0.249035807759671 0.218981236479797
0.186607475846147 0.392793758761059 0.102207738571477 0.282187358542711 0.0362036682786062
0.229712378727354 0.160201457270559 0.326632704865231 0.279592105782702 0.00386135335415399
0.40642502530977 0.0722961939483102 0.12125574663967 0.24755995162888 0.15246308247337
0.181163836806801 0.296864670988252 0.210751236617128 0.060558479031979 0.25066177655584
0.280079908928585 0.0395358218946745 0.293604277699043 0.0977759766354437 0.289004014842254
0.171879386352543 0.100962407580639 0.304425766898856 0.0633103149608232 0.359422124207139
0.186441843614225 0.141947098066953 0.377040489847926 0.0962362420996623 0.198334326371233
0.343403240052508 0.0312922072183137 0.337638138090754 0.237938199563755 0.0497282150746695
0.230029387365904 0.179762111388023 0.207532174261148 0.185885546913794 0.196790780071131
0.144082323084826 0.0849192809290382 0.202842682936908 0.226501085537244 0.341654627511983
0.109594476239584 0.261309832337719 0.354923391572253 0.0769537110207101 0.197218588829734
0.169371664519961 0.216853611381924 0.221117729923076 0.162585309682686 0.230071684492353
0.217903703522686 0.148697986380934 0.305817464135396 0.293634824187811 0.0339460217731729
0.389947045890972 0.375398825597373 0.00191818947164266 0.0186421634221552 0.214093775617857
0.0425475992860281 0.393302056883959 0.147162298446639 0.064578604348861 0.352409441034513
0.2144975543641 0.256024716963661 0.266363261021338 0.0939345014594542 0.169179966191448
0.1700385724899 0.223662140123898 0.331382807551733 0.0899503298825726 0.184966149951896
0.00778577994672508 0.382228735586434 0.203267411946274 0.186620366778425 0.220097705742142
0.268318683144543 0.188428203337958 0.293730939654715 0.0867438117772914 0.162778362085492
0.140161982527522 0.33465681341212 0.193530370696023 0.17258924410423 0.159061589260105
0.326823062740555 0.329147217040599 0.00862273077730524 0.214827921056756 0.120579068384785
0.157235148910661 0.254077421333281 0.000321490572249059 0.167094527699825 0.421271411483985
0.270868504632078 0.326588282082875 0.0942347248699409 0.138365069006357 0.169943419408749
0.13140325526586 0.00828777681582244 0.474929022476881 0.197703516885921 0.187676428555516
0.234009396720755 0.245354152281723 0.293849634177499 0.0463644815203653 0.180422335299657
0.108828630196527 0.213831544819616 0.01767581448933 0.385001468803039 0.274662541691488
0.279561448432922 0.119627735507145 0.331640498592038 0.10597149555018 0.163198821917715
0.141348688915593 0.0567152314473133 0.336717116931057 0.302241868542324 0.162977094163713
0.0990572726422426 0.0886917541739519 0.376665899798435 0.394839705617496 0.040745367767875
0.157766604631749 0.202786196307911 0.0172923596021688 0.493803020736247 0.128351818721923
0.144886902963417 0.272618696290651 0.155422619896804 0.235908387803604 0.191163393045524
0.352578941725568 0.322589483595265 0.028903332008652 0.151490554358494 0.14443768831202
0.159899420812704 0.434586052584992 0.0879967608200019 0.178819638544915 0.138698127237387
0.0424826064820771 0.187645206268709 0.160845124882155 0.32251466060071 0.28651240176635
0.0754381323584575 0.120794165331921 0.188937521223054 0.247639772667941 0.367190408418627
0.127291225923451 0.214210531378455 0.263248600763451 0.32926488427776 0.065984757656883
0.133275761316646 0.292929756856537 0.226781722809954 0.204391355896476 0.142621403120387
0.0448835273078681 0.121514823172833 0.300976707273847 0.229417962309307 0.303206979936145
0.0819814675451448 0.383705149946996 0.293150163254909 0.206140840354811 0.0350223788981394
0.156745247067167 0.109056550561528 0.283896678023138 0.249967440701945 0.200334083646222
0.0287897953455216 0.340783825640874 0.325166914583182 0.285994855590993 0.0192646088394296
0.184099027687148 0.293973027013776 0.11335260571145 0.120964203997606 0.287611135590019
0.295904768797017 0.250420367987033 0.214775471255669 0.047086280591959 0.191813111368322
0.186926552257771 0.415271507465756 0.0692675960828246 0.271181150906044 0.057353193287604
0.316508621290421 0.307855181947487 0.123155909156044 0.0918371324904946 0.160643155115554
0.335289793470903 0.107248779199204 0.0148463622698733 0.0457977003073982 0.496817364752622
0.235753305046032 0.0317967304620013 0.203441191410463 0.433716647496969 0.0952921255845344
0.194452454332899 0.113012436738541 0.322171100720784 0.228467504800003 0.141896503407773
0.322175648882644 0.168305593948242 0.0581984399547059 0.208733899692836 0.242586417521572
0.151383420332692 0.258552707299265 0.0332946561578543 0.232629301553218 0.32413991465697
0.222424667142119 0.227691553685371 0.246536183782021 0.0227185719295723 0.280629023460917
0.327785859450657 0.06743936553555 0.231699790565873 0.240818890776857 0.132256093671063
0.239453529118519 0.301222610367129 0.251735610483048 0.165568429955033 0.0420198200762713
0.348791599961887 0.0471000665008382 0.0630550392227937 0.159233829865751 0.38181946444873
0.167554987084017 0.235647656462724 0.178774434095989 0.346646257608435 0.0713766647488344
0.331672833776717 0.067605299971464 0.0671721004108534 0.390829670015653 0.142720095825312
0.371971852592431 0.070221242476215 0.0593036686851373 0.0214213832939523 0.477081852952264
0.0933115896557766 0.263498227957357 0.0869062251961312 0.410227700021922 0.146056257168812
0.142808189457996 0.178041760984395 0.229552935023948 0.208238723279713 0.241358391253948
0.317587972339119 0.0793706605999933 0.0921151822506591 0.328490694085029 0.182435490725199
0.194676297374052 0.214338242609338 0.134209281991446 0.393503710920691 0.0632724671044734
0.0368836297510671 0.103562462186934 0.188553917751782 0.167279379987678 0.503720610322539
0.188941732855491 0.10367921588579 0.237554812033431 0.317309375571951 0.152514863653337
0.192337277683813 0.102382480220516 0.266983397994807 0.140609780857993 0.29768706324287
0.289464478624997 0.152521942990246 0.05407754968753 0.237900327138986 0.266035701558241
0.295987098858804 0.141726386184707 0.227035250130768 0.0959974369145963 0.239253827911124
0.163692418444223 0.144374325754954 0.252428286781025 0.424413408106635 0.0150915609131631
0.379034716805569 0.13650873798218 0.371097046208862 0.105128216540861 0.0082312824625278
0.103273088668916 0.258557413829158 0.223213808428656 0.189442520815848 0.225513168257421
0.263309298254261 0.0361568964089197 0.321098763768477 0.256231766384958 0.123203275183385
0.18241109909103 0.0870735527014201 0.271000625107036 0.278527596678473 0.18098712642204
0.12437756071589 0.415760671418172 0.107331804783875 0.118679582928397 0.233850380153666
0.0544493338188592 0.300433400217637 0.293557393516523 0.0834505057417812 0.268109366705199
0.116356141749812 0.168772289008201 0.333802498754187 0.356930047340363 0.0241390231474381
0.0481021406259218 0.149741113697386 0.257749845780899 0.332485107624492 0.211921792271302
0.316375250837778 0.217641904855022 0.181121685699036 0.194957256262308 0.0899039023458568
0.222125529799707 0.223912340721555 0.00259855225580109 0.365602359483372 0.185761217739565
0.0223252472222841 0.202830372522187 0.0281750392805565 0.424894926671231 0.321774414303742
0.251668591737876 0.276717730372235 0.0452447614515324 0.245412973793733 0.180955942644624
0.21676269005252 0.277352658857139 0.197508274013971 0.179638929704677 0.128737447371693
0.251514475105684 0.123546197423014 0.0319808771554296 0.131960397842007 0.460998052473866
0.128142628409495 0.355746953850555 0.215338564730588 0.193138335338718 0.107633517670645
0.297151311481178 0.296002336217271 0.0702339696502966 0.105995698403949 0.230616684247306
0.231314375270066 0.212286536349203 0.0303312173769529 0.315643835895146 0.210424035108632
0.446450723370328 0.291983720268307 0.154943412321922 0.0551164297562469 0.0515057142831959
0.0845098949534797 0.167081480151404 0.137994394573553 0.368274771637203 0.242139458684361
0.0886753202472967 0.182361457775405 0.480364524299101 0.10316668608811 0.145432011590087
0.0758959650067206 0.636529113848092 0.0629642319063827 0.144298007893457 0.0803126813453477
0.128779359370326 0.161343376928601 0.112169242305047 0.328383397241034 0.269324624154993
0.184882408554151 0.0213690980615545 0.319103313194043 0.363537141065229 0.111108039125023
0.27581467437544 0.207241742110708 0.102608366286073 0.18968935024745 0.22464586698033
0.133503799059557 0.136142687265263 0.302078727959032 0.294934325688325 0.133340460027822
0.170784728642403 0.350165376947058 0.078536063805415 0.366835083826965 0.033678746778159
0.0843441667836409 0.2727982023538 0.249007985221829 0.150975856938739 0.242873788701992
0.18608724888729 0.301592001139655 0.179560218783617 0.267857161977212 0.0649033692122265
0.0379864508896599 0.0935759480120103 0.444610306855195 0.183255874654024 0.240571419589111
0.321848615384528 0.129515180924442 0.329247526555751 0.183220184871193 0.0361684922640854
0.0341370828699369 0.114485670499547 0.259410396290009 0.308786559153206 0.283180291187301
0.237072257404526 0.0556743712959505 0.214802568921931 0.379800951218581 0.112649851159012
0.27234239930213 0.263051128765446 0.101685056744293 0.110433511586263 0.252487903601868
0.248058874433024 0.0626338528062447 0.235086031921828 0.295510464490914 0.15871077634799
0.198509345773506 0.040033380239319 0.1193126138269 0.560361156781613 0.0817835033786625
0.233389601960227 0.339008488168769 0.287708735513939 0.0905352235194687 0.0493579508375959
0.282144645694143 0.168504044256392 0.178947669519304 0.20894142751357 0.161462213016591
0.163677849612626 0.0132020245563023 0.308499827440434 0.370158556295905 0.144461742094733
0.041812829012493 0.335146405940252 0.438504123066227 0.101511882960373 0.0830247590206551
0.241944319563181 0.201207424024033 0.183772511680701 0.206454068646452 0.166621676085633
0.224348695574164 0.128105398942481 0.181594438171417 0.216047777387085 0.249903689924853
0.263285453999872 0.182174287072022 0.198292894071322 0.06084517643257 0.295402188424214
0.159589337335853 0.326852820511104 0.052876315485743 0.22631444390109 0.23436708276621
0.107736008479049 0.0012146892063805 0.164922102031269 0.440810581578751 0.28531661870455
0.204984141064028 0.224347611843117 0.190944479386848 0.174912887948845 0.204810879757162
0.119785483646481 0.382255794805055 0.132686038783019 0.218261623539122 0.147011059226322
0.264092149090481 0.0547949620195161 0.26059054031545 0.1083280311097 0.312194317464853
0.294941658526275 0.183195880290938 0.381098591033648 0.0383824965315076 0.102381373617631
0.224513724846833 0.123258248492474 0.0569266100660585 0.408833472528182 0.186467944066453
0.28001168222533 0.231787449878094 0.221855512890495 0.121196664463203 0.145148690542879
0.196653235689872 0.261284084221964 0.0859091416124034 0.298525306213606 0.157628232262155
0.190917534455059 0.264913605028577 0.292172994429603 0.21698388269625 0.0350119833905108
0.0632523035677258 0.22507726370345 0.183455837337305 0.354484402965126 0.173730192426393
0.178236910775127 0.122647257517461 0.177699643095352 0.376570016492419 0.14484617211964
0.204846759696308 0.100665407985978 0.222441757902042 0.217223901915216 0.254822172500456
0.267688713810459 0.306103562472018 0.244761327371666 0.135359497816902 0.0460868985289555
0.336776281127244 0.0917240838378901 0.299846769315778 0.180156886363871 0.0914959793552177
0.34726303922368 0.252052463405111 0.3651383195117 0.0113853532904264 0.0241608245690833
0.225945530535783 0.366838696227818 0.115932504160999 0.027639009204096 0.263644259871304
0.0751912402253412 0.213511652840157 0.281650980898349 0.256143061599575 0.173503064436577
0.300167584315896 0.154882664819032 0.108068180854199 0.12544662997209 0.311434940038783
0.0546724531095595 0.264913720018785 0.315752222486176 0.102125030692025 0.262536573693455
0.239644940250612 0.300521744047182 0.0612060011017655 0.211779840975249 0.186847473625191
0.114422862606553 0.245934067195603 0.250686903237739 0.182637306425956 0.206318860534149
0.166307969314977 0.319221083479663 0.0903635845848657 0.336493554139997 0.0876138084804965
0.310778297497566 0.355023498164354 0.192175217175143 0.135626337297441 0.0063966498654961
0.133918634237811 0.241956515743779 0.219900519240946 0.234153916555906 0.170070414221559
0.114083789083653 0.304542425173821 0.0822050594100549 0.106392339375525 0.392776386956946
0.0935844437837142 0.277623431134324 0.0236623645272095 0.327610190622333 0.27751956993242
0.290476795367541 0.285056127892087 0.0765561763894775 0.0410359591318968 0.306874941218998
0.210952159531961 0.237454312088273 0.209563203434541 0.170969048024956 0.171061276920269
0.1081994264415 0.260462991347001 0.364958826145008 0.111330447871919 0.155048308194571
0.310265712608104 0.307767739964019 0.171643598361284 0.0354071753982661 0.174915773668328
0.295512025778705 0.256426118998547 0.255186644289872 0.159523663104448 0.0333515478284282
0.20121755630356 0.179920106877336 0.376025458642125 0.0670273524222509 0.175809525754728
0.408152351514284 0.144087104646991 0.0810172209886346 0.0276220962021127 0.339121226647978
0.216702355636816 0.233825723992294 0.194169673438341 0.192267522093641 0.163034724838908
0.278150615617557 0.367980833257836 0.0815553612146544 0.145255639100753 0.127057550809199
0.014544123470556 0.228667069538631 0.292356908505343 0.345693333282473 0.118738565202997
0.173639043516571 0.169899686954255 0.328591197670734 0.267950549392344 0.059919522466096
0.0598709135455538 0.24433400626561 0.310141312100091 0.254295598062749 0.131358170025996
0.177477493348327 0.187098718764669 0.276651226221528 0.116972396036316 0.24180016562916
0.270996711550426 0.294989357858151 0.0278045364967418 0.325752136656494 0.0804572574381865
0.312748329733697 0.226740847330437 0.314977410776478 0.0644745716067994 0.0810588405525885
0.189745316439141 0.12351074838551 0.266137257411437 0.167805089205749 0.252801588558163
0.197172331392539 0.0554270547212622 0.212715785957335 0.23470583811675 0.299978989812113
0.45448922491527 0.132577257324083 0.00967384058470012 0.139416577507433 0.263843099668514
0.244306490753683 0.0748487173802511 0.19430443223596 0.267702328945204 0.218838030684903
0.0794266563040647 0.0654574291028865 0.234501714360809 0.254063101465351 0.366551098766888
0.259124137301553 0.313890373879577 0.175252661684903 0.080158501523379 0.171574325610587
0.0285534935419151 0.407187322923511 0.356178774235991 0.0598609288833637 0.148219480415219
0.170842834806903 0.0674391225674303 0.00931056090457727 0.500298248515826 0.252109233205263
0.318319259542015 0.0460387758633877 0.306033010914983 0.280877266037452 0.0487316876421626
0.0158613610154511 0.0733759489214131 0.274594662481353 0.345791954578144 0.290376073003638
0.36710936628759 0.168964407320757 0.0374307978644813 0.252856615605908 0.173638812921264
0.0707763584359098 0.0313121097730316 0.163789764161019 0.362997084907949 0.371124682722091
0.0778976264633161 0.0232617563073091 0.339422835396388 0.213558898600889 0.345858883232098
0.301826610495081 0.128708710708346 0.321726873145914 0.104269647826607 0.143468157824052
0.235651528948606 0.272877520944701 0.12389116178715 0.195694629294209 0.171885159025333
0.108154625368545 0.318798018012123 0.331642550477649 0.0419593476485555 0.199445458493128
0.0822102049494085 0.202962974130907 0.138617184868777 0.400598865128325 0.175610770922583
0.234064204890347 0.320363233154715 0.0194410843623947 0.154414937202907 0.271716540389636
0.256650851870388 0.131692238646832 0.160138286810191 0.0929449599119855 0.358573662760603
0.178644353582255 0.160265346949718 0.15205145254961 0.253104037655768 0.255934809262648
0.316222375620972 0.12969715268012 0.263353292925113 0.0121680868506271 0.278559091923168
0.0961343297263012 0.289364849358446 0.146505805801096 0.260184417316804 0.207810597797353
0.19969378150828 0.169042016548437 0.213736990869553 0.235752829481621 0.181774381592109
0.122457024020298 0.340940167853068 0.087689829606588 0.24874729040484 0.200165688115206
0.279576149525143 0.222992324451099 0.104365888047643 0.143399494818625 0.24966614315749
0.377860591356213 0.0366147441447203 0.305011516406355 0.0189389877210365 0.261574160371675
0.322529323008161 0.243167986771988 0.0235239550652514 0.104926682972279 0.305852052182321
0.372685263068007 0.0221123546507115 0.215319221100717 0.245896957239716 0.143986203940848
0.399075655711349 0.450660974362746 0.0728011414825789 0.0145494053662299 0.0629128230770955
0.00266449217386797 0.264474271844577 0.309672946172322 0.180955584773936 0.242232705035297
0.272633593589178 0.0626543117929823 0.363486288965307 0.133144779724809 0.168081025927723
0.216185386145436 0.223300734828768 0.0611098297341595 0.272880530265429 0.226523519026208
0.203173884359919 0.270361125665358 0.201685058346436 0.0488511098595065 0.275928821768781
0.280850069389617 0.302147495224208 0.055147584049144 0.190626794846359 0.171228056490672
0.278923606230256 0.232050060405302 0.430279136710415 0.0380092709938258 0.0207379256602019
0.285418177558087 0.373579182969736 0.166651007069709 0.0074705008780216 0.166881131524446
0.209991123673345 0.19778493912623 0.189573419123301 0.208066307585893 0.194584210491233
0.259281421863518 0.0267834920357586 0.229907971457852 0.129627708965613 0.354399405677259
0.117069535685413 0.308808189947849 0.0728000053762048 0.293091503365144 0.20823076562539
0.234436784192522 0.0904442550345849 0.0689082173744039 0.337378940314586 0.268831803083903
0.158804312548438 0.362528754905675 0.30481226034067 0.152485363208317 0.0213693089969
0.195766822767818 0.315535632070265 0.208487344903136 0.243465398879993 0.0367448013787894
0.300084525033601 0.280729257718631 0.00392044143217186 0.0687618796685943 0.346503896147002
0.220847960008385 0.15509021245908 0.150823694701223 0.109162089350305 0.364076043481007
0.155672747429559 0.412466492524254 0.113112338297764 0.219130774638218 0.0996176471102065
0.0471585332205398 0.49407907585962 0.161760982502966 0.0909546549866258 0.206046753430248
0.212874699882883 0.234157763921796 0.189763004792175 0.129935629969312 0.233268901433833
0.0294990690231962 0.313470904372178 0.282287080094655 0.0971708262598966 0.277572120250074
0.439089998868583 0.0479770691460236 0.119076188848182 0.321802450418381 0.0720542927188307
0.263455585834253 0.161934522477096 0.0322447509970645 0.378410027850258 0.163955112841328
0.271146183823813 0.13711551822847 0.382835251694687 0.102781143210958 0.106121903042071
0.260267414255301 0.0785803638148115 0.0507381105089848 0.357419219819535 0.252994891601368
0.267158930204944 0.132241211948858 0.173453810242011 0.181842140567129 0.245303907037058
0.0153289803748094 0.325077388857529 0.0112052436400537 0.453287995068079 0.195100392059529
0.0360657364211946 0.486902984147524 0.041346059083543 0.185492314096078 0.250192906251661
0.0732265915882536 0.0343861607294196 0.19843697730785 0.164449927457083 0.529500342917394
0.0106548525859944 0.360871702258675 0.38258659698661 0.242002828693341 0.00388401947537874
0.197033121749982 0.308967588600065 0.0843215542863691 0.3270751395941 0.082602595769484
0.0589615462388908 0.270140331720101 0.0530857483897725 0.137566671659732 0.480245701991505
0.208491539278132 0.112190228412711 0.130300325959044 0.368199817281149 0.180818089068965
0.227334248812459 0.178146890907652 0.256099355906013 0.13210895854665 0.206310545827227
0.264808946612188 0.0373848010747973 0.213932961254896 0.21173759925185 0.27213569180627
0.336649075581633 0.00567616744021706 0.284200502247716 0.121017960546496 0.252456294183939
0.291044428777678 0.104636176533046 0.200881857375533 0.365422396465161 0.0380151408485811
0.308007183205462 0.0541094562697958 0.345109440899403 0.261445865680928 0.03132805394441
0.289489806350602 0.274976301103379 0.157050156420382 0.0715667145100307 0.206917021615607
