0.135806223166383 0.0255423345729653 0.0743888293522876 0.215233241774759 0.0684417277646022 0.183141197718194 0.19398388047879 0.0326062510458057 0.070856314126212
0.115828070164466 0.156051207711381 0.119609065024919 0.144280050070737 0.100472253531658 0.040650971315985 0.1037969785666 0.103098393494404 0.116213010119849
0.0730249372722841 0.204202459191474 0.111759043336707 0.0212433718210008 0.157941908978734 0.0915381477630179 0.0477523173010065 0.148387480982834 0.144150333352942
0.153166598492739 0.144883478102703 0.0428283110731281 0.139561179356354 0.137444331857338 0.108430955298441 0.111570433679665 0.0565793065603888 0.105535405579242
0.140521934612531 0.157427597079954 0.13960495178616 0.194808077535871 0.110977140125802 0.0217954427046647 0.136082620888898 0.0507323626655376 0.0480498726005797
0.110941252931679 0.0998454370455285 0.134359861664321 0.136152112008578 0.143034341978981 0.0661513790636717 0.0626298634872173 0.109978451845141 0.136907299974882
0.123584618386369 0.154874848378338 0.172228908111932 0.00768425125221502 0.103365182936587 0.0523063235770942 0.0921795090961114 0.187026144280569 0.106750213980785
0.13505227344996 0.0362081772848332 0.213911784437343 0.149015471858468 0.0290364042885223 0.107445123237739 0.129885899085949 0.158828678635678 0.0406161877215063
0.0641425706597476 0.0463274695206762 0.197954145967014 0.0556015187905571 0.0924784884791711 0.132365973104991 0.106070631040411 0.126921850842101 0.17813735159533
0.184764783407986 0.122887707692333 0.000607558496531443 0.0188277585680036 0.0118283519451652 0.122878559820884 0.124275042346031 0.119970705590715 0.29395953213235
0.0954679295636679 0.0696243523316211 0.139883044797935 0.0374903751453987 0.159926954933789 0.0159347614819255 0.165217920983492 0.119656288130281 0.196798372631891
0.0432615145105006 0.0784036538849379 0.0542661309204654 0.166044117693554 0.187038440662812 0.00712893107065633 0.275634166515111 0.0325732113608554 0.155649833381108
0.163211010009585 0.167208749951444 0.0774687540464875 0.175834273573784 0.0522967888826225 0.141188267928358 0.15554171613784 0.0447628060411626 0.0224876334287159
0.0563981611451105 0.178580155225959 0.143164565417289 0.180396950115609 0.0615635871056282 0.166407276810909 0.0631653154821215 0.128506926454991 0.0218170622423826
0.168081574371533 0.0881642965617003 0.0109036521575084 0.116702852959543 0.0946069733304934 0.158039566318144 0.180874807655894 0.0686976534120204 0.113928623233163
0.0223149876500935 0.208017897994146 0.22164698858973 0.0907507927679666 0.132718874088281 0.168592160714559 0.0309747554387504 0.0208463793922157 0.104137163364257
0.143583743401169 0.140333119888875 0.155409533218011 0.141291514330252 0.0404397652172963 0.0826143973319135 0.133440057556904 0.0880556703994164 0.0748321986561631
0.0400675504639528 0.00131037065986417 0.0265312808088085 0.0772725869123473 0.258381876730268 0.186715912699389 0.100595898540604 0.102840532323039 0.206283990861727
0.0992648673865237 0.148347396149102 0.0771947686219921 0.146450117892027 0.136786260450319 0.0507080265530121 0.153279094415035 0.0631997697253245 0.124769698806665
0.198830544654703 0.0753856572492519 0.157469614807173 0.0228805862358752 0.192213935339874 0.175916079532586 0.00922950288870673 0.0854705311519618 0.0826035481398684
0.151431172318689 0.162673332519417 0.0313550470484351 0.122188694418751 0.157084409610834 0.113150013649994 0.161084705372511 0.0907720484224037 0.0102605766389648
0.142338039537581 0.155127738680538 0.157976457000657 0.00354922224563316 0.117537887120687 0.0493338535184294 0.122602121132483 0.14389995612858 0.107634724635412
0.106800406850755 0.139325050623971 0.0770589949934189 0.193772630759408 0.144446311467805 0.191563094402843 0.0533524133679619 0.0342297117216282 0.0594513858122092
0.100799584131978 0.115150206380319 0.0687096989041121 0.158094224685173 0.115131702087923 0.0715936672742688 0.103393808056218 0.212006825436443 0.0551202830435645
0.18244661580695 0.0424773123892989 0.14527645164997 0.0654702980477372 0.181198462176648 0.052149634320099 0.0939979105492026 0.179109890612223 0.0578734244478702
0.117708714499544 0.148740610854798 0.132114283732192 0.177673582847927 0.0905823650651101 0.100411025453311 0.0701685989440876 0.0903489987205184 0.0722518198825117
0.00402521789126809 0.114294930418637 0.253313544017521 0.00424996722052362 0.207745221813299 0.138547408470146 0.104456089271795 0.0675159299264946 0.105851690970317
0.124097955139958 0.056054055922619 0.13887294937852 0.129637786586908 0.102724829082807 0.050856894732099 0.102186858900647 0.111917001791266 0.183651668465176
0.103400054103686 0.0484764485399155 0.0114975779918221 0.304593011392371 0.04828482885481 0.11711250578133 0.0658513192261079 0.0382980759962905 0.262486178113668
0.221778967344134 0.0443812933003919 0.00093085194068522 0.176599349324259 0.121035321057737 0.203053830447718 0.00722226496520547 0.067824814179254 0.157173307440615
0.00914209684341624 0.10241890643644 0.16551167772192 0.038223632039468 0.125557340077877 0.166158937052053 0.0154201920915022 0.111225278357947 0.266341939379376
0.11609517595957 0.0506938453340235 0.043997468941675 0.216888631934231 0.123236773497462 0.0681041298794435 0.0704136882984719 0.16433035314633 0.146239933008794
0.18381999387622 0.18400706777643 0.141033358099996 0.0568435437669881 0.0285447103206833 0.0710313354406082 0.144553886314983 0.04551284513837 0.144653259265722
0.0799990084881408 0.161332491538479 0.100999161467954 0.0957478920464686 0.139179630682711 0.174225493850908 0.0310057391940693 0.059743636250032 0.157766946481237
0.0236447222169675 0.163460557959023 0.170367807922328 0.0810213796199056 0.0336576513234909 0.130170165548268 0.0468124473490102 0.157948000166669 0.192917267894338
0.0547864220858667 0.135799280128368 0.0577594587817989 0.0971600386531855 0.214862663916447 0.119613741349647 0.0541260549452966 0.116850000745934 0.149042339393456
0.0457027660527853 0.103845246778579 0.106256471384069 0.114473555446505 0.17121687799155 0.0469087033653983 0.178865764966697 0.00865449638490211 0.224076117629514
0.165860718171088 0.279296049931165 0.0212665840392927 0.0144960324106659 0.00628240447735715 0.0552100319615998 0.0416290591951545 0.290409467829107 0.12554965198457
0.253482461163494 0.232840663846858 0.0838472062962503 0.0768766458507436 0.117717217580097 0.056514231299106 0.0578117349923067 0.109555975171225 0.0113538637999199
0.156451865645567 0.0299363535265824 0.0728116261578266 0.0797733409605812 0.124832658931374 0.195647050976878 0.0478979283820787 0.157907328086895 0.134741847332217
0.0626169533829272 0.174545738993744 0.198166776260944 0.0223483778191901 0.154589939272235 0.13916582650358 0.010248397906404 0.0834163733381566 0.154901616522819
0.0240963266857871 0.20160144540795 0.0493748344261138 0.188505206036085 0.0661393601448179 0.0980891530362964 0.10967894970067 0.132151879476366 0.130362845085914
0.0575192943691311 0.051571976831299 0.124232737463702 0.0856113092192582 0.153387217331831 0.135514797610171 0.132345734908946 0.192291266152876 0.0675256661127846
0.000840041646913759 0.0289788579539385 0.15777067201662 0.123488470723373 0.180278555898262 0.0311130496994269 0.132728749469869 0.168457391872758 0.17634421071884
0.2429479741439 0.118866707235297 0.228256743466948 0.0148056699046549 0.028375174735926 0.0514760575927844 0.0354797130341353 0.144708435597798 0.135083524288557
0.0387743019195109 0.123898553044859 0.177133402856314 0.0334137952966519 0.0296015932343927 0.120714457632876 0.176394251828092 0.123226173795073 0.176843470392231
0.134863202379131 0.0171570576873425 0.0777776319268008 0.142863932609909 0.136690049490777 0.142964843651439 0.119935023348847 0.106464569870033 0.121283689035721
0.0925350854737502 0.140886679323097 0.109967701167829 0.0542428637792042 0.130415801719982 0.0965583777493756 0.113133205205333 0.126927918192614 0.135332367388816
0.00240064526359359 0.179085203572941 0.0658523345483165 0.207711592994035 0.106658400857876 0.0313732158187939 0.0735282320324534 0.198928390377746 0.134461984534244
0.115376290272494 0.00235500587395751 0.0889405585144252 0.18800637849023 0.208272657699912 0.134015201225106 0.0445938941727046 0.147656412226019 0.070783601525152
0.0850432241964718 0.184009160142709 0.158107288135708 0.0298528599271618 0.176180946821493 0.0820278951104184 0.177402960155309 0.0603366404843987 0.04703902502633
0.03365659684116 0.123858999704622 0.081422640828116 0.0953947392774253 0.153040546781471 0.192215766499666 0.130907790369327 0.137630601490976 0.051872318207238
0.00152416774463178 0.196392662627983 0.076343306333179 0.159165817025582 0.0964648390212313 0.0540619991405907 0.193748701666213 0.0379889820559138 0.184309524384675
0.0585345407004294 0.180415794043638 0.110755201172225 0.116665017135894 0.00415254544288845 0.155558645183314 0.122772664085498 0.121820435430661 0.129325156805453
0.0723443378910491 0.140960851856567 0.0508878887982047 0.140247651639236 0.141174237478742 0.145511826661843 0.0760880957932078 0.0756203685239413 0.15716474135721
0.0098841317643253 0.205680129701311 0.0906844860499981 0.164816355422983 0.219816024133936 0.180611455078719 0.0138725011239273 0.0720721599146104 0.0425627568101909
0.0695529739563148 0.176424463166309 0.211082511810798 0.0286346534180946 0.0962984068196608 0.156582671879116 0.132139753027827 0.0858461513820165 0.0434384145398626
0.116874026347256 0.126256329138946 0.131446461710011 0.120863963912812 0.165181484337375 0.056724781040402 0.0407322086470554 0.0995836648398389 0.142337080026303
0.15635552255544 0.0708495322032328 0.0991366203054036 0.101915773243997 0.166035644650487 0.00823863354484806 0.134284080738255 0.137828152802378 0.125356039955958
0.0376550334970394 0.110211315506382 0.113506986980439 0.155639569180227 0.108307469451694 0.123130125520573 0.11707898513273 0.145901716143897 0.0885687985870186
0.116370115831361 0.0337443446472584 0.0146207048160275 0.211006898177294 0.0775039628292785 0.102567938335846 0.168672000026064 0.182140895281467 0.0933731400554038
0.0540283754069841 0.029193638851596 0.160099631628377 0.0846695840766147 0.203543283264431 0.196436193437034 0.0808544374348404 0.0223432580430372 0.168831597857086
0.0924943205941556 0.0505643069651221 0.122547472367971 0.0630152060083212 0.119271133551925 0.0957394218106181 0.122019536702311 0.192111936115355 0.142236665884221
0.14571490682867 0.170426204549566 0.150445150690107 0.0731009826155174 0.0772769325789536 0.174679738599004 0.0730589767478145 0.110341721535672 0.0249553858546953
0.0810005927264986 0.224422499628783 0.0333353239426153 0.0424578871269174 0.0144952180751009 0.165115232160942 0.107449775584788 0.101536332555385 0.230187138198971
0.161450378145463 0.0760858739081025 0.0138195489084129 0.0573829159629371 0.148919773921285 0.126829560902515 0.157581161336503 0.17975496985089 0.0781758170638918
0.0124362535714894 0.25903056402448 0.0233876002958587 0.289430745590991 0.0817614499619408 0.0164313429454558 0.204252717073922 0.0758837322898638 0.0373855942459981
0.110510399516536 0.155857905230248 0.135989564770743 0.00429750924356593 0.156483384141085 0.109198704072949 0.171653784997222 0.0355003059883922 0.120508442039259
0.234180692423891 0.0645219336880482 0.296253807144641 0.0947657635899882 0.19278019999636 0.0574656168460903 0.016717708092721 0.00956440003998555 0.0337498781782742
0.122366763416741 0.00120442776222745 0.182726326992178 0.0197823551326303 0.152408296416404 0.249408509137315 0.0313531823959237 0.0660238635794458 0.174726275167135
0.269987486124875 0.236583653045524 0.00400174372697478 0.0246704352313485 0.00624045056208736 0.182226197315058 0.155644149994179 0.0941631153271699 0.0264827686727832
0.0820858324750106 0.0267870392259351 0.00644119566596434 0.237627358039513 0.0806652978609709 0.286485508042222 0.0616591056913802 0.115986201881054 0.102262461117949
0.0961510618333646 0.180883295220111 0.0335864814937767 0.122296185354372 0.0784720912050286 0.228687253544096 0.100966781568565 0.0835178003354923 0.0754390494451939
0.162604263817384 0.253096167906 0.176321957602013 0.00694417774754986 0.0114057845062945 0.153802304648661 0.000510086337814986 0.0977936142131186 0.137521643221164
0.0858265694118315 0.0748278667223946 0.100701206253928 0.166542062571688 0.110871193868946 0.132457765507229 0.176446511989151 0.0551699651163512 0.097156858558481
0.0811299431330587 0.0523199569321418 0.154696925542416 0.165572156519361 0.0988404518323406 0.16434848207533 0.0856704285514141 0.142739861903234 0.0546817935107036
0.00576272011614929 0.266626908443441 0.0733617109639277 0.146588206301206 0.0948600646229407 0.0884514247983436 0.0962425720764135 0.126097256041652 0.102009136635926
0.19030187895985 0.156707591546981 0.00735008615384784 0.163303157994389 0.049375694015172 0.0728905216075439 0.115848769620213 0.19563326310559 0.0485890369964126
0.192460983042885 0.16432340220906 0.0921032801737099 0.211022621478449 0.128136242866606 0.00274087442224237 0.0396478487078724 0.0980162443728269 0.0715485027263489
0.0766640366222515 0.103352097332828 0.116872981706864 0.121186554642516 0.13560386756145 0.146326536914846 0.069961052718092 0.112795449485602 0.11723742301555
0.126504076983719 0.0742054632002699 0.0801665562919508 0.111016972563181 0.163925511061322 0.151769123867199 0.0725258063846738 0.206468412075812 0.0134180775718722
0.126300962045398 0.143689948583419 0.221636260543966 0.0477906157496984 0.0106602961878005 0.0646764647231709 0.0517914539305696 0.286513626563135 0.0469403716728427
0.00287631270625416 0.131791683933648 0.10124275043432 0.0236607061059261 0.0994810619065665 0.165068127016966 0.184172698856017 0.188045330646417 0.103661328393886
0.0659684130996422 0.206399908342494 0.138329970207524 0.166064415157842 0.125975204260898 0.0341978330268361 0.0447500456033325 0.126812043573187 0.0915021667282447
0.254286668282193 0.0213222073573541 0.125324400757325 0.136466487028417 0.0135620305017449 0.0741706128211814 0.241748298544798 0.0328233395613425 0.100295955145644
0.300724565346045 0.0205717926416938 0.0207443469846095 0.0161183608651368 0.126060912428834 0.18540794309528 0.270654450097482 0.0257368320675742 0.0339807964733442
0.177043947990832 0.0169168698795495 0.160273915421393 0.0205911922721827 0.18634550919195 0.166290204508997 0.108669861431196 0.0356387078084762 0.128229791495425
0.139437904657631 0.127215606862866 0.121902882350717 0.123116943180601 0.145482413991495 0.0216449730004589 0.137349200761132 0.0552485589813007 0.128601516213796
0.115692911672674 0.106535687880644 0.0137476730693253 0.114966260381967 0.25229237381854 0.198066624145538 0.0164681655359562 0.0225802978085053 0.159650005686851
0.12513267402941 0.154020310610544 0.133338232644673 0.0262292035607508 0.136994649075682 0.211624464396278 0.120197909062064 0.00498224608901481 0.0874803105315829
0.071819390271684 0.0434045177799754 0.215643315735723 0.0959651369374458 0.141896443699637 0.204308081417173 0.0443974893785662 0.0410342102422897 0.141531414537507
0.221072598754853 0.102220829963518 0.0582357213644767 0.128008379324588 0.140292953822808 0.0367029740313522 0.138497225332828 0.0316101485981035 0.143359168807474
0.063633475302384 0.0382073374080891 0.244988721903768 0.000324747920015604 0.111265068667802 0.137054245496319 0.0861804021541729 0.0980655372048529 0.220280463942596
0.0494661540491535 0.159657900638141 0.157091712799556 0.20988387344669 0.165299140322315 0.0934666399365364 0.027625140995021 0.0759863023532555 0.0615231354593322
0.0891144389860366 0.0226302879091641 0.135097596914074 0.135529255477076 0.149221618300475 0.176257224910772 0.146178617935278 0.0609376083972643 0.0850333511698606
0.0953698684524881 0.0119827186573864 0.182331388516469 0.0214315367833947 0.054365881776245 0.184426297676074 0.150752209191771 0.107097794719844 0.192242304226327
0.115211108303958 0.216929406331496 0.199253258455547 0.103276345208057 0.105378282167341 0.0576820461827016 0.13815204203331 0.0617708981299435 0.00234661318764564
0.174121644735022 0.00197530135748807 0.18945741086764 0.210095828360428 0.0989733329166414 0.0211488839500394 0.00858389221188125 0.229856498868377 0.0657872067324828
0.06608601848707 0.0731344194686819 0.161345612133955 0.0953609565481112 0.123503211043493 0.132055728028954 0.152792955929866 0.0668961362493748 0.128824962110494
0.115711053439539 0.0794919192257336 0.0946769709983801 0.183857791313397 0.185943592112925 0.0188960294163173 0.0963967840895132 0.0254696809624701 0.199556178441725
