0.060001697399754 0.143621635344101 0.0753433085873394 0.132211207337479 0.0664611655604802 0.0214765218160376 0.168306050258483 0.144230051857816 0.0168487930193047 0.171499568819204
0.0553961808189475 0.03760443851089 0.0884846935382658 0.0284954592959716 0.0273307595775067 0.172421455745165 0.137943278016195 0.121218920153534 0.186692238575128 0.144412575768397
0.107087866622207 0.0985305227003034 0.0442939175212207 0.215290144749757 0.0194811746159414 0.0882905829256126 0.0627907575860779 0.0600772991465526 0.200662596515182 0.103495137617146
0.00855218301004117 0.0117170056717444 0.0911939984353497 0.14331177481836 0.156785727123149 0.136689583511075 0.200193621919279 0.0103571718538887 0.0743768216128508 0.166822112044263
0.159801141656719 0.0502290768537776 0.0663858928488226 0.153830294628035 0.145437595450844 0.125650315997907 0.10587185808769 0.099816852025162 0.0215715786386252 0.0714053938124179
0.126947241576113 0.1835264079113 0.0623238401890113 0.0196191986953774 0.147464811296544 0.191377692624758 0.0399487642892729 0.037073573948382 0.0644603507559836 0.127258118713259
0.0120484273646878 0.128870834233907 0.137076874759242 0.091114284670588 0.152655667144682 0.107483321819605 0.00138872956968355 0.0644326430473367 0.144578425749022 0.160350791641246
0.0584998268184841 0.13200718864064 0.105424379703027 0.167108026997359 0.156116076722176 0.171181693771118 0.106741070393494 0.0674168601399032 0.0165844231289057 0.0189204536848933
0.0941954219865681 0.0382615369579212 0.195666867416044 0.149538753036594 0.0558673891601797 0.0669418279603453 0.0292277354628985 0.149735681485175 0.0242507677878139 0.19631401874646
0.139214294863648 0.122800926571094 0.055753018982461 0.0553274672314852 0.0431923281538161 0.138906137563525 0.100794641683868 0.162426219017101 0.0379951068828318 0.143589859050171
0.0919267759044055 0.0972195992398799 0.130014935023151 0.110804485480714 0.103557181403191 0.0434609140823165 0.129845260275579 0.0860938909192807 0.0832372551547268 0.123839702516756
0.0330324709956154 0.0296241399215596 0.105414943051464 0.196246433186567 0.116217917501519 0.0801877490630759 0.0577001834053493 0.0393140693972451 0.159271437166115 0.18299065631149
0.138357668564832 0.00338913268720258 0.08158059815948 0.138660265762933 0.0584974671113126 0.0101377098581553 0.0894397308993925 0.136596512956627 0.18571306729866 0.157627846701405
0.121942845365274 0.104946928944966 0.0819436460296619 0.133962323502649 0.129463518070009 0.00662380738640711 0.057013026660173 0.163135257424784 0.0408421659721197 0.160126480643957
0.0492119581006456 0.039080000124802 0.165234394428434 0.0155485460760803 0.165812750121386 0.0156217597697762 0.141061596467396 0.188298834492251 0.183183025142725 0.0369471352765039
0.0961059834085745 0.0639389901728728 0.119088130466513 0.0464251276164948 0.111190676512664 0.120873766466903 0.181862938842325 0.11816151065643 0.123997841317174 0.0183550345400482
0.163289393651748 0.128920066227317 0.0858168684580632 0.00563105722528455 0.118039126205828 0.050520558077622 0.137540840170928 0.179998553615113 0.119412157444176 0.010831378923921
0.168902479681366 0.149136786550797 0.0543065833626983 0.0806499714002034 0.129281664684104 0.0230688359557071 0.0727418752364907 0.132610246684172 0.0777417722633181 0.111559784181143
0.139983783915551 0.123509692867602 0.0932078422161838 0.108296467290807 0.141590078273572 0.0582440994593537 0.115883789477164 0.0396275475936843 0.133514711675959 0.0461419872301244
0.0714393273932263 0.00456011619448163 0.189766499047657 0.0332520635640983 0.072308417814532 0.0399920393582808 0.17047951327141 0.152359147178647 0.0733885173966828 0.192454358780984
0.0178867400394869 0.0546734344849539 0.0135437136177192 0.17018791994408 0.0384022131827489 0.239143349443386 0.0769840489471944 0.118778729347739 0.150312737795689 0.120087113197003
0.0838585121507274 0.117959115748858 0.172144425175758 0.161299311771141 0.155904155313584 0.101944105801694 0.0193756336539228 0.0748617288552679 0.0403918536822546 0.0722611578467925
0.0062282750201803 0.079706868084796 0.162445612483687 0.00275693763971527 0.0436418597709897 0.191663963142958 0.00965936362449345 0.132542388364148 0.165588312013857 0.205766419855175
0.0824587932671672 0.0837686219377473 0.0672068896769736 0.0572984049197911 0.131973168821108 0.172605000412807 0.0326399242116385 0.14701803136921 0.094376514836052 0.130654650547505
0.0607336588320559 0.1706013121284 0.191972550203729 0.0152592667872835 0.184073376244532 0.0188438299037532 0.205748491457285 0.0221440248816002 0.00755507740315469 0.123068412158206
0.186774748086089 0.0223240071345949 0.156347440189953 0.0561803341859821 0.197229341543161 0.166695372335439 0.032518973220981 0.0243581223911344 0.117457854297718 0.0401138066149467
0.137278762004674 0.121306980528709 0.0580115217563723 0.214130176043813 0.0104817568637768 0.135369471935928 0.0805496830812949 0.0726702736304941 0.0944081481183235 0.0757932260366136
0.12576196489709 0.11427668331525 0.080536384855927 0.0411243221829485 0.0839703749144911 0.15926822799215 0.122655650707281 0.149644999821925 0.0911792859316254 0.0315821053813129
0.00887894688622991 0.106661206335287 0.115634071621737 0.0932412261653955 0.0348841790402922 0.0927289616159379 0.191599340747392 0.157376317330592 0.154726459064957 0.0442692911921792
0.192111748741013 0.000340681235501665 0.152555523362696 0.164034621982723 0.0702243996520665 0.168330736426272 0.10898819020152 0.011406446994657 0.00642613824865113 0.125581513154899
0.127053736838361 0.0377566407666853 0.278103826813659 0.119422464429568 0.0851841663435805 0.117941009825388 0.00928720284570263 0.0346735815719218 0.026228695971485 0.16434867459365
0.0149953289230122 0.0101852828469628 0.0515875143952286 0.060247266174741 0.123545353784518 0.171859891323905 0.177728771707692 0.0681382593799125 0.11246879935698 0.209243532107048
0.0901301513449799 0.0428934216650048 0.153099481393048 0.0544521379290305 0.0523134818995017 0.212076819378354 0.0547619736591129 0.134371437208656 0.153556265050755 0.052344830471558
0.132100999176224 0.0200483993813055 0.0079805717129588 0.0292401081471982 0.189816239451259 0.177553967628835 0.168757397661312 0.0512083070701674 0.158418026487567 0.0648759832831733
0.0203751569877196 0.0891733709412796 0.0967753041556693 0.0484055668581117 0.0965114471084781 0.174274407293054 0.183284022823476 0.111879025349738 0.0806967601865193 0.0986249382959541
0.159054585604678 0.0561965955186097 0.0628225940771892 0.0484259014371737 0.0623440658865104 0.0404369865550491 0.0830926186980517 0.164858414334504 0.161708300430616 0.161059937457618
0.142079371898757 0.155659643537406 0.12915229398997 0.0828157565194673 0.110763301075595 0.0850058622207908 0.119236289466605 0.0841229852559785 0.0799320245630757 0.0112324714723537
0.00833978961175692 0.0160785085541196 0.02998343270586 0.172475572345237 0.158177449111957 0.0402613639838279 0.176246549356117 0.159881097739021 0.14926660924314 0.0892896273489641
0.169395598135493 0.00683418807011678 0.0936883371898672 0.149307517142855 0.114293684810132 0.0146973624648687 0.00209193585935472 0.157544509261252 0.128676182934193 0.163470684131868
0.082933872515782 0.134675925431398 0.0120361123041566 0.130494418629586 0.132785242617161 0.0350809470906147 0.0618586824999194 0.154157680086443 0.106440991115097 0.149536127709842
0.101376597453903 0.138291400730374 0.127854854547853 0.0794075280237227 0.0750753017783164 0.041358806395214 0.0604355670716524 0.13597518400516 0.14087380128302 0.0993509587107852
0.0664785571783259 0.020249183450573 0.12484902544425 0.0834036824708421 0.119531648334793 0.164064481961997 0.125016068287279 0.139608341817695 0.0313246473292586 0.125474363724986
0.0394012812448129 0.195782784655622 0.0116465472981259 0.31651937670328 0.0739978077620573 0.182961174345893 0.0293125483621521 0.0306190595601228 0.0517370878125729 0.0680223322553607
0.0901630058359283 0.123833318881582 0.0796682926997349 0.0747239874441292 0.123650535415636 0.119695848555837 0.0971067357619472 0.0406226504838786 0.139424599147267 0.111111025774059
0.0344386391267812 0.0469854704699802 0.198500684571801 0.0573098580828914 0.210766103248238 0.0683145682609769 0.114708838769242 0.241178532152629 0.027401057814129 0.000396247503331863
0.130049481284423 0.117492799877811 0.0346760258563414 0.0224904236368593 0.174606041058055 0.0483207776759296 0.0786492525923034 0.170731914396782 0.0849708630212238 0.138012420600272
0.127427838366066 0.0594922192138594 0.0532080463431946 0.0116471756072104 0.127043987898478 0.154506400672325 0.128286174156686 0.0688480887328081 0.135253569224536 0.134286499784836
0.171513742481583 0.0608960379140846 0.0933365412075318 0.219839048617906 0.0402813775734233 0.0676521952208156 0.0879817501476875 0.0133275968696721 0.137516020388419 0.107655689578877
0.0556228658529799 0.19647604424761 0.0728726322775714 0.176901380624738 0.024995673617554 0.0630452484230448 0.227252915375905 0.116534816545778 0.0450111155611973 0.0212873074736215
0.101850272371349 0.166800450286226 0.0899973448437306 0.150375894034813 0.0336781072727326 0.0213394937601968 0.189495180169413 0.121491637830451 0.119713451992481 0.00525816743860814
0.107941478329958 0.100367875516403 0.0168966662773222 0.237252411389293 0.127681230348112 0.174002179772791 0.0848815357796726 0.0380641893102068 0.0761675182799332 0.0367449149963081
0.159555114783377 0.176601564369701 0.154369240127869 0.026658466436354 0.0559083228177568 0.142342371080849 0.129745341239899 0.108848573007245 0.040456017841709 0.00551498829523964
0.16853145014394 0.0127868096456667 0.0851154087134669 0.00905777906400987 0.180483157223396 0.142797431359735 0.0993057784509038 0.0251010907912748 0.220982811458517 0.05583828314909
0.0598656553010451 0.199117819753561 0.0188989800890365 0.163256696286465 0.172668377124369 0.0448434147095565 0.0367023377144127 0.0759781864372337 0.212922477499134 0.0157460550851861
0.00313948447348443 0.11670386884423 0.166197036987067 0.172334219138569 0.133607551566224 0.0689897223895357 0.123143216262908 0.00955057178764256 0.181674974791028 0.0246593537593118
0.142647220680506 0.0275828033327007 0.0108290524216889 0.185825421730526 0.146781332797512 0.0378575182483781 0.11813554572543 0.179612279413812 0.139885458196155 0.0108433674532918
0.16571086316368 0.199463827833922 0.0116261958742184 0.0923542895416739 0.018337704988772 0.159308072321679 0.0873549658442415 0.0730380847026043 0.0179219739761233 0.174884021753086
0.139484110012377 0.0145101900460846 0.140210441514564 0.0309383692274438 0.0148672250471523 0.137184232031512 0.114112750415774 0.161785386410377 0.129561638974316 0.1173456563204
0.0875884311348956 0.188949829669767 0.121868952941341 0.0278141006777852 0.00593843251623426 0.15962144034885 0.151886613296862 0.0777603673949881 0.0344991480523375 0.144072683966939
0.14427638695526 0.110926514721207 0.0259288180899227 0.158001685612814 0.108681642052811 0.148224944918186 0.011248358019494 0.117504587090961 0.168142924463846 0.00706413807549879
0.0680871514836046 0.12180841670739 0.0446305251841878 0.023846040202276 0.0867580413393643 0.0734778992428466 0.238319568628628 0.0338572387878374 0.233450609804656 0.0757645086192098
0.185122527304201 0.162613140515755 0.0134024748213542 0.0728360805153724 0.127377802653773 0.0266039036044219 0.103492608903386 0.00774121462797042 0.175674903722452 0.125135343331315
0.0205342378873018 0.0800889290598805 0.163143575876583 0.106552929642897 0.00903641323131741 0.121267277770226 0.11859437980165 0.0740196569994292 0.163368998883901 0.143393600846814
0.128711179562443 0.0673519584259471 0.188092737330891 0.128251096968185 0.00819785205417195 0.0560822092182111 0.115655228453003 0.10942132661593 0.152328207331832 0.0459082040393852
0.0647544876267286 0.123664175100332 0.111188746667218 0.131148919101098 0.0664356662630284 0.0406287008808301 0.129620827249009 0.0826732362253117 0.0598881726772857 0.189997068209158
0.170982457178846 0.049987098886535 0.0222076950816822 0.042898813353061 0.151652731877827 0.22127106366158 0.0893291813772296 0.193339928829546 0.0364783138625648 0.0218527158911292
0.0201129507178935 0.080431795500136 0.215280350851048 0.0544615126538579 0.196871221785093 0.068198634374729 0.0564690334268501 0.0490546510257978 0.139027071922849 0.120092777741745
0.154693917775415 0.107747958026851 0.0326854418987028 0.211338635748596 0.0480149996490079 0.105378087738204 0.025463801092832 0.0961913762653746 0.0933997651930524 0.125086016611964
0.111860820781266 0.00856310092294429 0.093279567276636 0.00735105503974775 0.107828260785969 0.199418837683049 0.137346615551075 0.107811378239988 0.176260972846987 0.0502793908723389
0.107562250683322 0.131750677591482 0.172531783520608 0.15964765679603 0.124429719320701 0.10373610699395 0.0453659777389877 0.0872696571740743 0.0374149136280127 0.0302912565528317
0.204431930298122 0.0915281615811698 0.0858096414895751 0.137714098328192 0.181360292776767 0.0492690361343102 0.0055876787026718 0.156620678638569 0.0346574889897802 0.0530209930608421
0.066354841882738 0.134662901972884 0.0731776628238713 0.0702895566604252 0.154384401008911 0.017618531243681 0.131583177191336 0.0834345139392114 0.195867797684288 0.0726266155926539
0.0519470862569092 0.199574614426101 0.159045354688381 0.0246121135370998 0.192354563135491 0.134010977255094 0.0221369238200535 0.0970533245669795 0.118250084377053 0.00101495793683765
0.0835280285865855 0.270613960365248 0.197803030307937 0.0344294561627865 0.213029360913694 0.0279738958651691 0.0438020033936209 0.025160703953247 0.0260363302782379 0.0776232301734745
0.102852048166549 0.0357478110750146 0.116483706626199 0.183653719635992 0.0828118834560052 0.080402629459625 0.167979336680973 0.0428691294252766 0.176995147303645 0.0102045881707203
0.0607473417063749 0.0768249986369175 0.0401702311564008 0.221249190873458 0.0188084996002664 0.133287013955998 0.105835638795218 0.194273816773292 0.0894964833279322 0.0593067851741428
0.0878477309446412 0.00644398959093298 0.1874504300157 0.120912997564667 0.0683705174942607 0.122764745341737 0.0243362999369931 0.171668091398636 0.138155076816829 0.0720501208956023
0.0313083064271436 0.096266704858392 0.145393830576435 0.17015525241538 0.198186263661698 0.107200435872288 0.108694150787684 0.0208317296655998 0.0866017198229634 0.0353616059124169
0.199633985136614 0.150320935401418 0.0543325129304385 0.165725531466928 0.0418182266937708 0.0183539473900914 0.0100927126622298 0.190441669485468 0.16108402338562 0.00819645544742172
0.01503419761555 0.163404700671896 0.112618211126852 0.0664160468941953 0.135651619411338 0.149435652976624 0.00769095737166238 0.0643792382330875 0.0990191966376797 0.186350179061115
0.0581720383647526 0.164860852007508 0.148962592500565 0.0431222316109895 0.175499595343932 0.0191401037237144 0.100621915043811 0.121008240335937 0.130707560539201 0.0379048705295885
0.0311648283852293 0.192592758209665 0.131346257166979 0.0670011414800559 0.0475389214174184 0.113462677936939 0.158820178967694 0.0632149805011196 0.0369051300958442 0.157953125839055
0.211114677555483 0.0884353001643216 0.11296169678792 0.00864269707652697 0.092348528833154 0.0065282676498632 0.177583037712971 0.00226606841635933 0.110731514153596 0.189388211649806
0.105429115212035 0.246510683497175 0.0182509732103917 0.0618739825506442 0.0581353951788152 0.0602896004336786 0.00805768727966655 0.202781855181848 0.193085228390434 0.0455854790653121
0.141885302295357 0.131684589681017 0.006029821859705 0.0941101230548093 0.0992636256680057 0.062698707405736 0.0645591299710006 0.182920237891134 0.183002314278912 0.0338461478943229
0.0998084192730944 0.192154625914561 0.121778335718399 0.0934849931282953 0.0898696038628444 0.0829435207260835 0.0361087241116866 0.107357797881987 0.0854902632369064 0.0910037161461428
0.163361579804459 0.138451235166546 0.0279659985477365 0.0794429704453561 0.0718469973284832 0.23040878955101 0.157084861842243 0.00238870360893328 0.0816200333558553 0.0474288303493768
0.139218289894299 0.0772231351063167 0.139581082849646 0.0348983294217695 0.0911473601019148 0.112555784150576 0.0714884306025574 0.0684305406379598 0.132479639219334 0.132977408015627
0.0200912425402183 0.0284012816899697 0.0275126486153553 0.124933022839784 0.161710056371822 0.182507117609896 0.118938499054558 0.150184643512215 0.000576404317316091 0.185145083448867
0.117787336350006 0.0725778143984086 0.0509452040913619 0.188922893232586 0.121058877442262 0.22332939669381 0.0395657002282748 0.0590407160169504 0.030568789792185 0.0962032717541541
0.0333750153567237 0.0721156474403509 0.110207680939431 0.114003089069819 0.054824526068509 0.137214290671309 0.0191201412645324 0.171611658056438 0.203684152470589 0.083843798662298
0.0892492507106845 0.0751147146815891 0.0635863152703527 0.113140610883236 0.110594691193519 0.0176107854185956 0.0964068642337493 0.141040349592614 0.0317201325333034 0.261536285482356
0.138766505058304 0.0489804993265503 0.162412005276833 0.18255929335888 0.00929263240145316 0.0938615014893443 0.0906285469314348 0.121323504126797 0.0404761523908695 0.111699359639534
0.0979497347471516 0.142864909524178 0.0575315303162756 0.0130723902702809 0.237794165854555 0.173925034945272 0.0085181927834227 0.0476902485965199 0.0124283425956882 0.208225450366656
0.0521634839824465 0.156685812548191 0.0907926394411092 0.0469343508566876 0.150570932998266 0.066284097373584 0.0208475298398811 0.082980320334201 0.184971270258801 0.147769562366834
0.000934486049017038 0.0220110286476428 0.037634321247398 0.107495141888233 0.146685683334866 0.15796597883124 0.138596833324106 0.147244171623092 0.155408527079899 0.0860238279745064
0.138850287772499 0.0766123113595871 0.248834170222239 0.0660788889904206 0.0102272537353063 0.0670832888756775 0.0218267453310026 0.190782620350916 0.0782509085996833 0.101453524762668
0.146730103794051 0.179363087568018 0.180793385429826 0.160198710328836 0.0391033504639355 0.071795584927471 0.00761561948068811 0.0754066671935714 0.0635481899292665 0.0754453008843362
0.138222810199225 0.0808706893466438 0.0620833242672897 0.113423699940541 0.0578345079559321 0.0466874149803771 0.180628509023177 0.15106771940884 0.0445293363916949 0.124651988486279
0.175284203772238 0.0828599550538892 0.171586612276384 0.147575628575842 0.0570031906654091 0.000768133845253651 0.210601395474656 0.0545309485240238 0.0981079555967148 0.00168197621558836
0.186738458624058 0.141305647152998 0.098328944455626 0.0576577209414336 0.194312941501764 0.0565684146654142 0.199338818255294 0.0559831170853194 0.0090249823432177 0.000740954974875417
0.105083594319536 0.00173304680135474 0.0124724138477142 0.0350650986949114 0.133243586546837 0.180593889404314 0.0626033773505039 0.185875216822526 0.108618363230082 0.174711412982221
0.17316590695785 0.134479061996111 0.071078766329627 0.149766492437778 0.0692512827055808 0.0361507257097755 0.0811445199709259 0.105723185816367 0.178745495371941 0.000494562704044635
0.263009645553009 0.18584384169278 0.0272601999093957 0.13367071060799 0.012495669049101 0.0790237794140942 0.083918595070955 0.0305785788445698 0.100634952568205 0.0835640272899016
0.109774086134347 0.0646852628377942 0.0883220406719549 0.0807644083376206 0.115414839503643 0.024100508129093 0.134449271189366 0.164844178523255 0.0774802574805998 0.140165147192327
0.119959876077189 0.076566920059222 0.12534921325494 0.0876752119324679 0.0174673593013292 0.15329190738686 0.112334320839217 0.123913226372612 0.142473762419772 0.0409682023563918
0.103538723618284 0.0914075057906295 0.187793650403549 0.0126772135877153 0.161209465128545 0.183792644193887 0.123287607986047 0.0189358231118768 0.0731197634743403 0.0442376027051266
0.100915771784931 0.183830228867992 0.0253151215134147 0.126128924991593 0.162037928109447 0.0647827973336683 0.102527744760723 0.092433094425066 0.132548845188687 0.00947954302447757
0.0920594333187412 0.0524246436503188 0.0558191053068467 0.234669856334574 0.219203913589361 0.0221302061922329 0.0750402749352019 0.0193739624588467 0.173207649899893 0.056070954313984
0.129553288241591 0.0761818979486868 0.124181342008942 0.114177467166693 0.0121632503230208 0.0660108915252401 0.0959101268292331 0.0138976405390031 0.154669768988209 0.213254326429381
0.207966843887268 0.0100109892842073 0.0624387692113007 0.0712914290091213 0.112195456023779 0.198980862140809 0.0278883639504067 0.0977749784953113 0.0125927845772096 0.198859523420587
0.0310336804798159 0.0327823728953876 0.107407530768471 0.213317578363683 0.103015756289829 0.0592674707385547 0.233704999588804 0.000593974595616192 0.0717424356850776 0.14713420059476
0.167045890482293 0.0519342360885735 0.080762951925422 0.0439849686590988 0.0170404572531856 0.0611420580815836 0.184839851126659 0.164434644743412 0.0986131079207039 0.13020183371907
0.131278608835226 0.103764463745196 0.0796827490026755 0.123420894824822 0.0834294787598686 0.143387649386981 0.0464643293366836 0.114106053029734 0.0585018589519978 0.115963914126815
0.131623317663973 0.055553249504722 0.0396171388253471 0.164382797498017 0.116449442833704 0.125257394200108 0.156574306913295 0.0280041510007367 0.142226737826173 0.0403114637339242
0.179838551008967 0.0938317424363645 0.0832096626705113 0.0347211623316097 0.0191078200180733 0.00267456284844831 0.0907347978975194 0.159289702471485 0.166096747992985 0.170495250324036
0.113222989652431 0.0959500035741032 0.0988168935728729 0.0600281844231235 0.0108824243489822 0.123417690148536 0.146534588813477 0.126677592153717 0.0735618707884606 0.150907762524297
0.129625559371499 0.128851062933446 0.0357446477391124 0.13474809110793 0.0259983291730975 0.0964782726669199 0.147226721136585 0.132285870969549 0.129369730499243 0.0396717144026183
0.240646875027849 0.143972606876175 0.182769292340733 0.132628448971808 0.0247166959188391 0.0512435690658986 0.0661026817145395 0.018220849679766 0.0727165841673661 0.0669823962370263
0.0218167312385945 0.0315755346471597 0.236893723770059 0.0228060454139018 0.122500307750744 0.000342919540641475 0.0303417418872615 0.155544760443092 0.218134269852746 0.1600439654558
0.225229771500988 0.160884763033074 0.06190461434579 0.0299853886239533 0.126047251356394 0.129014296963754 0.0198497165524726 0.00611897879129208 0.083073685741984 0.157891533090298
0.00785399673127606 0.168210796546031 0.121922902847343 0.171493658716777 0.0403375596040386 0.0076672644384262 0.168232127683669 0.149499070041305 0.0222121847684337 0.142570438622701
0.113994916181365 0.0953576465739394 0.160052309073208 0.104616243931965 0.0860676631505518 0.178269082625994 0.084431647386557 0.0246169406631097 0.0560732270222108 0.096520323391099
0.174792125925939 0.0657716922619481 0.194283470419306 0.0555837229160926 0.0624242105835447 0.0896507529118909 0.159431476447934 0.014294742471671 0.0617524599046483 0.122015346157026
0.046925437393356 0.174035899577208 0.0418961760270048 0.0878064364727679 0.011895116707856 0.115521644131508 0.172135885813978 0.160703079527054 0.103769024529519 0.0853112998197484
0.114165457389576 0.155497093615731 0.0992499710164462 0.0570626180144782 0.126815428848845 0.0789853362051818 0.0856595770832328 0.110735289032023 0.0535860878747233 0.118243140919762
0.0812802223815108 0.160249645358322 0.00381913595050675 0.151533397592764 0.028245506677974 0.030248954602316 0.0162426606148524 0.193669209735721 0.205554889716745 0.129156377369289
0.185667030607887 0.0269873545692694 0.14282856352678 0.104647938608458 0.0641611141927928 0.0403496204044718 0.0564907230043232 0.183678909703002 0.0991488763047806 0.0960398690782339
0.0834077048943305 0.0401520485760798 0.0475306141360872 0.148257409617616 0.00709278414142304 0.149493145143551 0.138156264944385 0.141191352567681 0.16031008428455 0.084408591694296
0.12942948293519 0.0507636429804861 0.106415154027959 0.0318384006335232 0.122719500653028 0.185053028425045 0.0989028650224393 0.0804536687282506 0.0447694140909719 0.149654842503107
0.125404803908985 0.0318935819254081 0.0665868098383644 0.124045204085401 0.0857395075827242 0.0171109299886112 0.152518817349487 0.169591569976158 0.121513226558389 0.105595548786472
0.0103935161601549 0.113810880168755 0.00700567093151896 0.127427513338535 0.0272826532775225 0.163973307563235 0.155170972186404 0.0567951017408832 0.235893727225433 0.102246657407558
0.143900189569293 0.0587487711953049 0.165176580926564 0.073698207595318 0.0585205252951203 0.133157656717281 0.169857258198832 0.0448086487474216 0.0312521654896505 0.120879996265215
0.00269948469776862 0.139143532645042 0.125445002943977 0.144126648369641 0.154005428811233 0.0342934761997628 0.0535260954486329 0.0899013488237688 0.0950024949279535 0.161856487132221
0.115522665698899 0.141099060029302 0.0899054774126273 0.113797747177315 0.161706206761691 0.155169879493667 0.0610904288077897 0.00936748315267996 0.139083628844177 0.0132574226218517
0.150662692496191 0.169197912120773 0.0862687346766291 0.061019912414521 0.0745252947756682 0.109252220163343 0.144679763045143 0.0472795545920535 0.110518314663849 0.0465956010518302
0.0229564929315013 0.030648505089683 0.142328088617469 0.168580040933807 0.10431339294963 0.141021273882701 0.128573236519054 0.179178622224692 0.00140373915655819 0.0809966076949043
0.0867379976029454 0.0738329983370211 0.098931411053516 0.157827770713305 0.054072503985534 0.142226790622262 0.0700564655996147 0.0973480536879704 0.126316750028266 0.0926492583695659
0.057322968537813 0.116881470572455 0.135577646085632 0.131403106557266 0.0724048996404261 0.0454717492053576 0.0610424793000934 0.0882203147126698 0.134145127771105 0.157530237617183
0.0249090234489851 0.167586412826947 0.0152068610774826 0.207474200978246 0.212159687733859 0.0258168167799803 0.0359845412374631 0.112036631469897 0.183423157454484 0.0154026669926567
0.124208414161246 0.0378301750514137 0.100472451496501 0.140380726644065 0.0685735526518403 0.136074385304257 0.111523944283731 0.132645135483569 0.138824261716907 0.00946695320647043
0.117175811373474 0.053476959654046 0.175825090290025 0.0674412329606235 0.15333220739027 0.0272817420769447 0.0377507530215085 0.136378713845761 0.110031845948439 0.121305643438908
0.0105727823449204 0.0531556095725372 0.0810418814043293 0.0430966798014619 0.20403367041803 0.232208612058896 0.0407407523753746 0.0353082501658278 0.180817588245565 0.119024173613058
0.180041958529521 0.0791199954483899 0.0867833775664959 0.103942229304951 0.100991574650588 0.156082332298486 0.0941151344615022 0.112264756447272 0.0218677746832015 0.064790866609592
0.125322837304357 0.113573837515725 0.0912028983338109 0.11798820156279 0.158317431485838 0.0691007168819576 0.0469422522995779 0.13781125462305 0.0723624886692525 0.0673780813236416
0.047954771781761 0.151276312134602 0.148820056562614 0.0486504692568486 0.0450989218434165 0.150963879591322 0.092645770097393 0.152035322463366 0.0131272239252886 0.149427272343388
0.122034535184635 0.0798938531397138 0.0302444224654396 0.0885465403116131 0.116668219002818 0.059856263252733 0.129530625649275 0.135627557493444 0.108483479479052 0.129114504021276
0.149576513882027 0.17240594542007 0.0362420368067053 0.0284430901020487 0.155750050515272 0.0940839072904371 0.140405381549154 0.162555730682439 0.040186160819676 0.0203511829321704
0.149702410911049 0.0473811756044625 0.10065676715943 0.114163709712681 0.142873837721147 0.0960715319950233 0.11676723185019 0.0941000825215771 0.0469768686247104 0.0913063838997299
0.214487752323355 0.03915017293275 0.0498767239206567 0.18490793177201 0.182534167941349 0.0737529554163149 0.00355466357097443 0.0874923242482779 0.0813738123610467 0.0828694955132653
0.154237262965227 0.0915872348077277 0.199003171550841 0.0169502313829292 0.0955214830175183 0.061821337466598 0.0164169555005198 0.0878834769752427 0.154345959079306 0.12223288725409
0.12881548330622 0.154174245244529 0.0325949273378396 0.115270108093253 0.129640390876516 0.17611094468456 0.0011456812958525 0.128775173414937 0.0756774784846016 0.0577955672616922
0.10150354610976 0.120881800522389 0.127168627953497 0.00354329233004153 0.109682784581846 0.118292460726996 0.0505070848440298 0.164964292780759 0.0365627667257619 0.166893343424919
0.115299395990347 0.115803155103416 0.106614335902855 0.0430424966551905 0.052720062737916 0.0542550679681399 0.0868703358581478 0.138266540804737 0.230344619974158 0.0567839890050919
0.0578566701729155 0.0587965426112394 0.0943989352893985 0.182286752849174 0.0651068360040145 0.129648334531991 0.0888189673100667 0.185724226339462 0.107487865161995 0.0298748697297433
0.137552871445265 0.0639738415011328 0.12228631286782 0.145105245901873 0.148218509196937 0.00862678707198816 0.0922185798565972 0.133308792567961 0.00736915781050163 0.141339901779923
0.0680173227621325 0.164114282266352 0.158702878208315 0.027613416437642 0.0899578790698959 0.163839587783053 0.13751127062174 0.111322913627109 0.0757297840896207 0.00319066513413898
0.0555946370946175 0.161702994832948 0.0449549823773249 0.0419171913134045 0.183380375287742 0.152517333232449 0.0424240675978155 0.0629880481635173 0.0543748302529282 0.200145539847253
0.0820640442006953 0.0569809446641582 0.153886740524587 0.095876110098386 0.139699334089377 0.0305564449168386 0.115838997245196 0.114738888770246 0.118452755409715 0.0919057400808023
0.0482028243232508 0.185554663995409 0.0691406274307301 0.049623470568758 0.0983760218090479 0.107871482479619 0.161912753125975 0.0169157671642701 0.161748593208528 0.100653795894412
0.137691389952973 0.138281604915015 0.0387046433473261 0.145803795393816 0.0851628672302429 0.00981086974500003 0.16415782705532 0.0703306917525478 0.0335250253328403 0.176531285274918
0.0468489514576928 0.15168347710098 0.146592159238925 0.0778256004960628 0.0689664941299519 0.11806567903319 0.140048231984506 0.149160671776994 0.0451093170873602 0.0556994176943365
0.133570376684191 0.150385745437095 0.0634011086947597 0.0364795549898026 0.0539565618548817 0.0941191508385007 0.0474231495553306 0.164131179827729 0.170890965358576 0.0856422067591342
0.0133664613575329 0.0915763806056173 0.167684577060092 0.116410531370902 0.03724033237686 0.139353608765893 0.166853394715023 0.0693569699632973 0.0880059763611934 0.110151767423589
0.140897689469752 0.0866855946551117 0.137633925732326 0.209079336739438 0.0977699194126958 0.0111154838979939 0.14784688053429 0.0133517600279115 0.0524820772672469 0.103137332263234
0.14649464501837 0.107366020934707 0.0617718863255 0.0790225945008744 0.0926148552994999 0.0974815871315589 0.129149861401715 0.0814325181903368 0.101451003740852 0.103215027456586
0.0353515534824909 0.126191965881572 0.132529515228433 0.0800042806722961 0.0503451405821222 0.138014463094027 0.138193813131145 0.0982896729551693 0.103169674967565 0.0979099200051783
0.110888438770227 0.0509836156998097 0.00131086210782284 0.0122539071678124 0.252605384368942 0.0490534924592696 0.2262467910118 0.171088685890177 0.0312913898412237 0.0942774326829154
0.0671848203722788 0.115633525191015 0.175777745206793 0.00623213690341268 0.113439266606198 0.119874464571426 0.0782401131068978 0.1129707810578 0.101762537595312 0.108884609388867
0.159088936697377 0.0514096419517897 0.0796829626500449 0.00659368515053787 0.132170699689093 0.103738571251641 0.0732587050338822 0.26067753369288 0.0243575264923339 0.10902173739042
0.0165331322696319 0.0647027366172329 0.106569371561536 0.166681383142397 0.065132186702624 0.0909843007554319 0.0733798533199875 0.170945341946599 0.117656683027816 0.127415010656744
0.182568285647465 0.096175397980068 0.0333961959418679 0.0519069899603923 0.0622876465498806 0.190955338990686 0.131948443434252 0.169788543102611 0.0691217586039266 0.0118513997888499
0.202586538994709 0.0811454622862914 0.0593777004648109 0.123528400808199 0.0909031999769496 0.0872339320474364 0.0216389336745532 0.127455559232795 0.114029714083304 0.092100558430951
0.0160519186434437 0.203467860865193 0.00794137820495637 0.0587958570067592 0.0441040681069532 0.1083663755377 0.0973412729145423 0.131582422674815 0.217510857667608 0.114837988378028
0.135258205361876 0.0754006702498548 0.095773127985804 0.116779008094415 0.129961106514921 0.0161295196777765 0.170536800524578 0.068713363827591 0.0260130197486523 0.165435178014531
0.073603622704111 0.117747970736654 0.145879367993925 0.17436636037811 0.0928574811153252 0.114321542487354 0.00928882798521874 0.206704678015628 0.00491970680970839 0.0603104417739655
0.0705288793363757 0.155471707060195 0.0692319458026278 0.116962680187844 0.123156276603956 0.0124848998747509 0.0998086460129703 0.12476334785996 0.142845822707044 0.0847457945542778
0.163141111626417 0.0687653311751292 0.101133186263344 0.104459179681972 0.0451032573452642 0.0935896076350091 0.0434051143828841 0.17531774548924 0.171417329994986 0.0336681364057541
0.065013449807922 0.172891394604582 0.100951340831018 0.141721625369925 0.0114052688952342 0.0506258812696242 0.0437331513131249 0.128216752586732 0.160671919800137 0.1247692155217
0.191141298401729 0.0682495389248888 0.12773555114165 0.0052489389884496 0.112813821642203 0.0329123113107708 0.047167735864807 0.188751989477723 0.0442339813325424 0.181744832915236
0.0935186722650331 0.110276595033714 0.0807508933396414 0.0736580578342086 0.127175432731347 0.150220825089632 0.119086257612492 0.103572248804106 0.024398977773438 0.117342039516387
0.0548386165606709 0.0166887585099056 0.132180016482849 0.0860928614106558 0.141070670906651 0.0637736697774769 0.103967586600296 0.0805047566520273 0.147213779771338 0.173669283328129
0.0377358224293505 0.162513392595286 0.0168417362488675 0.0884291279250301 0.153741176814868 0.171402711317803 0.0605727531260358 0.0428162038322884 0.0729448486515789 0.193002227058892
0.101852867381075 0.158977735104099 0.15091775568717 0.0763387743996237 0.00643370519050985 0.198677859062974 0.0864146578361584 0.169799463342001 0.0132148799076294 0.0373723020887576
0.0528782343813497 0.13405881807028 0.0587604680111482 0.153372264879752 0.0260407045606173 0.17238305403749 0.0749917650930821 0.0486926532509316 0.107495641391868 0.171326396323482
0.18311380364718 0.0652276748719496 0.072391508932382 0.208608771724731 0.0736059452884669 0.0669892491640375 0.0465948202667074 0.114498741630231 0.144052856439258 0.0249166280350572
0.0828851057086913 0.138809026699087 0.107199780039259 0.0254720450272605 0.123996246174889 0.0160152696741514 0.0938954309740431 0.167154507049724 0.166099090611265 0.0784734980416295
0.145944801368634 0.0605633045395234 0.059959119816496 0.0869159797782542 0.12247919090488 0.142024327521783 0.0912748571719437 0.092818176986319 0.132872030492469 0.0651482114196982
0.151751346358062 0.0999843855005408 0.0337964102310867 0.140122905653702 0.166563721196478 0.00854185446334894 0.103388184711057 0.140091781218498 0.109883415604888 0.0458759950623389
0.139764232542889 0.208518487109171 0.125731473878336 0.0434355877863663 0.13212387878918 0.0578249480644776 0.121456416425581 0.0789059145395461 0.0545122455616901 0.037726815302762
0.079650262270392 0.133886976102657 0.0579952075643489 0.119389898556155 0.0884891696553865 0.102127130021093 0.133734245533833 0.0965475815555152 0.0873590093437566 0.100820519396863
0.312052361777172 0.0973608562183797 0.27454411366409 0.0514152386338115 0.070586373035805 0.00112198715719405 0.0369134450884917 0.0132856355126604 0.0761773323419236 0.0665426565704721
0.0214859647547142 0.0964300757463241 0.0910742149415303 0.11163891730924 0.175670530395056 0.0709443204367959 0.074719873112053 0.103527545448168 0.0820141408916246 0.172494416964494
0.177425607965058 0.105004670184956 0.0129319632851858 0.0552256627575915 0.0390555626666186 0.139197161652467 0.142392483439959 0.0932125764958302 0.176412501929858 0.0591418096224742
0.16237242118776 0.124658302949874 0.151116691938528 0.152585456202201 0.0157881621614782 0.162099274243618 0.119584906230754 0.0349394997707208 0.00841869587695436 0.0684365894381126
0.02708910425681 0.134687885603617 0.152973213832332 0.0573463966522533 0.0332739959860672 0.120513908380556 0.0351286617230791 0.143003983630039 0.110391185257403 0.185591664677843
0.137009975715726 0.021507027338791 0.119858879100613 0.149020163508524 0.162556586281347 0.0812394164671068 0.0519751592358632 0.0579717348146328 0.062582193727544 0.156278863809854
0.195216176825826 0.0374885982192586 0.0616151833896071 0.159214282852755 0.0267249227131247 0.225116696229917 0.0294533380043966 0.14782649411995 0.0531819451682262 0.0641623624769403
0.079263715354791 0.0413498422935622 0.0576385198513265 0.103438091347131 0.0395419721346708 0.0583127629029893 0.0104667729237884 0.203333004720157 0.198036158556282 0.208619159915302
0.0758641860183586 0.207540903974045 0.153909493882774 0.0913420079635629 0.0572480665983221 0.0955901137829077 0.167196412831082 0.0133195722994496 0.0931692350193613 0.0448200076301369
0.0618706434339012 0.0943003984670731 0.037183084876368 0.110120838481256 0.169383045126032 0.0469519330921825 0.151947126941623 0.109429050738869 0.105747373171019 0.113066505671675
0.00163039597939182 0.0944020011976291 0.155451893732906 0.163056801231514 0.10747437901762 0.125624067264294 0.0936680914858007 0.00275121107569388 0.161317244737122 0.0946239142780276
0.0978148525482162 0.0121570985293095 0.192596540975799 0.0491171909822101 0.186966498577641 0.119971269914063 0.02544611282795 0.0406462637715698 0.148648017974732 0.12663615389851
0.0026976983219094 0.159652532895997 0.0582021164672007 0.0885580046488331 0.164768291516429 0.179380552088319 0.0565622771358405 0.140715036250505 0.0255367093583792 0.123926781316588
0.0629981302313558 0.100616834499286 0.154044644634334 0.06012865164861 0.100998528838792 0.158359225736333 0.141201513568659 0.172876441929954 0.0473704927153125 0.00140553619736513
0.119921360567845 0.161566917369156 0.00566843696108411 0.0881493953967427 0.15580176179795 0.0695187194707221 0.0560905155573454 0.0974383213030356 0.11551868615478 0.130325885421338
0.212785873902232 0.183997005719322 0.117917583995445 0.0113586765610356 0.153319444785644 0.0121498940775297 0.0916502588187409 0.0926503353672782 0.0211503799781512 0.103020546794622
0.027382153899326 0.0626772125677415 0.161067443338593 0.155342731840185 0.0745933001071609 0.175319265464791 0.158468260780139 0.0562639124382076 0.0435720454864412 0.0853136740774146
0.174892403439159 0.195257372794735 0.069472749855146 0.0211774384074017 0.0307300763552878 0.167678231717384 0.0963397041251137 0.122172524304939 0.0478146370708438 0.0744648619299899
0.164578214362393 0.102225476688663 0.1030604523726 0.046418865231485 0.0548266685148519 0.208041464143444 0.0249148193600447 0.182039399295328 0.0617130032460256 0.0521816367851639
0.164405479013343 0.134682419615089 0.126464031524033 0.105949786475374 0.0950100601059341 0.036539368065304 0.107246799572259 0.0830953013476803 0.00297610320064992 0.143630651080334
0.143066300796881 0.145842804362477 0.0994233044375573 0.0119518830178415 0.125740880853984 0.131199580767608 0.0996285623089089 0.0106190024005209 0.160232085034906 0.0722955960193135
0.062866560191147 0.0431996402159916 0.0483624083540109 0.126016273980796 0.118845101572652 0.158464875275284 0.157391849930798 0.0500740607327221 0.0337152259288557 0.201064003817742
0.050941004149053 0.148430298184854 0.236779395233061 0.14804427213066 0.0238308899152041 0.170961869526052 0.0991838969606965 0.0353030009886259 0.0561963586591631 0.0303290142526314
0.100090077515787 0.122250909398264 0.102923256430355 0.00448174809609892 0.138099442825314 0.0964195892709927 0.125129995022728 0.205685654994217 0.0329574887958215 0.0719618376504221
0.175218182367728 0.193166885043913 0.0958757545920723 0.0502546742872951 0.010028246961698 0.113343846505245 0.0621185581828801 0.020427738140642 0.155168383798055 0.124397730120472
0.0826179036436634 0.0480808547027667 0.116516488410699 0.143926099067478 0.15348848757838 0.0933371339232057 0.145483872431777 0.0796865252128073 0.0744043368713179 0.0624582981579048
