0.161307390008628 0.06048055310587 0.205648709737596 0.124644201310151 0.095424976155613 0.022871933192697 0.146292398014982 0.183329838474464
0.154758880696105 0.0343660976655491 0.157471955890992 0.152728324904004 0.126576473960776 0.0916064172100091 0.17276023703166 0.109731612640904
0.16111370875759 0.0535841954029084 0.310580463837126 0.0201029816776135 0.0801879548311112 0.29936742012847 0.00384762944591519 0.0712156459192661
0.189932963604385 0.106888399283378 0.172322596200339 0.114970642339849 0.179637213799992 0.138766018203869 0.0551053462218994 0.0423768203462889
0.140740005804666 0.114545628602672 0.0285017795140111 0.222422205572035 0.0657328508304509 0.236584482690121 0.0974176969734107 0.0940553500126322
0.157763625114758 0.0597289564374553 0.0867423232429089 0.0936645029911312 0.235683539014407 0.0461066849234636 0.17375915640909 0.146551211866786
0.139543251105615 0.0920441739361 0.0413722717282851 0.186901978142166 0.155320324469927 0.121357928149289 0.154039603661826 0.109420468806791
0.00662129077992343 0.311820289476152 0.137221853545425 0.0263592310465229 0.0158979238181859 0.00437734295138106 0.215486339887463 0.282215728494946
0.0277780407866827 0.168195739816003 0.209786548512488 0.156940733384314 0.194166882616465 0.000195692282020339 0.14417134785641 0.0987650147456166
0.129933798664266 0.0053270654314517 0.145425811431848 0.0708320842579153 0.242501956444308 0.119695367059718 0.273329477288275 0.0129544394222182
0.0990447592234536 0.217462470098251 0.124925943854751 0.0317268171041587 0.0183241983259355 0.228506249947413 0.126668009580009 0.153341551866028
0.154495620271183 0.103810322031715 0.0213383486688457 0.177855230958985 0.121517715705071 0.158707266855513 0.129133126858876 0.13314236864981
0.0871826126965103 0.284017625786462 0.181514090418112 0.014936089730689 0.0390170850976191 0.0644073965616991 0.244718425959104 0.0842066737498059
0.167668042088021 0.0802688634827622 0.165780226921542 0.101973032076242 0.0927041360742674 0.148057282934359 0.141932183422428 0.101616233000379
0.121303118309611 0.127194759520134 0.168971822162597 0.0404541417964914 0.171310582063307 0.0818052228612163 0.149071978829765 0.139888374456879
0.00233517996553148 0.131935166038342 0.0315077816853202 0.319352572386596 0.0230774135842807 0.280380012913286 0.154643963658499 0.056767909768145
0.125783625518061 0.0861883825030225 0.0822782807949185 0.249304468948512 0.171599357413876 0.198861996198756 0.0637677706979295 0.0222161179249246
0.24162997865806 0.164070856889485 0.232149708886472 0.0142215174112767 0.0541591643887581 0.163168487466969 0.0707058365587765 0.0598944497402025
0.201401870907142 0.00465699053023599 0.0394174705511817 0.238780144615406 0.0833995317717166 0.0329108764154187 0.23561106354128 0.163822051667619
0.0271682049769946 0.222555619692012 0.0123038435032609 0.128153831469861 0.160140214370635 0.142448718674617 0.271662495687706 0.035567071624913
0.137994218087352 0.202341678095857 0.09350257274639 0.1133142177689 0.0527787826946081 0.076862350995567 0.111010053134587 0.212196126476738
0.0349398412017155 0.181442956309946 0.065789322038019 0.160629542452825 0.160604572656039 0.105289917265047 0.272771507070568 0.01853234100584
0.15009104785362 0.147871405722326 0.162656666904662 0.0235264207120724 0.0606818263726544 0.181577019579007 0.19324312642723 0.0803524864284282
0.170763363370989 0.105260125385055 0.126598178387172 0.154977974145393 0.0649873772966201 0.203787703058132 0.121002748068856 0.0526225302877839
0.0438056821730305 0.0369611023626955 0.108515440878912 0.188421831712594 0.0784451535388801 0.271030165381352 0.231460051397119 0.0413605725554164
0.139065235572359 0.125882957565132 0.159032650140198 0.106047306776308 0.145739931685403 0.173064686332394 0.0738708424468635 0.077296389481342
0.182774771543173 0.214874808481216 0.00967489998353797 0.0483678227139317 0.197174568432085 0.0929098063406106 0.198680540875132 0.0555427816303138
0.119240861131022 0.0964661703816604 0.113976632702583 0.154934985765487 0.0755185697306692 0.137171510853565 0.167145614623959 0.135545654811054
0.0938004544417583 0.0925063273080166 0.203371763150474 0.160173781889567 0.0611980773260312 0.0617411908235025 0.173195860424371 0.154012544636278
0.095804577010106 0.209936264552098 0.147171359465657 0.0383959316232551 0.19484524818243 0.038669988010476 0.0695952357565226 0.205581395399456
0.204097478137842 0.142868128596085 0.205573741225913 0.124448755360053 0.13404722758405 0.0399829487913256 0.030324267321462 0.118657452983269
0.0528372199153387 0.219380586440913 0.0850704465865104 0.0828390471109495 0.196475988889047 0.0181152661074978 0.068150211233075 0.277131233716668
0.0652484181034282 0.232851522870634 0.0917533826411187 0.11838594294079 0.200212906102805 0.0164058553234556 0.249298198116943 0.0258437739008256
0.167947800497549 0.0224652278119824 0.229605864451681 0.151837074787309 0.225903991151426 0.0992227122264232 0.0891641451931349 0.013853183880495
0.0381793681640134 0.170982381941888 0.143417755886011 0.0840042847835373 0.254057109488729 0.199449028232574 0.0616139261288009 0.0482961453744472
0.177465312359187 0.134882346428117 0.163241302220709 0.0582538424073527 0.184037927090184 0.0591558824555473 0.0953429700861641 0.127620416952738
0.209143568943827 0.128275867908414 0.207836542137381 0.187209644885667 0.0686728605424563 0.116339060140223 0.0171022214879971 0.0654202339540344
0.10845519957709 0.0397564299643718 0.0428709524984546 0.0935799869390076 0.129907134031663 0.221436987998984 0.143684454721439 0.220308854268989
0.191737830447368 0.00677198338368663 0.0315308833000547 0.119852937322115 0.15363530193731 0.168479907881368 0.0975684837582065 0.230422671969892
0.104066287547587 0.426548978756112 0.0379345858644238 0.0463919737627884 0.0993134832189275 0.161261339842099 0.0470488676246911 0.0774344833833716
0.00548110831362444 0.0403073250277354 0.266115093190696 0.0173315531453444 0.269386071913874 0.322760775995206 0.048390023343215 0.0302280490703056
0.0732255660011626 0.1915852748534 0.184296913238308 0.132777051619199 0.176598881649293 0.07384159228012 0.0728334449830062 0.0948412753755122
0.173142933958524 0.0556627805254282 0.102618240787509 0.174842574663607 0.121792341348741 0.141355574798292 0.151837494815035 0.0787480591028633
0.249744672368461 0.0792164945331413 0.0704949275101935 0.0654252504778385 0.0959577387290769 0.0428023437988866 0.26806023894264 0.128298333639762
0.185804520889514 0.0556270751785021 0.0584565215955572 0.0928289907458343 0.191257176082705 0.164731927487896 0.193781444642252 0.0575123433777394
0.163964804837974 0.0721605872227538 0.15861706764598 0.110391390876607 0.0518025932987589 0.00205264425430896 0.224327360064054 0.216683551799563
0.169764121359842 0.00437543184123265 0.171739819788544 0.0925463189908337 0.216944546793557 0.146489058787193 0.0571466463279755 0.140994056110822
0.180866562201166 0.00921055452147459 0.108955950764795 0.0294147114124173 0.223148631585354 0.19152287882996 0.188184838739673 0.0686958719451603
0.158153865134768 0.223487578477761 0.134238867684318 0.0338910857096096 0.0366026196722819 0.130341400979777 0.141263152932901 0.142021429408583
0.100861495537464 0.145645784044543 0.076189934738666 0.0861711453464762 0.198555468207795 0.192260576653488 0.00654771524482988 0.193767880226738
0.206284597529427 0.0840899303088635 0.00155692732312608 0.154974745876395 0.161893893987885 0.221279694787909 0.0508876039133823 0.119032606273012
0.121393300592778 0.0269207007694222 0.0547020836760425 0.141650030431538 0.185389555238899 0.118187179859709 0.174914771190052 0.17684237824156
0.121880722403693 0.145254254106258 0.196761215687158 0.192017557483434 0.105805019347777 0.107460281194491 0.0535105145403144 0.0773104352368735
0.219684380509021 0.0455701263524862 0.0238825234301731 0.172258959738467 0.199305521757096 0.104206821147557 0.127446672184959 0.107644994880241
0.206760541020435 0.00736699626272345 0.144941054927397 0.175048921116744 0.129384538039741 0.146685975466352 0.0465335687065756 0.143278404460032
0.128857712194411 0.15203321210539 0.147251200196156 0.176351227015937 0.0801619483422196 0.119796064982816 0.0288512228630058 0.166697412300065
0.0512875429996319 0.0177771779389185 0.0397104874978405 0.24138442458096 0.143033615432195 0.231784864511985 0.129509810006094 0.145512077032374
0.129057145704563 0.119556823335136 0.0489109725739627 0.227131540806007 0.131355039037834 0.0443554254353406 0.0361169769298395 0.263516076177318
0.163511186832174 0.212176376596372 0.0842182592168363 0.0228785934316287 0.170858132694562 0.164191478398805 0.044338184032009 0.137827788797612
0.135261573280513 0.167539095482794 0.12156960536058 0.0622095015201229 0.245003119756278 0.0669295346153647 0.0621019108551047 0.139385659129242
0.0809221517848359 0.0342379841195403 0.0106662531539669 0.217129490183249 0.141693918213495 0.0801142670789939 0.270008580412807 0.165227355053112
0.231491094489776 0.008138341677383 0.0866431833213537 0.0436019817624546 0.158535039136075 0.109319433044255 0.235173223865782 0.12709770270292
0.194658860370771 0.176460979965547 0.170513341309747 0.209589316167173 0.0219484667766843 0.03815819230654 0.132155055289933 0.0565157878136053
0.0541967311753041 0.282885106175689 0.178052348610417 0.0102669279014368 0.202021177075548 0.183613593317625 0.0292836320511259 0.0596804836928538
0.00851779782519664 0.187505262101843 0.119794435202959 0.0308406521193193 0.190271248014428 0.190456567179766 0.1034696323703 0.169144405186188
0.0836115650990475 0.155783264449228 0.12888449534386 0.0287815234891417 0.0197345688565594 0.111880815893434 0.273840277783742 0.197483489084986
0.125395437031469 0.0810564653771342 0.0354991385448624 0.201820941574606 0.202003597882049 0.155942306635704 0.0947511208742792 0.103530992079897
0.0535123101607679 0.000854367702401682 0.0828429775509739 0.226229436789177 0.170555351074246 0.20713156903419 0.205366580317337 0.053507407370906
0.247512045890594 0.211240707084816 0.232495476903857 0.00400523917790073 0.107004409591499 0.0772191325230972 0.105267075619795 0.0152559132084419
0.0409224002289684 0.158694032399192 0.212025424672126 0.182833559208847 0.0918771568338722 0.184842371778584 0.0400366880130505 0.0887683668653597
0.204405607489241 0.0119643574035486 0.0709396443992005 0.237104596414457 0.179231384137263 0.0738340576774528 0.0830032631893518 0.139517089289486
0.00444772424134458 0.202243882913078 0.0961486467648849 0.0110834210879589 0.125124514517658 0.0517830041770199 0.263745611539454 0.245423194758602
0.210412622056432 0.0221226802023844 0.106791008064343 0.0257540591517013 0.254763965663359 0.170711490208633 0.20041883548855 0.00902533916459832
0.0582715875218621 0.138723685808866 0.13113262571501 0.140906292552228 0.00915467804072813 0.0115999731953052 0.256624275578203 0.253586881587799
0.128727663939123 0.0320824723871341 0.130785283235856 0.22674096256465 0.0721129945143156 0.0583381604689171 0.218256207230076 0.132956255659929
0.0431937369620489 0.0598909003619676 0.00642657636772735 0.14826383697961 0.198738122932732 0.195134317335157 0.194687145315122 0.153665363745635
0.0654190161732657 0.0151151476845256 0.214203647522362 0.249820402727478 0.139889472149618 0.084607113344601 0.0191361106930581 0.211809089705092
0.0612666082724825 0.218715742932685 0.262030845302645 0.198756182047102 0.00960636472258875 0.163324925874364 0.0122052816394619 0.0740940492086715
0.0992715427923614 0.0858174676952776 0.0988671402678263 0.203132830203061 0.12690777832577 0.0153630251871956 0.173169817031692 0.197470398496816
0.0739346633323737 0.187255055832527 0.00420936628503173 0.162366940391468 0.169207413378015 0.185413331493366 0.193898621970353 0.0237146073168657
0.168901918640757 0.198156023348965 0.108153848826237 0.135954927559826 0.0775984590037147 0.0740261946458132 0.190973565055908 0.0462350629187799
0.168100280644272 0.191573986759883 0.0447451148437801 0.190347643158428 0.0788897906274302 0.161795384806347 0.109303785432381 0.0552440137274786
0.004788430135158 0.217914703400392 0.0731255713134111 0.232417273997768 0.13825439341566 0.180686178506886 0.00780682166706168 0.145006627563664
0.106620238869505 0.250177917305941 0.0783758886125756 0.00868445287344694 0.0940596895602375 0.158817581601428 0.132595131735309 0.170669099441557
0.107817559868023 0.0463525780524556 0.173719090993698 0.165471080853546 0.0388797136865303 0.172913182269574 0.154837747543846 0.140009046732327
0.158341276098919 0.131760543011197 0.135308919699583 0.10438923757972 0.0533305074607543 0.157602137596296 0.106200058327981 0.153067320225549
0.0709563483940441 0.0814280190527945 0.206041713867557 0.00408817859124842 0.112008739662768 0.23316809381296 0.217102444241222 0.0752064623774053
0.193448079077795 0.202188286467054 0.160140761391908 0.0150040554408129 0.0518889494443058 0.190059615961272 0.0760127156744592 0.111257536542393
0.0502456969894079 0.105592236738606 0.0599788496049375 0.179178198921177 0.194715833519113 0.104022202372683 0.150958471060538 0.155308510793538
0.106372682341387 0.079829867387951 0.214622332370018 0.0309390630008809 0.145432143273002 0.0787172423466656 0.115996596351652 0.228090072928444
0.0275344315553855 0.190996279876955 0.0945927151998507 0.166662314844157 0.179545365411821 0.0331499186158073 0.177327726033576 0.130191248462447
0.167184096499568 0.167880134777187 0.0646702668168847 0.112495247557068 0.136204274936659 0.0287322978753896 0.152924009562042 0.169909671975203
0.251651911732718 0.107677045183198 0.00509223453090265 0.0387945106274687 0.00364873889972503 0.126678909581444 0.18155334829087 0.284903301153673
0.0355288153736729 0.0207207477987411 0.212710706660471 0.205209412038195 0.163769101688137 0.156906401498021 0.148003296094558 0.0571515188482032
0.0202879461646474 0.139472570458015 0.110893003488515 0.176836942470256 0.028282845643391 0.0366342601395695 0.432281855962837 0.0553105756727685
0.139159698976113 0.0383973477733356 0.1463803762784 0.171250526295057 0.0894755869197035 0.160290772718827 0.0848541505003276 0.170191540538235
0.00948015387123901 0.0288879894794414 0.24620223838561 0.0904581952047172 0.147532590514495 0.0514966062534095 0.207169722321588 0.218772503969499
0.175153565278918 0.127962511037574 0.212487869281953 0.208854390614621 0.0123581437594471 0.14603480252173 0.0168593784123302 0.100289339093427
0.0904790675233687 0.19176302461687 0.168983819220581 0.149422178767832 0.0798299981746003 0.125420284830488 0.117149541944653 0.0769520849216067
0.140072411521289 0.129221570627106 0.179073152887528 0.147675614001411 0.105687253493048 0.13048711342586 0.142512405813624 0.0252704782301354
