0.129301835310732 0.188937527190519 0.0595565328939725 0.11739647317002 0.110446826447652 0.131921865132229 0.0139028275768832 0.206452949656754 0.0420831626212383
0.167428412166965 0.081167658483441 0.0225928060718202 0.099874936205517 0.149564170221414 0.0934380318144035 0.176108099120333 0.0467181727888489 0.163107713127258
0.187971089235056 0.0624918970250742 0.0427030520131663 0.16957431946625 0.180112014174802 0.0343010904195001 0.15537050223383 0.161813590153755 0.00566244527856519
0.0380306106355042 0.174206067113046 0.0306870796175982 0.136982814521683 0.111435011482393 0.136618123753495 0.195554926209949 0.139869538279187 0.0366158283871447
0.100780682290331 0.0542922005162466 0.136724951868912 0.168357014409034 0.118399148523532 0.0465400378674104 0.141645884535156 0.178102049690225 0.0551580302991517
0.21773261110892 0.139725893746848 0.0507008568428707 0.00460873529844613 0.237196924688485 0.0742894768320223 0.0386126066631233 0.222829751763558 0.0143031430557259
0.0146594999196422 0.164436522947726 0.117217209490689 0.0641466257009938 0.139394231390674 0.0319926384546029 0.16284001926075 0.143279612246051 0.162033640588871
0.0142736546855614 0.164153023649352 0.17776501760342 0.103259900396855 0.172867395778192 0.0330308603451936 0.0819992004817981 0.0781219694140993 0.174528977645528
0.00425063243220287 0.202094350044327 0.0507736298275964 0.173106761751328 0.183322490190366 0.0928299950248527 0.1112996148729 0.148297337987228 0.0340251878691992
0.0795213786513512 0.16143999437613 0.00205727631148115 0.00990148330636527 0.170577054274146 0.141688084518328 0.108069701598433 0.211772572216361 0.114972454747404
0.189047850766088 0.0970937559146774 0.103691335894705 0.0171763539868281 0.0254677178679499 0.163059132159674 0.179162985193067 0.195684798403552 0.0296160698134581
0.0170435487076523 0.239179282986797 0.0021345927744737 0.0257706056058677 0.162072301226561 0.141383732837286 0.203567396595959 0.13625787011915 0.0725906691462527
0.098853948880654 0.129793865950621 0.215530507652114 0.15789584387425 0.088764281375568 0.121731635200138 0.104868904337392 0.0421038398956944 0.0404571728335683
0.275302851968692 0.0599879777584373 0.00758147760577469 0.156096025743198 0.000114345966317468 0.167853222630887 0.104001501075987 0.149043165107722 0.0800194321429848
0.066153430729395 0.0741087485099989 0.0784107446092224 0.173207127352441 0.140195362781794 0.131669641647178 0.13653391187921 0.0772010657000503 0.122519966790711
0.069213019903057 0.189387373869081 0.192710380914091 0.160811458586578 0.156149122804767 0.0357044568578835 0.039890585860715 0.00100798997810336 0.155125611225723
0.113109766483214 0.186543376051178 0.101263799597912 0.0387795639542708 0.156233767033079 0.0335747894222509 0.0345230248376669 0.161522726235745 0.174449186384683
0.161857475796375 0.0458839404821964 0.145781327805126 0.108393491168249 0.0891843215473637 0.12031060614627 0.186402863284778 0.00129833620940509 0.140887637560237
0.0422158102997123 0.170606710687349 0.119188220384404 0.142325989524604 0.0205235837582071 0.0223566042285424 0.202537202588764 0.19155690537291 0.0886889731555066
0.0619284715295671 0.121381034142721 0.0210214043232005 0.103749763285687 0.154781575121158 0.232971241728188 0.154347462718988 0.0534001291039671 0.0964189180465235
0.104419440862889 0.0976282655334668 0.00453874331693608 0.196768855272634 0.0141619760210802 0.119265263693953 0.0945118309957934 0.151394797280401 0.217310827022846
0.120244570286768 0.0855577007927083 0.149487430410091 0.0985992553566372 0.156583663600266 0.0496503651091358 0.155134422562685 0.0709617771500664 0.113780814731642
0.101350908041601 0.130675005516238 0.194076809681917 0.195594640821188 0.070666249578808 0.162301962476145 0.0120767605508041 0.0346919305302436 0.0985657328030547
0.0499887149273808 0.15106647718899 0.176143730207183 0.120309702610775 0.0263569580097639 0.182000650827253 0.0616745525858675 0.175198874078018 0.0572603395647699
0.156358280772557 0.182813132630312 0.0885761580152867 0.0972019032570156 0.1569993072293 0.0894687217075522 0.125084641299404 0.0148793449690037 0.0886185101195688
0.0674324716355085 0.116073944963895 0.0381329652043159 0.107540178000863 0.271559732897874 0.0634273750646837 0.246173002343318 0.073665441056117 0.015994888833425
0.225432401755357 0.0484872412690219 0.2067012898718 0.0256801343583236 0.0986282067149924 0.0658588699671515 0.0768404303422888 0.0673261945525638 0.185045231168501
0.243087224935596 0.107477591116754 0.00142837918642744 0.0412597403423325 0.0891359445339327 0.00820308358673948 0.202707737479315 0.248179083044486 0.0585212157744161
0.0558091877498836 0.058342373487873 0.145395696791737 0.0204703443222353 0.0545868009396549 0.245002160609722 0.178655698090277 0.0705810706149878 0.171156667393629
0.0282823157439866 0.216578100589889 0.184615800076373 0.0295428423281711 0.1837464409136 0.158208761051194 0.139957943820763 0.0482608857153613 0.0108069097606611
0.0662137023853797 0.187659253878962 0.105540497929089 0.131417215361224 0.091759973281496 0.11368042521033 0.0577013254422868 0.0489151483025204 0.197112458208712
0.116869802818306 0.0250524850669724 0.153474188098155 0.163297652362131 0.0963601739036916 0.151657195855049 0.00929635943931131 0.168541555644952 0.115450586811432
0.0646536630178518 0.156308382386311 0.0716388637807807 0.112483335355016 0.0613243866382378 0.176490154457426 0.0114301662274446 0.181299732596802 0.16437131554013
0.0417852051235261 0.177630909452906 0.0566697558943863 0.101658954900734 0.140313815273579 0.174275265525786 0.0538125745407918 0.139182742302967 0.114670776985324
0.108909890758151 0.147903230520123 0.198531772627449 0.0861193917770992 0.172880074583432 0.0248709071446242 0.114228065180943 0.0276551437048202 0.118901523703359
0.132930593375369 0.0740012529808197 0.169609009514111 0.110416916054497 0.074355790663414 0.077436197106877 0.0869460031803524 0.138920528024143 0.135383709100417
0.04727879288856 0.241405185682516 0.0605478447240639 0.122539434298492 0.160880549021918 0.108642322922441 0.191640816480991 0.0297556632910143 0.0373093906900037
0.00171357374895993 0.218783928500582 0.0104734022222569 0.222025769170009 0.0565803449772594 0.0421932042173609 0.132658656569709 0.208631246257244 0.106939874336619
0.056179264978017 0.170136102990615 0.153270792953155 0.0855529346141104 0.0111824258245463 0.21603091595712 0.186615120849371 0.0596500116655245 0.0613824301675413
0.0323855680531264 0.0766043054930998 0.186441244437361 0.21039356533337 0.124832161131658 0.054498614803305 0.0859264860918692 0.0189884482233525 0.209929606432858
0.228938226880789 0.0216792986774061 0.0425271124515905 0.0499947234152839 0.100350312579536 0.165758281964061 0.230550950616028 0.0603294196110985 0.0998716738042079
0.129922763418552 0.21603214045862 0.14917061980044 0.0829433194407245 0.00918228740774624 0.113589348508664 0.00619925293274727 0.151040791002966 0.141919477029539
0.029028854023424 0.170798444850734 0.119110776141545 0.104141044643436 0.0410576418791507 0.158847856807988 0.179187809884804 0.140010252930063 0.0578173188388553
0.14311418831873 0.0209822592984022 0.00857775505130948 0.145595386376157 0.129885233750366 0.105144101538139 0.143618305868685 0.165918090220634 0.137164679577577
0.00338519875460468 0.060581558298631 0.13832020407199 0.144995209523725 0.199747050318248 0.169795691782586 0.0770792877427461 0.170609322368663 0.0354864771388071
0.0580571875899491 0.108024031394573 0.261922547735461 0.135804536848709 0.0292268677201181 0.0454160599316928 0.0343708840029549 0.0957564661439484 0.231421418632595
0.178988282668403 0.170302766599272 0.0792003225424777 0.0972272377043179 0.105691967581014 0.00210965387350779 0.191134300107248 0.116524244037747 0.0588212248860124
0.14497685681501 0.0435722735587015 0.088585479537058 0.25171143801916 0.0642439117376488 0.150918460943854 0.209270204732732 0.0428309474175683 0.003890427238268
0.0195809380239508 0.314005272024251 0.148099581375912 0.0372282486677106 0.00433485591313204 0.196973132718993 0.0905269291224839 0.00784345039380386 0.181407591759764
0.0487769237910099 0.169967449944714 0.100359713821513 0.181931682593753 0.0779659787871358 0.0950825045612605 0.122196027526182 0.0332686601324516 0.170451058841981
0.0372307818769888 0.1636627761549 0.191489677381973 0.197014316606913 0.0331562581518718 0.0552271074122408 0.162749989244332 0.156480185127799 0.00298890804298157
0.132651674991028 0.0221081132127051 0.162051511515694 0.115089131268883 0.136501722567494 0.0846755739822353 0.0666488745239312 0.132416950825808 0.147856447112221
0.207740587430482 0.166029273328857 0.0868185565648373 0.0695945851256629 0.203105378545149 0.114169478612826 0.0828828737549577 0.0497290266902833 0.0199302399469457
0.0880930463383406 0.0325000407487105 0.128016103201504 0.164163589631675 0.147748578971948 0.169470410812813 0.0201827049125471 0.154755239596292 0.0950702857861692
0.0754252493856714 0.0996999923272262 0.114481446677371 0.1530801502831 0.00495849252809482 0.122748749257222 0.140867389048257 0.142331679641997 0.14640685085106
0.160061648647573 0.122563981156963 0.0803998604637547 0.0472986379735673 0.170249397960182 0.105304119959251 0.124729018747048 0.0384528924901465 0.150940442601514
0.0895533446735029 0.202480092842757 0.0143647021989611 0.101284808180723 0.0802165204335567 0.1973906745207 0.0467288427124689 0.188517286544737 0.0794637278925932
0.000279385821708016 0.10916786858458 0.21416927431819 0.0779967574287009 0.188729852165062 0.0989334908773698 0.211220765150473 0.0846059225275062 0.0148966831264094
0.00465000781962392 0.195090150787592 0.0426569142687599 0.190873745735531 0.122243784142609 0.0882316852967887 0.129884925966631 0.0998761654088848 0.12649262057358
0.00292947237879787 0.0645284192486834 0.0989282748151857 0.115425972524625 0.244270091563687 0.106035227533529 0.17831877987606 0.0210544665047339 0.168509295554696
0.203369256512491 0.101377197496005 0.179764421900198 0.0717814446288424 0.175124513573062 0.153921442768038 0.0141119824097298 0.0634005466737687 0.0371491940378659
0.240823333600645 0.11394819355608 0.125202279426003 0.209014369001001 0.114546664807978 0.0679436704956294 0.0434958204555545 0.0046944721958604 0.0803311964612478
0.115552690494192 0.122268511644424 0.066685766867706 0.108982274165194 0.144967938089334 0.112536949590095 0.16718381043266 0.129151289004839 0.0326707697115564
0.137774391268885 0.182529421691349 0.178878594290109 0.0392753226406605 0.0636677166580859 0.129010586006437 0.0870970400215308 0.0357823251249497 0.145984602297994
0.0349388957470398 0.148598818446801 0.0297812475384855 0.130687441360242 0.0656335030338132 0.175846145750429 0.195578797092797 0.134749332965239 0.0841858180651535
0.152762571816519 0.0206197910032009 0.100111020441795 0.0098303552796158 0.103323201886702 0.119092162397967 0.084222428188188 0.211945236849553 0.198093232136459
0.123872080066408 0.107426648760965 0.174128288769519 0.0653421007767654 0.01882933767452 0.203553541054209 0.00796601027732665 0.153728194666105 0.145153797954182
0.107643998677291 0.138815644976072 0.0764253409911015 0.110476096881579 0.089604732174665 0.0331844981733853 0.198075594659768 0.220283597676127 0.025490495790012
0.0545232365589655 0.0137482620659573 0.188405889723948 0.1447663527639 0.0853656682667734 0.156285715647863 0.0806800786102063 0.150924108867642 0.125300687494745
0.104884907613609 0.188192338631832 0.129698889836304 0.0615810908073883 0.0374783675621879 0.15962678345442 0.130790342809955 0.186874834035289 0.000872445249014098
0.102358081286607 0.15208207273515 0.107567170322968 0.0790075894655558 0.0556684390750909 0.142080781397503 0.135586790806116 0.167615344098215 0.0580337308127936
0.0865243209095107 0.0598248973105369 0.167349482100212 0.092941056077293 0.178358316220042 0.0864877915756457 0.118285904424787 0.126933758654814 0.0832944727271583
0.172670504324525 0.0236721289873043 0.0346685781634795 0.151702043491917 0.0875390722255796 0.125466500274771 0.167520536947806 0.0868272622959857 0.149933373288632
0.197080199636305 0.0475662251126159 0.154748806990916 0.00784703526395282 0.213346605326709 0.0667667537479338 0.24710433735481 0.0632844739805903 0.00225556258616714
0.164323096202595 0.0451236667991356 0.107643087977223 0.131959991710281 0.114496218047349 0.0724584942317438 0.108413974170721 0.17116126429723 0.0844202065637221
0.111652704717866 0.121715650230707 0.122463444484155 0.119648967217308 0.116547242892671 0.11267854319041 0.118714484092659 0.0720514812922634 0.104527481881961
0.0575257501076745 0.327328896495083 0.0681167475755617 0.130778048257751 0.0770408035595444 0.0125565120274602 0.188380242130523 0.0413201179800308 0.0969528818663713
0.0444908216087085 0.0866776254678298 0.212912572869256 0.136331961257271 0.204595191347606 0.222023578322362 0.00944403591342458 0.0800278296124023 0.00349638360114054
0.0704556507364835 0.172111040349228 0.154461591913536 0.134903849029657 0.00872682552354036 0.172131577733917 0.135296609327223 0.120388926366272 0.0315239290201427
0.0578445521104077 0.043216803182054 0.0830424506267945 0.0740288554703415 0.186260450225343 0.196222913095323 0.21480923343954 0.137721669027869 0.00685307282232679
0.0321691682760178 0.00715993073490357 0.222481202801853 0.151898227687207 0.0806208351291532 0.0876997795424475 0.206261334514123 0.166513518504045 0.0451960028102502
0.0713013645973616 0.205712513111778 0.0656599688211839 0.0528823068622299 0.123066062627319 0.0166694622296015 0.133843223678769 0.126404239808271 0.204460858263486
0.113465923848223 0.297894188083004 0.00603919233453976 0.226547209433039 0.0327443649803116 0.151046544560598 0.0315082652592198 0.0838745758784123 0.0568797356226519
0.143418052248429 0.103735065406496 0.16271577354565 0.220193177336858 0.0738881702690241 0.0433339351780669 0.0962738143231198 0.0352628801469944 0.121179131545362
0.141963340069705 0.0786416327904002 0.190245618446289 0.117778173993825 0.0776292412556471 0.0329828650929366 0.0444676813525608 0.223295331992438 0.0929961150061988
0.114867163174461 0.0691357112814618 0.121671802719086 0.0628843012952297 0.0170762494133648 0.0630574968322843 0.16656327101542 0.269251246497436 0.115492757771256
0.0373826927886512 0.0815361411997039 0.0668568359162011 0.147714265936539 0.0285386550572674 0.148061199209361 0.186091274154351 0.217406421741333 0.0864125139965922
0.095231223954692 0.0916728570090406 0.143472037508268 0.0767145408587992 0.131565799068111 0.126861437101123 0.0598477774302698 0.13888940820931 0.135744918860386
0.027646994608858 0.185598905334056 0.143406554017864 0.0101546383379092 0.174244947875722 0.107527160062905 0.0667685140365475 0.169240473120293 0.115411812605846
0.00390215114138551 0.0846744287475777 0.197145385870189 0.200718671564058 0.0814315176146762 0.164365761619356 0.129547130626301 0.0670909344840144 0.0711240183324422
0.0676520261857365 0.123212405656782 0.183638859113547 0.20864891981168 0.152738207372974 0.133001519297145 0.0282098771139593 0.0289467286028398 0.0739514568453362
0.197490647589076 0.0830947484701172 0.0144753528444881 0.0804810812743703 0.0709830936888911 0.188622159229492 0.112164250553612 0.139062871183555 0.113625795166398
0.08481151049666 0.316250463009067 0.0838532796420109 0.0170727002514803 0.0854843197309771 0.0197997842645688 0.390453565883992 0.000983881526494644 0.00129049519474924
0.211220856020611 0.0529913196818188 0.00644942597847122 0.128975834932754 0.0612633770664832 0.144906108988256 0.187010036772611 0.0652160704231862 0.141966970135808
0.186219281131092 0.177233209968936 0.099175598674199 0.0732824928561439 0.127760677373168 0.0491717646275185 0.0596171671115122 0.172237795000586 0.0553020132568441
0.0857734377584782 0.184394877786935 0.103273816722651 0.12031181333683 0.151894045445872 0.08492003258028 0.148833773996349 0.105733443555247 0.0148647588173583
0.193259638037547 0.00241522189606617 0.0666219147489412 0.00550022066533069 0.193925512548762 0.019885876821234 0.200867443308295 0.17780001911087 0.139724152862953
0.174476165564432 0.0402053770996279 0.0744386241154503 0.104874087705019 0.0195940198003982 0.067638614961178 0.0783903566800157 0.200061768261381 0.240320985812497
0.196387955510266 0.147267557250974 0.116673524899615 0.185671814860357 0.015331565929496 0.100680957947656 0.0474370886261986 0.102013925934314 0.0885356090411231
0.115479025875359 0.0453352024909755 0.153503411982825 0.0742524149522293 0.218357803014357 0.105210586144786 0.0287811583427047 0.0741791792349372 0.184901217961825
0.104322284679363 0.0408950221766627 0.087685707173669 0.0611423573867223 0.105901978453571 0.0616599273897065 0.0665851746068198 0.244466025942619 0.227341522190866
0.12551239749189 0.192694591432157 0.0162874497826673 0.148205072837257 0.0189714452006312 0.168250217843524 0.052419106067798 0.130962632843848 0.146697086500228
0.129904280958906 0.0200429148121237 0.147974573877194 0.0398543117603144 0.128733902131003 0.0474895548827318 0.119102085488862 0.16453013966 0.202368236428865
0.114777150872943 0.156356589682416 0.0228357786115331 0.130456421404699 0.167351570162383 0.03553029560312 0.159046721112291 0.146233941889904 0.0674115306607119
0.0787302764118882 0.0898495424226163 0.0197606239841325 0.29633062455632 0.14269417414246 0.0862356176862632 0.0037508370240279 0.0279472025660757 0.254701101206216
0.230838212988543 0.147258079595387 0.211487665923778 0.0612849571873201 0.03859491164795 0.170720869937683 0.0682660767071712 0.00633608611691305 0.0652131398952552
0.145493964399181 0.137631546263682 0.080527252030634 0.0343459393650283 0.166306831477098 0.0877708472657563 0.14419951417694 0.0529885682108123 0.150735536810866
0.019849461813147 0.146163998822356 0.183067287837663 0.163053311478482 0.144132558312774 0.0125014256894329 0.132524942512878 0.0940450263247774 0.10466198720849
0.174978687297051 0.0292078041021812 0.173568137815939 0.122347310351926 0.18939602195118 0.087496869431744 0.095989929456445 0.0432911789535213 0.0837240606400125
0.228926607487827 0.00736843345312639 0.0252112734565487 0.0174382522438663 0.184880745239271 0.0774297034255077 0.187389497164083 0.147806101031508 0.123549386498262
0.0382700731686047 0.186752645824647 0.167229297258074 0.0418853566071164 0.0627359027239016 0.114620928018542 0.13104729168867 0.129672967347114 0.127785537363329
0.18293647178249 0.0233435023549297 0.139094757925067 0.00431287266736312 0.00597325468931962 0.0946962594153758 0.207240251114723 0.221916232678063 0.120486397372668
0.17609180220327 0.132497057214187 0.107575639843659 0.0881031690007817 0.190053788316956 0.1543027737087 0.0481045680922752 0.0301432183926382 0.0731279832275328
0.0735697353796357 0.147132904678118 0.180058262595523 0.153382021989319 0.140948918178425 0.0115330230866952 0.0500410299255481 0.0643818256172384 0.178952278549497
0.211359824132624 0.0142287310335836 0.0551854232430844 0.045638793190378 0.170775328250001 0.207416161913251 0.0420824365156023 0.18675651363933 0.0665567880821464
0.139529737912636 0.11357748330318 0.0515028412364121 0.103732966054125 0.111795021566973 0.0791535801280868 0.133681358341043 0.161277331961834 0.10574967949571
0.0679007123651374 0.201840505287203 0.109852632716751 0.0286599617855221 0.0840763243706885 0.123315074308204 0.19112917482215 0.0414826360856809 0.151742978258664
0.148277522837925 0.187141042499406 0.11600132871895 0.0521072464950529 0.0430873948606725 0.015699970736579 0.191996639280052 0.12856324651112 0.117125608060243
0.21926109496704 0.0191583123965936 0.106173730398156 0.183657782412123 0.0365784795342414 0.204591264460364 0.0305197369593947 0.162286506651895 0.0377730922201925
0.0641902547076569 0.185989858404277 0.044352715963976 0.164290019847992 0.0676784613049876 0.194372971241712 0.108183784321778 0.0534048628984263 0.117537071309194
0.164547939790032 0.109705062470206 0.052611996076211 0.10663197293966 0.121667230851254 0.0707065780541729 0.131233132350808 0.186195828876864 0.056700258590791
0.0100170617651911 0.186136353835024 0.0407178875468302 0.104614429923805 0.0440520787244391 0.148886582288528 0.133887277761417 0.162638037254739 0.169050290900026
0.110493121060584 0.084382410063749 0.138361757325628 0.0816303296097308 0.20527813089418 0.0651324547303391 0.183497608674712 0.0826522935802081 0.0485718940608687
0.123876769507509 0.116271676465658 0.170326225237468 0.127301228252347 0.0515311468301576 0.191627111120318 0.0183671123955755 0.119925492372064 0.0807732378189033
0.07545700613204 0.0167341507993403 0.217124113888042 0.0495080773079167 0.188252577424666 0.0578009447570846 0.129024857846062 0.169174013116321 0.0969242587285284
0.0835542396830506 0.0376714437176753 0.120523188783099 0.20042751062508 0.0958334286514382 0.0665037077893293 0.110954865053548 0.169416966660547 0.115114649036232
0.0260418522226861 0.034928388107887 0.101751620868047 0.012334298533448 0.141611830966835 0.221728199715432 0.166348808846174 0.202342847217941 0.0929121535215498
0.000140880952734694 0.161280968071479 0.0545602681241497 0.14593170420271 0.0905401844137589 0.0876995092929348 0.159673058538941 0.132697641790398 0.167475784612894
0.174393562730135 0.188819083656931 0.0324251384256746 0.224899104050734 0.094630346239156 0.000349437087866038 0.0696012029087586 0.0917797331229041 0.12310239177784
0.0707098175327747 0.0464138121418876 0.0521629089339156 0.195276603480874 0.0948482922681837 0.0578834714498726 0.151198237323827 0.183778346891622 0.147728509977042
0.165972518881703 0.190602124934475 0.107789511928348 0.169114032378795 0.135767531455717 0.028442564249681 0.111561583243002 0.0753644323514975 0.0153857005767822
0.042622998707922 0.136426683083837 0.168373613284413 0.192848869954793 0.0318647030634744 0.0612956438516036 0.120122149969142 0.0545146337429207 0.191930704341894
0.220319235382781 0.0993486370112821 0.210335174826442 0.0955209952120723 0.0271277347157225 0.0278719209335201 0.0849067497014909 0.183261126841675 0.0513084253750143
0.175330984895516 0.0445430510045846 0.120717234472886 0.0187221032373038 0.116680690681329 0.0586350443125144 0.137152033256274 0.0988688756369535 0.229349982502639
0.064643174679464 0.213583098553193 0.141358413222192 0.084612675509236 0.122953716724454 0.0125703115300372 0.109539320256767 0.0946897310208417 0.156049558503815
0.0966248966830856 0.160900684557361 0.159883450432911 0.149797135111498 0.0184059980252698 0.220178687125664 0.0183006962375552 0.0931706878610898 0.0827377639655655
0.141983209518141 0.164480569761159 0.0442840411038523 0.136968932402283 0.146439150683842 0.035093723680652 0.132762925311936 0.00329897740981385 0.194688470128321
0.155565062420265 0.0817516181614474 0.078589163848301 0.00297250098611706 0.0981995229334543 0.139655905091925 0.150007364020599 0.128658592341896 0.164600270195996
0.0705521753266842 0.176487044465845 0.0769975035056554 0.235911625872067 0.207052452809732 0.0271371325932536 0.140590022788172 0.038766780200223 0.0265052624383673
0.0126628168074284 0.120976894495343 0.0769060205997973 0.170053591456067 0.0587412769613341 0.163545710774354 0.140463658765628 0.192561506052946 0.0640885240871021
0.135931102421015 0.16382472514809 0.0772096768747316 0.00995733255258432 0.20114949788555 0.204613094084388 0.0458050059449335 0.0530849159090526 0.108424649179654
0.0573786992658884 0.0735716444554935 0.188332365828661 0.00715208327249304 0.0527552379066392 0.0566650447523529 0.244424316346499 0.274059134990635 0.045661473181339
0.115857405787377 0.174053465901534 0.218676780022531 0.0322013345074422 0.0798581832508746 0.0459639809901871 0.115763749309825 0.0666344803680503 0.150990619862178
0.125127375013023 0.0346216670059403 0.0399216622028235 0.188127711266463 0.159625075247784 0.0839477550065096 0.168353276271047 0.0590884357008747 0.141187042285535
0.0248685065795167 0.120169477459607 0.158577491140446 0.0714964226257288 0.0583418002929691 0.162823146369402 0.0964942641298427 0.152307232036525 0.154921659365962
0.18726874983681 0.112195101889016 0.0888716105818588 0.194046510120266 0.00813981611834646 0.181436717573223 0.0493870941705541 0.00992212950385601 0.168732270206069
0.136679502829286 0.0162378390033124 0.106090019395938 0.0633671726089602 0.157526570513452 0.145151573421088 0.0472434704433509 0.218265822640798 0.109438029143814
0.0609079943446708 0.213874021811409 0.12146376524394 0.0139033093455365 0.120191435857932 0.0986068386254362 0.160749011767254 0.187232106971582 0.0230715160322387
0.0920573642815718 0.0677028108405426 0.171913211737419 0.0866820737760224 0.183502710649363 0.094666892743498 0.136464338476641 0.086292709599871 0.0807178878950706
0.0204867486129572 0.173591309421729 0.112660882171173 0.0382738304679019 0.154347804463786 0.140209626845401 0.0879870553674372 0.10110474999179 0.171337992657824
0.108913712854333 0.108073167549218 0.121597098796927 0.117498533850714 0.161787458255289 0.129144651746316 0.0886612352982982 0.101111560521146 0.063212581127759
0.238722811828772 0.140949455285118 0.0434315663196275 0.0603794455334509 0.110963775126055 0.111342615014196 0.0537977884626017 0.12735182413277 0.113060718297408
0.0598274123629948 0.185320651461856 0.152004379843825 0.0929280468690152 0.0271560480784747 0.144298396084 0.225669121501357 0.000789138606164555 0.112006805192313
0.0634873578368461 0.171607743204739 0.145012994535486 0.154980641708799 0.0164765841072912 0.0743673311957751 0.166400674275292 0.18623792128652 0.0214287518492522
0.0364872843654931 0.161180425799242 0.158715858113122 0.118237897410367 0.10120381440171 0.103396344289603 0.0301404566636715 0.130067625393003 0.160570293563789
0.0145713333170521 0.0106674631634152 0.0382032119526534 0.0771634315091408 0.114258847237481 0.13333639184458 0.16313858306559 0.288381705757364 0.160279032152723
0.118254854761937 0.141978736251857 0.053403148690486 0.130694101607432 0.110063888139053 0.157914118104877 0.142560886226868 0.0589311204158324 0.0861991458016566
0.15487008153888 0.169709564322524 0.0742897040464659 0.188453287182266 0.0548686551988832 0.160008128424292 0.0830411221931575 0.110222849480641 0.00453660761289139
0.303764787330869 0.0651353944621373 0.0926156077717816 0.0064558535301477 0.0141585289098135 0.00412258295662843 0.0226714455265029 0.386160538704204 0.104915260807916
0.156894606621438 0.0738066259829211 0.199609086949426 0.172621370780283 0.0478621827427437 0.0972075235815213 0.0250506616091944 0.124379361698824 0.102568580033648
0.0793457610165201 0.149526550045272 0.177896622134175 0.0582664996419985 0.150585856084494 0.231300353657577 0.0328973535568162 0.0841972249851836 0.0359837788779638
0.119332468300334 0.186277593394245 0.0819709156674404 0.0256388716717575 0.123585624214801 0.171798284192371 0.0755848953261139 0.0704044852594327 0.145406861973505
0.0188535023444367 0.121927274330437 0.0900373067343928 0.182953862748981 0.135138682577247 0.169618340709071 0.110849671005925 0.0963541603546364 0.0742671991948733
0.000807950649688547 0.121491490988218 0.0812873889670497 0.116772638425815 0.173265290421376 0.193367706359802 0.113871101072545 0.186525184351516 0.0126112487639899
0.198428388131459 0.169747523488005 0.112139867297414 0.130527589704682 0.102652670682795 0.0842913399455181 0.123066231965927 0.0376325742141192 0.0415138145700789
0.0850088594591655 0.10942729197689 0.117089226282716 0.0720170410816325 0.156460438410441 0.143404671115606 0.138337035308025 0.113982803525292 0.0642726328402319
0.174657608320441 0.13145918222584 0.122245931121402 0.225118936059066 0.0411336780943146 0.0301994989175261 0.0700073367362524 0.0712831040620596 0.133894724463098
0.157302115027753 0.109654801905801 0.158462386024595 0.0453791983130972 0.0255720553244336 0.139690324632872 0.0702227402354346 0.137896002406824 0.155820376129189
0.0594988262500342 0.0978675107245567 0.111423340691119 0.123296503130726 0.187262754800404 0.152346304611399 0.0723512645293418 0.0128170603851921 0.183136434877227
0.0579225429897281 0.15055259870649 0.192301501441872 0.00879256033110764 0.0220851169841709 0.217068153290037 0.174317772434328 0.0374741780973199 0.139485575724946
0.0951899387395196 0.154944090557873 0.177202716561972 0.170558638438616 0.112514568209427 0.0508581657657752 0.0165637623700441 0.0599059500645934 0.16226216929218
0.0761971531460881 0.0583456082010251 0.0362894397455243 0.206300104233045 0.0752034984494331 0.00369421904271363 0.12055419419148 0.175300297321187 0.248115485669503
0.223711189822203 0.202495899020711 0.0648453370260069 0.220269504665518 0.0603933325419398 0.0535414803960189 0.0194314372102227 0.109851684859779 0.0454601344576006
0.0776465627394623 0.151241373244695 0.10779960498516 0.000106636121972655 0.159006362227578 0.11974514317472 0.0832695833417411 0.23397784305861 0.0672068911060609
0.106634016338738 0.0335728453542075 0.174502339519883 0.188108016915171 0.090136215775275 0.116563609733597 0.0812451856315353 0.0644549163318131 0.144782854399781
0.0286894189352419 0.212873259010922 0.086401987470843 0.175126653341142 0.0217901703850643 0.051181463795652 0.048323375482792 0.168824308958692 0.206789362619651
0.0403090193370631 0.0277456899543274 0.0924930208375314 0.171851896823387 0.0165610103302242 0.218599629335062 0.0489547221990581 0.223741472232986 0.159743538950361
0.160108169141721 0.0663332216650688 0.0211206546124998 0.211795801563072 0.213836326929453 0.0599219247944259 0.24859514976784 0.0153791826811919 0.00290956884472645
0.247247037348301 0.109739070982578 0.080036419503485 0.0550342266360993 0.189810960681611 0.0723162310833261 0.230018801084637 0.00359213903621463 0.0122051136437476
0.0111185510316656 0.227572421031654 0.230151350562313 0.13040176740639 0.0339131994013723 0.176315917115331 0.0402614309642762 0.14893610967995 0.00132925280704815
0.0514763247545031 0.115078220529194 0.0938147198606415 0.115773049371512 0.161892767077673 0.163008236709181 0.0328817438979408 0.154278647748086 0.111796290051267
0.0489131417963102 0.122594460944699 0.00473823693651784 0.174846395092753 0.139397298961964 0.127773511103518 0.028731224516999 0.154473000602516 0.198532730044722
0.200397579842608 0.0914469430588332 0.0721311855077561 0.15004558401423 0.0744240640267804 0.195943691155637 0.147605706465821 0.0132265244166152 0.0547787215117197
0.0990767352735289 0.0440235124248491 0.117295462061516 0.16290010013511 0.15455243513419 0.027537373578773 0.154988384143728 0.122077505806049 0.117548491442256
0.161582927755899 0.0347973307969692 0.132493686286593 0.1490162100207 0.0896520826683272 0.165890360251466 0.0703930867070344 0.125746714765425 0.0704276007475856
0.0595419325330889 0.0186228137526735 0.0781888164873035 0.136000682991915 0.0729193035579482 0.221023509299275 0.0786705162578322 0.200447183758596 0.134585241361368
0.130898967287102 0.177697528352882 0.0419406547555505 0.104416007821105 0.0187365149644926 0.115349045546546 0.143971388535085 0.135565798350045 0.131424094387192
0.0825882217982001 0.00480276103743496 0.258260216607962 0.102611519425296 0.0729092340942843 0.065818046234396 0.239640558854885 0.142576367136058 0.0307930748114833
0.216416545455312 0.222706904568924 0.166779267661607 0.110974708090989 0.0131678718476145 0.0286134897302454 0.0573827586658382 0.02242261690112 0.161535837078351
0.0887359665044429 0.0715285914210862 0.027908162918093 0.157972832998239 0.0752571531636067 0.114944469313467 0.150532042699044 0.204828030623716 0.108292750358305
0.00669785714521778 0.2372604590302 0.19417711006222 0.0869948357347174 0.0368756907028497 0.106172973091654 0.196030929300303 0.096313055201284 0.0394770897315543
0.111669989299388 0.0811585500588721 0.117775820502746 0.0808031939780899 0.107816335681833 0.0472976153662349 0.101183511705947 0.170011989658787 0.182282993748103
0.083088700884065 0.0820888843769203 0.118239640590444 0.172787837832523 0.0793373058441206 0.0270882636078328 0.170805238906005 0.09609651370034 0.17046761425775
0.151916449740011 0.0617094575455306 0.0950310066162185 0.066278094552944 0.151429657353547 0.0348306488667517 0.145805984756607 0.137211317680771 0.155787382887619
0.111733647948072 0.0646238829260981 0.0784798410498096 0.1590349678888 0.149457744621721 0.0494233085723675 0.164830079896885 0.0958142739747643 0.126602253121483
0.0576677111656335 0.0617711787217995 0.144108509802861 0.173749294012638 0.170679943517884 0.170523136289585 0.0264001379962562 0.0185810720545252 0.176519016438818
0.0483716851753371 0.16819013356792 0.133831137613753 0.19000145096053 0.0734039330498577 0.0429612723469737 0.148778549066919 0.163831768642467 0.0306300695762435
0.143278788014123 0.183950114457484 0.069675057598515 0.116798517137247 0.0715810866925818 0.0289264737609853 0.195832101771349 0.176779248748943 0.0131786118187719
0.142763252178468 0.218515404349928 0.106528323491481 0.0508028332784997 0.214911452341058 0.00382537844191101 0.151864952451084 0.0579952522736289 0.0527931511939411
0.110983144786179 0.0124592355008107 0.155144534471175 0.142317331654078 0.0820272481752476 0.173469984105506 0.123827262766266 0.0294085601704358 0.170362698370302
