0.0180917066116205 0.354313463431697 0.243889307703209 0.259596239830782 0.124109282422691
0.203493904245865 0.228215955669775 0.316696626962212 0.0105715262423849 0.241021986879763
0.170313966788799 0.305002324728278 0.447011034426791 0.0472409678982448 0.0304317061578868
0.228259177036617 0.225848316219984 0.0960423697618952 0.233409192508204 0.216440944473301
0.268710061173922 0.171499877319471 0.0724381359695229 0.0844760206540736 0.40287590488301
0.0430912986830909 0.277095031321651 0.27039329402643 0.131454295144891 0.277966080823937
0.290832216973457 0.0540561049379092 0.506527201866209 0.00098450869228286 0.147599967530141
0.190040961168177 0.0765607592171018 0.321272055061594 0.297271654265387 0.11485457028774
0.121848387921936 0.149318616096031 0.310093257230865 0.178140119431259 0.240599619319909
0.243123613033765 0.25227627062758 0.263518658612902 0.000445743902940905 0.240635713822811
0.0321933238926067 0.368041269408334 0.199530972823682 0.00831489051462765 0.39191954336075
0.0106581308319877 0.351542369428652 0.294250344605903 0.32962776230715 0.0139213928263077
0.142835074572455 0.328630347326193 0.316743236676155 0.180784021670118 0.0310073197550792
0.124481332435031 0.0135667392302018 0.30085226451399 0.19292504555227 0.368174618268508
0.0542490598668245 0.230646038339305 0.224894541336525 0.271179806911098 0.219030553546248
0.220722741560402 0.222418445291785 0.197234251248256 0.148847772563498 0.210776789336058
0.381744372863938 0.253151312478446 0.158290024487883 0.109748640887565 0.0970656492821696
0.0322627932165206 0.11359216925875 0.469820896515718 0.138087040026864 0.246237100982147
0.0772405362518048 0.254512638785596 0.376314942957839 0.100575126759305 0.191356755245456
0.0260343292181818 0.498430216180731 0.366346487292124 0.0256240455527514 0.0835649217562117
0.430187547713626 0.314308629488227 0.151148608149244 0.0491649302466635 0.0551902844022392
0.0166676529666032 0.0395168237499101 0.375860023970053 0.0490810720139294 0.518874427299504
0.254107679008232 0.27964890965646 0.130766626856054 0.070374455985748 0.265102328493506
0.138262962332814 0.219332581983677 0.323164545941126 0.209014868400733 0.110225041341651
0.0835588832268577 0.286672738507568 0.0587497887716212 0.285638239041484 0.285380350452469
0.326152050590353 0.299083822408853 0.183244028691202 0.0858977293646232 0.105622368944969
0.00977289652123369 0.00356833211356537 0.41603224192044 0.176546524337853 0.394080005106908
0.100850113249075 0.409557213192014 0.00495707870550101 0.168262911131466 0.316372683721944
0.185555103153841 0.161401363080909 0.276133848130793 0.354759622421322 0.022150063213135
0.264419754876928 0.201819651578898 0.0867834831370113 0.217817308860502 0.229159801546661
0.0319726751921518 0.285535685649531 0.277392696126988 0.0919152577105693 0.313183685320759
0.290077341380114 0.31647166420706 0.162323625719656 0.18707069667383 0.0440566720193389
0.191408468441767 0.419350030817917 0.171647400564064 0.0795691607621753 0.138024939414076
0.242299318488729 0.0534770090331157 0.0911817743964422 0.295644366189174 0.317397531892539
0.136567410772793 0.263022870779785 0.237597396015855 0.148078749916708 0.21473357251486
0.109376329551391 0.348002610667209 0.392583448735464 0.0913361896713906 0.0587014213745456
0.14128850108259 0.0546162609911743 0.237440654068642 0.283388648891169 0.283265934966424
0.00772690829250156 0.321237676922304 0.236584391380803 0.0277255309325147 0.406725492471877
0.232662186279241 0.17673596976425 0.199654975474886 0.0396784958436731 0.351268372637951
0.0574989660430655 0.317042312281616 0.320891980480615 0.157834377403823 0.14673236379088
0.242122363082941 0.251600969343428 0.0843802888668073 0.186003555880678 0.235892822826146
0.390654964319266 0.344512425115272 0.141656191823708 0.0989499414649976 0.0242264772767563
0.322795580746258 0.305375359826761 0.117473370142819 0.246975912099765 0.00737977718439747
0.0836851928257593 0.288272202928419 0.283654716950286 0.215998347736547 0.128389539558988
0.228394565515272 0.0201517602895882 0.317804226661594 0.351410457645095 0.0822389898884509
0.27802172965981 0.0152045356240321 0.297183578443421 0.397287593527244 0.0123025627454937
0.168361089910021 0.0963885511414108 0.21630940546853 0.255556321991687 0.263384631488351
0.100842041188055 0.222227403850542 0.323687705024696 0.0334964131086059 0.319746436828101
0.0103641360257953 0.201650997176868 0.41120802855758 0.259221136575236 0.11755570166452
0.215923254450493 0.409961904710692 0.0716230789949554 0.0181654122518665 0.284326349591993
0.0969631919131243 0.318143160748954 0.200468684765436 0.26056200604999 0.123862956522496
0.0800115238199143 0.250624530287708 0.271166057417879 0.123562278417428 0.274635610057071
0.0614004504078157 0.209675575004121 0.241027270328802 0.256162065169969 0.231734639089292
0.13399339116855 0.32501445573363 0.183078785900551 0.315749611810716 0.0421637553865525
0.405690512927413 0.287524925238434 0.0189978749834607 0.124608997053942 0.163177689796751
0.0820496768478001 0.137254035648067 0.0252958907004709 0.519373798142388 0.236026598661275
0.266855886174258 0.264358588586842 0.184640122313801 0.206874811829582 0.0772705910955173
0.280861542159988 0.0842924887924472 0.214188241125239 0.145445586055147 0.275212141867178
0.293979729219551 0.225471956067608 0.289121054889142 0.0644890870419679 0.126938172781731
0.242663133373321 0.206231190108298 0.193554754259959 0.324641254149052 0.0329096681093699
0.0222540705977114 0.228515747599151 0.388431791395255 0.00273378899293303 0.35806460141495
0.369701057634709 0.350036864843578 0.0326467149721913 0.241171516817204 0.00644384573231787
0.278239300121224 0.141544258326332 0.103909500500916 0.367223609353615 0.109083331697914
0.214106113733433 0.00203700191906584 0.366273881148562 0.346509103149367 0.0710739000495713
0.167861665753959 0.231264256025236 0.162678067264119 0.0138566872044594 0.424339323752227
0.00756749012027354 0.305019848767286 0.051290858573092 0.439498671721772 0.196623130817576
0.308320475592821 0.1624030920353 0.0862754140935881 0.301382171596213 0.141618846682078
0.346710372595478 0.241894381169459 0.061338293827533 0.348578491145759 0.00147846126177023
0.168004110328172 0.375280925722523 0.239585119192508 0.0714158767855706 0.145713967971226
0.0321909605064786 0.307148349698337 0.315310672207941 0.0208901822508466 0.324459835336396
0.385136445008708 0.131856427629171 0.000441049030002942 0.360542747721929 0.122023330610189
0.117250695115362 0.190428928307461 0.336037052343515 0.0878739521854489 0.268409372048213
0.107415394446472 0.153451730130378 0.277744008296516 0.221073345972499 0.240315521154135
0.281953543470323 0.252395911227443 0.323489011425828 0.0529504882563553 0.0892110456200508
0.282391522056789 0.216602453886402 0.112915238662373 0.387900861865606 0.000189923528831302
0.322274347694266 0.067735059841356 0.0056613154871204 0.189616864005246 0.414712412972011
0.0614387119553682 0.371029721767449 0.0246854312335271 0.476991050216867 0.0658550848267893
0.17330492441355 0.132506017314247 0.0619476110206817 0.38253668181204 0.249704765439481
0.122640681700331 0.0213561941447659 0.580231415169139 0.201188433411043 0.0745832755747212
0.219151650187968 0.238871074902571 0.222056077081803 0.05072743605634 0.269193761771318
0.181248127857386 0.21788063437211 0.149657402379638 0.151653918673766 0.299559916717099
0.434653392809166 0.0526602142783838 0.110143494572593 0.0305903596116515 0.371952538728205
0.180059710598319 0.333821140871 0.12615566440431 0.21944339556217 0.140520088564201
0.0310937098227911 0.288874302392259 0.30604311231626 0.175110234807554 0.198878640661136
0.0582922744037446 0.216079076148311 0.147455344382842 0.233426642646473 0.34474666241863
0.22042845853611 0.257188582703824 0.147970787217148 0.268365162760509 0.106047008782409
0.0201027381113074 0.429745457185449 0.459016969976126 0.0374997273808913 0.053635107346227
0.320292707471867 0.30342034670768 0.144122356251592 0.0795591809858819 0.15260540858298
0.215751261572709 0.370689405046975 0.0689124211949567 0.0229268162891273 0.321720095896231
0.0394974924637809 0.2902181679289 0.360185765534231 0.129911747848743 0.180186826224346
0.254999561241479 0.295844063622083 0.0470772677784759 0.0722449465723292 0.329834160785632
0.0185735539159388 0.491951093190645 0.0654721561195212 0.0511007851636252 0.37290241161027
0.025800226395131 0.0277485057587629 0.33226101818028 0.26225464196021 0.351935607705616
0.134978359825723 0.199649116315323 0.12471892731324 0.43358561289529 0.107067983650424
0.292212200874147 0.208104929365963 0.211552263845196 0.233035854067148 0.0550947518475458
0.0373312916466082 0.34432714946495 0.038400331234717 0.31684511410578 0.263096113547944
0.0474096010399658 0.28185043810045 0.016592977178993 0.15299012843445 0.501156855246142
0.170292643825784 0.0264359999644057 0.349502107833639 0.290771479027022 0.162997769349149
0.24123342128679 0.0326993032133581 0.257626618690083 0.161134728244454 0.307305928565316
0.28831378231087 0.230775222354555 0.0324146398774523 0.163077517589695 0.285418837867427
0.297951429896046 0.271676969146245 0.180911779054096 0.249087071804304 0.000372750099308262
0.345855755446615 0.0240278705492793 0.22933629109116 0.267596669739277 0.133183413173668
0.265586191467552 0.278104357102301 0.160118362961878 0.179293848769856 0.116897239698412
0.036532788624448 0.238634544342931 0.305041468684706 0.189353114584116 0.230438083763799
0.329105943421327 0.233986772896354 0.0374886337444731 0.146822461231039 0.252596188706808
0.1735789369869 0.135345021910519 0.214228290008312 0.200157490558177 0.276690260536092
0.276342765355923 0.260424871804209 0.204657914244013 0.153224166376409 0.105350282219447
0.328354481639627 0.256666863633775 0.127474594580783 0.286965769538259 0.000538290607556765
0.130905893532358 0.0949395904362857 0.197082431836805 0.24775270011715 0.329319384077401
0.196617327878515 0.245427537434444 0.350519230551374 0.0293427524766292 0.178093151659038
0.0101659573634017 0.263037417683838 0.251274145548497 0.248537440135911 0.226985039268353
0.162978484072761 0.331725139920117 0.330330879780016 0.029480283213696 0.145485213013411
0.00690224514315023 0.134812113755082 0.268310764892145 0.319801909720393 0.270172966489229
0.376145595122729 0.0717831853031369 0.164912752407712 0.35522430346395 0.0319341637024723
0.191379678088561 0.206737436288771 0.0598441629643676 0.144777578980402 0.397261143677897
0.207864080399301 0.263351216845121 0.186532752939622 0.293699498307534 0.0485524515084227
0.169813949786788 0.0617923637471665 0.299338066920834 0.169675976268978 0.299379643276234
0.196174325714111 0.174569397580329 0.227816959789773 0.161605898701513 0.239833418214274
0.283489010302392 0.143150680862916 0.23660590806242 0.077249688895558 0.259504711876714
0.114664688279385 0.368553365693205 0.260405326924565 0.154597193504662 0.101779425598183
0.275767756714539 0.0493783484598346 0.320294299046809 0.138870003681012 0.215689592097806
0.00639843650861577 0.474504439418833 0.277491651821168 0.0240490095426793 0.217556462708704
0.160193715301815 0.196506858520483 0.308563438812379 0.0554908299304369 0.279245157434886
0.0149072569711292 0.00277235271530342 0.289486880941324 0.496031384050582 0.196802125321662
0.198216060498394 0.0383826423108134 0.253155077851466 0.3833474879271 0.126898731412226
0.187808051683476 0.113047796673262 0.167949158765737 0.273178586192846 0.258016406684679
0.25320988588707 0.0984516089770527 0.350914419549299 0.187455591938282 0.109968493648297
0.266031892074632 0.285319025002396 0.275452332843366 0.0332282090498768 0.13996854102973
0.21564155721775 0.00642591732958835 0.19931978490397 0.22475369636925 0.353859044179442
0.124487396870061 0.2878256407666 0.200577096532803 0.267860093312816 0.119249772517721
0.191370441726493 0.338008207641897 0.0232764411204696 0.230055167620345 0.217289741890795
0.276918463252223 0.0136032241164767 0.360521705534592 0.0320030079811121 0.316953599115597
0.155508473616718 0.165993425209237 0.198518771371665 0.232429330711898 0.247549999090481
0.411601214528094 0.109048011260058 0.0149974695416093 0.139214481779338 0.3251388228909
0.204577195790512 0.0946950331674881 0.152171698845067 0.286079583299903 0.262476488897029
0.216650887318628 0.0028319165578709 0.379965121225139 0.146751686315642 0.253800388582719
0.23938365016182 0.178618388857885 0.0912020114550769 0.257812293960024 0.232983655565194
0.163226273973857 0.242412339623795 0.257070634910318 0.217327013671026 0.119963737821003
0.152116675401274 0.00208001854354008 0.37027614764433 0.452619662286469 0.0229074961243873
0.150908173161992 0.282575705003305 0.0986909151740162 0.320679171622924 0.147146035037763
0.112635249688385 0.195085387223723 0.264253917969217 0.296333189419137 0.131692255699538
0.1177954543519 0.0891082461396095 0.239434775971648 0.26407831993647 0.289583203600373
0.0235297404751576 0.0718969093116573 0.251222448752848 0.147198153629237 0.506152747831101
0.52269905718557 0.187602796672923 0.0702325299016374 0.0134607612476049 0.206004854992265
0.206242521538108 0.182441173778182 0.206189447475565 0.169967903262322 0.235158953945823
0.288005912115989 0.0814043024127188 0.0868967079689465 0.245022408940732 0.298670668561614
0.408838328807129 0.252805035315884 0.155961497641889 0.0802233724834464 0.102171765751652
0.0780163460678537 0.0460244087900135 0.396983100572788 0.0457187013060293 0.433257443263316
0.186532364092476 0.130271804731842 0.270913819260549 0.361080921245432 0.0512010906697009
0.17087518461492 0.311295007778912 0.263245525462356 0.214406703712277 0.0401775784315344
0.165404228914643 0.209598948089728 0.326921217783361 0.0607748928666586 0.23730071234561
0.251124632741114 0.172971203710394 0.188640418625794 0.287683152758991 0.0995805921637077
0.233162964725193 0.384739150916139 0.147379192373107 0.205468835576666 0.0292498564088943
0.312917926718502 0.291483960918396 0.24006707407701 0.00649910882921639 0.149031929456876
0.21145996475333 0.0587792382679163 0.338389758035852 0.247753756186589 0.143617282756312
0.160899281688695 0.370154805864705 0.18477050933921 0.105357218969824 0.178818184137567
0.476547268948453 0.0380097109890196 0.0363556005147102 0.0520498754392515 0.397037544108566
0.320333801969289 0.100537939831177 0.0533083012604954 0.0872703760465344 0.438549580892504
0.0166564065906056 0.261240668630862 0.371479299463407 0.134704223487656 0.215919401827468
0.48731920142905 0.143453074457962 0.0389929406868118 0.0116371578195428 0.318597625606633
0.166778566485326 0.240128200781723 0.0640946719619499 0.265331029578514 0.263667531192487
0.131975392561307 0.155249177739475 0.368398253453815 0.102242536811017 0.242134639434386
0.00923793709355651 0.251011583982507 0.372283177522376 0.261748916325302 0.105718385076259
0.245950333548635 0.0128057539421418 0.230878504923496 0.180730432249901 0.329634975335827
0.181187415633861 0.229295048007031 0.153081964703676 0.297469157657856 0.138966413997574
0.203485848088833 0.0426517689345792 0.330781019318396 0.367212668424415 0.0558686952337767
0.136520221785192 0.20420197994079 0.304758366780083 0.0830999023528834 0.271419529141052
0.322613017781752 0.109646807577088 0.108926762982635 0.312505066992155 0.14630834466637
0.32519065530162 0.341094799426364 0.205622408258471 0.0970676816505321 0.0310244553630133
0.377313415339029 0.0176256052496693 0.303578984308044 0.0415529628271959 0.259929032276062
0.454732919702199 0.168192963514619 0.210367536583024 0.0297555913167115 0.136950988883446
0.311596177316327 0.08659247190672 0.2304861657689 0.0704343633673631 0.30089082164069
0.257400307113113 0.232794381452674 0.218688280049124 0.249723919985932 0.0413931113991562
0.282834828140196 0.196059687728796 0.230532525853612 0.0543248331083194 0.236248125169076
0.194729388719055 0.192881625198051 0.284936683732853 0.0115217163109045 0.315930586039136
0.297548670532658 0.126862654696737 0.229779962559407 0.158645355993364 0.187163356217834
0.388774677155462 0.131114989562503 0.219210487732629 0.223089671900145 0.0378101736492617
0.215601878645512 0.151138508136522 0.325779654753446 0.263231708160091 0.0442482503044288
0.149096316543467 0.263360708688448 0.277469457546285 0.0681581280743041 0.241915389147497
0.340305341246025 0.265868027022583 0.180714603136724 0.0619902908697046 0.151121737724963
0.0979035500805305 0.0179712831703695 0.360633028444874 0.368594331922092 0.154897806382134
0.114784498998679 0.0415530650494147 0.368601574010307 0.363220267724521 0.111840594217078
0.25892258756697 0.242462469425811 0.179255022104261 0.254772022834846 0.0645878980681115
0.173607871468665 0.316693482559297 0.371782252750165 0.12025300392884 0.0176633892930332
0.108212819970092 0.156733103999836 0.394176131778964 0.0255442161777477 0.315333728073361
0.0828144783731506 0.341003802957588 0.284370276003797 0.232402277546226 0.0594091651192385
0.00890069534192125 0.448083443802641 0.226596692971366 0.0102896237442946 0.306129544139778
0.366156961132488 0.217301741282436 0.0131466190752671 0.176054962848684 0.227339715661125
0.272808198980488 0.251273991666631 0.0768989152053247 0.0298873963760012 0.369131497771555
0.283959427989834 0.113025618738049 0.369572992109251 0.0632729180224063 0.17016904314046
0.272344230523476 0.228571656993989 0.115797277850493 0.280640680982068 0.102646153649974
0.0103524880640713 0.237479134910664 0.28146618012234 0.138560424039832 0.332141772863093
0.21864836631872 0.339767373486501 0.161395612831536 0.207651392490193 0.0725372548730511
0.117882948574341 0.51012130534378 0.0791982659098213 0.2434363430629 0.0493611371091578
0.0220145961732876 0.274801375495656 0.290936249495314 0.355832327056414 0.0564154517793285
0.125579792373232 0.284811727526565 0.00663187220132458 0.297825437969227 0.285151169929652
0.244525850167584 0.350837151780118 0.0780543193517367 0.216003835191669 0.110578843508892
0.0764802400321482 0.435743281339747 0.340666742146602 0.0417399425778108 0.105369793903691
0.245783974930431 0.179820390256263 0.106185353936793 0.254600135979886 0.213610144896627
0.238784269061037 0.242473483280348 0.239360872545928 0.252316126252592 0.0270652488600957
0.0762137543124662 0.30355356106959 0.179718301099566 0.310232565453411 0.130281818064966
0.192012705383368 0.00128814156365902 0.239754611620059 0.334726554865742 0.232217986567172
0.320037695742346 0.0641113572670105 0.426339872204636 0.145965485615687 0.0435455891703209
0.0153203085106898 0.313164727420026 0.0774760747397606 0.346127111623947 0.247911777705576
0.344037979418708 0.228963779302966 0.197269630620514 0.102017942129206 0.127710668528607
0.211182202117741 0.243907611302241 0.0874223411025528 0.12353028928923 0.333957556188235
0.21073419712778 0.262654348564675 0.0647554797546887 0.221981797533879 0.239874177018977
0.224175717507789 0.177030862695974 0.163921118194002 0.285136993534047 0.149735308068189
0.263382012275942 0.147033352029478 0.279789566498049 0.22943698116221 0.0803580880343214
0.346328347840271 0.231652740040381 0.225392456874588 0.173883013139776 0.0227434421049843
0.0199388968263249 0.0528210865213105 0.17588846748768 0.229056493488069 0.522295055676616
0.303627047804361 0.238582799344861 0.183969772272375 0.000946766233716602 0.272873614344687
0.249411379864746 0.158073214043493 0.0370418181587082 0.20546485747536 0.350008730457693
0.0718048716108466 0.298315292511881 0.185073932822857 0.287033177811655 0.15777272524276
0.44279334426569 0.428368972978407 0.0413056478083176 0.0808706852327706 0.00666134971481509
0.192855785639494 0.150345512592739 0.359511770845956 0.279322396093716 0.0179645348280945
0.178327488855585 0.0456325078917536 0.340718787945917 0.10997869102293 0.325342524283815
0.174255752326018 0.219130555064869 0.246324926014252 0.0771610429239073 0.283127723670954
0.141937712427368 0.0978080714170767 0.350133326196337 0.242641741768863 0.167479148190356
0.0806319367793767 0.282461897480898 0.0243385798312211 0.273411181687505 0.339156404220999
0.0876529014685382 0.295274002966256 0.160969649155628 0.0105755956221428 0.445527850787435
0.212190527308214 0.224295698896289 0.218636065756743 0.232386484215739 0.112491223823016
0.406439937846843 0.127486489790063 0.202831327741613 0.203751355835262 0.0594908887862193
0.126683779123836 0.135250521053462 0.127330429389346 0.248275531819562 0.362459738613794
0.375191523683583 0.259517881770982 0.304644260301726 0.00966370784897554 0.0509826263947324
0.196952931086334 0.00377622706639989 0.448558453022869 0.0952451512807729 0.255467237543625
0.198228890792889 0.317017174832442 0.410383174125283 0.0600328748187301 0.0143378854306554
0.025046961942315 0.348060040613071 0.294935525539457 0.327623965807301 0.00433350609785637
0.00422547183124467 0.269216703086226 0.238179532447006 0.159026005076731 0.329352287558792
0.201144855632279 0.172297249403546 0.243858326221209 0.137286722559334 0.245412846183632
0.341897553954658 0.210664596503814 0.172234350178419 0.130182383723834 0.145021115639275
0.253179768762729 0.0603764765749274 0.410122554011483 0.244046931433406 0.0322742692174552
0.125856445971388 0.139603695128236 0.28819113317841 0.180707949963988 0.265640775757978
0.112826903511304 0.0882727232887393 0.272725231759688 0.103979832853419 0.422195308586849
0.260495415905826 0.00514732135317281 0.205153939946739 0.271508486952409 0.257694835841853
0.198805443348385 0.0752180694480996 0.310299134512416 0.12028091067508 0.295396442016019
0.318655887054468 0.192925301745348 0.176160622729185 0.235765567289457 0.0764926211815416
0.242818646860615 0.236859834117862 0.12100731071776 0.146948824459069 0.252365383844694
0.314908827971275 0.0144222809224096 0.143403927113968 0.40082055356282 0.126444410429527
0.525888157403003 0.0974492912807063 0.11551268524437 0.172323942970702 0.0888259231012187
0.511634798893768 0.0445553241297355 0.0254724833669206 0.161990920364155 0.256346473245421
0.14287610194655 0.244024097622226 0.0624239121343074 0.263337545831197 0.287338342465719
0.32750862109453 0.344897403535126 0.0340534628666792 0.0758473965069902 0.217693115996675
0.0357188983325226 0.0421564663965801 0.397854962254702 0.112419990135926 0.411849682880269
0.045224048461244 0.0624696640892099 0.476866811416058 0.160235440899128 0.25520403513436
0.246496329930526 0.287375917560236 0.0710021861631537 0.056928181157851 0.338197385188233
0.114465533648715 0.295586231438566 0.160640467502376 0.281319858982237 0.147987908428105
0.154236845019423 0.0512828487909171 0.107535186996412 0.24895823339299 0.437986885800258
0.202008801867857 0.158985923489013 0.0597078104450546 0.0487921443272083 0.530505319870867
0.214077662934217 0.306807839134522 0.0853701800690631 0.124378592476882 0.269365725385316
0.327121279754782 0.149545523472955 0.286749844125896 0.216701856050267 0.0198814965960995
0.03260622978754 0.280904987250717 0.219708429542707 0.226662673435001 0.240117679984036
0.203185900492332 0.187519913083564 0.198851413827924 0.178091069791047 0.232351702805132
0.159954960684584 0.28840361194974 0.275794390914226 0.0178959564802453 0.257951079971205
0.0565047121656785 0.544477054090409 0.0152778752666985 0.202920854660358 0.180819503816856
0.342593492847382 0.201503105482005 0.146773214450961 0.0899377225097071 0.219192464709944
0.270761823396996 0.313106799537864 0.00311545496980407 0.0455795672517988 0.367436354843537
0.327005773412303 0.0268472442868999 0.273333148257356 0.324288443711303 0.0485253903321377
0.283750299164474 0.210934015602331 0.138344291619609 0.191152974664892 0.175818418948695
0.0507966862889276 0.373994113846832 0.333914739106668 0.0343509435992974 0.206943517158275
0.157621641910961 0.15858200958719 0.320019740814519 0.162098406941493 0.201678200745837
0.217190388984499 0.329200583925046 0.154629567016332 0.00296605111586445 0.296013408958258
0.159156559940284 0.106727565702125 0.177439838578679 0.305323340797996 0.251352694980916
0.122832035756529 0.211967361380761 0.21947595954 0.289215088925008 0.156509554397702
0.359078482736968 0.169315700715213 0.0723275170936523 0.347811495091849 0.0514668043623177
0.259221185621694 0.351296225790127 0.0211095038270892 0.0961524594007316 0.272220625360358
0.207284015173656 0.182919207888542 0.23415201453505 0.179875452324344 0.195769310078409
0.161761597000076 0.384799750227282 0.0455210564318714 0.091273364034905 0.316644232305866
0.27312436063357 0.317857096822066 0.241215981655824 0.125617621984571 0.0421849389039687
0.140926179720681 0.159072525345092 0.0931678849475412 0.261903590108012 0.344929819878674
0.296264775114504 0.0338785002851399 0.0603037224435237 0.500349989634919 0.109203012521914
0.105509036096543 0.246378812823062 0.283474031067363 0.126713564282037 0.237924555730995
0.160466221632143 0.234802111200444 0.122648426927399 0.42889247763774 0.0531907626022733
0.168748956177583 0.00178992307953258 0.2793736351397 0.156250084930983 0.393837400672202
0.196114335271019 0.245608948392074 0.291083989851002 0.0754639922656302 0.191728734220274
0.108288752435396 0.445024650084726 0.290619687021962 0.0347512333042319 0.121315677153683
0.0679761578061975 0.427686260400032 0.170309560412675 0.260010481655667 0.0740175397254284
0.214629665901807 0.284881970452181 0.228009091449918 0.0296527827930562 0.242826489403037
0.115049490991344 0.0837066786887949 0.25011560595347 0.0211291185626514 0.52999910580374
0.101857925112796 0.0204680434799641 0.222845703004319 0.605901976183659 0.0489263522192609
0.300620623406803 0.0695664055132857 0.108940665587759 0.200440308217259 0.320431997274892
0.293677798860985 0.123197735097089 0.211689160383515 0.133725972914514 0.237709332743897
0.287164815004833 0.236230391558858 0.139281848909872 0.221276772630837 0.116046171895601
0.116078719762834 0.421162627329014 0.227697353285606 0.179339553495355 0.0557217461271918
0.178979015942306 0.241939963728923 0.277704280748708 0.276877114353009 0.0244996252270536
0.190944061723354 0.187792268288119 0.0340967759542136 0.155477474689373 0.43168941934494
0.227475923252166 0.297882529339415 0.034360783288455 0.00300312695933298 0.437277637160631
0.0332167083823711 0.202736141238569 0.337496201100667 0.108345336217877 0.318205613060516
0.285837672485407 0.345999209635467 0.22983986172548 0.122810653972524 0.0155126021811213
0.258039008457038 0.165201551432647 0.130549439608084 0.188965869732083 0.257244130770149
0.179668951741009 0.0736012226407629 0.349160675722842 0.220067807535461 0.177501342359925
0.303046367407047 0.0567691265609787 0.0955976043734337 0.193807369724784 0.350779531933757
0.16907363792743 0.143765334612024 0.254412995522961 0.239579169883721 0.193168862053864
0.195951826016411 0.0894567844505965 0.438992512256707 0.171519204142624 0.104079673133661
0.0315120494006486 0.222688545131023 0.232899086468593 0.103895871935779 0.409004447063957
0.102200320238443 0.304900682850077 0.10515168354553 0.239956893996885 0.247790419369064
0.139577391646323 0.318293394467517 0.114501733813893 0.0849730408923578 0.34265443917991
0.33123097146794 0.147090641978166 0.343196253442807 0.0526590653322216 0.125823067778865
0.197822130197325 0.193821137269095 0.215544284551136 0.165899535357036 0.226912912625409
0.0675119731039571 0.0416983098587734 0.546831153911544 0.252653490590819 0.0913050725349061
0.235437629788245 0.182967660172934 0.0650514999178015 0.265912477702951 0.250630732418068
0.0842973751267279 0.334784168272547 0.209275114113357 0.149343406799736 0.222299935687633
0.162006265832945 0.480780113460943 0.146701604854634 0.20258761789297 0.00792439795850922
0.160098445282484 0.247385295913703 0.20065987478991 0.155584459383177 0.236271924630726
0.287798133547648 0.279738807747682 0.37557624637611 0.0233043380694908 0.0335824742590694
0.149139158254916 0.215893220018107 0.243861235830499 0.120977185537328 0.27012920035915
0.286808937586222 0.302906767136248 0.0238273232836986 0.311057168553405 0.0753998034404263
0.245138466355663 0.35809323415323 0.116949812873311 0.235550238540459 0.0442682480773366
0.0869822492635909 0.257858465375521 0.360814535412932 0.0819511964558149 0.212393553492141
0.0148218445212344 0.397131052983679 0.399640179492871 0.111012907259954 0.0773940157422618
0.137608167503047 0.320187866011458 0.29847522047502 0.107746217172916 0.135982528837558
0.0962460178984327 0.218010354940575 0.125799472173434 0.294881815747265 0.265062339240293
0.223721834608528 0.226920802141269 0.132885784617587 0.253347850972943 0.163123727659673
0.202506739794418 0.165704598274011 0.0841445273954732 0.20668819115103 0.340955943385067
0.277784241497603 0.269760073109928 0.177518154087681 0.202231244432135 0.0727062868726539
0.0682600830484145 0.330079381607982 0.0289867429995876 0.335637984246023 0.237035808097992
0.467565047829803 0.314594139309905 0.0432777902470075 0.0433367049816248 0.13122631763166
0.144153067215824 0.078518703304126 0.163678196026186 0.271167038502863 0.342482994951001
0.264975452328767 0.0857497520680658 0.263037392179523 0.280333440435454 0.10590396298819
0.289944714131838 0.342662914596074 0.141026580358288 0.0291547616321069 0.197211029281693
0.384740825889683 0.376160088234137 0.0151334818391875 0.148577272103881 0.0753883319331114
0.0531261921885976 0.130733814198378 0.198454281024973 0.301065248288598 0.316620464299454
0.277399542728552 0.0426093132982861 0.2918252960138 0.161008044931024 0.227157803028339
0.231056240072674 0.241766883715327 0.268910733174443 0.198623536101584 0.0596426069359724
0.350760787229878 0.158177823552301 0.193705707680428 0.00403974531591852 0.293315936221474
0.0496827549442472 0.244995238208933 0.0366168486121322 0.321096319685514 0.347608838549174
0.216429374843815 0.20469164197778 0.173687333855675 0.130436216369274 0.274755432953455
0.204008008697652 0.229984024269755 0.0456544414903129 0.256443257669888 0.263910267872392
0.213727253150915 0.231007101022598 0.0876555463363617 0.202560395479528 0.265049704010597
0.0140694653891504 0.134019857819418 0.432644012012851 0.256243950686172 0.163022714092408
0.161088941671244 0.356891852051185 0.0885746418516442 0.231963106722837 0.16148145770309
0.0296653371758324 0.343207628430173 0.101980824910509 0.386619051609801 0.138527157873684
0.289747296242871 0.0446663962674093 0.201710250267376 0.00116780718437933 0.462708250037965
0.0799626879579503 0.302848842905301 0.188169241275453 0.299892035219975 0.129127192641321
0.213476757188001 0.102192255218284 0.21959622265676 0.173088806451331 0.291645958485624
0.401458251803147 0.021523946385816 0.0770897269345866 0.362424107928914 0.137503966947535
0.214449242890302 0.216588320720133 0.174910343131862 0.254526602217801 0.139525491039902
0.297210329325816 0.215031338235805 0.0546475539537373 0.306090849391346 0.127019929093295
0.054564688938494 0.333899301098291 0.106774717259057 0.240350402781699 0.264410889922459
0.10911279676561 0.186482767080174 0.185810327074801 0.23855962252487 0.280034486554546
0.116505557856714 0.302490981160985 0.222027189812159 0.231580340846137 0.127395930324006
0.248418165752486 0.353784521680701 0.0551249366724408 0.242643030922346 0.100029344972026
0.256780331833162 0.00116484994078258 0.255009110640151 0.221630243710797 0.265415463875108
0.0791988074665336 0.28736556910415 0.121798078306368 0.0619386811902455 0.449698863932703
0.211113034206155 0.147351680959625 0.257105848318011 0.264410642132062 0.120018794384146
0.119302929215369 0.0622786530159135 0.24595992189059 0.350835610419476 0.221622885458651
0.156487859706944 0.396142955025047 0.316843745759755 0.0629833780480834 0.0675420614601704
0.0724068974383395 0.143327879744268 0.388854422773526 0.0406407195856918 0.354770080458175
0.15069975835926 0.355926676597174 0.122470017648158 0.158446128189 0.212457419206408
0.0957922690167745 0.249393541664226 0.0319014236191356 0.285518662744319 0.337394102955544
0.150514318725451 0.299931285775896 0.172256048344866 0.308732096201974 0.0685662509518137
0.00393636855912054 0.187361258802357 0.397663054636234 0.121264598142762 0.289774719859527
0.0917468202507748 0.11839272839807 0.0124826442832149 0.421912626367598 0.355465180700342
0.0745673075572695 0.156727616286483 0.255514549194714 0.137287352950565 0.375903174010969
0.0934758784532891 0.244215858888377 0.371048030612006 0.130063371016372 0.161196861029955
0.183130605198131 0.157718196164556 0.194145173991619 0.287867175180276 0.177138849465417
0.12512016892315 0.337975956451657 0.202816342272698 0.221096534810003 0.112990997542493
0.259126520949278 0.145682146277064 0.149493984942296 0.166980097643775 0.278717250187588
0.124784090167042 0.216291417112236 0.0675230947407787 0.130300192322029 0.461101205657914
0.178771540587178 0.291929365548849 0.138468781668941 0.0935773734843965 0.297252938710636
0.254436542689993 0.224305694749177 0.236211177510415 0.063975973224826 0.221070611825589
0.15614767758732 0.240164989959847 0.153279428299206 0.188565046739729 0.261842857413897
0.150376127103845 0.437404303067695 0.180304816207816 0.171585813038047 0.0603289405825976
0.344768180312049 0.0898667926205955 0.343761043202145 0.107990200405652 0.113613783459558
0.0240891415944996 0.0656605421944432 0.181155385691551 0.34672162440777 0.382373306111736
0.123648209555597 0.109284536282802 0.32988561694118 0.313735072089318 0.123446565131103
0.212706023088062 0.419446670147613 0.152881034250039 0.071693342186481 0.143272930327805
0.00878834635777208 0.163446740356999 0.475266870851175 0.0215900439238425 0.330907998510212
0.104562222227838 0.016810942875221 0.807087429491035 0.0273036093922301 0.0442357960136762
0.299172006155558 0.347838693247284 0.190187327652486 0.0324040142840484 0.130397958660623
0.0280821092300321 0.0503867471955141 0.0475940627232981 0.6601504811934 0.213786599657755
0.113315143975921 0.347449534383892 0.300464116727781 0.196032257888241 0.0427389470241658
0.134438250792689 0.260264667973296 0.264470159895821 0.225778453083956 0.115048468254238
0.119750592840726 0.163840625065668 0.346715560870687 0.159290875216603 0.210402346006317
0.109170315119385 0.3345256778005 0.0776424572427621 0.212367650794866 0.266293899042487
0.114135925070244 0.0860047506847569 0.0873432953115823 0.539493948602321 0.173022080331095
0.564575291124631 0.0533005002780485 0.0727723532724234 0.269548159771528 0.0398036955533695
0.277029580886078 0.261747473134993 0.227107496091223 0.0831855761004741 0.150929873787232
0.379930880287932 0.0956978585268363 0.192332219333006 0.0324495016611772 0.299589540191049
0.118254632000793 0.132971955525309 0.209117511156862 0.247134324246381 0.292521577070655
0.178650353784607 0.308364639030231 0.271734946529627 0.037081770271268 0.204168290384267
0.271759524029258 0.318949148125944 0.0301670959052095 0.360012712855522 0.0191115190840668
0.386317524357911 0.0934204897707594 0.341705682313566 0.0658741873956374 0.112682116162126
0.189081006528011 0.0548727522959938 0.143962655500856 0.356910066078767 0.255173519596372
0.109653989892644 0.12424705035143 0.163343573569662 0.189955268900663 0.412800117285602
0.14740287565887 0.270099478934942 0.128525614825669 0.179324878119657 0.274647152460862
0.189701059761804 0.293196800930067 0.181052983887328 0.326690665658497 0.00935848976230362
0.210479056408494 0.108032148044517 0.282763884699752 0.349250601819658 0.0494743090275792
0.246459008767211 0.269480926327594 0.318343343159762 0.0127000134497437 0.153016708295689
0.178816125572819 0.254356697604115 0.20290864448838 0.259844988405654 0.104073543929032
0.317829189848635 0.102467244940129 0.162155256670103 0.259902950839858 0.157645357701274
0.229864303904934 0.327618944218416 0.251175278994452 0.189134007868884 0.00220746501331481
0.237375316590633 0.240435279279341 0.133480221919221 0.178447727049048 0.210261455161758
0.30477624565148 0.524861521199654 0.0231708182802193 0.126448267248398 0.0207431476202493
0.229077544009371 0.0625798258964599 0.348169645828291 0.30656661051252 0.0536063737533585
0.171584270537131 0.26351516045634 0.0811724347140322 0.27377041331468 0.209957720977818
0.170784122836666 0.169510967281664 0.280696197109113 0.179014314932377 0.19999439784018
0.246631699128887 0.149059525600775 0.343656250109141 0.247426780780587 0.0132257443806107
0.0526228671516309 0.264593563851732 0.187109338784201 0.293594641819811 0.202079588392626
0.303583431163134 0.186830784243233 0.275806174699125 0.19629228054203 0.0374873293524778
0.0177159853071944 0.209571129927745 0.188891311324393 0.399429179383412 0.184392394057255
0.23138918291606 0.249062563210511 0.243013406104302 0.177409548796067 0.099125298973061
0.0390355525539958 0.0290442507576867 0.183283462419852 0.26449060123998 0.484146133028485
0.19711349453193 0.244355639594079 0.266993722599875 0.02490477917455 0.266632364099566
0.350164727892532 0.0338982083185213 0.220804020104785 0.134380543869795 0.260752499814366
0.185807231505175 0.265105039859274 0.291894899873589 0.114145150963158 0.143047677798804
0.076674883120656 0.254951556151506 0.152036204410574 0.307799266427856 0.208538089889408
0.0887171593985726 0.154379220873763 0.073660697976355 0.382503519294032 0.300739402457278
0.0411171882048953 0.296526842913753 0.228914733670802 0.0407780758790491 0.392663159331501
0.0675586930380623 0.320357982976586 0.173553714575432 0.14397080505588 0.294558804354039
0.33945639973049 0.151967835952774 0.0388359743546106 0.160562872468279 0.309176917493846
0.228562334929815 0.0897081395196025 0.314557473249065 0.263825473101725 0.103346579199793
0.171267679076972 0.0128365680641582 0.279320721839963 0.259736268220751 0.276838762798156
0.0612316453656066 0.255464425176164 0.11560160240916 0.39548547607339 0.172216850975679
0.230179280506496 0.253034132422652 0.251036376161124 0.0452760876065052 0.220474123303223
0.19116184186996 0.25168885907338 0.195885236579146 0.318362251538748 0.0429018109387646
0.0393179843907836 0.286440779767488 0.117932995628066 0.445909560415837 0.110398679797827
0.0269955922884016 0.198313755604121 0.462058926452057 0.0223578832370591 0.290273842418361
0.150893213538005 0.268672078445659 0.267400333763273 0.175374643056504 0.137659731196559
0.305597620897307 0.169562135980017 0.200535183912591 0.0293203810041965 0.294984678205889
0.218031301603276 0.228575919452062 0.275505204811961 0.00308956305326556 0.274798011079435
0.00625730478249052 0.307043779177052 0.466669843644075 0.090897766680191 0.129131305716192
0.234348673075545 0.151863832540021 0.486980712108398 0.088954525190773 0.0378522570852622
0.0519582384945177 0.135022914491084 0.761381422789156 0.0346562058848347 0.0169812183404072
0.231736171733586 0.176007766438508 0.329282764041604 0.163950972819864 0.0990223249664382
0.0623694265015842 0.353847060688347 0.263609295389035 0.228176031291555 0.0919981861294791
0.051741912312422 0.357875936922494 0.0690056472859131 0.418652297820327 0.102724205658844
0.15341773772856 0.220326000952139 0.240366763515433 0.216580168549032 0.169309329254836
0.309154814616334 0.0635816168920849 0.118242629210872 0.288226431169571 0.220794508111138
0.106208196128063 0.369371479323653 0.262567308775059 0.230311703826649 0.031541311946576
0.117089870364495 0.24963335283625 0.0556246589730867 0.497041913243774 0.0806102045823942
0.160332550191348 0.350908155439061 0.16246544003569 0.0738691577589255 0.252424696574975
0.0370650205379516 0.271847486603003 0.168862353657581 0.295328729352815 0.22689640984865
0.125686458287598 0.213613641290906 0.219857199704477 0.349553454307733 0.0912892464092862
0.310695297424334 0.186426727860411 0.0829256417572017 0.338708113170813 0.0812442197872402
0.221189242683255 0.272532102353426 0.0984287117641421 0.221040350792722 0.186809592406455
0.128756188935737 0.40740048017592 0.191632074029294 0.0611117239333301 0.211099532925718
0.402241971890757 0.216220791888913 0.124298793943976 0.162496229887084 0.0947422123892699
0.0487444181849681 0.16434241695761 0.259342778486239 0.177817225351625 0.349753161019558
0.216013459716211 0.165793122763455 0.188480794896931 0.233878419254468 0.195834203368935
