0.0765889196825218 0.15702996467644 0.123832559830453 0.200135239666117 0.0533388446820351 0.178501564150334 0.210572907312098
0.0839704629750977 0.286115409638993 0.215802051757615 0.0177313038451104 0.080098192218575 0.0619886641915395 0.25429391537307
0.123648642363988 0.246321382799997 0.201424826295507 0.0995398848754522 0.244664327882362 0.0324543497531786 0.0519465860295149
0.149000655138582 0.0274000809770467 0.212347190514598 0.243826270982502 0.22490874148485 0.0192373276639282 0.123279733238493
0.0486094175911092 0.249768262301531 0.209755389686475 0.0921041543356849 4.53472841683111e-05 0.0892521777616037 0.310465251039428
0.119525018363106 0.198003912571451 0.113990620952872 0.225646898770012 0.159330884715427 0.0499316056722405 0.133571058954892
0.0457499544461321 0.0492432869957114 0.00473742904221484 0.22575813463182 0.207050150292422 0.22461259221621 0.24284845237549
0.144701304231707 0.0963901320763666 0.0956123801763299 0.121380375578714 0.205085785055444 0.21932168537777 0.117508337503668
0.00238858974698728 0.253513577472844 0.218018225328298 0.232030628005458 0.0844239008320079 0.144044871496965 0.0655802071174384
0.069371480892372 0.187039353900412 0.152459367609782 0.0851188479004961 0.0623755574071987 0.248324624445235 0.195310767844504
0.133113519639082 0.148886907750282 0.0548739300118307 0.201533674729882 0.233505455053134 0.045570412415328 0.182516100400461
0.20312288335474 0.336992083045929 0.169756304901521 0.00551758842251538 0.0377408423841197 0.120050174443792 0.126820123447382
0.0525406691094774 0.222873157095616 0.202092108870914 0.135674477832479 0.26435423619409 0.0790638157204765 0.0434015351769481
0.187714864488224 0.0730837027114597 0.137218206140647 0.155513942150087 0.17659164165765 0.196618576618394 0.0732590662335375
0.212874180194498 0.0697948296936585 0.139061515284525 0.000796372895512238 0.199417139575843 0.181420705927793 0.196635256428171
0.174380798532363 0.20624866523876 0.172554031175171 0.053839201798075 0.162920606832171 0.0912537366565486 0.138802959766911
0.149130520808245 0.102459131213362 0.185152394935434 0.143462920269379 0.0178124745487497 0.257128627651543 0.144853930573286
0.0847440174133576 0.193180453099734 0.288637596203955 0.0165683178436545 0.0330987762706811 0.219170632768723 0.164600206399895
0.149526968062397 0.13899138778932 0.148692864503105 0.169182671006919 0.202787019906754 0.180419629875927 0.0103994588555781
0.0374838264100794 0.17872917205301 0.204213201558715 0.155026497212849 0.167054184100232 0.112176415377299 0.145316703287816
0.254447338369088 0.244170756927396 0.110968564365566 0.0256220843898137 0.0915610248537315 0.0189299493274761 0.254300281766929
0.203574343174868 0.087418919222126 0.0943666782931193 0.282402691231388 0.185286813412128 0.0890741452234366 0.0578764094429338
0.064643316227189 0.186193399314072 0.144256177235159 0.106005377663259 0.177773671146514 0.225624802240101 0.0955032561737059
0.108336438300648 0.240521740625019 0.011024176355128 0.262130610583466 0.150137495012424 0.159254445216969 0.0685950939063453
0.157321727965278 0.0276771659974838 0.181892649316054 0.169319686578315 0.0819810850499032 0.197644058476444 0.184163626616522
0.184726684413799 0.253730837438763 0.171591922600247 0.117287929329841 0.0251414962342491 0.0289624936702674 0.218558636312834
0.0599213982285709 0.0261450992654748 0.227168404205569 0.176435161592467 0.116673063761061 0.208774289005104 0.184882583941753
0.0503946529386596 0.0723105870014583 0.293026218852502 0.0903960805208445 0.189305388924714 0.214859022256031 0.0897080495057902
0.395953290787208 0.0106525371708758 0.124943891665707 0.138952206733445 0.235006516376234 0.0202598644902276 0.0742316927763024
0.100953346192266 0.146620610851327 0.0904014690263627 0.197386174447877 0.252958863016646 0.0411062840122891 0.170573252453232
0.0391306753489962 0.204777024891834 0.165141415344346 0.181936059030998 0.0639910417858364 0.206806928936605 0.138216854661385
0.234546283383147 0.170306959234858 0.0177641629025998 0.125914537901795 0.166892826961146 0.199372720422652 0.0852025091938029
0.226838061506633 0.129808302910822 0.0637372721628411 0.261392820650079 0.173511040744356 0.0354220132549629 0.109290488770307
0.036737142866774 0.140564222101703 0.302740908406429 0.18450125355991 0.0632186405617535 0.00923928505212893 0.262998547451302
0.0962168786938612 0.241510463832591 0.0274134642204465 0.0933673827923356 0.24859238055597 0.11763291430242 0.175266515602376
0.197516030100054 0.0265406866600456 0.0282591170639583 0.308028724102706 0.0727203057103393 0.0994750078059022 0.267460128556994
0.123349074386322 0.166096325095515 0.164745508606805 0.223057900298183 0.120914288735227 0.134028992858268 0.0678079100196798
0.286255717187804 0.0938798443985715 0.0726169139851793 0.0318198142758472 0.141883001258632 0.11148364740232 0.262061061491647
0.183387074829259 0.251206433604717 0.18602065693872 0.163642659459984 0.0890684256285835 0.0674873751985719 0.0591873743401648
0.0568518349947147 0.161843280124286 0.244653519456622 0.127379584743812 0.122869539055832 0.0161200233378099 0.270282218286923
0.0688455906186324 0.257800726353122 0.386880245519248 0.00826497354890469 0.0181871181757882 0.011427921993324 0.24859342379098
0.126292046516062 0.179014391938068 0.126929755766138 0.0911822807314378 0.0981168176715906 0.161504814123523 0.216959893253181
0.139094673884797 0.11843561616882 0.141851899675222 0.203737335613357 0.102319633320144 0.130185104223275 0.164375737114385
0.1998337103311 0.471397726329507 0.148703025450158 0.0109102405280119 0.0496665865308061 0.0886251863409548 0.0308635244894617
0.0807183544586613 0.0113324728377389 0.118987944891542 0.0497867733911125 0.377903320946283 0.186765636241288 0.174505497233374
0.148323128996579 0.174393477719944 0.102310524428742 0.118449338344699 0.14754072387518 0.156844116579342 0.152138690055513
0.0729130598433897 0.0419421462088119 0.292961828866818 0.0527721323799517 0.0467435276762399 0.199955736615742 0.292711568409048
0.103281910238097 0.232397885461494 0.0675512498053222 0.0466790104774632 0.254094665010163 0.147630674820183 0.148364604187278
0.22823788409581 0.222133420174294 0.0426480132528896 0.129023305447946 0.0532905260704276 0.248633709152389 0.076033141806245
0.193509383861996 0.199216793684856 0.0488766092486131 0.0898890430041918 0.204794669962079 0.0507702059560545 0.212943294282209
0.271822048643838 0.100034725295784 0.0222147125969122 0.160356969684721 0.291017976503505 0.128773485299721 0.0257800819755187
0.338810171372604 0.0532318357848626 0.132301378431899 0.142728482630425 0.0315173703828537 0.0950482581495852 0.206362503247771
0.156552650880255 0.120427877307269 0.0848958377023984 0.13884372575812 0.191893792498446 0.124360174340181 0.18302594151333
0.05976477399472 0.130727921677689 0.132793211079163 0.211683542302823 0.0586597158786775 0.173831463474328 0.232539371592599
0.0594423451826854 0.18187950060306 0.272514664132655 0.143414530968721 0.0626049442375678 0.120764619107316 0.159379395767995
0.145300569254094 0.107275340103708 0.310534099225725 0.210064253266298 0.0430575087216428 0.0513706665358611 0.132397562892671
0.185349702912333 0.307421544735512 0.0626629416276728 0.146856868886886 0.0844034062078531 0.0823857281868047 0.130919807442938
0.191073864342959 0.244108361841223 0.13465517171164 0.0779678899832985 0.209599007723088 0.106518722000471 0.0360769823973209
0.23666430733863 0.143225091510444 0.212708133940135 0.139575961326687 0.0956329588896203 0.0129257306079259 0.159267816386558
0.135341415019151 0.0496988264365312 0.0763694891813932 0.262462301990239 0.0637074964003901 0.182916090557246 0.22950438041505
0.0836953497304165 0.157284085416814 0.212140533810271 0.158704003312212 0.105808058950654 0.11211543478353 0.170252533996103
0.0973061558876867 0.241188215267626 0.13237216497231 0.242971548490919 0.073153722743445 0.0326134372680808 0.180394755369931
0.128696461342208 0.0164130019973446 0.270258719165293 0.216513685385171 0.260847297714279 0.0824521164830736 0.0248187179126312
0.0265492159369116 0.0369036560523312 0.0231169170216869 0.128704192655572 0.292175675864908 0.213342458087767 0.279207884380823
0.228248138041197 0.0195325367309743 0.276138001368128 0.204059063942353 0.0779410396602596 0.0397018487185601 0.154379371538528
0.0334017260877674 0.0530553834328735 0.226315576737591 0.19850760144364 0.230786705144018 0.121263634891832 0.136669372262278
0.222605328701527 0.182905847288319 0.0334836182035291 0.0130225137563266 0.228586224076135 0.117966674842619 0.201429793131546
0.104876780403195 0.0716738731832105 0.207950960896998 0.152339454353009 0.160587351093215 0.0953333741278086 0.207238205942564
0.0114239976866947 0.0211717380310297 0.216506436673282 0.0771194947990632 0.239059625366112 0.265512497343998 0.16920621009982
0.0248582275259614 0.152005919155433 0.106124003525417 0.241678554364442 0.208376408436074 0.0229018765755781 0.244055010417094
0.18054712307203 0.164363333788237 0.151481416398692 0.164031500582696 0.125517794292878 0.0974581314804008 0.116600700385067
0.131361107158877 0.00896691150372146 0.178766098219645 0.252876170867798 0.260398324089537 0.109507171538462 0.0581242166219586
0.153018106698858 0.0977632620924016 0.223138752898533 0.155515454788576 0.167000736960925 0.0664461118526196 0.137117574708087
0.249015491255942 0.122373142806939 0.116950473702602 0.257934179155246 0.0424892206393378 0.046551551531465 0.164685940908469
0.274310893139789 0.133482044308557 0.307699628268175 0.0916208185101496 0.0861316737403159 0.0129280993153089 0.0938268427177047
0.0362006659933322 0.0314975330801544 0.000143006963502735 0.173128764514028 0.209553494693579 0.419185840528693 0.13029069422671
0.18183419950351 0.0197290270183336 0.157621712364024 0.157605584285383 0.187448685915849 0.242627797109291 0.0531329938036098
9.7868462352133e-05 0.150493174485483 0.2383897100665 0.27276721093443 0.0917502908061597 0.141247851803536 0.10525389344154
0.181087296873332 0.199244588546831 0.237004121204566 0.0435250765104542 0.170737601159942 0.162618079781803 0.00578323592307246
0.130706033985862 0.160868204275813 0.00179746252379232 0.260203679645392 0.0766465750843184 0.218368540145013 0.151409504339809
0.236830602022573 0.0802943581074338 0.192230868674175 0.0256057399681051 0.0798039738663646 0.207420426099485 0.177814031261863
0.217097424790249 0.139487694245529 0.215463058132188 0.200986550131081 0.0135287479945279 0.0421958694260616 0.171240655280364
0.161410934121753 0.227102306659927 0.0807374800893609 0.003531572610438 0.342747642452257 0.0203820050388264 0.164088059027438
0.131791021122535 0.233672606888659 0.00240557862020973 0.229146702534065 0.130563555096249 0.158982385395792 0.11343815034249
0.17431195836583 0.274687954931636 0.0999670398824172 0.107175997552474 0.0428954920237838 0.261698426085824 0.0392631311580354
0.155209436949488 0.0245160558919825 0.197592822383772 0.0687778196538226 0.299943049709569 0.238626086990832 0.0153347284205346
0.27976681384473 0.00962233770536172 0.0501481046991232 0.262457872524012 0.144381979889269 0.0699817607591381 0.183641130578366
0.194846371506306 0.199655222506967 0.13944567811093 0.129811970116492 0.0121850808699786 0.238307237781421 0.0857484391079066
0.202397313559736 0.0618788698339346 0.142328593786305 0.132788897414353 0.0387501020988222 0.186908350430121 0.234947872876729
0.260503307689835 0.0842151058616159 0.145844397966696 0.199532557410402 0.028069567826027 0.0900080833020237 0.191826979943401
0.245062335723162 0.154757398539737 0.0688816059656847 0.155364496369971 0.0793906239947113 0.0623247143413638 0.23421882506537
0.110269105833973 0.130885906360507 0.0649885762103604 0.110250948996941 0.142994804246259 0.206754166432553 0.233856491919406
0.0713271551382658 0.0899018844645854 0.319246198024408 0.16014166613997 0.288549941276738 0.0214962215763385 0.0493369333796941
0.153802673314205 0.0377038234732437 0.0803931017637945 0.153745508860837 0.212576254842762 0.163020774511467 0.198757863233691
0.212923392254635 0.149779881281981 0.24802532421523 0.248118215916933 0.0186381295973302 0.102567502424942 0.0199475543089476
0.25596466633699 0.12745106287443 0.194448052076845 0.0677255937026009 0.0880089238331345 0.232270545629265 0.0341311555467351
0.12386151633902 0.329273309567896 0.0218806145263839 0.126753225559717 0.329256301552005 0.0138363406761578 0.0551386917788208
0.0258559353428245 0.151346565999957 0.0905119701618059 0.195971169686513 0.218902763470833 0.0982455143428063 0.219166080995259
0.00669549714036415 0.207811830779864 0.331532849218484 0.0358414922575833 0.12040680531761 0.197667511218866 0.100044014067228
0.0610835764757027 0.153281767998207 0.111137216025132 0.174173512715822 0.0112011305269361 0.300232165190564 0.188890631067636
0.140066854903647 0.23095831499485 0.0210265546772633 0.0543942423904508 0.208221967952662 0.227203594173126 0.118128470908001
0.135027045209068 0.211440949598435 0.204417561269217 0.154528566809312 0.202533594138414 0.0847531913347592 0.00729909164079494
0.255695838785762 0.0990690862031531 0.0298384371605668 0.294000590574442 0.0909079701447488 0.0552945827942507 0.175193494337077
0.174426957440311 0.163753757133689 0.193700766489488 0.0505114119449492 0.0712252519448311 0.196880414722088 0.149501440324644
0.184279382344215 0.10041200729457 0.176242952517944 0.192549213357488 0.0979289518214318 0.151891981226449 0.0966955114379012
0.00329068413000649 0.176697604554031 0.203950069068236 0.323247767632278 0.222020658850791 0.0249709741475936 0.0458222416170636
0.144579675339827 0.263905896729636 0.241912838449499 0.030184531702395 0.0717206632378729 0.188989549295023 0.0587068452457467
0.111201928557304 0.134672991291474 0.144464780504054 0.183416406892429 0.157738492581692 0.151667371275134 0.116838028897914
0.0814507284047881 0.0653304590424967 0.206430867624094 0.086201727717103 0.207032893888909 0.122606684951559 0.23094663837105
0.114515909705202 0.0429170465530385 0.0858647473379941 0.412564491121512 0.233326887934582 0.0357773858922481 0.0750335314554236
0.186897809779089 0.0617302436566094 0.165621996326801 0.0611390308067725 0.204279333301036 0.218434901443512 0.10189668468618
0.197591987328684 0.195456829079256 0.0766372972284096 0.00627580451501387 0.156600620633949 0.154937037150453 0.212500424064234
0.124521810879546 0.142415992884401 0.329742435424224 0.135705620770212 0.0840552719400842 0.102332353967793 0.0812265141337407
0.165955595348109 0.096809818865557 0.0548547193514116 0.205229618739919 0.06314370121831 0.272743613451993 0.1412629330247
0.23694971246788 0.0385297952886779 0.102960060945518 0.224215603740885 0.184012430351924 0.091097065872061 0.122235331333054
0.179039177033372 0.0832282337453607 0.27500374024452 0.0540162424676178 0.119888502770238 0.153520464874038 0.135303638864852
0.135963290563352 0.19639211457453 0.0320711999149375 0.336670980558294 0.0484037108035133 0.107143449298807 0.143355254286566
0.045852584705954 0.234111266858219 0.121637407821603 0.15230383218558 0.205533105815989 0.116496889812631 0.124064912800024
0.107498251938942 0.0739192480954576 0.153509144551553 0.159236560151468 0.195401467169023 0.263727241721495 0.0467080863720597
0.117658448229128 0.228380720741779 0.199329815817595 0.0882731162859889 0.188767450525582 0.0319882111186341 0.145602237281292
0.223389649142676 0.175880531601833 0.0729199097993069 0.261894275203085 0.0678254259450596 0.079150729757133 0.118939478550906
0.0705364718360749 0.1040702695906 0.0473058362321624 0.267763340239557 0.033938772234236 0.259176249277897 0.217209060589473
0.139374146497102 0.01208872002526 0.198132993973806 0.181632698389893 0.20435468569344 0.069494800978005 0.194921954442495
0.104664204531179 0.211752386044415 0.231137359787072 0.253593391374338 0.00523309266829794 0.179291348607044 0.0143282169876542
0.0325163115815156 0.0267573297197528 0.251306942456078 0.186210252085199 0.208337334122729 0.236224121488438 0.0586477085462873
0.112163801899566 0.197123106248908 0.114370837472896 0.134103320912161 0.0851559355226611 0.202374791987017 0.154708205956791
0.104366667831691 0.0823444734255317 0.0763933880419581 0.162479088062051 0.162516427098864 0.190474123041852 0.221425832498053
0.038682593713543 0.325269669409861 0.188475962052313 0.274470651442395 0.081250881592327 0.0665028865655375 0.0253473552240235
0.165511262282495 0.290566194704459 0.116891500012129 0.176798533813688 0.0474049200369206 0.17199673003662 0.0308308591136882
0.333024093546103 0.315621266082319 0.0314215615242489 0.0661472319127047 0.14437906799424 0.0936489529523972 0.0157578259879866
0.14418998617064 0.202012067134551 0.014350337545332 0.196727003678359 0.0404045087767566 0.238531792949609 0.163784303744752
0.171273471557889 0.247325005928001 0.0558939393392035 0.237093508469117 0.0846629643532277 0.0461238811668911 0.157627229185671
0.244551563608934 0.145002066665607 0.208143403710284 0.124240561683069 0.129172243678579 0.0152878046348364 0.133602356018691
0.00208917008499072 0.185329251652146 0.303039774958951 0.0220890261696414 0.121750480822452 0.135793861145035 0.229908435166783
0.221064104144375 0.0628702764008887 0.0665566775297911 0.120951247692017 0.125965075189168 0.1283488302721 0.27424378877166
0.0721306459900023 0.202781039935575 0.156633633367357 0.170945550948783 0.20092393158684 0.183455459010954 0.0131297391604894
0.17182969625693 0.209784918509151 0.157218995903353 0.135235180464 0.101953232180729 0.0227630305492737 0.201214946136564
0.00168720389464915 0.0644939619831081 0.215339859220696 0.247337924805522 0.110419661721607 0.206423696598176 0.154297691776243
0.189369567329894 0.241803599048774 0.0730249632095823 0.0831438420122577 0.27846239725959 0.0486464901063006 0.0855491410336007
0.19239928549575 0.103673968490396 0.0598401302823721 0.00640076608970728 0.152457988871194 0.276136659692114 0.209091201078466
0.279796728314805 0.0131627429191397 0.234446863653558 0.0204308617559382 0.216685054801777 0.148135569871256 0.0873421786835265
0.201975860535017 0.233677039401276 0.0660070740904479 0.160339827915607 0.119320854527252 0.16589697029173 0.0527823732386705
0.209573706450414 0.0918304569023772 0.0273216982360144 0.0638603354419162 0.24416889958119 0.232371673082148 0.13087323030594
0.0833333099963732 0.101040324665399 0.0575802239460801 0.273911446279771 0.173748645921343 0.0823891914694534 0.227996857721581
0.0626104315765714 0.0135244625906016 0.253066398023454 0.0614838299671594 0.362009847040081 0.026446443744501 0.220858587057632
0.23133053151152 0.128865282632812 0.192744768713401 0.245403525638006 0.0525093379109237 0.0488272604340729 0.100319293159264
0.0642738433401503 0.0174921888813237 0.185923245649885 0.208771891032324 0.254465917209571 0.0647895897028128 0.204283324183933
0.103664493821029 0.0688441026506364 0.147568053885186 0.153352252529255 0.19474667568132 0.236253454949413 0.0955709664831615
0.0477563486918106 0.206704496762727 0.210590740765226 0.0248482538411359 0.236276574493488 0.245339373170258 0.0284842122753544
0.121942343518105 0.143722509242706 0.0839608058809127 0.173996533431717 0.234216366846397 0.0560097360103151 0.186151705069847
0.132776259351275 0.027080655007489 0.203931727605357 0.233228066246894 0.04218688579154 0.113657220880323 0.247139185117122
0.0330959712426541 0.11401590994959 0.24536779093588 0.107880189500536 0.206678291322342 0.128478552358703 0.164483294690295
0.162451508254206 0.0515079145004954 0.18691829980634 0.217926040401081 0.0535856911004581 0.241939491274943 0.0856710546624758
0.163470723809272 0.222258705549105 0.0995243527878827 0.191396189250299 0.0963930243388296 0.208092389454185 0.0188646148104261
0.261694398012137 0.216253564636532 0.167029105790668 0.133187726814551 0.107803713365935 0.0673306009594814 0.0467008904206969
0.100792470163865 0.136487497030772 0.0960550376442488 0.0579849095177381 0.206327699687792 0.234382475628298 0.167969910327285
0.231117382347974 0.124456750372206 0.13915398327291 0.0723526406063331 0.13992924838375 0.116577164039286 0.17641283097754
0.0352361454580727 0.0119637702659353 0.227143254231433 0.116069554180883 0.21198338110388 0.219458108779453 0.178145785980343
0.161545162864087 0.202474746833607 0.0794776606459268 0.113764219328615 0.122181375047229 0.144121571809904 0.176435263470631
0.135920258955756 0.103166387959054 0.31753821530682 0.0439110012519742 0.119538559410543 0.250213862096171 0.0297117150196819
0.098547226823038 0.0372372768399101 0.0142129513631303 0.280262466220756 0.335633318597966 0.131658249686152 0.102448510469047
0.285129098046217 0.0442156432566118 0.0321467868448537 0.261103840623177 0.119149364256645 0.182320322989408 0.0759349439830883
0.0828484943257901 0.360087194972912 0.084716982433901 0.102860747134302 0.025338200833382 0.00964126119405291 0.334507119105659
0.217624602648652 0.157199018183397 0.111476526656013 0.141136212727123 0.0429647417152671 0.261594525685953 0.068004372383595
0.246920045886812 0.04920546312924 0.107448402147209 0.129629994584549 0.244013430415476 0.0339750723700305 0.188807591466683
0.240965688486121 0.112490948063022 0.0223747126117629 0.0745132409640885 0.17128808670809 0.257927483613044 0.120439839553873
0.147119851929427 0.218554198705919 0.166955021965356 0.071474866910041 0.131349484607193 0.166100426769963 0.098446149112101
0.0734789526237513 0.0362845642477987 0.110978952039708 0.225379077530624 0.187783805123078 0.201051918276155 0.165042730158885
0.147856782177065 0.111924233253219 0.186270304450866 0.0519787799915683 0.126339055819653 0.185223053591258 0.190407790716372
0.0476129907753405 0.128629718956515 0.00313730066052235 0.367723858196454 0.0613951162696067 0.361129044355497 0.030371970786065
0.0328349938580466 0.193047228315938 0.049821545085571 0.219540342300584 0.111283669268416 0.215459821209566 0.178012399961879
0.158861592850785 0.0230622989748321 0.23244252100858 0.0399039925757805 0.0978602871804935 0.243095648767722 0.204773658641807
0.204512569779324 0.19374496885717 0.205070557961579 0.18668243910391 0.0436301053035325 0.128128605407483 0.0382307535870017
0.03355274175471 0.133718901465273 0.167671730001823 0.245616366290018 0.131520970943058 0.218356493522595 0.0695627960225225
0.0643129062586259 0.217945668308584 0.180427233342744 0.18962989805439 0.173678234030758 0.118551182697046 0.055454877307852
0.0906545934186731 0.197136001929519 0.0524223115702145 0.114791782413547 0.174345312264524 0.18475669227921 0.185893306124313
0.102899798117849 0.185445342219778 0.0918019045207425 0.180582105943843 0.0273992686920337 0.26845612374895 0.143415456756804
0.182935958691111 0.0240026303560627 0.22939314460475 0.135614560563619 0.208630856456074 0.00864984953505731 0.210772999793325
0.0534079257005958 0.118028322965356 0.100037471892062 0.158346525312379 0.162175035958453 0.174675281290074 0.23332943688108
0.114808808607842 0.139293976764528 0.0971397368591295 0.224926827539682 0.194154813255747 0.113727322454643 0.115948514518429
0.0968496069999591 0.184776978637413 0.159961367507706 0.190071197833652 0.0338791952429804 0.201679028261462 0.132782625516829
0.232565762438902 0.0921284569270041 0.198120008137148 0.00888350264258654 0.108882059063022 0.106182961009169 0.253237249782168
0.0699463677542317 0.249076302800333 0.15022934783146 0.0728762110340926 0.174554207525082 0.0666255767732931 0.216691986281508
0.164587126592921 0.111845639311778 0.277934965390627 0.131963087196303 0.0392650582031823 0.000551313999665444 0.273852809305522
0.153997007228433 0.154167361681411 0.174602189908209 0.025319676337466 0.232208905181707 0.230182586649888 0.0295222730128862
0.107990469391653 0.022614111052428 0.116921746629344 0.0311786201817282 0.198183042640842 0.511623427617108 0.0114885824868968
0.218469776055878 0.247372357340942 0.0541771564739449 0.0469794534944607 0.11302683550943 0.107704752231088 0.212269668894256
0.0803182675945386 0.120390766619762 0.11054596339328 0.130873762101665 0.124367956506201 0.223900886419046 0.209602397365507
0.00816115857105603 0.0540633771998002 0.252186356330481 0.299614205997824 0.00601460316439746 0.227890553147452 0.15206974558899
0.227819814570961 0.113245678082385 0.25582436164614 0.111978024793664 0.0877962114059288 0.0300156822137456 0.173320227287175
0.0452437267028271 0.0838646064847529 0.0347573236466637 0.342521388351708 0.207754837700469 0.212164944575877 0.073693172537702
0.331265136455877 0.0423411822132995 0.0226506275205479 0.217805994820327 0.176256002418958 0.129552309060112 0.0801287475108791
0.347371418009817 0.143366863920673 0.0151204155064327 0.124214319547831 0.103645773441986 0.166088178269615 0.100193031303645
0.0741668614706353 0.138059849160498 0.157890415910529 0.214153705574725 0.126576493679338 0.217477588305592 0.0716750858986827
0.0341330905189494 0.0207494536921729 0.029204586557369 0.235019600541606 0.292599044769636 0.267400441842114 0.120893782078153
0.160572925470383 0.0564904676991582 0.247186625518813 0.014393164981711 0.171667872556115 0.197526679696146 0.152162264077674
0.193546496624806 0.114045960627219 0.0445712514451107 0.0335708865786697 0.187861727332976 0.173559367267169 0.252844310124049
0.113315713518553 0.117485683252973 0.20989337217235 0.161344897251389 0.0947741118190362 0.121939178278224 0.181247043707475
0.0162087464887021 0.211559721954204 0.135074507089373 0.0954297041372935 0.116226623529664 0.187532659579453 0.237968037221309
0.145482848651783 0.119047052997876 0.22652235453939 0.239725067939871 0.141754363997513 0.0399196851117281 0.0875486267618397
0.18315460508608 0.0981001159922681 0.113389452560912 0.125914083471192 0.0735479489984559 0.162920069759049 0.242973724132043
0.251544118893951 0.130547494715278 0.141928698428906 0.252527084013943 0.125437364269881 0.024047969179851 0.0739672704981903
0.0966369679994439 0.190378214779022 0.0234869481793997 0.135945764135077 0.149997076699653 0.110185971746415 0.293369056460988
0.3260031466514 0.0911015542760033 0.137860964810965 0.0903716394091697 0.0804084079620722 0.139071287960691 0.135182998929699
0.143278668906295 0.0247549675149614 0.145677052653044 0.0325759540026452 0.266383119975131 0.236446258153869 0.150883978794054
0.207750548415977 0.199193006116539 0.0139394931410139 0.151786113612917 0.19571238995117 0.0369394199023108 0.194679028860072
0.0918482390040089 0.220540116927987 0.105258578217828 0.0945304418103644 0.261800998738575 0.000334389395758802 0.225687235905477
0.183929941397683 0.184955925154534 0.0463111731341022 0.219340317068173 0.115337991477631 0.0353822025931065 0.214742449174771
0.109264190350502 0.160466860880662 0.202710217290809 0.0313494717795443 0.294936410375229 0.151068652672456 0.0502041966507975
0.230971616148361 0.107321279096768 0.0495015394865596 0.0231857470558985 0.180391849820651 0.1495605422635 0.259067426128263
0.0203373788382988 0.300574352407911 0.08928703160714 0.298923985622869 0.125096798315132 0.136526210016693 0.0292542431919561
0.179938022432792 0.188697111288482 0.0363630566416288 0.0898050463459134 0.154558580254813 0.239863190012675 0.110774993023696
0.311023045632767 0.0365253001176383 0.287321618447775 0.112860716537455 0.104211218950114 0.104985387100333 0.0430727132139187
0.0254387759900506 0.154108558494696 0.251834093327719 0.0668598509470326 0.070792318642909 0.182735094382071 0.248231308215521
0.11482400763163 0.0239079082293151 0.245517479343583 0.00188407280131675 0.107253211959192 0.265038324743613 0.24157499529135
0.199487083945361 0.144750118344272 0.256116709804757 0.00349401994666286 0.0263158425525112 0.113667803280845 0.25616842212559
0.188475825632516 0.148577372705785 0.112931762749839 0.266854794316581 0.0907532744497009 0.170729782749693 0.0216771873958843
0.0826344447668621 0.176717799712142 0.142093977909456 0.211558905710977 0.223081725029127 0.0785896898878832 0.0853234569835525
0.169661372848802 0.0486533900618505 0.223360279406957 0.122485169284028 0.191934112068802 0.187242058064238 0.0566636182653234
0.104101221894844 0.127055474990345 0.178356216761811 0.208737775007371 0.111778538202973 0.245005620516555 0.0249651526261013
0.15339116042149 0.242808684735986 0.153536002554588 0.125338735293165 0.0949570241437395 0.216237455138214 0.0137309377128172
0.130594699726658 0.0489060994301884 0.235728895780763 0.0850418733350347 0.112896118404122 0.260274663036755 0.126557650286478
0.191000542801666 0.15211790193151 0.123283930946075 0.330741756045642 0.141694280367208 0.0435292237252818 0.0176323641826162
0.233215861893601 0.0352076892774301 0.11650426581711 0.0918811888045404 0.107794127143568 0.202327684464397 0.213069182599354
0.193608555359516 0.139902457525028 0.150848203335331 0.158988040200281 0.139476671365404 0.122941599621044 0.0942344725933956
0.0848136130613806 0.0701541990332745 0.152211698031437 0.184513615659007 0.194888589154257 0.0393267030075798 0.274091582053064
0.0654905136746411 0.0532818373649805 0.314361967590821 0.0467480782324875 0.284293888342448 0.151920452635946 0.0839032621586767
0.105013837017035 0.167182327852104 0.0271776138087633 0.185441474268481 0.271422970082248 0.184978574800662 0.0587832021707068
0.201267072886483 0.110467215118216 0.0492946452640734 0.305792686737304 0.134787688618948 0.0803180301321739 0.118072661242801
0.208425076540819 0.111929939823204 0.269657625885348 0.120062005259252 0.202875332110039 0.0484991221196497 0.0385508982616889
0.212265162475787 0.231432115599577 0.0710332268422712 0.162917385770291 0.227001608889332 0.0584562252408448 0.036894275181897
0.0177542929056121 0.0757423748371727 0.0449701751923513 0.275881949007027 0.228839882359219 0.0446729035456071 0.31213842215301
0.137512937527683 0.204631691911115 0.233392599412435 0.0452407268024436 0.0526607216268999 0.192217584514853 0.134343738204571
0.199570833067649 0.0773645010709411 0.155829835139293 0.0194412272642994 0.134340030375126 0.100387029796104 0.313066543286588
0.283296485677975 0.186526754414016 0.230585600600461 0.200232087157871 0.0309459855340502 0.0339431662936742 0.0344699203219514
0.298332445780831 0.104236151913327 0.11403310947054 0.206602416075754 0.195092164244099 0.0124294543002671 0.0692742582151822
0.120774889495973 0.258294646114994 0.0452917984038118 0.239915929015193 0.124279593592608 0.0249122762106677 0.186530867166753
0.0179492904297721 0.182122054185842 0.112505807455656 0.217565068811071 0.167193217218266 0.129212587834171 0.173451974065222
0.205088635108387 0.0943354820742878 0.0749999419530104 0.143662337273546 0.0789482334318417 0.356180102410372 0.0467852677485552
0.0307529980346182 0.0994955453419553 0.201496049646231 0.213263404133605 0.161961279357093 0.0961056301264653 0.196925093360032
0.118076627524042 0.0598965944139387 0.137452199849079 0.324279907238743 0.108580052035245 0.165339022419244 0.0863755965197075
0.260412637067192 0.0789654044458143 0.155434926418395 0.0336098024259431 0.120635747996798 0.260201049033806 0.0907404326120512
0.157670088189969 0.0455106341448116 0.17087543951796 0.133413969398937 0.246026634586261 0.17806380939506 0.0684394247670006
0.0236552068455846 0.141267407785304 0.0405252003843123 0.20499878349479 0.00571215458741374 0.320648406974908 0.263192839927688
0.193689216191157 0.041244093789329 0.219525815302161 0.109289816031373 0.142573368913032 0.0257507038147998 0.267926985958149
0.233088415419708 0.0356574846803616 0.0377884157113954 0.232241916436565 0.104813681510691 0.174982373363575 0.181427712877705
0.0560821527122127 0.0629962280685741 0.0882493530225033 0.196119562316254 0.188422994761875 0.194411757647068 0.213717951471513
0.0702414225830524 0.254488419726703 0.0291471493857993 0.2505149317286 0.0721430415361898 0.144826013278179 0.178639021761477
0.0220363631365817 0.163098229769933 0.00136340206094632 0.269114367107505 0.165510864598116 0.102768361750471 0.276108411576448
0.235694572842369 0.232893307246172 0.0911363003892795 0.0325945985521989 0.10161275083621 0.270200949114303 0.0358675210194677
0.0988252294721085 0.0256957015548874 0.108609199498216 0.152522550295416 0.175805881073688 0.273218938901267 0.165322499204418
0.00176572142313444 0.035259886442685 0.105961427529856 0.200485806449355 0.333648917472069 0.239040105390998 0.0838381352919024
0.0263919330630118 0.262486211658532 0.133479737627233 0.0632833846396174 0.331270114077484 0.115336878661248 0.0677517402728741
0.161741783114286 0.0258588899712922 0.219604328654458 0.363425764944246 0.170692069788598 0.0060068077817428 0.0526703557453781
0.0680905728695888 0.111713939219935 0.150150764327842 0.0393343255740119 0.151507127242286 0.219909724754445 0.259293546011892
0.0214451645636471 0.207724434001543 0.174870235888666 0.00139469371957198 0.159115954672904 0.247095751101895 0.188353766051773
0.00804218789818435 0.154378212800228 0.233664042786513 0.00436988338288925 0.268995766278649 0.0156089081081063 0.314940998745431
0.258355237764852 0.225554746572692 0.0176891931016117 0.180941172337571 0.0422751348461185 0.209664832982921 0.0655196823942345
0.0407156921369418 0.163181875346387 0.177781382602381 0.290607521840065 0.0296299836261563 0.144157632695441 0.153925911752628
0.143898605543226 0.124022702013231 0.24920666428949 0.112729432242359 0.0853028351543567 0.11842803973557 0.166411721021766
0.151324296226834 0.0400883195502593 0.101761881127047 0.122994672831375 0.173759398847955 0.164684117389066 0.245387314027464
0.0383547973201047 0.0747611002129954 0.0902623639306742 0.143406724243545 0.227302127723669 0.231902622516475 0.194010264052536
0.04854905690153 0.0696324917835622 0.290649701294845 0.00952783319228679 0.117998724307504 0.308003929404713 0.155638263115559
0.25185126204739 0.110555253426453 0.115423958132098 0.0622849160714853 0.250039583650648 0.147720551157184 0.0621244755147425
0.152844091368579 0.123035539403713 0.258620389114034 0.129742950192068 0.155064610433667 0.177877648687755 0.0028147708001848
0.0821570408449289 0.179979287947219 0.201474352721579 0.0193510637502651 0.161710098246357 0.0454878354921127 0.309840320997539
0.000867202919849965 0.205200615138136 0.0624755240931154 0.188338130036454 0.206966306595612 0.240684822792173 0.0954673984246595
0.0933505897868259 0.178472123192896 0.233156125193814 0.0858554514271289 0.156561679223378 0.231230381130251 0.0213736500457067
0.0748626804650499 0.179938506651462 0.0659517064734971 0.2447819624596 0.199693829761461 0.186344233745965 0.0484270804429645
0.211663309806554 0.111017785519637 0.0752953386126994 0.0565351418809226 0.247132053904506 0.258552253191348 0.0398041170843322
0.0822965976849879 0.285928430350572 0.0791544729044378 0.162873945299644 0.135904164368667 0.0883898182730105 0.16545257111868
0.121434255883 0.0831928289422355 0.0644395747390367 0.0641127601571049 0.275513586715619 0.0394629829650974 0.351844010597907
0.194943384227603 0.151904080284666 0.189578254756019 0.0924121455958243 0.0463644468019025 0.121270841046439 0.203526847287546
0.184730353477479 0.145571445783948 0.0703595207470735 0.233035148569833 0.085216296285601 0.220098855489926 0.0609883796461388
0.00413057924324303 0.284339886709611 0.0249056882886536 0.332449907431867 0.124423050127453 0.141613409408833 0.0881374787903393
0.125262862396309 0.0404874885856717 0.250559919479568 0.280584778570194 0.0885657664760274 0.154670699074781 0.0598684854174496
0.00688837448681677 0.00927827045087458 0.205684304473571 0.225695763985592 0.257289128255847 0.192261475165286 0.102902683182013
0.070222280303854 0.11252520241616 0.170149455004279 0.209141986561262 0.216021167339308 0.0986831264197618 0.123256781955375
0.291902084229135 0.00424996296204536 0.0702972213109563 0.291745949438453 0.150756682600502 0.00336306950933367 0.187685029949575
0.206798935122734 0.0756698979164003 0.0977058913450075 0.142374608755504 0.142395159572507 0.215953057066077 0.11910245022177
0.168456088602979 0.230946967633592 0.211471833227546 0.142782784264398 0.0570293690831981 0.0336957857888741 0.155617171399413
0.106551327040148 0.0641305287914779 0.184642171254314 0.072216486244183 0.0881335744850919 0.189976741179087 0.294349171005698
0.0679469533840302 0.280190907625831 0.036697554259073 0.106109412028144 0.00541597582705661 0.226964035127649 0.276675161748216
0.023260850050478 0.0510648413245783 0.187134176152574 0.237466806559155 0.261516551266486 0.163812399519135 0.0757443751275939
0.11323992637738 0.00341938161089018 0.452603459045908 0.0433099450748366 0.118005692210932 0.184911413907173 0.0845101817728802
0.178873064885075 0.21239617509338 0.0639850890141565 0.240001319698364 0.166417677881327 0.0644361045842692 0.0738905688434284
0.124138854227207 0.218009329042636 0.112940368620283 0.229566879349725 0.0827399762252436 0.0610709574789252 0.17153363505598
0.202814459129745 0.0735840731734151 0.138112535237663 0.223202930052811 0.145727532351295 0.0792333896509839 0.137325080404087
0.00303406825323154 0.0892242546655929 0.150344141102638 0.0827579252008112 0.220052183884859 0.195509447821715 0.259077979071152
0.169410587508836 0.23969039429534 0.0484747003414903 0.246224685298959 0.0858947505517642 0.000641129537692844 0.209663752465918
0.247237066630969 0.0357653035692103 0.130921247820571 0.283802762660652 0.0104201332164981 0.00674301527692276 0.285110470825177
0.24474685289585 0.245648961550245 0.00512133546130107 0.207441809581325 0.0178608503683898 0.236818699485917 0.0423614906569725
0.218077819593986 0.146655009642516 0.018573060219185 0.131574226046566 0.0700528825610517 0.221516190689786 0.19355081124691
0.151339405004075 0.0547213736517864 0.0799213446687531 0.140453196593863 0.270184668489339 0.142265501594965 0.161114509997218
0.219217284578786 0.123552698400507 0.0426839282039484 0.236188394918624 0.0273134590846613 0.161061351414207 0.189982883399266
0.118625490865181 0.26495429354142 0.154584451516714 0.0418557658678266 0.166582524391299 0.115496131419042 0.137901342398518
0.102612312400049 0.00632348393819854 0.111821951556973 0.329684258935744 0.297156424334402 0.0481166883813375 0.104284880453296
0.132959971280685 0.174274225904547 0.197654732833386 0.0402511752985978 0.11001362883153 0.160774530558518 0.184071735292735
0.00446001560729119 0.335793381144985 0.075306480815631 0.125817731740781 0.0100076287001012 0.105829507165881 0.342785254825329
0.207613197874575 0.140126860240262 0.192346483981839 0.182444248263634 0.107421781178016 0.101614570967512 0.0684328574941618
0.180790828329479 0.214023207658924 0.0529989491034071 0.061764382855778 0.184515840122114 0.209152619754845 0.096754172175453
0.0995123884852693 0.23692526552267 0.128918720689334 0.199165830694183 0.192788426487153 0.12372424123024 0.0189651268911507
0.0902746946488761 0.175260040860779 0.252075738099406 0.132864888744649 0.0671899990304464 0.0157655189597016 0.266569119656142
0.186572360800174 0.0374675064332817 0.119504781651234 0.161997537281819 0.333107926439971 0.029560510571269 0.131789376822252
0.177749702260185 0.140156765220507 0.115819451079549 0.118972787113855 0.162292152165139 0.0938569539810712 0.191152188179694
0.0985491584094628 0.104357989380376 0.201227417531014 0.289896348266154 0.137997645126926 0.12317214524934 0.0447992960367277
0.0859109233666995 0.0857986660002997 0.020573902481781 0.199867640773931 0.129789653489531 0.229520768877318 0.24853844501044
0.205656949837212 0.163723478651433 0.189731802866187 0.0720636893762883 0.0649309955154141 0.168675211347246 0.13521787240622
0.0580585012859387 0.222065015153462 0.022097657996007 0.288872383465441 0.17666254198412 0.10952249419523 0.122721405919802
0.0763838424689714 0.0166009131268173 0.156161317864789 0.274148241136228 0.141753860030514 0.112428213175677 0.222523612197003
0.14728223485825 0.343269825570195 0.0169938591196022 0.344520041364102 0.0343288018187921 0.0416868980949141 0.0719183391741438
0.226062996535133 0.111182053137562 0.177333240671957 0.0955686011835867 0.0108659177446054 0.153157662009458 0.225829528717697
