0.169027424348619 0.129078008141509 0.038625624347389 0.134266432844231 0.13355146533528 0.224724358164914 0.170726686818058
0.109880702714966 0.208216435660806 0.1010111821902 0.0756164863718698 0.106762765915033 0.185729022267158 0.212783404879968
0.066328703523098 0.024073302770366 0.333018602755976 0.251448887462731 0.000660057951741446 0.0228144151320017 0.301656030404085
0.163219213614157 0.218822738405671 0.099349863843173 0.244750312428801 0.13941588654733 9.38405546749421e-05 0.134348144606193
0.110539848806934 0.109642638947694 0.0946644046483452 0.140518003380427 0.0993335148047727 0.194379297604709 0.250922291807118
0.0580003061392232 0.222098002591473 0.161032623932056 0.134372010402525 0.0894034454273245 0.0491771868535072 0.285916424653892
0.0441029633919466 0.0247925986199265 0.00846347961835692 0.173863569645832 0.531259275162654 0.00116097927078962 0.216357134290495
0.0669618661859522 0.197539687285814 0.0726044962626029 0.0953116347090735 0.222175547889049 0.167882950746769 0.17752381692074
0.118362710830646 0.246546836768604 0.0447483934189375 0.168087277251411 0.202081315635076 0.215955978284681 0.00421748781064452
0.351762572701483 0.0248643993965961 0.160273412835343 0.00634949238901863 0.281393760234605 0.114328258774466 0.0610281036684889
0.277571737514146 0.12838364535187 0.216976793331438 0.0321800310586901 0.111658914713753 0.042936528025249 0.190292350004854
0.180234895166264 0.171648272386645 0.164344738233161 0.15474481572255 0.1011116593516 0.0553984566596198 0.172517162480161
0.0638990797184779 0.130304877084169 0.206521728803266 0.106063103275316 0.108942781655868 0.162088743903157 0.222179685559746
0.19006597497701 0.0626220259999413 0.133647599660413 0.105430051642777 0.272839756643081 0.135801716108404 0.0995928749683749
0.242450294081919 0.0320293485640228 0.200232314442375 0.196174411729572 0.195097765527109 0.0698451877531678 0.0641706779018344
0.256995242274067 0.111082990681309 0.0865638291264289 0.164305798659652 0.0270676152991094 0.328238445576324 0.0257460783831104
0.290179262560657 0.212132230308595 0.0275460659317525 0.038154227179994 0.072664695540006 0.133166547831946 0.226156970647049
0.2975561289352 0.181655491219396 0.166876651948768 0.0862767194263856 0.0849743732643888 0.0295476236172039 0.153113011588657
0.172642040292277 0.126116153160086 0.0969260777512283 0.211464638980459 0.140405727715582 0.0939144588218255 0.158530903278543
0.232789757343011 0.283101451743284 0.178357965113086 0.00949692488863525 0.0672092401073103 0.14306630560803 0.0859783551966435
0.201349274613119 0.202412036476969 0.142426364676244 0.0120414096984359 0.204829233050049 0.0253550783356453 0.211586603149539
0.107418452905396 0.135746603541846 0.157166473053009 0.17229128249374 0.178494100433805 0.205011341200689 0.0438717463715167
0.0798302483304041 0.279061676483914 0.123575282795026 0.0742328047537327 0.15374711193143 0.0568480685174636 0.23270480718803
0.030569135123367 0.182153513818133 0.143319136270155 0.148978115788398 0.19057410291066 0.179947633013993 0.124458363075294
0.216893228537297 0.157455526799168 0.0747049195001018 0.172491200658694 0.0908527274753294 0.08672400287125 0.20087839415816
0.170738430790796 0.1505150576068 0.126693514361735 0.171015396032784 0.13668839278879 0.0959032453620336 0.148445963057062
0.163135188165122 0.239972310013955 0.254450235546893 0.0642026697568703 0.103954585402164 0.103769546228104 0.0705154648868916
0.00982197508376106 0.211152358308301 0.259579789239983 0.152504549739201 0.237724229970994 0.0832233263650624 0.0459937712926983
0.181329609176743 0.0863341631627618 0.0813386622248941 0.162091220149516 0.18100525200072 0.059362124479749 0.248538968805616
0.0322744944776176 0.243188259141204 0.0728613801043115 0.0307879576310011 0.123070708824077 0.228100512799175 0.269716687022615
0.273584618857659 0.157164345755345 0.275079095315148 0.0240578441244731 0.134868822987973 0.110488780744612 0.0247564922147889
0.284010796873686 0.197690174741905 0.153547493980425 0.17333606064278 0.0284226894681722 0.146845299880916 0.0161474844121165
0.142387720619695 0.0826089470909221 0.197007743379615 0.0729100003238124 0.0924022808143915 0.194616959443133 0.21806634832843
0.154875520168367 0.165977612148118 0.130294829606625 0.170823911339384 0.0203320822765366 0.191304687695979 0.166391356764989
0.150749485221092 0.156402895442544 0.246513742363524 0.0176371138085663 0.0626136834993164 0.123281602948778 0.24280147671618
0.0391692302066203 0.318212797026731 0.166239723215033 0.225926222229646 0.00661556148100788 0.183677618974149 0.0601588468668136
0.224958838899473 0.131727531865885 0.162594595557446 0.0923546429136752 0.0475589485896179 0.173497121745871 0.167308320428032
0.202328798408297 0.18510300541037 0.121000885428092 0.153490403060591 0.169183682385703 0.164575851958789 0.00431737334815684
0.238678557532741 0.147608377501354 0.12772132183286 0.246915549872095 0.0272128221851255 0.154351374382377 0.0575119966934474
0.185434251891632 0.171106564255829 0.253104290014225 0.15364544501736 0.0226113262090818 0.177603158072001 0.0364949645398712
0.309590068364471 0.127106994326618 0.183387371614048 0.0934262147214919 0.024388553334466 0.0041683214586122 0.257932476180294
0.0297279021816307 0.0685911401312339 0.180655656768947 0.174185684165289 0.253628676631049 0.278659803381485 0.0145511367403649
0.179874507212283 0.184394846775779 0.122534591850524 0.173865801154205 0.0967225708922015 0.0509082713440659 0.191699410770941
0.257587955579157 0.28781101932534 0.170522695339503 0.00846115255259148 0.0047161043889879 0.0686714842986533 0.202229588515767
0.181389003560715 0.15654196666675 0.185121591331538 0.125750268842335 0.17318120992157 0.0448158000371702 0.133200159639922
0.135760943377517 0.177070363055638 0.146613833557967 0.187002403801213 0.0768822922576453 0.0859734932642109 0.190696670685809
0.184963678832171 0.197872824988606 0.196312031332913 0.0163567698458324 0.12660534550944 0.0522021046298228 0.225687244861215
0.0312158315442198 0.0423212732623789 0.00821524134575045 0.2422773902982 0.16755057103486 0.230728856582821 0.277690835931771
0.145095513978983 0.182148868402697 0.161845934752946 0.012583215826292 0.198956273062912 0.169647616204962 0.129722577771208
0.209589843795012 0.104066058564344 0.261699100908093 0.0577501517429874 0.0237074329366273 0.194127180099504 0.149060231953433
0.0948716357444735 0.23437578856374 0.0349984220245307 0.168210070374185 0.199755802076184 0.16314641889727 0.104641862319617
0.0499672588562841 0.212596528760853 0.12482039818371 0.226974225987713 0.196089322350702 0.119761618717653 0.0697906471430852
0.234277885417341 0.125266356281609 0.162016118465035 0.19855598905321 0.0403236675281872 0.0504307371734836 0.189129246081135
0.09003634184852 0.168380990558719 0.236841240769191 0.0911355538696638 0.181723902149978 0.154229918195134 0.0776520526087936
0.11359616374048 0.10244483357587 0.128509416440863 0.0424361501141826 0.131996570951249 0.193911681466846 0.287105183710509
0.105712541643511 0.244526174470227 0.00739056769571365 0.102363681840186 0.218788358104494 0.107717269791011 0.213501406454858
0.277983382594885 0.159317727569714 0.0536218849519036 0.0931798742927857 0.133911094167631 0.153614284150448 0.128371752272632
0.236739512959971 0.329700735566296 0.162166302282113 0.0310431686619513 0.0380231380820509 0.112106344872317 0.0902207975753008
0.0744215407942708 0.00620823139577318 0.0685450661947517 0.207267392917828 0.209648591550219 0.326143834611312 0.107765342535845
0.0147960431036984 0.207922432334482 0.14265845521094 0.104636147660967 0.238157486466473 0.061612323151019 0.23021711207242
0.0677340235898625 0.117750405671085 0.0382837946702319 0.308931532348416 0.0372912501014339 0.074467746061283 0.355541247557688
0.139111483334286 0.205358912412307 0.171378527945057 0.0749947294507362 0.0142060529711105 0.0298243369172217 0.365125956969282
0.145337806477339 0.180061314909912 0.122542646834057 0.209807604904094 0.205827384820111 0.0341199483397788 0.102303293714708
0.114088525528018 0.206761001361529 0.18080290822654 0.0832119073904735 0.212643787814303 0.199982923581148 0.00250894609798869
0.120918158149269 0.19977678195494 0.160205093962371 0.0591081300443207 0.139679651283866 0.160257608750837 0.160054575854397
0.190394023427484 0.0220703447733257 0.241686205609756 0.170209861329132 0.135258618392907 0.0719626755694096 0.168418270897985
0.000955916723097125 0.259498376192662 0.0682348926952179 0.0105406216640321 0.217036268623095 0.240699354315987 0.203034569785909
0.146314332625367 0.233469767328006 0.324037268936488 0.0164362270313551 0.019589501766187 0.0726605971521289 0.187492305160468
0.0105840853829572 0.244133827374967 0.197521967051882 0.12954642558119 0.0518035611263674 0.187431642880205 0.178978490602431
0.101582985994599 0.218874160928857 0.147954266037337 0.0783584795667659 0.0454928663665974 0.201397485113837 0.206339755992006
0.0583784856126438 0.148566213997892 0.0169506832608072 0.234191030671787 0.168597977076592 0.0798251941385137 0.293490415241765
0.0381712133046988 0.163611167013906 0.204764311571507 0.183581533228204 0.197385083216258 0.0157024807000785 0.196784210965347
0.126775780477209 0.0507372006370785 0.24145348745556 0.137930643973711 0.114215478543175 0.0052027571710148 0.323684651742253
0.0216668528630107 0.0535616626359031 0.244705685108168 0.238217652572389 0.035503855771956 0.182415455463812 0.223928835584761
0.0701582043300422 0.17650784183903 0.0251507812736874 0.255138547664513 0.13474941813764 0.188926669513691 0.149368537241397
0.0659856047146104 0.181100047444939 0.0459156313072924 0.241424837098304 0.203432198212372 0.196980419003343 0.0651612622191393
0.260979828349071 0.127809930661641 0.0772438579415338 0.168349634527254 0.0598269504590894 0.115655990038566 0.190133808022844
0.0700147578894207 0.0795198924693854 0.224504034927095 0.154607924635233 0.220469407137816 0.00699334543370661 0.243890637507343
0.0561226502873745 0.141256457895756 0.364988916143121 0.130753989211106 0.127147692004747 0.104325994844542 0.0754042996133529
0.201476380224746 0.173613711443397 0.223291602368866 0.206877374652223 0.111848038954864 0.0240979933915404 0.0587948989643639
0.0766638083335366 0.0742538820304246 0.022122342754488 0.213460121330686 0.0916410452651992 0.286816227593328 0.235042572692337
0.312008069807875 0.119924557054856 0.0451342994868254 0.273388788909396 0.151050375177632 0.0143863482835724 0.0841075612798431
0.187388983964809 0.0296665711093045 0.282411896040737 0.130030063761465 0.223943578485463 0.0732607135239421 0.07329819311428
0.232602524790058 0.139802658511615 0.0178155435853944 0.0527853919239848 0.255385697771173 0.146606157563295 0.15500202585448
0.0871399031795241 0.128879128891552 0.229745242589353 0.0721824463162092 0.094738057911134 0.0636189830326577 0.32369623807957
0.237812946514945 0.1368840390738 0.311606236392218 0.0326963463315653 0.231145273945663 0.0125163353731567 0.0373388223686519
0.250389774906627 0.047361555332789 0.108866173878083 0.0490507903036242 0.0969711658265342 0.184634657859455 0.262725881892889
0.128530732744716 0.0928518921812522 0.240125064601132 0.200172618536996 0.159707958872159 0.129896626579647 0.0487151064840976
0.38836375600815 0.0359923541283411 0.211835052912516 0.0111515128229087 0.147079737095432 0.121390795329786 0.0841867917028659
0.179052966327875 0.209030472481643 0.0127135879234237 0.18879494140521 0.200358461267723 0.162646235450931 0.0474033351431942
0.0572091650660178 0.281018666873746 0.0858267291575564 0.0757348024902212 0.172939022795388 0.230112528641988 0.0971590849750832
0.10136855232178 0.176069474809167 0.155388967851277 0.0738592534589357 0.142088308345569 0.135258956625823 0.215966486587448
0.0358031559583626 0.135230806762162 0.294743488289633 0.0170663503855379 0.221104914298565 0.181122205145024 0.114929079160715
0.196821505695358 0.0994601214687345 0.266182500158944 0.119016293609017 0.0301167199859895 0.0225124358226795 0.265890423259277
0.127937493204539 0.15997551226067 0.152200711411436 0.232102144923232 0.0370602185878863 0.183175253897584 0.107548665714654
0.248831283929444 0.0108942889680585 0.253598074234355 0.0675953767522327 0.0862056907733586 0.261329096813163 0.0715461885293881
0.339860073510322 0.100120478662128 0.0665082105745283 0.073349922550419 0.175952664425002 0.0169929107646891 0.227215739512912
0.00179063482897923 0.175365392557388 0.170906473081818 0.0782086796672961 0.0971877420971761 0.211536068901389 0.265005008865954
0.144248960097548 0.191351862842889 0.17300923512025 0.211048287334501 0.0982837818609505 0.00845938978917225 0.173598482954689
0.256439701006715 0.278496135722292 0.00754337282532195 0.217495279270175 0.114959931501958 0.0119410505450694 0.113124529128468
0.0178165971306525 0.214409423651517 0.270444221195408 0.256522978475679 0.0215297463829516 0.110287898571818 0.108989134591974
0.168671454525051 0.0923253569955619 0.249094930380841 0.0278047634267025 0.14059925400028 0.183595712490884 0.137908528180679
0.0631350213328332 0.169011299258491 0.291763048893177 0.0866525056270377 0.248306175835847 0.105789240690921 0.0353427083616929
0.178992139422001 0.0334075868543378 0.138408897230484 0.204930423664663 0.100105656708352 0.150450774876911 0.193704521243251
0.0785765650220997 0.118921208597513 0.0644447111604083 0.182733831841532 0.0402116851242879 0.308110323406333 0.207001674847826
0.194421705953056 0.273832675590181 0.0081190957765323 0.244344797651548 0.216314389405147 0.034025826806544 0.0289415088169917
0.0947291744697141 0.230274950689426 0.189024106566506 0.0427129654282853 0.221234613124091 0.170200756536348 0.0518234331856292
0.0598124582125394 0.0854491348754943 0.145228339190257 0.174413297752772 0.179428453769755 0.192233402554351 0.163434913644831
0.140071399248779 0.273485652764252 0.0265853618910909 0.102013788353618 0.0613124402817336 0.177896582927032 0.218634774533495
0.114977484647237 0.195852936178127 0.067426585333856 0.0754551797125085 0.22036873170057 0.0418531724575299 0.284065909970171
0.4212921258795 0.0254841660232251 0.0254211196331924 0.142240806553471 0.0113306874586627 0.0932361683808073 0.280994926071141
0.245117631555508 0.0657393319648015 0.246952888880493 0.0386513415250271 0.194263586527088 0.0434670661045726 0.165808153442509
0.220020957696226 0.348162438271721 0.178214058080765 0.138114931823321 0.0348473256558235 0.0154441523583375 0.0651961361138055
0.233359140037701 0.170942493587168 0.0345652738546888 0.0435192623131506 0.201052910910708 0.0719847131481217 0.244576206148462
0.0765656079854175 0.338119447119938 0.263032811583815 0.0239836153269253 0.0985831298077159 0.163922831450967 0.0357925567252217
0.0756532078684085 0.228265666692404 0.00553272977146734 0.199116181445826 0.105561085637557 0.294871460612437 0.0909996679719001
0.590566957804244 0.00807115454737189 0.0324551567038497 0.0666052482038605 0.141612503599408 0.134264162262018 0.0264248168792478
0.093896454391619 0.195041702477819 0.055770132646926 0.19321714182307 0.273910473398554 0.034981251657316 0.153182843604697
0.0732535724762181 0.16903279567719 0.11159362189476 0.0910757711880951 0.196303334805901 0.191829254130229 0.166911649827607
0.0596414144368783 0.10342295619098 0.172921666664196 0.052174282662485 0.166640637707791 0.211571810105493 0.233627232232176
0.0704477625460681 0.224955537761429 0.132899878517684 0.175163375430435 0.0585999763439443 0.159252434080127 0.178681035320313
0.123824997774702 0.250717752971497 0.0696915360892618 0.143903925470648 0.0661295459013149 0.131821864752307 0.21391037704027
0.193254595752097 0.0908383775374647 0.119630818143578 0.142672746267668 0.185450864370036 0.0740144171030907 0.194138180826066
0.0219508569261843 0.111584849236243 0.0342994622195539 0.185346025630166 0.182859849390871 0.230337022837322 0.23362193375966
0.223896020761424 0.0161120135893691 0.00897941878574479 0.173499473901433 0.206323628299873 0.260413985704705 0.110775458957451
0.120523302038048 0.366651459174933 0.15286324203882 0.163609363259384 0.091948251744893 0.090520070707632 0.0138843110362899
0.258968187248138 0.25063277366669 0.0210870873870653 0.225962259105414 0.0324572675816872 0.00283405559503034 0.208058369415975
0.230697344936599 0.0723163544982545 0.110148329913032 0.183318272470202 0.144942139710444 0.0612574106169149 0.197320147854553
0.0275752182539744 0.000167359634779811 0.311078202563804 0.213137396373811 0.0805545534203909 0.33849806724515 0.0289892025080907
0.112995217621065 0.0949207496878176 0.141912633691824 0.0225318994565653 0.223657102595017 0.272462472788067 0.131519924159644
0.352596218656418 0.0981887481524216 0.0325875119612256 0.103745755889357 0.226695808735881 0.0417890369016579 0.144396919703038
0.207731860816817 0.10228183233501 0.198028156863139 0.200862617176769 0.0283450266360729 0.157459266547046 0.105291239625146
0.185868676964052 0.149966156719017 0.0808230300261665 0.19577758856775 0.0595835583736938 0.163753994458997 0.164226994890324
0.106609295412656 0.140557474734197 0.127773833873234 0.173489052036506 0.11501821955178 0.199870501909843 0.136681622481785
0.170839836518114 0.141428857022768 0.193250526261956 0.0674490875599633 0.169545300750955 0.0240413560463543 0.23344503583989
0.217772196294682 0.147812870577617 0.163810788008755 0.241625719414817 0.0776193047771485 0.0934407817950463 0.0579183391319351
0.22118735995687 0.0982942875922418 0.104334078125559 0.0718842882500392 0.247979068864791 0.124699222661964 0.131621694548535
0.307078918956289 0.0754289215376971 0.0698891817669652 0.152940909380418 0.153107324477178 0.0148105937963898 0.226744150085063
0.22864434901664 0.0979454056473976 0.0826641101477562 0.162182885065115 0.286222747173255 0.0896618285471422 0.0526786744026947
0.0441625837040606 0.376383272181551 0.108249701689365 0.0867151654528216 0.109442853765167 0.014095652496022 0.260950770711013
0.324799600714613 0.198078536807662 0.0493554478897399 0.0277307331564265 0.230728949409319 0.125706144782484 0.0436005872397554
0.121774916665125 0.0608077406768849 0.138139465335073 0.0639011230915149 0.149554692795282 0.18769631470847 0.27812574672765
0.0498484334300528 0.0850642795495536 0.214744988784381 0.231487730055685 0.191032237728673 0.126614237722528 0.101208092729128
0.247357512262536 0.0752153932840736 0.115320577701526 0.192321017185987 0.0389300463787281 0.210842247113487 0.120013206073663
0.169648686466782 0.144373222265842 0.209899799338043 0.088048718677761 0.179893803567426 0.0979685629943992 0.110167206689747
0.225784758612574 0.167075497146305 0.0431553687197014 0.158047101072584 0.141638165177123 0.0642238642602964 0.200075245011417
0.19565644213168 0.117681011282726 0.192778710781653 0.145868090853563 0.0915025531696441 0.163959536263309 0.0925536555174259
0.0987122810551686 0.225467733855628 0.0297247403333906 0.0766919454355618 0.182199616486814 0.101520931658174 0.285682751175263
0.149615187619432 0.182665109646946 0.161689366493673 0.138841145632484 0.178475185560816 0.119671021300644 0.0690429837460059
0.107233451861561 0.127952594703243 0.0842052719510425 0.068306813832587 0.133161626609164 0.354483368184531 0.124656872857872
0.294176469910137 0.0792891043457857 0.0464964026649382 0.0982096646673609 0.197991479383031 0.0501946031037497 0.233642275924997
0.248595559432198 0.0533357974558977 0.0254879450414573 0.254809522159494 0.00980286780399492 0.173493689516875 0.234474618590083
0.180308605479464 0.165970875293356 0.0403049400594228 0.219223214991638 0.0524428004995564 0.139843720218317 0.201905843458246
0.0891570757256797 0.169382408088587 0.153933661573988 0.158691713957736 0.256016517549508 0.121276800699549 0.0515418224049522
0.14422920261879 0.0897905481004092 0.134581011003345 0.132126862615911 0.132562570443643 0.188996288596143 0.177713516621758
0.0356215703816702 0.150172262076213 0.0958371073041511 0.0302955148201303 0.234054987379826 0.382736098340843 0.0712824596971662
0.36068902707311 0.0510678402239452 0.12100953807421 0.188920912359067 0.0134004745485307 0.0080328984340562 0.256879309287081
0.21491735491536 0.158166886969869 0.159881693266284 0.193131668779805 0.0722807031445543 0.0242691193253912 0.177352573598736
0.0308910449016445 0.230735589809087 0.10995070123217 0.17716677147361 0.097044265741236 0.188998239476257 0.165213387365996
0.085278828483393 0.110052333821364 0.0778897378845747 0.245230947749796 0.080078001749812 0.192725306217187 0.208744844093874
0.0666721616589079 0.111312103803046 0.157681430452497 0.267936830015673 0.0478517821635005 0.279610083850288 0.0689356080560879
0.0794024803984993 0.210241929262362 0.193961265290336 0.30437674134373 0.182418593716904 0.0243802927701367 0.00521869721803158
0.207275895574582 0.0926956533224622 0.0146868637991157 0.10182142397266 0.262749034618486 0.0726844307558002 0.248086697956894
0.0541692259365828 0.233485214867436 0.249006963234543 0.0316984300358275 0.0457266486453753 0.23325318325132 0.152660334028916
0.0657544237394195 0.121344527166448 0.242917439568001 0.0971315840055407 0.170405341540123 0.170376829457693 0.132069854522775
0.0420003661984023 0.285346205929225 0.0913196258396718 0.29352361924957 0.0687973321789779 0.0756200794864891 0.143392771117664
0.197926016217261 0.166776259375911 0.064595788923136 0.133180720444545 0.240445263812122 0.0239880898641845 0.173087861362841
0.203570922199265 0.0304297771118423 0.285873046979169 0.0247730548212121 0.25048166386993 0.13040904363342 0.0744624913851611
0.146907917854321 0.0764514239824438 0.260205542652282 0.0114849844219569 0.173393763101084 0.143040098378832 0.188516269609081
0.00218798481669429 0.249018519781802 0.14839142925433 0.198584478591554 0.194877095315408 0.104858864639037 0.102081627601176
0.116421429272617 0.244614036625826 0.100769413760037 0.129734909723992 0.0803922200793805 0.201770876366568 0.12629711417158
0.166747094064531 0.199199283052557 0.171320796888741 0.0188091856262985 0.0427112664377353 0.299159719677277 0.102052654252859
0.193861907461004 0.118253554010764 0.0834755434372986 0.112876099798721 0.174630238590329 0.122676779871593 0.194225876830291
0.114990506974882 0.0669492699413479 0.0711286028135214 0.182828024833518 0.119204943225675 0.23475539716366 0.210143255047396
0.204011427970265 0.205587773322113 0.069449615517502 0.164983020689576 0.064707575442766 0.182874182609667 0.10838640444811
0.152084233849075 0.254856990406677 0.088764302822802 0.206054902728998 0.137229077195991 0.0146692989366713 0.146341194059786
0.0300091018211578 0.18685096830446 0.0166543116137539 0.0580976198884745 0.409294572494333 0.026403178450978 0.272690247426842
0.158228722750792 0.0943848860250403 0.175013948452768 0.177283717911348 0.170973125245095 0.0508232436396818 0.173292355975275
0.192097899583827 0.0689144805110486 0.249917528762366 0.0179123965823707 0.238131688416012 0.160547513441423 0.0724784927029525
0.0522892907236103 0.214651438704486 0.06617864939252 0.136386432357175 0.0943523795492639 0.218247480991337 0.217894328281608
0.0705187503693287 0.159888025139053 0.116762145986141 0.191351372365563 0.223494400542277 0.0871830840014024 0.150802221596234
0.190817900958826 0.330280420130622 0.269105642159964 0.142717239068364 0.022500537468568 0.00267520106627795 0.0419030591473777
0.100153963660776 0.245559087145966 0.17500873707223 0.0368943667798449 0.210193901350661 0.0784091300951429 0.15378081389538
0.312044158482969 0.257742963483992 0.00849875253389286 0.21419841088222 0.0143841427379692 0.0791886111949721 0.113942960683985
0.122639942750217 0.153790135225215 0.0168763943798905 0.133928450096627 0.262998240191529 0.0529488985249667 0.256817938831554
0.286265182431671 0.194131440636737 0.0075403637062431 0.154519660760132 0.0284495705777115 0.252561000149346 0.0765327817381598
0.253526549851838 0.337123401331835 0.110523896708706 0.010758284707346 0.165716603690378 0.00572795172753737 0.11662331198236
0.081695215001438 0.264177758557133 0.0907998509680139 0.179640199903084 0.00945797162918663 0.199696009729143 0.174532994212001
0.0932493023180434 0.268236052504164 0.0604210450739246 0.137752307105228 0.0632613170863258 0.262746817194455 0.114333158717858
0.0884407613402853 0.0448027296788209 0.277317250507177 0.200372630615257 0.0943996660040168 0.217042988500037 0.0776239733544063
0.196029168594629 0.0642618049617883 0.157097006553422 0.0790829281759201 0.216479366160733 0.029894021585577 0.257155703967931
0.277081934696098 0.255657131255042 0.078817884972033 0.023724209316767 0.119614625686335 0.0190810747840428 0.226023139289683
0.0733409459480768 0.0584912489538505 0.0683682519751705 0.2305443626423 0.0972987886568923 0.180640052864471 0.291316348959239
0.194472238562724 0.00768634213647328 0.146394154272104 0.075731344542961 0.129660641296204 0.0617893461989742 0.38426593299056
0.0258600523961161 0.0871637789460212 0.261017389253856 0.210741372971163 0.0635169818739949 0.161466188014478 0.19023423654437
0.347724683556958 0.0263590536702556 0.124891285075533 0.0341219325179634 0.379282353251652 0.0748387999762526 0.0127818919513849
0.097671539446385 0.24280501538549 0.108743780869467 0.207730736758629 0.0268422394238445 0.238849737287801 0.0773569508283824
0.176784547391578 0.145366102696187 0.00946136625516223 0.0823541638132983 0.179891479648015 0.21319780958447 0.192944530611289
0.0451045445894389 0.0585741650264828 0.0878232841124641 0.252095976335908 0.260124170642181 0.277128006945411 0.0191498523481141
0.111961464536437 0.197701617835479 0.0888743059840413 0.160069607464702 0.0395270535384031 0.207329867814835 0.194536082826104
0.0164751682365527 0.0264374085741576 0.143398140782297 0.311487961804328 0.177070061782408 0.259152728609582 0.0659785302106748
0.195820518857043 0.0967488302396011 0.0849659906768782 0.150264564301978 0.210174859468741 0.0729372727069022 0.189087963748856
0.0815091088442988 0.118802384756825 0.0531911675034972 0.33302854090153 0.221035819506908 0.0219794403693791 0.170453538117562
0.0904125415518043 0.180346587420144 0.109041752143899 0.226480405453775 0.123901637968907 0.0856044396392442 0.184212635822226
0.0672241414647241 0.185276643066583 0.223595470661339 0.0832192315860471 0.195459747457158 0.0552125890526904 0.190012176711459
0.100059105315699 0.230380588200113 0.252151345631501 0.0987608632793013 0.0423606332494646 0.0451424258370249 0.231145038486897
0.120805315987149 0.170791820884977 0.161011879039149 0.0442323625824288 0.255790486254933 0.0561279087410629 0.1912402265103
0.142026980950962 0.170090825372936 0.142487357254869 0.0896364369152284 0.141427374945389 0.176658130670852 0.137672893889764
0.219637381731918 0.216511617324329 0.0469549834488599 0.0524235305061467 0.138653545940832 0.215122625686165 0.110696315361749
0.0298023930468845 0.0554204443345075 0.134359795630765 0.215923563831978 0.284856417728506 0.162088676484735 0.117548708942623
0.299193276434058 0.183433565792283 0.102473441640429 0.0795994835783672 0.18811794587651 0.069093092319282 0.0780891943590715
0.010864856850377 0.264305363376824 0.186394579313159 0.211226206000387 0.252305415422304 0.00628232014466257 0.068621258892286
0.124954965451366 0.205194993612488 0.0878631015121742 0.217247119828555 0.0331139470156435 0.251639709564924 0.0799861630148493
0.15056537020886 0.267689341675631 0.0739246588038621 0.203315658748731 0.117279411854263 0.175503496130329 0.0117220625783235
0.0334742900472288 0.232540054167847 0.235794462733192 0.192496331259369 0.127459918662221 0.153968655724195 0.0242662874059476
0.304912560335411 0.264347844111619 0.097345812933823 0.0566228573281886 0.0263075884843442 0.0904630892471501 0.160000247559464
0.27046482566644 0.0604209112453378 0.0943023611900904 0.03543885312719 0.2663797965574 0.2149832846682 0.0580099675453423
0.180577184235547 0.0900405294311892 0.220750786588003 0.0581815719194378 0.207303872138074 0.131751192174813 0.111394863512936
0.0846357281241283 0.211478636635954 0.255051918813201 0.0677351931848593 0.0727998263966366 0.102904292688845 0.205394404156376
0.148934927844907 0.135391366221776 0.189331198307218 0.0584938365788516 0.200511816166517 0.142059020895967 0.125277833984763
0.0660672303980172 0.0248638480635761 0.138382477334134 0.0820010143312646 0.25056136103009 0.258956716243202 0.179167352599716
0.151766558604194 0.235913445960429 0.22351759609791 0.212544026565327 0.130450079244436 0.00342127676257303 0.0423870167651305
0.0251614042172956 0.0442355661093753 0.247353587495714 0.316131238874623 0.191211386468205 0.118138884044503 0.0577679327902834
0.403563925219312 0.0110223357576498 0.204949697480819 0.068456532567578 0.236665897689607 0.0703367148507124 0.00500489643432197
0.0726253135292647 0.2088503884424 0.0536547518093702 0.0700577707536531 0.0838408017876141 0.386707588140611 0.124263385537087
0.0245841215548564 0.339707115228935 0.21267153395584 0.024091795921638 0.0866299302257925 0.117672752471109 0.194642750641829
0.107792602024915 0.159016014797839 0.0739945120901356 0.222979196481561 0.216883698241491 0.0269180330114514 0.192415943352608
0.152287794901185 0.20257339131089 0.000533605276483638 0.283360874328777 0.145846918869627 0.115658868311021 0.099738547002016
0.106031898405931 0.275919994813403 0.0720939216880587 0.186470853601468 0.00435989713821193 0.182951756919074 0.172171677433853
0.114788455782786 0.151254334128961 0.00906705320703696 0.0986014301761281 0.0262274304779118 0.15111573561046 0.448945560616716
0.208056036203458 0.0353175220847866 0.0430475405467737 0.189230876703006 0.114750507035215 0.199127488996271 0.21047002843049
0.0413389806956896 0.168085511532334 0.144070392531412 0.253407739091279 0.0437173277910775 0.159802684947239 0.189577363410969
0.162475405264159 0.0533091457242226 0.0731123738743579 0.179825449700437 0.0797044793080114 0.102317289655197 0.349255856473615
0.0735738174738579 0.00851642113182368 0.203983754290529 0.247229641269506 0.191749937916845 0.109211084616932 0.165735343300507
0.158300456318183 0.0316674077945573 0.25054901415196 0.207542168627125 0.0415373521108715 0.149618424165977 0.160785176831328
0.137658642510692 0.163659611662643 0.0596394177953572 0.210621022874044 0.00181481999285004 0.205515352737445 0.221091132426969
0.206071963098833 0.147586295007585 0.130635330627539 0.0845908653785781 0.0720364654380171 0.241515697079214 0.117563383370235
0.025305429898595 0.0177437242209015 0.118378819494356 0.270355167635704 0.273497801856297 0.141350932574116 0.15336812432003
0.0835577791218085 0.174454909237982 0.0205630585360464 0.101304394285378 0.204390412922543 0.215715126853273 0.20001431904297
0.0416323798320066 0.0768180355776293 0.11756584157599 0.045882698483869 0.215302305116746 0.224936580655653 0.277862158758106
0.119934044740017 0.178917821297988 0.247590929123197 0.201596196351832 0.0702102193992747 0.0263074206081552 0.155443368479536
0.154185806576999 0.177655309731046 0.125080998702569 0.176904012754217 0.136859310660811 0.189349201891491 0.0399653596828656
0.329452133873081 0.14361017559697 0.270354279394204 0.129189186157821 0.041427777753414 0.0801898903803073 0.00577655684420203
0.200929182875911 0.19941938607266 0.0362611988757339 0.0211792551667716 0.169765251091303 0.197832923743659 0.174612802173962
0.175705002065809 0.149270986447419 0.194439197335061 0.145959146446042 0.028635884737271 0.138443040436736 0.167546742531661
0.0601380096849139 0.197600580162265 0.193943490527216 0.0201841801584549 0.182512243229105 0.151231617493569 0.194389878744475
0.0701168491728796 0.309346624855079 0.145134698675252 0.0542875038243309 0.0622390221943715 0.217827203555657 0.141048097722429
0.25775784460168 0.13471469328475 0.143321120956027 0.0354696352591144 0.167555769854465 0.228562765683308 0.0326181703606572
0.125914721639521 0.122517142653095 0.0485861656790038 0.218843218846004 0.179246533007385 0.139634449572751 0.165257768602241
0.211525739755993 0.22741520491482 0.153468615998368 0.0863851319246738 0.0572489916802206 0.084391611338385 0.179564704387539
0.142000490380204 0.0725554228126164 0.211832762047434 0.203837296991584 0.144127229124063 0.0634357757326062 0.162211022911491
0.211373163647267 0.0199903530948073 0.197172034560792 0.144626777086481 0.0933242632202347 0.134385561218898 0.199127847171521
0.198802680468846 0.102387193123488 0.0362736531864801 0.272418085914692 0.0680116200491756 0.116037632700142 0.206069134557177
0.0345083448542753 0.155214558841464 0.201014428049632 0.0319621916276086 0.0965091885639463 0.212008881153689 0.268782406909385
0.182121960447578 0.130918802228447 0.0774126939337079 0.201117029853185 0.0785750576501981 0.165934920319235 0.16391953556765
0.0618636515934263 0.0959662399176384 0.182082092461217 0.174824759200616 0.127430231605061 0.157802650524223 0.200030374697817
0.156074621937305 0.219618922776908 0.143605322097245 0.30671032777152 0.0277483933061736 0.0675564642738306 0.0786859478370182
0.0485360546439846 0.24544807887732 0.0943516236409324 0.107303710677266 0.169975386384871 0.126505959556514 0.207879186219112
0.142887305658774 0.181917070037564 0.207275645888899 0.09929092652708 0.041159212705385 0.160361655281739 0.167108183900559
0.204187195291382 0.105433973531174 0.0369338835226758 0.223400818927533 0.160129696135771 0.10770500543223 0.162209427159235
0.166696996479455 0.0360770330498586 0.194774001944439 0.173833121731572 0.12761364567679 0.198494996818309 0.102510204299577
0.164217473282493 0.126738985625472 0.17325031297676 0.230037890804787 0.1121356121831 0.0982885066251126 0.0953312185022739
0.141041784124499 0.121732791354638 0.101134838333384 0.151575628379517 0.153365085425241 0.196851391596825 0.134298480785897
0.157069748665999 0.294470631697105 0.222271042293426 0.10214898868498 0.0289244066810978 0.153018724695483 0.042096457281908
0.303493886512789 0.062802696131361 0.176721268842311 0.106727957958643 0.0518863138714393 0.101628545454376 0.196739331229081
0.0552059976599696 0.130339898677652 0.144556203133386 0.15581015003003 0.127945462266827 0.176362613803884 0.209779674428251
0.0135157329311988 0.274535363446282 0.0488624465234152 0.112573428538585 0.0844693902545283 0.295817564510036 0.170226073795955
0.0496954337826426 0.221042021960898 0.143173124641047 0.182867454437421 0.120709750669969 0.0747757984784654 0.207736416029556
0.0659544788138439 0.278201820936087 0.0869307204689573 0.248485853653124 0.18356280233586 0.00183020153071623 0.135034122261411
0.0871671166692075 0.28528204050414 0.150350830275806 0.0863003611722448 0.184057235419934 0.175483445102657 0.0313589708560109
0.175807611890103 0.201219099829897 0.151376032850614 0.00485625462941098 0.184880249196929 0.226779463880677 0.0550812877223695
0.127753833508163 0.0932636136963435 0.164919841294798 0.154075752968534 0.17823660479973 0.148605752019188 0.133144601713243
0.146676731079283 0.145222230948322 0.005674836460946 0.213597469152859 0.25919423816449 0.074679160010843 0.154955334183256
0.0115370418376916 0.284265496676686 0.0888374227352155 0.130496616347598 0.0313898345664092 0.12146839912695 0.332005188709449
0.184079998599919 0.100077976532482 0.112163917943142 0.0983419806625092 0.176600953619421 0.220217404002074 0.108517768640454
0.157546820302439 0.162145934372767 0.0157553904792705 0.212252716178577 0.215908724714455 0.00474913137590862 0.231641282576582
0.126842485762863 0.0800418194510802 0.10832604275139 0.215508864828454 0.122627989535621 0.334070333934023 0.0125824637365676
0.270232100622078 0.150844636949532 0.159834345006526 0.107953052920525 0.164458447147192 0.0973123089099295 0.0493651084442187
0.223104964027765 0.101824769949939 0.0808989647911979 0.0859387561917938 0.202027287448817 0.115435021797826 0.190770235792661
0.177802312131866 0.0853519102898011 0.262409224622502 0.100589145934123 0.094198557577797 0.266922258543372 0.0127265909005394
0.000756493001614888 0.201615611015684 0.211074167684292 0.0995199267071432 0.237308623674604 0.21384526200165 0.0358799159150123
0.196500825731688 0.117733373997821 0.151116052413369 0.177015900089366 0.0870040013463583 0.08054017994709 0.190089666474308
0.355940972552282 0.0689852227866296 0.0270368435227304 0.0253771675687877 0.245821341368509 0.0917518707974945 0.185086581403566
0.172626551070134 0.0857150649044391 0.136303694485536 0.0449106996611886 0.13329939732146 0.412818799394283 0.01432579316296
0.193084499519878 0.0757826340013349 0.0154597083181691 0.319829232548123 0.00838471531467249 0.203601894265084 0.183857316032738
0.139122018175777 0.12127735895732 0.0730103200375746 0.0638758036547691 0.162000986698756 0.0563626499353533 0.38435086254045
0.136795789169357 0.0424513122432293 0.321649826666786 0.34409764284081 0.0502282550359821 0.0925093578909135 0.0122678161529218
0.0186941455947634 0.221256745468292 0.153091130186185 0.21446655583757 0.0744937461137228 0.147405580246183 0.170592096553284
0.0978863948915011 0.106463695286025 0.281109125978779 0.149998552011616 0.0470077709725328 0.259858792264525 0.0576756685950206
0.162466614926608 0.206199624984872 0.00353580164021202 0.122346002607419 0.236011394695971 0.111192670779649 0.15824789036527
0.187705728907424 0.063825949077133 0.247959975415201 0.115021891792145 0.0660987953764001 0.257262780794605 0.0621248786370931
0.033169997383211 0.0250699278417398 0.311713607627735 0.0346196291146432 0.174505117629194 0.3323583084695 0.0885634119339769
0.111975017415682 0.197093523433555 0.10717716152223 0.230402722598172 0.117374397255182 0.205104659301896 0.0308725184732842
0.222557379737384 0.20389915975669 0.0229989210503671 0.138537322852996 0.121498589906952 0.140405090062849 0.150103536632763
0.263285048980642 0.160307117025078 0.197732253190232 0.225496764472996 0.021021786310566 0.00352537834108479 0.128631651679402
0.146266299542967 0.202011766951891 0.0921193394740679 0.141918901938767 0.0579587737488466 0.140539825245364 0.219185093098097
0.127728124664697 0.112741937630997 0.179629704846761 0.137609924034512 0.0862341898435945 0.178858972471763 0.177197146507675
0.092759631160311 0.247123280090769 0.176787275703078 0.134949458848721 0.082781350654802 0.15018601860425 0.115412984938069
0.172314822371813 0.0248760985508908 0.114405581017838 0.203449229967123 0.112840633307791 0.198100185120837 0.174013449663707
0.170843320304226 0.0696701017540274 0.257699769644466 0.169688451362077 0.115630736295449 0.211092387639521 0.00537523300023328
0.203799195493269 0.00900241520036157 0.103858285417342 0.185126547277621 0.191154414120971 0.0955084162256727 0.211550726264763
0.0444564432387254 0.155355879991045 0.111302376690021 0.18741612025786 0.187618051646728 0.152365430376574 0.161485697799046
0.0158599334910782 0.155510747685746 0.0460807831644967 0.319156471017655 0.269685049302285 0.0697991770002223 0.123907838338517
0.198753415887792 0.108256018166808 0.0892838651438215 0.188295406736913 0.188328102342895 0.0879613518343835 0.139121839887387
0.191321624236295 0.148360687808105 0.189139419930979 0.183185819096611 0.172820611564558 0.0413095268935799 0.0738623104698735
0.0920238993554591 0.0341104941708372 0.131488744981154 0.270735155333211 0.194068944236985 0.0506688392864538 0.226903922635899
0.139271366627162 0.143204081185684 0.283811185206724 0.209504405791815 0.0798431130240025 0.0351685279835952 0.109197320181017
0.0635258296378526 0.0138995497305322 0.241146280825205 0.237393886277917 0.174182394749391 0.136037300765212 0.13381475801389
0.0840675188931323 0.228205033751577 0.040806463230471 0.0688454974057991 0.0274825901536441 0.285087348101469 0.265505548463908
0.12725670221842 0.102502981491665 0.0559247965138442 0.251603254930391 0.318453007674621 0.0520314282832345 0.0922278288878244
0.120851955135346 0.0450327511021532 0.0925793059456903 0.0789132551312645 0.137619811472937 0.214920119029705 0.310082802182904
0.0535872884494141 0.133970104512216 0.13620674619222 0.293575218379648 0.126010289889268 0.0059710566691685 0.250679295908064
0.220030362115049 0.154607341309114 0.112186306872224 0.12851821313937 0.150375641264571 0.154633626355223 0.0796485089444479
