0.0974155988426864 0.0556721083027932 0.0418386072584085 0.146373124666855 0.145879172188163 0.025236898278542 0.128531946675647 0.109566647935035 0.0804516462783797 0.169034249573491
0.154897348104476 0.153819202168688 0.0400463956777129 0.153755232227719 0.00400880784833138 0.0721213325149408 0.081443781130544 0.108208543037937 0.0940914359319715 0.137607921357679
0.205799750149644 0.132392351285024 0.0564566039103447 0.098142889361314 0.131520867370679 0.0465077030451623 0.11420182008988 0.0125309643694068 0.0987493142603393 0.103697736158206
0.0589103846557406 0.1381055528894 0.157851187587086 0.228392892626154 0.0647332204792503 0.0150651834979951 0.108943626006778 0.1292976521679 0.0518986069252018 0.046801693164495
0.130687231982308 0.0936601283337883 0.123319171306034 0.0175702013719766 0.114057875531314 0.198028060303843 0.152916756908964 0.0305527411354035 0.127668817073117 0.0115390160532501
0.0164713248117085 0.138707169264481 0.00570505153635108 0.179358238688226 0.0442140763357782 0.0882892061685496 0.116637380936369 0.195913875078931 0.0469257720179667 0.167777905161639
0.0274718245450284 0.0246030682942038 0.0770067980807505 0.141385480212 0.110951528045575 0.140110968238871 0.176784832243153 0.0347268786306125 0.173195245594983 0.093763376114823
0.0709897932258493 0.0603420790648734 0.141767660824576 0.124887032505172 0.162063584494615 0.0331435746225319 0.147135607193005 0.0877206812192993 0.0449680337885948 0.126981953061483
0.0198574886247894 0.0860421090271625 0.161013094875783 0.104905063327232 0.153007701794313 0.138574789918862 0.15198604825906 0.03721212976571 0.128975998807989 0.0184255755990997
0.0424136523807479 0.161637212590518 0.0897211415825541 0.116479832502094 0.0704842452050208 0.161690756363916 0.0451628828172218 0.0839399053018703 0.145447291625576 0.0830230796304812
0.169235719533856 0.0361977276409661 0.0825384777018013 0.122529594434886 0.136285452831829 0.0621646923206173 0.0102564514986087 0.163545703464296 0.0856087022502433 0.131637478322896
0.0627499543676182 0.14871695065601 0.155837249098069 0.143352463992746 0.10648593087255 0.0028958192842572 0.124633150121067 0.142888235343054 0.0758053436064494 0.0366349026581802
0.149610250421581 0.220130582882617 0.212032605921628 0.108042103812042 0.0286832601176137 0.0230407061373298 0.0140294990331898 0.00850639591601825 0.158972999800426 0.0769515959575548
0.0961846283344138 0.0297611679384901 0.202070314824647 0.0299266763813249 0.141320735449094 0.244536412673499 0.130426619053968 0.0133516498991943 0.0217062345274806 0.0907155609178873
0.00482962777879929 0.155092473830492 0.0528318390895617 0.233823504612471 0.117942937549874 0.0713542606492439 0.0187757136147568 0.129344118331336 0.0890022436664765 0.127003280876989
0.138687275089657 0.0981264674369657 0.147569135975417 0.0384255968739436 0.145080074385057 0.120006358201129 0.0581364934390378 0.0344033643211853 0.0727266726504414 0.146838561627166
0.0695593023258833 0.0555933113423476 0.109320355904199 0.203108376361734 0.116379418743929 0.0750243991552348 0.175939594846877 0.0679198059529975 0.0350910341176838 0.0920644012491138
0.129464253096623 0.116261927426757 0.0737595622876607 0.140185155548638 0.0403045062660787 0.137742955640833 0.0634433693938403 0.0862934782044909 0.0925653120741485 0.119979480060929
0.137352650865647 0.147620627448931 0.0092487678873614 0.0165498647946611 0.203942841724876 0.223102735562659 0.0946364103282025 0.0909603481687545 0.013049874277788 0.0635358789411202
0.0143891159433465 0.0225542948938226 0.140933933858085 0.193631736689275 0.109215152300924 0.25464303519107 0.134028088314567 0.0409225150391183 0.0534632327126185 0.0362188950571728
0.140467199838765 0.0788594342558283 0.154691666859536 0.160894587659453 0.024551241923655 0.178613153619607 0.148843276818392 0.00918242326704304 0.0779530571120009 0.025943958645719
0.0329031574205772 0.0946561756762727 0.129021715346184 0.0615615220856039 0.069040001948242 0.16904947982689 0.0181000963446226 0.0133350429395462 0.212517450199369 0.199815358212692
0.0993462864251728 0.106263748183427 0.0261920478107985 0.0472142766200255 0.133419546836971 0.143084183613242 0.0951111686706604 0.104789783603506 0.0736326890573238 0.170946269178873
0.0524114338863541 0.0460739902751806 0.0436198292338774 0.174506851241193 0.088648540089053 0.154724302117809 0.180318323715845 0.0771800907188682 0.00830633712097681 0.174210301600844
0.13199234751481 0.0336651470321819 0.125726617405261 0.125725595376847 0.163594811952137 0.0219597989267764 0.0487984932804532 0.0282324218904806 0.157849965502348 0.162454801118704
0.0506489783780435 0.142319981789496 0.0383594541116828 0.0671037935459953 0.0785698657755039 0.141247671231949 0.181785286495271 0.0799884839782434 0.0702487444343554 0.14972774025946
0.0675045736491073 0.0409472865568199 0.108229534495181 0.0657560368259011 0.0877695166199551 0.154901873947133 0.126788434966963 0.079975028763295 0.139089018969355 0.12903869520629
0.00899210166137886 0.203483599457437 0.0393200008659555 0.14711857852096 0.123788043555595 0.0793600149772554 0.235072869739344 0.0711506761412937 0.0518765850522144 0.0398375300285662
0.0334298169023993 0.0794124367639391 0.106654633759323 0.146174003141305 0.132283980267918 0.121253483008211 0.0574639540549384 0.0735459750429114 0.120649167078841 0.129132549980214
0.0608740183223075 0.103741496462723 0.135956567258343 0.0412042637390018 0.163582694969719 0.15557616961929 0.0301104900507607 0.120363142174283 0.0498441063569019 0.138747051046669
0.140107540503323 0.107508846384615 0.0382197286890188 0.0290554000178878 0.215440028858576 0.011891724682262 0.0356176033053863 0.0489495858646376 0.177455404869017 0.195754136825277
0.204835647552727 0.00631409938991813 0.224845398105844 0.00636786309874629 0.0658140916227312 0.161251647193886 0.0572267218802504 0.113587765493052 0.0770379237289682 0.082718841933876
0.117742768261789 0.0330089343950475 0.0318566272021007 0.0306439590328187 0.106080806419611 0.225858807944749 0.0479702460410455 0.138658326500512 0.0380241977683317 0.230155326433995
0.129389995012737 0.0474195319037188 0.00583973756772537 0.0326067630429144 0.0702308417236249 0.1444198204799 0.119943357535582 0.171033004885849 0.121236428693523 0.157880519154427
0.174254625936664 0.151036786763506 0.0933916556928256 0.0542287060943777 0.190427616675351 0.121185737040912 0.0287084216807605 0.0312139313282207 0.0815687245956985 0.0739837941916843
0.0593052117199691 0.147371168256593 0.0573249783149839 0.144290657746168 0.136843282631723 0.00263713716602056 0.0203150903597643 0.150644241993469 0.0819597706034662 0.199308461207843
0.0571644617079407 0.157599498284571 0.0349403255973351 0.053903887681231 0.130472255231885 0.0321127865320368 0.0908182426106571 0.125805405035325 0.167910281148454 0.149272856170565
0.123725420825232 0.157308579335765 0.0430537289023524 0.161195723175723 0.0752291744790392 0.0370527097018237 0.0227104657371074 0.1610286450825 0.0871608022373966 0.131534750523061
0.0964622466765749 0.00554853773911508 0.13611478272854 0.152113770685285 0.0243681091666909 0.145689251694833 0.125114685616935 0.0691169180220696 0.0574497793506012 0.188021918319354
0.0568896158095839 0.155319752383455 0.130638160987428 0.124499009364961 0.102141583966205 0.105457862740695 0.0537849468247194 0.0598885080868637 0.140220692526846 0.0711598673092436
0.156638404381949 0.116827049164713 0.0478491032566033 0.168273068392368 0.0237527378488857 0.176992422363753 0.0701580555860721 0.021640122143261 0.146864457489107 0.0710045793732879
0.0937180730272287 0.0786400266795172 0.0911770730824747 0.0421954187676729 0.147694602452745 0.0965603143776736 0.104458067147251 0.0961688979646973 0.131246523034504 0.118141003466235
0.16262439417901 0.147937562015121 0.0633934015700227 0.00336669717009242 0.125163212261857 0.0242561724550553 0.177766353846308 0.115177380143709 0.106719065618156 0.0735957607406689
0.101216177204069 0.0920039666609847 0.00211561243966844 0.112320637586632 0.117803366325867 0.141038023205987 0.0708472551883725 0.163874439025183 0.0559974303548333 0.142783092008404
0.15532598499965 0.161672576291589 0.135854201843115 0.0933671726923852 0.14889962514092 0.148927011745049 0.0494196217617617 0.0021481040751219 0.0774955631015494 0.0268901383488586
0.161764115489475 0.121662642810925 0.179379097201784 0.0224385543710458 0.0921867446571351 0.133361238968959 0.0249140492157345 0.149803367046656 0.0441538426163633 0.070336347621923
0.221719933864234 0.0791553676746949 0.0344306358553975 0.032600604121055 0.137805293021507 0.0631371107919373 0.203596000061677 0.0556406615398982 0.0771736258588452 0.0947407672107539
0.135462921546125 0.167604343756688 0.15875905169254 0.188997660194705 0.127005188724518 0.0395033813786786 0.0409323913302866 0.0435817717873935 0.00961292724926648 0.0885403623397991
0.174875427490959 0.00326957406587703 0.0418252182959848 0.092259509376832 0.146492592485699 0.148910457442148 0.0117065746990015 0.237403228701312 0.0951355435018985 0.0481218739402885
0.185397620709281 0.106464689433783 0.0125756551734071 0.11127741419317 0.0863354001761029 0.00405194320257825 0.186448946032353 0.0319433248442763 0.131494423944974 0.144010582290073
0.189455177008412 0.0490266702874393 0.120076693191017 0.16417597218925 0.0912288176729831 0.0416855173069685 0.0456599213157832 0.140228684303173 0.0406977612686579 0.117764785456316
0.0543345021103877 0.0382452980250463 0.0715361910948863 0.152390372988722 0.181912317833817 0.0681494680767437 0.0659643669348424 0.116615259785955 0.102731002637917 0.148121220511683
0.153803433929527 0.0204051804375532 0.172013840958517 0.174650853614013 0.0935805488387407 0.0438542215574378 0.0324455141249406 0.125482462733299 0.0261850260943723 0.157578917711598
0.122710938123879 0.0926467302607324 0.111983669068266 0.0244827073562398 0.11292549809746 0.00201416628275691 0.149324138651057 0.123449152641286 0.171490691373317 0.0889723081450066
0.0750144923717442 0.035597559453716 0.132602555835661 0.0103160023008792 0.0247150224086022 0.197980552951845 0.19682295711092 0.00236093472845121 0.191950931685923 0.132638991152258
0.134531850877169 0.0964403714439247 0.158842192336254 0.0805075049125991 0.0834282319790543 0.0386890044628334 0.117035749787059 0.0581269282520961 0.122507860891042 0.109890305057969
0.150423352356181 0.157935647802916 0.141448707115451 0.147473268344586 0.0376407496546351 0.0236474994985236 0.118976824149017 0.04935157081505 0.154559225486287 0.0185431547773523
0.137044093526797 0.142379094131638 0.0648710346334679 0.139672019143479 0.03095729407613 0.0109052357788403 0.170875350514889 0.0812482202570533 0.148719072097963 0.0733285858397433
0.0745231678197798 0.0294034575385272 0.11675209976722 0.130760591365113 0.195762617715211 0.00306006268794999 0.11500239740689 0.0657814480122413 0.116759708638741 0.152194449048326
0.0980349817586049 0.108781327126819 0.00396769325404328 0.112628954626078 0.12568200063444 0.201888033517055 0.0128469851779076 0.165017302333324 0.0914872864092849 0.0796654351624431
0.0522363585465426 0.0561900980547224 0.0604955765156979 0.166523651553757 0.20620518607202 0.153874238264876 0.049830459935651 0.0564271609122391 0.196732921993507 0.00148434815098681
0.133332437737373 0.111100074197865 0.175243293707769 0.067048282615625 0.0668917041075751 0.068455179203892 0.0329957314433982 0.104690804304055 0.12328462569107 0.116957866991378
0.110821635390254 0.124698875382313 0.0517665586769287 0.0258302954583796 0.126901759497743 0.11058394272686 0.201969129002205 0.200718599682766 0.007098961388463 0.0396102427940875
0.0671292711206313 0.00877973942995007 0.150609494102256 0.0671299522613069 0.0653524665300312 0.138124924006938 0.138911665132098 0.106818929582427 0.169624378891676 0.0875191789426843
0.163864670597268 0.0573228097650751 0.0464299522020084 0.174722569102583 0.168131358882008 0.0619821533630245 0.0553168196111915 0.125633500850192 0.0441719863286729 0.102424179297976
0.123878061399259 0.0182384597856016 0.113841643364516 0.089287594900404 0.163797271423758 0.096581331762764 0.0221100536185281 0.0798525262210924 0.167173442415679 0.125239615108399
0.00606393592266665 0.0678365400517807 0.108448741511187 0.164087516524117 0.192164794655495 0.0225751938853912 0.0692711248417038 0.166661890232754 0.163743621095769 0.0391466412791354
0.0884683453860599 0.163460800238045 0.115055855565185 0.111003095153032 0.0838585824118925 0.0895228021111413 0.177932807645254 0.0438872854307585 0.0727013103655422 0.0541091156930893
0.0290858571157906 0.0174171344543182 0.0859156916830711 0.0371067839338794 0.129950235119992 0.0531669151770681 0.154559524999135 0.142050586506808 0.134920189278403 0.215827081731535
0.0208135577566738 0.0436277580035274 0.0684944916309644 0.11287065888038 0.0841838269868007 0.113755906580927 0.00179336662497825 0.0402873959263836 0.265055411941993 0.249117625667372
0.10055402359101 0.199245250575796 0.193797664336562 0.175848946884689 0.0100660456477509 0.0197696676833494 0.0809514210771598 0.000924286662641964 0.152766548416379 0.0660761451246618
0.160031147197088 0.056142425541604 0.11265293766062 0.131022945520069 0.134651555149606 0.0395801386276466 0.0179486610484125 0.144855360475452 0.111216036079046 0.0918987927004556
0.157474208046879 0.128475622450665 0.0781844904957182 0.058223968101131 0.116055091839396 0.135177116908843 0.116707019178882 0.0378822248428337 0.14531546325906 0.0265047948765924
0.0308770932385446 0.0981395121156079 0.0768566128745203 0.130638732853256 0.160242827148042 0.0810240380369763 0.0135803491662256 0.194343552673149 0.0714071231477794 0.142890158745899
0.110136482295105 0.207445703013222 0.228553937265906 0.0507495878942935 0.0107074258755813 0.0848077294007745 0.0468542666495839 0.156830562997852 0.00919193880175808 0.0947223658059242
0.115377092023149 0.0673100231290767 0.219985544671497 0.101553939159463 0.0168889347373091 0.028856890446259 0.173726926029511 0.0527535241395643 0.114650126644185 0.108896999019985
0.110657789650037 0.186271335853274 0.0294403363735738 0.0204140197218805 0.115268743510566 0.0543523516730947 0.1384882862253 0.172424390177604 0.16851768666287 0.00416506015179995
0.168736348616067 0.132101862834017 0.0502732930867662 0.0231998602107955 0.146841094206226 0.114775619427146 0.0712536181460076 0.0803059896154421 0.110777544110281 0.101734769747252
0.152846448263703 0.092538357386238 0.0796642337047208 0.122547205099731 0.0814364412211923 0.184399565981034 0.0822024359285534 0.0712996659630081 0.051265252213359 0.0818003942384601
0.138172631109933 0.195880445637174 0.138087472328209 0.0468727741777496 0.157485901993604 0.0244029875151872 0.102150161882062 0.0926229112494802 0.0350298285287818 0.0692948855778193
0.010849476028602 0.156567871834979 0.145130465672749 0.153526463610246 0.0155365959070346 0.161485897852367 0.0601422865142992 0.100789536179437 0.0788896472169547 0.117081759183331
0.143292216111208 0.0292886884497596 0.123743603017348 0.12189184017711 0.11671103004421 0.0744338219127032 0.097469214816597 0.110783437214317 0.0433206930554765 0.139065455201271
0.0398108188109871 0.120859624322493 0.100904761340397 0.0297436316653508 0.144007127467208 0.0694211035609951 0.150526577523533 0.156330073833777 0.132304905401807 0.0560913760734521
0.130917786833347 0.0707335063777032 0.130160771110925 0.0632851472931448 0.0272141817824739 0.0302908952595438 0.0684963322900645 0.114947894747226 0.173670477401638 0.190283006903934
0.152474881738421 0.139282355347749 0.137733431977309 0.00874079146710473 0.172552478389301 0.0828669091528143 0.111124989544913 0.136626081723679 0.0295929576739574 0.0290051229847523
0.0523222275224704 0.133147696073137 0.0798325204667653 0.127249633567245 0.0490446930867806 0.129525912466542 0.179108832491439 0.0490261382305014 0.0494759488584511 0.151266397236667
0.0514685898854264 0.129549170588226 0.0324438328950079 0.188567412085249 0.0937700899304444 0.125991881529785 0.0956314552508643 0.110851727810936 0.118215620096801 0.0535102199272603
0.171726337289179 0.145445961117312 0.115727557490734 0.179191398133199 0.000488197976811704 0.14019412774673 0.0413591919996157 0.0680654134853822 0.0721737931952276 0.0656280215658093
0.0916294446697975 0.104517421086654 0.0732222351848254 0.163287754299125 0.000720717183191954 0.101570722183633 0.073848995535239 0.16077694142384 0.160720603447036 0.0697051649866586
0.043944162121917 0.0187510243316008 0.0621980037265871 0.147142268535284 0.178925839790989 0.0277178727002108 0.142123390129742 0.128840945901084 0.0873365040350459 0.163019988727539
0.122234652508843 0.157779827640224 0.106172062668935 0.187668356122825 0.107369326623152 0.136079236663839 0.00183211461496527 0.0235698235389613 0.0222772722488646 0.135017327369389
0.0220174232983569 0.086617287488021 0.0703209764765479 0.108524320936558 0.209221320731014 0.197873797412517 0.136691745907454 0.00323928909497181 0.00183188486379963 0.163661953790761
0.147190040103554 0.109245267325223 0.018019053905552 0.108995434338188 0.124675687656567 0.0250045050132752 0.0266951825412363 0.129804018863705 0.161294120471831 0.149076689780869
0.0170770533690397 0.191677842275095 0.185648582344977 0.0686517070797991 0.0329434273911397 0.0240226809619176 0.0726127053545461 0.069826333183386 0.141492237216097 0.196047430824003
0.179933941776642 0.111496899420674 0.0296369433977994 0.0551809045999239 0.129004520742107 0.11069188719014 0.156894605350505 0.0664301854614616 0.0327798408756773 0.12795027118507
0.129109187093071 0.147682631212751 0.14755378999603 0.0046162545275726 0.072524670198827 0.0857597672158538 0.0995269488884204 0.166601255215691 0.145636191121451 0.000989304530331459
0.222335334190086 0.194998976874195 0.0761737140015237 0.0518145263692016 0.0940377406995458 0.0203795687378825 0.122161907465589 0.184044968064579 0.0257325649677739 0.00832069862962342
0.114948580603143 0.0268666140582984 0.233202608341698 0.0603108927783359 0.110946324342883 0.153000757018549 0.0295339826480868 0.143173853877863 0.109302985844262 0.0187134004868805
0.121805154331153 0.185978871635438 0.0356122393177376 0.0649555486181877 0.155567342148907 0.0531157916433263 0.149781887343264 0.0754759022035307 0.130408202836416 0.0272990599220393
0.1247325066038 0.103118606043086 0.0785994451735726 0.0982604247807023 0.0547456595406907 0.0482353739489089 0.124590027900297 0.122848085667212 0.129997247207992 0.114872623133738
0.106621171357661 0.158523185572616 0.170929034637947 0.0977197204319617 0.203025740036464 0.0612031180999097 0.0565909957310009 0.0172095447181175 0.0397329464286161 0.0884445429857075
0.0484207617488414 0.0055095631033731 0.0517282217277602 0.00614088858444724 0.146003062416265 0.042055869173764 0.347271550211229 0.0245823595293542 0.23326193416703 0.0950257893379356
0.0548170269927669 0.0240087644176149 0.000743080259252443 0.221838308012225 0.172547978209845 0.023654881012643 0.0393511019109681 0.192345429498365 0.143434439298825 0.127258990387495
0.0255474157513403 0.147061601971972 0.0325781491577954 0.0832538070708723 0.187576694880436 0.215307393576364 0.000975609544692857 0.237324644206022 0.051799425340336 0.0185752585001697
0.113336830598211 0.195176449750497 0.0911534144403935 0.217510661475107 0.00548822240580629 0.0502860234241403 0.119410720351089 0.103283534789572 0.0311485902158918 0.0732055525492927
0.165496552395799 0.0478637354033024 0.0102144882917041 0.202575303666072 0.0816007334843377 0.0892889332120892 0.0313866482248576 0.181140170282009 0.178359688360987 0.012073746678842
0.102390644518022 0.0502424517079913 0.048374862645151 0.0880872167932192 0.133357528517763 0.124407698070243 0.159194760048913 0.0509347622038373 0.108800742379292 0.134209333115568
0.122011945205016 0.0788673032156348 0.0308099330475486 0.188390475413855 0.0915261797607815 0.136318158560474 0.0125472416548992 0.0570605849881623 0.185715630159897 0.0967525479937318
0.162300555651824 0.0712012620429613 0.0599156903157359 0.0689118622040043 0.00714825346566395 0.177342994288102 0.0583703348149182 0.182768723612636 0.0888391905913681 0.123201133012787
0.0961424688993074 0.0777331205097649 0.138388159462718 0.000571434608528086 0.191931690652101 0.201657943077283 0.0599005931772656 0.0631441983454838 0.0747701291863354 0.0957602620812123
0.173980778421195 0.00957928290321571 0.189698388354153 0.189134061569506 0.151013664925608 0.131861041929055 0.0587752059559559 0.0280528177024447 0.0221524550346178 0.0457523032042489
0.091700214937424 0.107613446835717 0.0952928735628805 0.13650397451319 0.0595867884752125 0.155382507846818 0.129778557925297 0.136556024184095 0.0107054997758302 0.0768801119435352
0.0322404645247869 0.108128853788838 0.124408986896965 0.0886328368129137 0.161063856307534 0.0884722197130942 0.131591080682759 0.125772252461214 0.0297834543875986 0.109905994424297
0.128270012016812 0.0131713769564767 0.127439649912288 0.063929566656549 0.0728906824203137 0.107158006080288 0.0634478516068288 0.155417787589255 0.153590298241419 0.114684768519769
0.102980129800274 0.131095343152791 0.0863640101197257 0.105201117949612 0.158363153230605 0.131552974767116 0.09268736338852 0.139301887995921 0.00808586147346698 0.0443681581219691
0.14318667398059 0.14206316298937 0.0593276602312394 0.130848101515538 0.13151728282084 0.147318010196014 0.0121976937966584 0.0955277450156192 0.129019142730025 0.00899452672410585
0.0559108739960203 0.0983753793814744 0.143999059589426 0.0947542215066806 0.0667172365327176 0.107272294129412 0.168690689821425 0.129320684919091 0.0726520427863083 0.0623075173374433
0.020513828232885 0.205792956117298 0.222975945475768 0.0043509519045057 0.0396734849814909 0.0634638070531591 0.194537163743379 0.144123953322131 0.0310448552405573 0.0735230539288245
0.124821879156536 0.233515746484073 0.167134808552394 0.0325001028928942 0.0355587534412411 0.0378627574288257 0.00952349912080727 0.145669055398986 0.0444522255075755 0.168961172016667
0.150522799981211 0.110233405495979 0.0355531598264286 0.137510512741999 0.128448376925524 0.0252786348062057 0.160151638870516 0.130715474333593 0.0076212047876195 0.113964792230924
0.12090689496599 0.0264541501112376 0.0628200730380135 0.305005196244584 0.290513355377704 0.0330912862817238 0.0386397415159634 0.0117723077210476 0.0749322128210329 0.035864781922703
0.0771307640640822 0.193343811257215 0.0192881531357224 0.233355573759311 0.0164485944909163 0.0869296013953112 0.127433637052384 0.0993082799596727 0.0471339110389408 0.0996276738464435
0.0317490118418101 0.0732205296242693 0.116648943788831 0.0969143683016806 0.0343924070830886 0.104756522987337 0.0497682964349205 0.148145809706015 0.18371567403795 0.160688436194099
0.116536673169387 0.0822358938885922 0.135277863731088 0.0787694277651611 0.129219383254743 0.0721095462697669 0.150029457766378 0.0825926775634044 0.0178315126598442 0.135397563931634
0.046256676392551 0.176099805738089 0.124411304004358 0.0499389029648096 0.11137210357229 0.024276966793647 0.0338813418894008 0.23898162280258 0.0464456456877596 0.148335630154515
0.0366366491564968 0.0906683448677183 0.0664284150477769 0.144939982983894 0.220493111702986 0.160436511971592 0.0210039715566073 0.123446995315381 0.0307961689379171 0.105149848459631
0.0242113056974165 0.107750986076393 0.00965387120526365 0.145167737603108 0.176975496079783 0.126577343173518 0.159378082099417 0.0824085923987611 0.0118652039911686 0.156011381675172
0.154550670471082 0.130581594432123 0.00404317504435623 0.132626110738114 0.124869445433007 0.128722054641359 0.0938319034845575 0.119201602562093 0.0639025211181752 0.0476709220751326
0.125205084485061 0.168298866392563 0.013464759998617 0.020058883968453 0.0784994585320087 0.155182388825593 0.0499278491060125 0.122541551006091 0.114566243011977 0.152254914673624
0.0958841963871127 0.133803745194661 0.112667036109157 0.119318404871728 0.142225745506581 0.0216116786084061 0.0800078255899719 0.137245943914122 0.113974868117101 0.0432605557011595
0.199249665677432 0.118891381474897 0.00623904026936385 0.110093573929906 0.00390273835092956 0.0807684265633232 0.105444424004659 0.244827397860997 0.118872290029796 0.0117110618386976
0.110857781898622 0.0808642495084341 0.0584788900730581 0.120217213445965 0.0997746936576389 0.129795867213631 0.147403989902762 0.137310324881445 0.0416933056560377 0.0736036837624058
0.0595935059873938 0.118884012107102 0.178744632491314 0.0702871821536976 0.0202920293778458 0.0777470183987636 0.103297098357771 0.112295617712529 0.237033069593947 0.0218258338196368
0.161008880728275 0.16075507721027 0.0986072517108694 0.0664545707093119 0.0557218083730217 0.0649025837523936 0.18000968724724 0.100462229341736 0.102682520741965 0.00939539018491746
0.0251068027607595 0.0860652388073438 0.208561323218519 0.129231079157057 0.0730185728326723 0.0320347935786346 0.0627826740295001 0.182185252614 0.0163467217029029 0.18466754129861
0.152498963689454 0.0390249793833912 0.132674425436912 0.161756956645754 0.0597712306058579 0.0316797048389821 0.0942072622622617 0.106107181931844 0.14747129232599 0.0748080028795528
0.166530572790423 0.159146759822777 0.0525119648672734 0.0344744825956452 0.051409999640216 0.231896200877892 0.0505532339721827 0.0705777540906917 0.132660430402307 0.0502386009405916
0.13371261525597 0.0446827432438366 0.216659174748667 0.0373684634147824 0.159567241917596 0.0532516374684563 0.0416633103329982 0.184128516519418 0.0761131003128886 0.052853196785387
0.000336476618316237 0.141620261959289 0.152420642828847 0.176393102355655 0.0957338986599592 0.0772913861610472 0.046565325701324 0.103835594998677 0.0721271674341592 0.133676143282726
0.106481014268637 0.15927810256421 0.13028780774998 0.158827454367038 0.167487989805171 0.0736433948698914 0.138840574509384 0.0195496712769345 0.0324645561049122 0.0131394344838416
0.152155544950957 0.0408454548429212 0.00458560137024207 0.172020259966219 0.111965788310484 0.166567797339974 0.134804313089796 0.00776304823037641 0.0852459970800882 0.124046194818942
0.137931473130625 0.153670486481783 0.0949519132300315 0.0689003034161721 0.0789756934624151 0.0672043135430863 0.0262185683836135 0.161584069363473 0.101271014588696 0.109292164400104
0.040458209803851 0.0525162120610289 0.122433877351919 0.0789320837784953 0.0797967356856788 0.131766966989119 0.115626283011563 0.0805397317751191 0.123767025014435 0.174162874528792
0.0815847631314213 0.120941496982735 0.0808068422619561 0.216249089364901 0.170873151566184 0.000220733288149229 0.00470013373726549 0.146443094041225 0.041702740890724 0.136477954735439
0.118669210953199 0.176079046107971 0.0213071363395329 0.0792293873398905 0.0392853116846233 0.1276218900038 0.0728274223778359 0.200266392584581 0.00814672268603406 0.156567479922532
0.0828256597271037 0.0348530471808121 0.166989327364803 0.12995912027881 0.144031251654653 0.0574826770886346 0.0731335838061681 0.00172446842426103 0.118090431372881 0.190910433101874
0.0813368598484305 0.191441624142274 0.0532428238705297 0.0592952334994017 0.189919286728951 0.0726827953323316 0.0709106014455129 0.0129023112481657 0.100468784739821 0.167799679144582
0.0208345658942496 0.212484645095787 0.0110026588033322 0.22178606476771 0.301138562071195 0.0939274546323025 0.00565736362889347 0.0449007556815706 0.0220186761543765 0.066249253270584
0.0160924851638403 0.136913489324065 0.153542958424008 0.0179021715382673 0.0645224688613051 0.0955903748316376 0.112468727105578 0.145868577973915 0.152653900056086 0.104444846721299
0.151488837727624 0.0277412397095707 0.195799570584788 0.0298152994141699 0.0527367475701275 0.163342132856058 0.0632605809492236 0.12257412591354 0.084621855509784 0.108619609765114
0.134046274323812 0.0449214843480551 0.0601012873502548 0.125677534765765 0.0856479597540205 0.127004211901935 0.0122203233872469 0.129478941284463 0.140315561473311 0.140586421411137
0.118837607639063 0.129266510916728 0.119414975197742 0.0213077458650632 0.0678133464476709 0.106287611867917 0.122907771462371 0.137540485678659 0.124106716966434 0.0525172279583526
0.0791317277309498 0.00480653264839806 0.0423787274143185 0.13926504605011 0.0729974397587881 0.161332999069768 0.153213187504527 0.120595909871877 0.114626466520804 0.111651963430459
0.128328406145784 0.047195158362491 0.105592592635101 0.0540648379715804 0.091897419097229 0.0345155400040999 0.159230640441069 0.137127745281396 0.0854008019003199 0.15664685816093
0.142811021508268 0.141430254260041 0.0667432147467768 0.086102068875468 0.0827965658624054 0.128389388395275 0.0929581068194781 0.0400035930610762 0.145123389529537 0.0736423969416743
0.233982102962207 0.18895190366324 0.130226915281803 0.0537287893754202 0.00795459198185668 0.0672818491523953 0.0776373317238598 0.00818087746747233 0.14108141382768 0.0909742245640665
0.0304815587634688 0.176324175501649 0.0181988972277212 0.174798420631512 0.0362477303976977 0.018691387772776 0.167938284716013 0.0696207090915039 0.18280082595495 0.124898009942708
0.059076552062204 0.158298317271196 0.00459127390564191 0.0460115588757298 0.218096229103173 0.0801584940187363 0.0819671533387167 0.121139710235406 0.209000009454528 0.0216607017346689
0.182061279257152 0.0776773154372496 0.0276492578576529 0.0307073050386651 0.0520423111199624 0.0931500791503923 0.217976948583243 0.0525747208119223 0.0845538321829982 0.181606950560762
0.122812106541414 0.0575584242557454 0.0735903944928073 0.181782823083085 0.207169708562471 0.0333070188373531 0.0662432283191376 0.0361806341069888 0.201835004786836 0.0195206570141623
0.0321602117544487 0.190748447253585 0.193780401529251 0.0303540342956506 0.051841503952197 0.0402380751397364 0.150840117341687 0.105171848542255 0.110609253621093 0.0942561065700971
0.0407871640899386 0.0530914164510292 0.124053214843196 0.0700970001513327 0.139029131942419 0.120117483151913 0.0647159704364517 0.211178935506645 0.164661891722934 0.0122677917041407
0.117695758355074 0.0634190857702662 0.0338904012734633 0.236756661384706 0.0565422746945934 0.138186636758478 0.0572412393658739 0.135269799769606 0.0933330916073768 0.0676650510205627
0.0861786373655078 0.132049369623706 0.106151455040058 0.11780077019815 0.115678138866742 0.0238757000196345 0.11453879916045 0.110375814542899 0.133793420643263 0.0595578945395905
0.165215204633261 0.0870921096190631 0.026737844390418 0.0859908201959193 0.158923817546119 0.0327183813012535 0.0619103794922364 0.124880548416724 0.0679253143507861 0.18860558005422
0.09676349221851 0.00856994245316997 0.26114302046696 0.0154712160625846 0.0922758178217316 0.0234548353637087 0.0782601800652658 0.174391650692671 0.0219393936269846 0.227730451228414
0.198872885677243 0.0197850897156735 0.224205653329972 0.151668026833785 0.031366541238744 0.0033186332157635 0.179248057500838 0.129127368315435 0.0494303515501937 0.0129773926223516
0.0343540647513656 0.105328297337696 0.0294346170386011 0.243293414148647 0.0315589538193624 0.0495708136135944 0.054259247409157 0.163250894163509 0.0132354366223512 0.275714261095716
0.175999389436097 0.146780605543174 0.0303001069130008 0.144074811667013 0.188782553185491 0.0012978899733451 0.166059232182103 0.0584935088259097 0.0094017761916315 0.0788101260822358
0.0181813859404854 0.0414744500909381 0.110006497271409 0.083638180616925 0.083840850410756 0.165838740395786 0.130925144601759 0.129980748989716 0.0810276485391083 0.155086353143117
0.160857776282777 0.163097731209049 0.0921662800995243 0.0786229623881663 0.0199083496723598 0.0606671201851648 0.111895273244415 0.123674481265058 0.0417170473075704 0.147392978345915
0.211574779524402 0.136426769267742 0.105010695659509 0.0251018066166207 0.118754698740278 0.189727084140615 0.0200132803377925 0.0297877193893228 0.00669280833634154 0.156910357987376
0.146149224276119 0.117784021303213 0.130834302033199 0.0716120413008764 0.0181450547380516 0.132632069144202 0.0346781643436119 0.162518353888327 0.159380547661285 0.0262662213111137
0.0919415037886457 0.0771393696501356 0.0372866912874188 0.135066763528079 0.13189194770161 0.131904989944333 0.130285333554779 0.171922633121042 0.0862148450819407 0.00634592234201631
0.203312498207796 0.0653553694473014 0.0538740996238634 0.0139389763165833 0.0952672972510622 0.175809715249349 0.125796005907456 0.0604611280765563 0.0604103144155376 0.145774595504494
0.0198582242130757 0.14078005597362 0.0786592763730274 0.0365543244017021 0.173894841633381 0.154063368257041 0.0331438383735168 0.106502313135106 0.18219925927262 0.0743444983669093
0.0330639555923 0.177084494574815 0.056487392601696 0.177498816990339 0.0820877645533921 0.156645582122279 0.0904637040571879 0.0517242675327015 0.0953496655832011 0.0795943563920884
0.00996838636126307 0.252290551510254 0.0665642906411636 0.136530275168011 0.114197683652424 0.0158138192711369 0.106990956260631 0.103080888071272 0.193280716487289 0.00128243257655567
0.0131703719273596 0.103861601938428 0.123047541762228 0.201327095455903 0.0149669206203199 0.0107365886371946 0.0859132972089595 0.117245558705263 0.155731372358471 0.173999651385874
0.0165429329683566 0.170418632684904 0.145273782291738 0.110500884132894 0.139808051486852 0.0143299777038416 0.0643113889334165 0.0209586209276762 0.174656425514477 0.143199303355845
0.0397623906500427 0.122797103149035 0.187309815783679 0.00273002066534661 0.186985387607718 0.103293579961214 0.062826348342928 0.0199256306194764 0.14392726495492 0.13044245826564
0.142625105338049 0.0952937200676013 0.0779938329066978 0.146584226490477 0.141658338066951 0.123909660699673 0.10875398802031 0.0130313088943254 0.0555512928471396 0.0945985266687763
0.140788371787589 0.182407844071318 0.0364358991363712 0.101627859575223 0.0660913606459009 0.138635394695632 0.00734703742942052 0.117899245032215 0.10322609292184 0.105540894704492
0.1781451452003 0.170764518232997 0.0908377905709063 0.0333565839271691 0.000933254101304889 0.0896011765764851 0.216363668394833 0.102040176528645 0.0336506898872451 0.0843069965801142
0.0314658066460015 0.128577807191221 0.124027099151531 0.135465598864797 0.0847109977667862 0.150620150995128 0.05220011925432 0.167673616794109 0.110587860944857 0.0146709423912492
0.0713252020239431 0.127410847844706 0.144565821054416 0.0911905656920187 0.0827691522527862 0.11710444965667 0.0248213641812963 0.159696674326826 0.0470142146313411 0.134101708335996
0.061508895196038 0.193718159449573 0.0567956978811576 0.176970837540891 0.0756086506404853 0.1287302729125 0.106864784333249 0.153857966465971 0.0356001473943069 0.0103445881858287
0.118100872109508 0.10445232656543 0.0685066392277931 0.0658722184910093 0.0745538406693115 0.186818926557876 0.0284291629062723 0.161030654051471 0.0351743647470782 0.15706099467425
0.0750736444056596 0.141148215165795 0.0767956801040707 0.17437656338788 0.101878581861119 0.141727402695669 0.132140485874706 0.0138352003020286 0.121297945631543 0.0217262805715292
0.0387027646534799 0.0729968239684494 0.0456826508650595 0.134857186734762 0.156792186069179 0.0916005296010686 0.120589784662483 0.138816914533175 0.174352473987681 0.0256086849246639
0.238068273916695 0.0864259351348063 0.0679232879137679 0.0379542580521161 0.209586790429829 0.12070879586674 0.0908677907681084 0.104849243021716 0.0179923743178653 0.025623250578356
0.129603525678241 0.10023190497063 0.0242047101341042 0.115653768258403 0.0566472016836863 0.0566127819654481 0.144451275251322 0.0989048521570135 0.128733194409616 0.144956785491537
0.184692024015549 0.0419969635601544 0.0232910613261959 0.228308259372975 0.0801954625346018 0.22912431636291 0.0162515670385185 0.119383748360222 0.0266169267269099 0.0501396707019637
0.106122272764739 0.150936475376862 0.00861372352732669 0.171434757133672 0.0189897580610941 0.177927959632646 0.0447893624821448 0.171388731022303 0.0719161731217398 0.077880786877473
0.136344256310351 0.0948899356104253 0.0729631886975696 0.197675815714444 0.0669069605771688 0.147613770492507 0.0869325676064115 0.0760786975171145 0.0447022426935327 0.0758925647804751
0.117464037821324 0.10527432046942 0.0338134647520573 0.119113605562175 0.142258291739754 0.027639618414346 0.12267585667881 0.140640417966918 0.157869425678741 0.0332509609164554
0.161966837916595 0.106409631112762 0.0714839576565469 0.122429098650375 0.106610221634968 0.131314440649432 0.0304359535351846 0.131196717564783 0.113511062265015 0.024642079014338
0.0773678031880599 0.16615258115681 0.0263162688651464 0.112506443816979 0.148794040348768 0.107026165405326 0.0549522070896023 0.116957551474391 0.11347965556603 0.0764472830888875
0.0212246883123817 0.149217485083576 0.0701416528715262 0.119288506141064 0.042762565811348 0.185369065610845 0.107095948072802 0.14712627068198 0.0506307074248358 0.107143109989641
0.0757593772384386 0.194433098715383 0.0246630638763293 0.0700395856605728 0.113182032439859 0.0441447638539237 0.0438616863217506 0.195196216199163 0.132458601827449 0.106261573867131
0.263955840066031 0.0200299035252777 0.0906720983076224 0.0618360871261991 0.0893091429427016 0.178210552903435 0.22850602652836 0.0171895050396896 0.0450919287550672 0.00519891480561653
0.0431693041739551 0.0614736871205567 0.0657001237476347 0.174295334714348 0.113362735613881 0.135810049247179 0.133047663443179 0.0820683287459806 0.072983413027413 0.118089360165874
0.0473652144340806 0.169498443173491 0.168514094743632 0.0965674218752517 0.0835039574904049 0.0632862256019532 0.128785132739812 0.036518727233333 0.0767254100687945 0.129235372639247
0.0370424333416443 0.138712133883008 0.139274696162326 0.00942469606995765 0.166917942098684 0.16717165222346 0.0996863072600987 0.107201231180488 0.0764415437942489 0.0581273639860841
0.0837379618525949 0.188092792146342 0.100417106656394 0.124077112679293 0.0491769314523492 0.166554455531441 0.0325916224531609 0.065181578572894 0.0199990375539555 0.170171401101577
0.0722175392732387 0.110918207099336 0.130681566487033 0.0501461566183056 0.0799676836341427 0.106552214369008 0.123226660995305 0.101663349247996 0.110738341801586 0.11388828047405
0.136775999311245 0.081156414856997 0.0556350249687187 0.096011929837105 0.151926167597547 0.132642921100555 0.144621037092609 0.047977943289567 0.0373057420781783 0.115946819867479
0.0953189938819431 0.158252396209532 0.10009976695857 0.0590446468407775 0.140474321310132 0.089670578815776 0.189631266909954 0.0151203894555169 0.0760982862421675 0.0762893533756306
0.0212276569608575 0.215119421688859 0.0273101646005219 0.164060820575318 0.00738774163787329 0.0630366350317432 0.199294919417257 0.101383452191256 0.00837898214323024 0.192800205753084
0.0956952353927599 0.140293760393665 0.0322945102414886 0.0613692809169733 0.158712725615807 0.143653366849209 0.0810388375827143 0.111183833634514 0.105391285664944 0.0703671637079244
0.100747876116771 0.152032050094863 0.0166058268489116 0.166580495560419 0.0822029815808549 0.0962019754820241 0.0425103208915086 0.0918474760127792 0.121419047197435 0.129851950214434
0.0509430297147506 0.0414430427043947 0.109759115595931 0.075393055532648 0.206129637745107 0.0869893512579968 0.0458500217898242 0.0930361953679264 0.0998248428615084 0.190631707429913
0.0996097994758225 0.0326875198747017 0.0136639339160881 0.0402365510552921 0.200647452417137 0.138891474572491 0.00731607271388151 0.10704466758275 0.149103552750071 0.210798975641765
0.0101281793348334 0.0507638803555273 0.0632960978076794 0.00495120626488012 0.140682606379593 0.0206063614677732 0.149565592392201 0.182445028280897 0.188001278980916 0.1895597687357
0.0682970977300085 0.0569387710074882 0.145072237880493 0.119537790401533 0.162553105978048 0.0622908599472825 0.144169788639484 0.0825582567430915 0.0574976157858074 0.101084475886764
0.166828135308803 0.108124365342897 0.160719082091691 0.148702815859646 0.0265145363433759 0.0810501039042246 0.119641282970143 0.0185962532889794 0.0585437323832448 0.111279692506995
