0.226614783965152 0.0165868409698162 0.114559733743199 0.104949391506176 0.195511470816 0.0809178005703227 0.151404393508017 0.0576093108201698 0.0518462741011478
0.127966094419459 0.0185638204812585 0.0340342802207616 0.1967422235074 0.136021773730136 0.121272561311296 0.0790303937192938 0.0832912293818687 0.203077623228526
0.140632009002484 0.0685514267394219 0.225458922607553 0.109744799341151 0.0898044346471247 0.0939469030122746 0.0779151726097019 0.132871794277716 0.0610745377625717
0.0984938469887435 0.218764088287072 0.0388365252455723 0.155432185136978 0.205957678207949 0.0282620856982675 0.0426006504663634 0.0498839557850832 0.16176898418397
0.15577893637045 0.155250928093965 0.0623203330725744 0.152451289269146 0.015881015931757 0.0973837329622364 0.123256471197549 0.117774245464236 0.119903047638086
0.00828107715450027 0.101417378198114 0.137670820332702 0.152228395942682 0.147712405399743 0.189196038838975 0.207017709753534 0.0561775772204565 0.000298597159294608
0.0768783228789911 0.0176226694128166 0.188385353739789 0.170929633073718 0.134796924228264 0.221323158333117 0.0933816122147367 0.0511828242192093 0.0454995018993576
0.131850007757223 0.237732460797442 0.0392510318954874 0.0987406314584598 0.0473503565625274 0.00174880896839998 0.202354378840901 0.016716539389611 0.224255784329949
0.150901765380539 0.110071209161119 0.00535006960476318 0.223531564523245 0.0923495264977316 0.137530419307684 0.090670377504298 0.0854311416757533 0.104163926344865
0.153068664216055 0.0562890003043632 0.0232664820751174 0.0388802589747951 0.139966627707751 0.0584343244844377 0.233143485418923 0.0718175085330228 0.225133648285534
0.211955315166709 0.0654094121656898 0.111233139301516 0.0245535274183916 0.118476285529842 0.158724621042515 0.0631304450350763 0.187306506633584 0.0592107477066763
0.0828597778013175 0.137938955103125 0.169097534227195 0.0899139743490656 0.143757195512674 0.156045276194807 0.0652257983273924 0.113394878766744 0.0417666097176784
0.156440764945188 0.184361520993551 0.123186960709884 0.0197889943006087 0.127853511704808 0.00430600621166073 0.0304124064440468 0.211479709304248 0.142170125386005
0.130844376973381 0.0777207122042542 0.0139383913739077 0.141707570189661 0.121552791380417 0.0828525157110049 0.254064311530361 0.127973752753328 0.0493455778836853
0.00904638336192845 0.172580778297624 0.245629322941263 0.101777472165518 0.121505734830499 0.0884348014488811 0.0435475837441112 0.121032472784521 0.0964454504256544
0.102858856232271 0.173222882414363 0.187581980778899 0.184856954696631 0.00923426093610486 0.153215864770949 0.00803949099869931 0.149717682488595 0.0312720266834871
0.147984704142515 0.145456719211522 0.180651984480984 0.0502760003968269 0.0566945740181115 0.0853630746935496 0.053022327782361 0.198588713890284 0.0819619013838457
0.188477973259946 0.116849697266359 0.0447031804777925 0.196624538921903 0.0235737138003615 0.0802248687002123 0.124020059865328 0.156055330780959 0.069470636927138
0.179216099294524 0.0818729809599171 0.0492005447202191 0.0228556214923587 0.115397028713787 0.194421268675268 0.137125247016116 0.199888176963252 0.0200230321645586
0.0289898575768909 0.0757683082855884 0.101776034802013 0.192496235791782 0.123444058999238 0.157497163379632 0.0741130777359744 0.0820215603327717 0.163893703096111
0.0155791809594287 0.199277946400797 0.158173465441374 0.209934424177938 0.00548032400228032 0.0724925001589534 0.081544017158074 0.167103881653425 0.0904142600477304
0.127155438664174 0.176805543114144 0.13708934139094 0.127094311987584 0.123265534601376 0.1740367794432 0.019302608975119 0.03821763149933 0.0770328103241321
0.153436898475003 0.0120894920965343 0.086327114716904 0.111303106484635 0.0827018038842806 0.0891534859507899 0.0453974704230603 0.332764082218274 0.0868265457505188
0.0467253428299114 0.157292397134991 0.105614121625859 0.121832064818879 0.149955106899496 0.168225388971738 0.167496984136713 0.0459899975882979 0.036868595994114
0.120643006045263 0.0448707276647632 0.110260078863068 0.14868461483618 0.173022736443005 0.11168666178914 0.0780076908417732 0.0382144557407802 0.174610027776028
0.16859170964476 0.00526131297816404 0.16629610459669 0.0663239806163564 0.147370208760942 0.19506016092025 0.0531765670959026 0.132993417660804 0.064926537726132
0.139400012819506 0.000527559673764028 0.155892031339297 0.0119743892512832 0.117273134624219 0.134519874418409 0.143893012513842 0.121191859461818 0.175328125897861
0.183660087488479 0.0981061424118255 0.0890433876203672 0.117177163494062 0.111875438009023 0.186902507932839 0.162817564529354 0.0266685986171822 0.0237491098968681
0.130893446112946 0.269616269545821 0.0914564260133496 0.000658961444637681 0.00476662037130567 0.0736133270028203 0.173796608594349 0.103416833221824 0.151781507692946
0.197105872451341 0.155633242163019 0.14677948668783 0.0609501278279444 0.0739269512609097 0.0861711345359543 0.0499294828148249 0.00449662152720664 0.22500708073097
0.0370239616221919 0.126979763561039 0.0984351506969861 0.0349600686492392 0.164327156491201 0.155227655688013 0.0385627375066357 0.097619614558941 0.246863891225753
0.113719770187055 0.149030108308062 0.0805299506440144 0.165055627402621 0.100169385602214 0.194725116849928 0.0211791829548406 0.048576096610367 0.127014761440898
0.150666318798403 0.0804625891379202 0.0271096676036489 0.234065983209175 0.0833112918555371 0.012176759562133 0.171178660103939 0.0876065723579708 0.153422157371273
0.0631487643176395 0.192541773207782 0.0859139422388246 0.0451812279261736 0.170292469903837 0.0572236411071759 0.154360990202324 0.183538919051827 0.047798272044417
0.0702461452609734 0.244057833878958 0.0898716283932316 0.0897903459423542 0.239171794167875 0.0417521205257131 0.00183939297023511 0.0954579700065531 0.127812768854107
0.100812229886698 0.065795306048601 0.117318458707739 0.0242579785151292 0.0521205373037276 0.0684631403052782 0.18533946747267 0.204354704361197 0.18153817739896
0.101236680192074 0.158919232987423 0.0150892592389168 0.150556975894881 0.115283238064161 0.10081330783167 0.0651498017368403 0.209294865682948 0.0836566383710846
0.113187004682529 0.112323838239311 0.187975085879233 0.168910170729611 0.135555974625697 0.0352773111914651 0.0840000929599912 0.0108063469819857 0.151964174710177
0.0182020109331557 0.198848631997081 0.221781709647749 0.101890733338741 0.0849526316163172 0.193683642167003 0.0300300192802562 0.114742840076223 0.0358677809434747
0.0193455246939425 0.157581216487623 0.135123809439471 0.0449375847254557 0.0981524612849482 0.100329529334134 0.189618445762558 0.115174085656953 0.139737342614914
0.0668189740484035 0.107263032536872 0.127798892047316 0.02138568522993 0.0399028146966729 0.173964279249919 0.0826469113720701 0.197933395183251 0.182286015635565
0.0115059331777467 0.123288700279457 0.0825441987796788 0.195607728100619 0.0211394135788501 0.130720551016629 0.0985151358873137 0.138319931961401 0.198358407218305
0.144175129742919 0.202811281935099 0.157385267093193 0.0594821567731142 0.0972249742488715 0.0888076851005443 0.126780221760732 0.0593361060726902 0.0639971772728364
0.146930345345672 0.128773749185754 0.158478293181566 0.0785282731670523 0.0935529983765426 0.0119195693320952 0.133835278120358 0.128261219542913 0.119720273748048
0.135126596066429 0.14906125894141 0.120566558506054 0.0519718613472983 0.163852997652536 0.210236514978666 0.00614034170776699 0.117245482281931 0.0457983885179085
0.206240382725983 0.230636339816996 0.0244651327850503 0.0327107660141183 0.112685638037907 0.0155720901953412 0.120400529529834 0.0564755333018818 0.200813587592888
0.14517402732798 0.0854925460512153 0.130314505374847 0.112103121733603 0.0443316807864255 0.094300600713514 0.123846418347923 0.101338171966373 0.163098927698119
0.0625156015858111 0.0756946370363078 0.139220364653195 0.157253642749577 0.173776021574875 0.197211816705815 0.0192076051059622 0.00902695197078376 0.166093358617672
0.12047822591909 0.145339678073897 0.108852196462357 0.106247636649978 0.0301702361348672 0.126076310108831 0.120887113794634 0.142059982786628 0.0998886200697176
0.154068126850072 0.12621110177829 0.187311639419529 0.0382753911480703 0.00417883557156209 0.170435103196225 0.00125678987226773 0.16936515965059 0.148897852513395
0.168521335534051 0.110035969770688 0.185759593003229 0.0272353878237476 0.103503254474397 0.030654027121466 0.151988957767806 0.126976607948229 0.0953248665563881
0.120866532575944 0.0413023852345765 0.207123089640288 0.150601695195034 0.0136147288269864 0.0741808185403697 0.122328313922665 0.0502549182533194 0.219727517810817
0.131047548087807 0.130541406381963 0.178031944477691 0.0794928112124675 0.10839151671791 0.1481182955037 0.0709739876576607 0.117671744652763 0.0357307453080373
0.150668886660896 0.129210561833099 0.14380995928407 0.0112800961812342 0.147521754987329 0.0858825983145233 0.157734559010886 0.107270443130612 0.0666211405973508
0.0326175367141648 0.195467220507946 0.110446752807595 0.113982456525477 0.159965230187307 0.0438841461125098 0.073133975064818 0.125520332172717 0.144982349907465
0.0239666895538935 0.00692668262019913 0.108450202599519 0.0837114612714357 0.245601641128029 0.12076513983376 0.0574960396991387 0.125887704973082 0.227194438320943
0.202861542561178 0.0504995064295178 0.0232503012476439 0.0247726539494893 0.141953102034988 0.00987625730099328 0.205943798565341 0.12279809251737 0.218044745393479
0.135405106527044 0.156630157833438 0.0852869452010924 0.08855045328269 0.0586118917420641 0.241569643968905 0.150467517956045 0.0781523611725612 0.00532592231616068
0.0590072766576084 0.158766994138892 0.0939468646273216 0.0959979632208726 0.0519712315139746 0.161712546442735 0.140872299041788 0.103086988962376 0.134637835394432
0.12339619841551 0.0282350834020998 0.0325285886863059 0.107561846022234 0.160091440288783 0.193242214608446 0.186194015446503 0.152599926312604 0.0161506868175137
0.0465191308809303 0.11540651024595 0.0380375691133924 0.0528392110848709 0.161350771121495 0.128740469902633 0.185853597430158 0.110603553409706 0.160649186810865
0.143503647553317 0.219165337789497 0.0897934601287408 0.125827782170372 0.0698921342148986 0.0957371168732997 0.128752436209612 0.0574838188766046 0.0698442661836579
0.00248439630345021 0.28213986108702 0.0110993564672517 0.243923316797714 0.00250486427194308 0.0245719523055507 0.227804266590861 0.140086307691533 0.0653856784846771
0.0878433095168845 0.0535290421174932 0.0058408372913449 0.112117084460929 0.111813316374763 0.15788980318346 0.202450473149655 0.0966948655888571 0.171821268316615
0.0466517025129283 0.119697504960054 0.233045571373641 0.0239946212966725 0.168867789489317 0.275249090131946 0.00751450986370932 0.0338232996541666 0.0911559107175645
0.0276494021988665 0.0807875712887332 0.0553761132126492 0.182842354436371 0.0943536392344725 0.0832760099645789 0.0105895996897156 0.245488236543377 0.219637073431235
0.00862375353512928 0.149762499565125 0.109855941582361 0.0263332881271226 0.218627991456772 0.00800224244546732 0.11998149153179 0.159411910393152 0.199400881363081
0.155588532664914 0.143440256459677 0.00417220787882644 0.224220935807767 0.0390789729483315 0.0102469741226897 0.167339139107892 0.082206284462627 0.173706696547276
0.0404623494604484 0.136775423254216 0.083150105040333 0.111308915224673 0.109915635827136 0.180954759674944 0.139318605648146 0.0702818925498411 0.127832313320263
0.047017037501306 0.196062730909589 0.0994846074909899 0.0182102785143102 0.174813155437351 0.154409409536059 0.0790246919437912 0.165824988081972 0.0651531005846314
0.0120202002179748 0.18790146641312 0.0972519604150214 0.0502234114226039 0.00213673584980374 0.251952946303409 0.200960607440033 0.196110541451147 0.00144213048688776
0.107363260250483 0.0266947619905287 0.0395432322565114 0.0350039710142349 0.0881499619853813 0.161924290624666 0.132483174023964 0.289670895944892 0.119166451909338
0.0243164368163388 0.0396390252853184 0.0621173493659174 0.215023587937648 0.0609040993986163 0.184228178669715 0.111361894548642 0.169842376090971 0.132567051886834
0.0670642340398163 0.185365785948592 0.0309613991360734 0.214261673489183 0.0528018975906216 0.0200799147644877 0.105886083870249 0.0658776575480166 0.257701353612961
0.0211748666612209 0.193338110206025 0.0766277302158031 0.184734431497237 0.197002460954995 0.0259671319344977 0.02997989569163 0.172822798124172 0.0983525747144198
0.131151834871663 0.204665899175176 0.0119676513851903 0.0501314730969875 0.0947701605934204 0.185338186281155 0.100489192642314 0.123862335995821 0.0976232659582739
0.0439768484675732 0.153285043806231 0.0849469133818708 0.155112988463627 0.16156829704657 0.0664509634435271 0.143022982482184 0.0453745939733632 0.146261368935054
0.192110648888156 0.0843606207146393 0.00220159950644862 0.0431525714140475 0.124557378104902 0.15007470191633 0.101798546968659 0.157421814558944 0.144322117927874
0.138728814854483 0.230097856700407 0.12416219381001 0.144345560571724 0.0918095176945673 0.10516757754381 0.0601826537438307 0.0771803517547814 0.028325473326387
0.0268747270643492 0.126442384094613 0.0430811019517841 0.105357927493596 0.0359647326625589 0.211180439214177 0.0062991675860263 0.197441120786653 0.247358399146242
0.128866893163815 0.117305141554913 0.0368081222718653 0.0305099929729016 0.132439179898503 0.164874293131507 0.190834345976476 0.0251694187326128 0.173192612297406
0.219553198890972 0.0926239459218143 0.063678782888066 0.0635292649568455 0.0416270164300358 0.0633001610781897 0.221226920887669 0.0244231979138071 0.210037511032601
0.117803540173308 0.0295716067806069 0.0152345485607965 0.162164082221527 0.15285430404094 0.125430275001722 0.16841401627112 0.137045661229439 0.09148196572054
0.142923124060087 0.0450075984248533 0.108030204472728 0.0933218276304712 0.131594396948435 0.152860401486722 0.105172141856559 0.087844169988477 0.133246135131669
0.0172083175051822 0.0964104227378042 0.190205005638447 0.200524024937126 0.0968024071963502 0.159522931950629 0.0521830811624199 0.0399504311340872 0.147193377737954
0.0924912445025163 0.105630384323944 0.157930934620932 0.0556202140882736 0.142090201593714 0.159595862043517 0.11577890762187 0.101343740316558 0.0695185108886743
0.202481090481032 0.00803865785730868 0.0889043169330709 0.0735872734015237 0.196539117233576 0.136415883015392 0.0336138729166515 0.183421668845498 0.0769981193159471
0.142831323901182 0.10478546308706 0.113163117691107 0.0647952865519547 0.0392378508376682 0.135022745786768 0.119185031479567 0.197583374111478 0.0833958065532136
0.15530674623378 0.152959694056075 0.128207407453059 0.149859303775547 0.0408085453742937 0.13079528455267 0.0025526824622187 0.0863242831691344 0.153186052923222
0.130438242319289 0.0903573109162872 0.226941271677911 0.19990980588252 0.169557316085992 0.0748792308699738 0.0347040132320924 0.0200750626433391 0.0531377463725956
0.197408333554809 0.192431735260852 0.0814392346948662 0.0029180878201255 0.10618096714387 0.0680154040995171 0.0548511369382471 0.150553670433252 0.14620143005446
0.0931609153901497 0.159131234909971 0.104751830915446 0.164267604088888 0.024609525794936 0.0953592736509558 0.134820851593816 0.12798659483556 0.0959121688202768
0.161460584694387 0.0355818338273305 0.202455041866449 0.0476923891392036 0.184709313759188 0.0537353074205536 0.10139231038924 0.184822759574428 0.0281504593292213
0.0418988929943626 0.0852560618821696 0.0703873008835404 0.0472051229903968 0.15815122506315 0.182953509980918 0.181346787040701 0.0902573692322215 0.142543729932541
0.16312234359053 0.114463013406307 0.0933269699547786 0.111500592038214 0.150576806446115 0.114978647082196 0.0653871645971908 0.106375508422022 0.080268954462648
0.115253639113042 0.168920570211723 0.0881130895567589 0.160116089984415 0.107694143194802 0.178693960548715 0.062669308802358 0.00318492873339512 0.115354269854791
0.162395313829874 0.201044144390881 0.0382798874878882 0.194748672916137 0.02499585882484 0.07928123331124 0.0335415961633043 0.0603263008398423 0.205386992235992
0.131022102242384 0.136481420751531 0.0672849025334745 0.036491746429517 0.157971430736728 0.0710346895227615 0.232625170177425 0.144801010961975 0.0222875266442034
0.191364192130634 0.013277373548163 0.202559965833255 0.078456773800329 0.0209006459654032 0.0839229909616651 0.177715678389242 0.228279428558778 0.00352295081253069
0.225433198057087 0.296920249319658 0.124038346536343 0.0380004343974708 0.0367753041208501 0.0666126774734068 0.0568799295022371 0.0841161600077697 0.0712237005851782
0.0183843107133673 0.255772406383491 0.0746003256597335 0.0282603569466583 0.0439948966206564 0.121460287508022 0.109613014938905 0.0888390541610121 0.259075347068154
0.0683897693764981 0.0648038550958117 0.000945010535359095 0.174042921965092 0.00349140000213632 0.236053956156656 0.231805418736567 0.0707102835011199 0.14975738463076
0.182302636919034 0.159028891239341 0.0791755347874199 0.0249725989894701 0.201243540863303 0.134753011521949 0.0932421141746643 0.0707118792400715 0.0545697922647471
0.0026596526882004 0.160743605971265 0.248315268688368 0.00698156330986156 0.0388755904607752 0.0678011577215005 0.189964357955538 0.153628370963494 0.131030432240998
0.0913477797836211 0.0570029319561242 0.219355701389953 0.0935685333084447 0.0666633571834248 0.147583561700441 0.101329467202944 0.185705384324153 0.0374432831508942
0.174585212360948 0.147331034540422 0.145957968384882 0.0279719847562509 0.193339902708201 0.00462020526527925 0.174121116323773 0.0896059346497682 0.0424666410104752
0.0766900119610916 0.112937418464039 0.0791335111130548 0.0803481440086553 0.147273571430817 0.204093790174591 0.181985261595317 0.0243148438075107 0.0932234474449246
0.0265343138087579 0.109586564547583 0.0375006639555388 0.15826218678514 0.114942477005457 0.181620324947273 0.171893425008179 0.179409668655054 0.0202503752870164
0.0466414219659062 0.0334702316736089 0.137569000815119 0.191172729950419 0.0690764249516393 0.183873092893565 0.0490948109163431 0.185591599239933 0.103510687593466
0.0135584257447882 0.170478941260488 0.216491808001513 0.185432996793631 0.105527630048458 0.0109181539282202 0.0839416774242923 0.122559639619728 0.0910907271788813
0.0989096578072191 0.0141165740132268 0.138244849935175 0.145603996180331 0.11148514748928 0.185079291420408 0.186436331987248 0.0079452188164916 0.11217893235062
0.0731082176170745 0.186535657501957 0.22997617404484 0.0394290744503119 0.168257916259539 0.0603055902125844 0.0125564365516248 0.0857165223908624 0.144114410971207
0.131999698992348 0.0845643943715606 0.194834434035877 0.0471199885981875 0.0328065244772117 0.198799003180153 0.136881900995926 0.0203606592558804 0.152633396092856
0.0477511310529992 0.00839206548387261 0.199800162372904 0.138571034748256 0.156432890410019 0.109524753612076 0.0270174759199338 0.237390469348863 0.075120017051076
0.0962438954860115 0.0477204786759507 0.0900802090261989 0.214978492575449 0.0422708167333617 0.0646758097538866 0.0654682401817203 0.202899427534468 0.175662630032953
0.00757939025443253 0.191482231807436 0.12212977784691 0.154367348003113 0.0512356564978723 0.0708686976206806 0.0660288933504846 0.128235445108727 0.208072559510344
0.231281222628854 0.00840138624922558 0.240130328756837 0.0743493355283708 0.0102809724431079 0.184583851609684 0.0677227742909453 0.0852003467385842 0.0980497817543917
0.0703618779121921 0.143367818026982 0.097508849988681 0.0320219761283719 0.0737405627598734 0.197902154228196 0.195709455394869 0.150262131843335 0.0391251737175002
0.0792733393417639 0.0101183419687719 0.188916051950354 0.110121744598856 0.0363743865130056 0.148202966450094 0.246400370298463 0.0977781678597591 0.0828146310189329
0.108578893262411 0.0357151298979115 0.0141561853781985 0.160148535424967 0.142868344453816 0.199503193093511 0.0514433735932057 0.139434321938737 0.148152022957243
0.0709879296703807 0.0796080165801775 0.0626603045016184 0.113764483730549 0.176162336221205 0.130942356294348 0.127596434692879 0.165908744282105 0.0723693940267374
0.201738336255159 0.025194210773527 0.216976295404764 0.188874323658975 0.00312152125020199 0.0942293364083664 0.0548242496721627 0.181895145602034 0.03314658097481
0.159314602813263 0.0676720859474028 0.0752671145703076 0.198053602624603 0.175517053466127 0.0885064389960001 0.027135656822324 0.00078655950783823 0.207746885252134
0.116203625618506 0.0497013456389214 0.121407101087663 0.120984457302853 0.125723724879455 0.134010098063068 0.152640324715164 0.153024931004013 0.0263043916903576
0.18689692317556 0.150225354003122 0.155809310496236 0.006540949130373 0.0544296214603389 0.136401246530904 0.161519294918486 0.00784927831853762 0.140328021966443
0.0149382313336419 0.0618255410404105 0.195887442862987 0.182131255323307 0.150475798085389 0.174500812441995 0.0613117251553962 0.0355015394367394 0.123427654320134
0.0041091421432473 0.147443700114524 0.0495121408777593 0.146443466615436 0.197835563695526 0.184320375707133 0.0616302146069354 0.112377853554748 0.0963275426846908
0.0571666267615489 0.00498995608265096 0.120449106028287 0.130626068317376 0.20956197254615 0.0847243881646171 0.220258015159669 0.0998189174620901 0.0724049494776116
0.194591115489964 0.0448965269021436 0.0695534991322045 0.0943343491820076 0.125703102471098 0.0173955749139168 0.00534811854883883 0.220900395960402 0.227277317399426
0.211106241944277 0.0760159756093728 0.0311132908733921 0.266081619749176 0.000907112206751601 0.278282414834083 0.0852160717399836 0.00422235841934068 0.0470549146236227
0.0630270811616414 0.162073148245092 0.0967326051342786 0.183952832619273 0.0550000146145905 0.0600793683051082 0.0388914834819017 0.19281547978498 0.147427986653134
0.0727317162245275 0.102600662986454 0.0623577880855384 0.131207311427995 0.101430145792726 0.156079453720261 0.0975528800757553 0.0780131132687781 0.198026928417964
0.0181242910385442 0.00806882863620356 0.195690847174982 0.0322419301160288 0.20177734500099 0.0760243313818148 0.192789667901255 0.179475173212101 0.0958075855380807
0.0686555743918055 0.136987322796193 0.151802979268066 0.107674742438732 0.094464643939347 0.168006583933765 0.15305697161524 0.0707979405834987 0.0485532410333527
0.0140009594224338 0.11325873617038 0.0183883625904318 0.21840319575867 0.135839288778868 0.176872774500203 0.0507371719847667 0.190347537599106 0.0821519731951403
0.00521665093609795 0.00956712790801298 0.0885662868445599 0.114748158517743 0.174406595880198 0.145004514352979 0.121093438082283 0.164323732764321 0.177073494713806
0.0805136762978315 0.228397788077603 0.00040794326564826 0.225689594105143 0.0153020348797086 0.110677565297692 0.125111969400596 0.0873597554115256 0.126539673264251
0.0784917567003769 0.0317513643562633 0.0744431017406095 0.129637691550153 0.0893055140542384 0.117411397869189 0.183583627266815 0.18683870945829 0.108536837004065
0.0292736895916199 0.21095066395203 0.0606444168019096 0.269629722900885 0.0401853521853125 0.158176256098565 0.0956402409379252 0.103475351047992 0.0320243064837616
0.0571470806699351 0.150848818638092 0.0203734237724047 0.207364189672765 0.131819788084564 0.1251693434336 0.0705282075490049 0.20691871652917 0.0298304316504638
0.0916661613615032 0.067262277550953 0.00120311504410068 0.131242978011476 0.00745512716209931 0.183299179382096 0.242262824939768 0.00897787211764972 0.266630464430354
0.0546728056153669 0.0673888755037954 0.0225578775347111 0.134197511852097 0.12684068673443 0.0519108904432359 0.139648361436159 0.212788457306654 0.18999453357355
0.0903318213704083 0.164045365676224 0.279728627899463 0.0458417152342511 0.278804944106858 0.0449096950953012 0.0125700517782297 0.0698123055814466 0.0139554732578189
0.0771865753039961 0.191869703963992 0.0565547006291738 0.0769099113560503 0.0745740284848698 0.0272417192426011 0.144274985793971 0.149502768367034 0.201885606858313
0.168439090060726 0.0693071141628649 0.103013724429965 0.0624495261810951 0.0518067998922799 0.148116015564328 0.145017033126606 0.144013008038998 0.107837688543138
0.0784957874755541 0.0989260457723743 0.194024961742408 0.0253306105709342 0.0525093607485607 0.117061336561546 0.16667269849104 0.00467456651725897 0.262304632120324
0.0897990041121979 0.0350868828487631 0.136634658059228 0.0947491540299967 0.12253228942079 0.160694975035781 0.118646242612158 0.0592500074869844 0.1826067863941
0.0965292289675241 0.149021409376847 0.107713042082392 0.0440078095900683 0.181787400505068 0.0359398589640371 0.0653695162790498 0.122863904321419 0.196767829913595
0.0224724206759714 0.128415435174901 0.0789412420284048 0.169606447151863 0.166222388899899 0.0930043746307199 0.131812574515935 0.07143050991631 0.138094607005995
0.132072499524492 0.172218370194203 0.13254805057247 0.00432239621491754 0.171708625987285 0.160934015061189 0.0612155279970621 0.125133303859635 0.0398472105887464
0.206703039980441 0.148896725195225 0.0763495456198822 0.10418065635694 0.0516079349127344 0.0475556475574499 0.190216059767248 0.128159103483813 0.0463312871262664
0.00343390636740004 0.0432502046662489 0.189147319622395 0.182582641876332 0.0545533453821107 0.190121389743365 0.0546120658030821 0.104504440499241 0.177794686039826
0.139556853420341 0.0414161789913792 0.186310452429899 0.140011860949697 0.0199333619592036 0.00785262406364703 0.133766571781646 0.192516484884071 0.138635611520117
0.117001776918444 0.141312919744835 0.15325079053787 0.0869402179185965 0.153377163258766 0.0960434776565397 0.000971110618854874 0.0925613755918731 0.158541167754221
0.155160014488253 0.199002124000095 0.0256888742991119 0.134696658213324 0.110510567695078 0.133745159093619 0.163410009363383 0.0362803347490465 0.0415062580980896
0.15965174842125 0.0351724304393954 0.061258334729253 0.129302535653694 0.117924454058847 0.157865856066079 0.0567598834980826 0.0500744240696808 0.231990333063718
0.13916631287767 0.144711792018266 0.186819033053618 0.0165287538632711 0.214137802678596 0.125928185289026 0.0387496808276842 0.0900522590484421 0.0439061803434256
0.231726022744118 0.214777251669177 0.0289281374068962 0.1736907509759 0.0968780832565833 0.114691857636642 0.0384067163173349 0.0493743949030809 0.0515267850902669
0.0687194245344649 0.0982828288578523 0.111536169175414 0.190808288834799 0.130010412964314 0.083139249905834 0.164350209250809 0.0303304946598901 0.122822921816623
0.0180078141255017 0.193922729252922 0.0618336529497199 0.0691539584202242 0.074539945124998 0.000397020766736348 0.236747190479008 0.178163474897383 0.167234213983508
0.0307598012755817 0.123980195278507 0.20580153624805 0.175202046392406 0.101213731200879 0.0814348161650665 0.219654908969383 0.0532117826107745 0.00874118185935137
0.16997874605068 0.156416028206049 0.151071121307264 0.0354856093317006 0.101924818459375 0.158065151028127 0.018469134855439 0.0598627313370598 0.148726659424306
0.0726841813146619 0.148219827983022 0.170992072091295 0.0246370368705855 0.222335533168339 0.0527943737094047 0.1214450772111 0.00349287261754398 0.183399025034048
0.0263630272246768 0.0242200367545435 0.0534039188665563 0.0262325960378804 0.197587671919598 0.197022078824774 0.196656504483409 0.11750993825913 0.161004227629432
0.188506772310074 0.116325010565161 0.151124055602887 0.176768710657119 0.0509497187405056 0.0551003868814097 0.183565480842223 0.00659952160199734 0.0710603427986233
0.196952271636105 0.088763554811817 0.0695615133828226 0.111072303585785 0.0218125602838704 0.111859400713565 0.19833290841697 0.127733922963875 0.0739115642051899
0.245059669843042 0.0752698845805741 0.260426060910676 0.085370752265393 0.103800817079229 0.0438210181983519 0.0350430372771659 0.00457827925293206 0.146630480592636
0.0361647336267266 0.113272442613804 0.326292466172053 0.0601643876539011 0.0802804138511276 0.0576168993390694 0.192406759313227 0.127602194114193 0.00619970331589936
0.213638108936211 0.113781406644118 0.0405659867450514 0.15970859119804 0.0939297289303407 0.0427349332695961 0.0500746480868351 0.0708310288236301 0.214735567366178
0.14425423213171 0.0287254410325645 0.116943506754892 0.0461026668043785 0.130973717784299 0.232619470378664 0.248924692641525 0.0239084698195178 0.027547802652449
0.103661512214193 0.0528287324373563 0.0095315802059125 0.0873398832421349 0.251401581524184 0.00884254534841335 0.111128458782253 0.22268807557857 0.152577630666983
0.153175203396247 0.109536524925916 0.164341906077663 0.0381939637407332 0.158670484666624 0.136689238560228 0.0634644965774219 0.113786013687927 0.0621421683672389
0.172349016331193 0.0518504083453488 0.216106838339594 0.145512621600357 0.205055089491022 0.0589720446934057 0.0390655590101039 0.0167649458717946 0.0943234763171813
0.0615031340662115 0.200845441965217 0.215362075351496 0.0336409891530194 0.00534969966027502 0.0226636185465696 0.0548456611634202 0.209091728041916 0.196697652051876
0.125109688103755 0.0106462468180833 0.0560747383617447 0.148424372134045 0.125416384048195 0.0540484991167271 0.141532547230021 0.146845782627944 0.191901741559485
0.123054511012481 0.193985700124433 0.00923950046534145 0.104353123917209 0.10685910902457 0.103523724973949 0.166902559476979 0.0634810229201983 0.128600748084839
0.0345756939984299 0.0825798667816091 0.206881349607882 0.108340058061578 0.0234467834560269 0.102405256996454 0.184060215051476 0.0762855583886986 0.181425217657845
0.131562302386798 0.0118820862232377 0.135392233119089 0.175904058929676 0.127415179892025 0.0987986915179377 0.0837038849891743 0.115810815233503 0.119530747708559
0.0492197107405144 0.040070746884095 0.0191242611889158 0.00192423664779521 0.00324982076505828 0.202785134111689 0.258653569596594 0.294566607984808 0.13040591208053
0.0139825685919256 0.177443035738735 0.0429630342273901 0.08072668978274 0.130779094083613 0.082149589715044 0.116191715925525 0.191276374538131 0.164487897396896
0.147287054078367 0.109788569585463 0.187715373008083 0.0102102237214424 0.145826326819531 0.0694102930779852 0.0235076707728584 0.123744566407652 0.182509922528619
0.12261533902129 0.104219775796008 0.0434031143151332 0.0988243985078151 0.152417942720774 0.11729596070452 0.112716735075018 0.148146097136834 0.100360636722607
0.192344657122612 0.13886220552262 0.0639179074504258 0.146221504526405 0.00497408916287635 0.079076677129793 0.170285256291013 0.123057295196925 0.0812604075973306
0.12784920538344 0.0390533539794608 0.036792601673896 0.034892965758806 0.450629416181808 0.134134087704105 0.13311015922264 0.0274947179856439 0.0160434921102006
0.117453619937502 0.120400880567726 0.0687366126366816 0.147634203214959 0.0390734276323342 0.129356938506305 0.147104226076804 0.0596021393588087 0.170637952068879
0.1081503001245 0.131483871187648 0.154839869527445 0.155979557759953 0.135331632902765 0.0400714444142303 0.145514701807857 0.0231016260409973 0.105526996234604
0.0944122282842573 0.0205294598340254 0.148767245011291 0.0549892437713776 0.116824398238435 0.0818372680728574 0.21092614004842 0.0754014054693209 0.196312611270015
0.176222814730471 0.0482202259610506 0.0717342607614283 0.0414378117207336 0.0585411302818408 0.219929560355955 0.169888871953549 0.00408708709550531 0.209938237139467
0.0735554411009426 0.209919015683288 0.0622766149045966 0.230859781558619 0.0269473622184047 0.0627976026075741 0.127888804998478 0.168790507062852 0.0369648698652446
0.138144741354931 0.0678451951139237 0.138015151664655 0.0569796563747882 0.0991044436492863 0.14207553334458 0.105784662114913 0.138698051046384 0.113352565336539
0.224105315756506 0.0117820656492347 0.0957506231982894 0.204298961917919 0.00117568279998208 0.0475548281042892 0.144262231655534 0.127938475435637 0.143131815482609
0.172109759189335 0.114857072412303 0.151073550903914 0.146864219738456 0.0488872623234745 0.177929828827427 0.0313101504017752 0.120972320478716 0.0359958357245983
0.0604150901796291 0.0470775753986246 0.0286548841665175 0.182452840262772 0.13207845800443 0.235532800898952 0.00359422454851443 0.0637081333517531 0.246485993188808
0.0608492301481727 0.166221759834543 0.0105874874398637 0.166660487198078 0.165367365239145 0.0898134332342016 5.18772752104818e-05 0.167448081249544 0.17300027838124
0.0338667836412722 0.0356793379874995 0.278613552878552 0.153372687027448 0.0500288833159866 0.0174735032992493 0.145072673505188 0.211439188505812 0.0744533898389926
0.195592666015964 0.180965419927794 0.221756926805765 0.0274567813249382 0.135483408040436 0.0673755313091028 0.00297373729865232 0.159716660376008 0.00867886890133982
0.0362460298487584 0.0818255188332979 0.0474432957534507 0.0442933202864357 0.257856968402517 0.0931623828477219 0.253049733942397 0.0593012492506902 0.126821500834731
0.0566712349841676 0.0326408188894311 0.0271626814056368 0.029722789798525 0.250886645814774 0.0336997507084211 0.326593529233121 0.196880878216684 0.0457416709492396
0.13267911268283 0.0844411564443208 0.0964368775572699 0.14821803269727 0.168003714131648 0.140659315351073 0.113711681225662 0.0394953004942574 0.0763548094156695
0.0674526449574435 0.187168031745582 0.0660305840619058 0.111322664606422 0.0821232959257662 0.0688819872477243 0.195995326027437 0.209514584132114 0.0115108812956053
0.255821631256511 0.0465690606486314 0.120843603339334 0.119010841410535 0.0250166182558436 0.288039326871563 0.0164861011718631 0.0296865669161993 0.0985262501295194
0.0190069034552837 0.0878339344826208 0.0724039095450754 0.12273359041188 0.146202442926914 0.0619827407913012 0.0798052059299083 0.240194978055928 0.169836294401088
0.040432640273092 0.18225182393129 0.124755088623334 0.0134191450688108 0.187251988680548 0.0863842493679565 0.0745498220115413 0.10015167309347 0.190803568949957
0.0683761433621273 0.0183971062090027 0.181575979308683 0.133265649342599 0.0818664220813759 0.120114972375532 0.145016078796812 0.133660866623079 0.117726781900789
0.099699713919155 0.1562216966277 0.219532534791132 0.0588948948599027 0.0472272067819042 0.101795760088693 0.0200179222910396 0.107969176961746 0.188641093678727
0.00752515454595191 0.0624523758479749 0.127713424398186 0.23164044498412 0.0371306100645435 0.242244036425052 0.0355284721457698 0.149765599115399 0.105999882473002
0.172003583156495 0.0802029340862752 0.0434933853815462 0.0617091845386026 0.170116658885463 0.116748620836228 0.176663764212947 0.057463049114789 0.121598819787653
0.224734197496476 0.165110069445514 0.0764538328461376 0.151692473082157 0.00499948481200892 0.0811084861299823 0.193024864045524 0.029412241375811 0.0734643507663901
0.0968532728645796 0.0997567224505756 0.174443883309238 0.0658782219055405 0.140700866430583 0.105519779281938 0.0543184258595426 0.185973666183684 0.0765551617143187
0.207302076362559 0.104718778197203 0.0689858794910336 0.19246033454267 0.197763839984902 0.0313703871391506 0.0461295092089664 0.127136720944367 0.0241324741291481
0.0307690200055315 0.174654700064052 0.155205052920716 0.133854433463949 0.0197383179780198 0.14652251755012 0.162697930530764 0.0325165598096864 0.144041467677161
0.0885041909549019 0.0401569206574646 0.0314850181804771 0.0408883417061035 0.129589225095181 0.186621532441572 0.199184693861433 0.175005004150902 0.108565072951965
0.0774763903746826 0.108359389442277 0.0999895186169325 0.0671018032891718 0.0393360080472058 0.0967989108763395 0.111787032218663 0.237011930085678 0.16213901704905
0.071043664347212 0.0863688370045509 0.0288819373005864 0.13690273189701 0.236947188531128 0.139951208636131 0.254513286474137 0.0148091251228619 0.0305820206863824
0.041991992669317 0.241957251823335 0.0169067609818034 0.158628507521641 0.0736440690137352 0.138915998594535 0.0501547437300208 0.253645323004782 0.0241553526608304
0.00801735540093774 0.202208501309171 0.174922216397785 0.0633379015663757 0.100434265918511 0.0978294682081965 0.0277611631687231 0.176714412459524 0.148774715570777
0.174343288216906 0.0979741036628286 0.00260439720895673 0.179770199806298 0.068753219135882 0.121989546006533 0.0105175105813354 0.110595169842143 0.233452565539117
0.0175131277771734 0.0242840641790414 0.0256500944912511 0.0437994979955146 0.229259219162309 0.0690167958024614 0.202520485671737 0.155940557026664 0.232016157893848
0.0404655439366875 0.201219393088425 0.0306259849514257 0.189141404335489 0.12847146407248 0.0401205855782908 0.125392259999334 0.156934628385929 0.0876287356519401
0.14444467003734 0.0567448398210256 0.0295084924103403 0.0950252517927427 0.240565800982506 0.0574470433667297 0.169280204316206 0.0678862214188775 0.139097475854232
0.139190621508424 0.00238310346520893 0.0787700683247959 0.162148266085007 0.117154184820443 0.0950963103401563 0.151082557871809 0.121684092728953 0.132490794855203
0.0145387682995307 0.0442489496137487 0.0103715241010307 0.125810526283315 0.254534446880986 0.210409371854574 0.0207224776436533 0.166942893357628 0.152421041965534
0.183475223356571 0.0288582548543688 0.00676838185726881 0.183024319495063 0.121784721856464 0.0882940014200115 0.137855545361467 0.110588226789648 0.139351325009138
0.0890766162031241 0.23101119490308 0.225690320620861 0.233606316488775 0.037492933383275 0.0211620529552576 0.123333480412188 0.00864806491969699 0.0299790201137413
0.132571726217777 0.157518586823356 0.108415537212302 0.0423997060643101 0.176711182092995 0.0895348736037544 0.05442174177997 0.179255540678106 0.059171105527429
0.182295467950348 0.188661552417435 0.0376262110890894 0.089293700410423 0.0913341275430727 0.0160260481855316 0.20623752087602 0.00615121152412587 0.182374160003956
0.161129515382425 0.0488129029850398 0.0430634410478097 0.191530320217356 0.0157657944627058 0.164866761362701 0.186966380561154 0.175422228055662 0.0124426559251458
0.161474359734282 0.117533571823736 0.141730583914205 0.0344796692776228 0.0977670181192483 0.120684424343406 0.167372938955928 0.156587251678112 0.00237018215345963
0.180123060790465 0.00162507632966086 0.0934500463955356 0.0140991061686705 0.125766789401497 0.186966111898782 0.154873469952595 0.171975909236211 0.071120429826583
0.190833234894925 0.116011620324283 0.176559589955395 0.0703766951378645 0.0538781559688036 0.148950422304349 0.0233593516744459 0.0466328815499271 0.173398048190007
0.142818078185198 0.100108106809215 0.104177826196754 0.0422364299017485 0.159793522216634 0.1342935857383 0.232729282086093 0.0638587441817262 0.0199844246843328
0.0907376032190788 0.139819422810467 0.100411045415199 0.133945202889806 0.0694403676298342 0.0490294206997546 0.210180439740468 0.20380833898645 0.00262815860894178
0.0420555330949014 0.178899703570219 0.143977176497094 0.0488596056510719 0.143578302512654 0.118203979911878 0.0987937679963126 0.147065185242147 0.0785667455237228
0.0633614072714464 0.186247696717203 0.0985083890541299 0.0826683999477299 0.129032631917786 0.0418235466134353 0.120286171344264 0.0440633672607435 0.234008389873262
0.0364623041369972 0.184670059016291 0.0429073384793455 0.0709837827883533 0.206326591836127 0.0926321223407122 0.0239210425104494 0.203834572078543 0.138262186813182
0.111240213464674 0.142540859472804 0.134716354598407 0.0204162052543143 0.161112113787193 0.124138527409705 0.0293886612497738 0.189683063753108 0.086764001010021
0.0373164775506734 0.206213429272453 0.0571813093446294 0.0516030657458781 0.083880980213737 0.0618749526802051 0.188696314981114 0.102689098301282 0.210544371910028
0.0751806222873561 0.115222204879598 0.110186759197855 0.14726734862953 0.124382711391922 0.105153364164216 0.174006350890137 0.00268387664680389 0.145916761912583
0.237169458663163 0.140123916971858 0.0658480363627547 0.128413911992397 0.15668887030789 0.169963648147365 0.0136297822311123 0.0398696918419004 0.0482926834815606
0.0497877905458614 0.0758714408564681 0.116129073543013 0.1644179575559 0.103719234301264 0.149202190354507 0.122453629541424 0.145290223092052 0.0731284602095112
0.198100340937917 0.0816249783194756 0.0448294926669061 0.198565609580271 0.0169187945048069 0.0229194660007826 0.211486214750824 0.0842735073004462 0.141281595938571
