0.055840836156999 0.0498571372090919 0.13749153264893 0.16940949726199 0.139833235779067 0.035833269890083 0.233815867592642 0.177918623461196
0.0384017375795065 0.124527098049767 0.155018003085314 0.111231782449544 0.176473098571622 0.224067032889589 0.127840380293713 0.0424408670809452
0.0423314905824822 0.168786500394494 0.174861714310447 0.0789494004211122 0.178048640525125 0.0262064373935272 0.181651326585407 0.149164489787405
0.143189712382515 0.175324351127091 0.00840158649475731 0.227596528406089 0.141609232560095 0.243479644661199 0.0257909080116513 0.0346080363566024
0.1448618376761 0.147453371022794 0.0218055921950441 0.141487538867606 0.000843529920300674 0.185230038993633 0.263841640920364 0.0944764504041577
0.0355376858429377 0.0603563226899454 0.234620274416662 0.219627517063532 0.191849066082604 0.00989007758989844 0.171821996830222 0.0762970594841976
0.201434428882175 0.0122896686765517 0.201434450903877 0.0428573070777379 0.183478267445279 0.100101274263197 0.078050571454031 0.180354031297151
0.162948213025319 0.20790162692976 0.0426516232125601 0.108013885262143 0.0899193882496944 0.137646828067125 0.131669773451087 0.11924866180231
0.161824751910121 0.0101369162361369 0.205419207054696 0.330013356902101 0.0440913993667212 0.163239459373219 0.0561781655404672 0.0290967436165375
0.0516047987560981 0.0697381409623764 0.163433046770264 0.149430409739313 0.23467439333992 0.0341328200717647 0.281659473911209 0.0153269164490538
0.120863648180929 0.150620209050969 0.0585426666503521 0.039093279406339 0.089524247062629 0.21818863036909 0.210315046273302 0.112852273006389
0.325577535429916 0.0393598634936884 0.052569584788551 0.0227648461123969 0.0645765172875195 0.244188830304515 0.0763717713100603 0.174591051273353
0.142197627014487 0.10292334519909 0.148281376553446 0.14113077859355 0.166113334726304 0.025429689706368 0.182539574801811 0.0913842734049446
0.0458386668444636 0.210423149466873 0.125506506228827 0.175777268959993 0.0777359554685668 0.187067735708095 0.156137172281941 0.0215135450412418
0.0981303215803487 0.183788585874107 0.107098993206624 0.149306960608111 0.16990908742344 0.046051101931912 0.0830368706385982 0.16267807873686
0.25909493129673 0.0904028139569859 0.111382335026371 0.103196846829832 0.0112548769631996 0.100070102070764 0.1220156078075 0.202582486048618
0.184462080962257 0.183874584742091 0.0902080326244748 0.0942765988176215 0.180851184202935 0.00538462515741055 0.219320762374118 0.0416221311190926
0.114757251395912 0.0602901789252567 0.0655561071290327 0.0888892302629102 0.222855316815843 0.205397183541796 0.181264949465925 0.060989782463323
0.0088940413480677 0.176855455746858 0.178460835839329 0.0844442777417713 0.0549736960671019 0.296879060369811 0.145686587059896 0.0538060458271658
0.158411759687594 0.129557033890965 0.211789664839438 0.147090040722222 0.080202305981933 0.02623891765925 0.100379590195052 0.146330687023546
0.0267193848197372 0.0708710806723709 0.199442988216483 0.186492885683632 0.237098895866092 0.229105545732463 0.0437168976715263 0.00655232133769574
0.127688686093075 0.214069721718186 0.171591261889221 0.0997873422195156 0.0695597118487956 0.0190232393532523 0.211549157055358 0.0867308798225968
0.080521893875566 0.202880237774964 0.198069445822479 0.0993975443227289 0.0391024923026348 0.191581297773335 0.103707419736963 0.0847396683913295
0.0201237637444027 0.225649512254263 0.243084242220473 0.132753081301294 0.0364781932837286 0.0630089693096072 0.0537301271258218 0.22517211076041
0.0769664138650894 0.079590494075571 0.0267612070726457 0.162639000125697 0.255100142488999 0.0103791985490311 0.113861702883806 0.274701840939162
0.146886749061782 0.115049448149813 0.182012677078756 0.157221742845893 0.00341314912266295 0.15691159612169 0.114236383187609 0.124268254431792
0.106414479456845 0.185066132240278 0.211203164235247 0.0761445775189434 0.150163527520982 0.0684775986717871 0.150585153957431 0.0519453663984868
0.0141379875357871 0.304099699598347 0.102515347666924 0.0884245158542786 0.0414583641842442 0.308385783179887 0.0104610515836181 0.130517250396914
0.270045491067779 0.0398326100444879 0.0613375766260925 0.297172534795826 0.0238356748321455 0.0338327528862976 0.150217920198018 0.123725439549353
0.0837140067703181 0.0557040003541392 0.22173786917502 0.194336426618293 0.124192140825382 0.0772364229498374 0.241034184212562 0.00204494909444803
0.210832336528293 0.000375060462986101 0.0140899242200718 0.109981243601719 0.201049064916833 0.306990604675086 0.0226229821757674 0.134058783419244
0.134701641458489 0.0262039810955254 0.00255746897002367 0.240682993649738 0.11466279807472 0.297739930982313 0.170554895620052 0.0128962901491391
0.234554870445736 0.0816543302272313 0.182914819366519 0.0187717080384167 0.17020016942684 0.0288253489329137 0.0416644389069781 0.241414314655365
0.0517088773137053 0.139161419270558 0.0272745611415039 0.14778351215669 0.159338323257451 0.109543306608654 0.163411523241429 0.201778477010009
0.0296129809333545 0.0546652296883909 0.0936874039726135 0.199671586580405 0.277677868912386 0.102783442942489 0.100296092553255 0.141605394417107
0.123151858140652 0.0542896732456091 0.229049468203955 0.0821470796889063 0.162753701627874 0.0707953306938469 0.119271003533678 0.158541884865479
0.192372060398181 0.0600097406023669 0.182406818211532 0.118005773989972 0.0959858287572287 0.09218712784741 0.0715611185975447 0.187471531595764
0.157867840333964 0.16395653424596 0.0433703629085625 0.054410800165038 0.0905639514597573 0.0680289494187955 0.258299416258054 0.163502145209869
0.0484784056277086 0.329059203939005 0.0499897911912837 0.000179134007849698 0.327211570638237 0.0685281160075714 0.0624718433846291 0.114081935203715
0.109089159471385 0.0601745597917236 0.168122107849208 0.00511175982774677 0.202592185601341 0.200332765337484 0.121496236328588 0.133081225792523
0.171659952662313 0.111200426977638 0.146835150492751 0.0374409126147361 0.111531675808796 0.141887147996344 0.0976200105439385 0.181824722903482
0.163277183274052 0.054773140656593 0.190551246437998 0.134075272598803 0.168125582344491 0.0277446408076151 0.202408144750006 0.0590447891304418
0.245603393294942 0.200828346007456 0.0418273021775087 0.221564120084403 0.0312914865492501 0.0311436544083202 0.181259146454298 0.0464825510238215
0.169910737159798 0.00282833182537033 0.147071606489054 0.218096251226516 0.18543739377439 0.116231264994782 0.128216515882165 0.0322078986479249
0.087929613891948 0.0449197746389122 0.154810111646065 0.0159659023550935 0.229501910499438 0.107464970583955 0.219350918169627 0.140056798214961
0.123057951669746 0.0579620293734141 0.195579992342123 0.0943855936378155 0.121182894489179 0.195857165515442 0.0745775181721643 0.137396854800116
0.027605840092913 0.288272517427376 0.0364447249099134 0.00252506814931096 0.182834774843505 0.315003656414307 0.0855517284136586 0.0617616897490163
0.163510620748216 0.217786561566497 0.122183358881803 0.103169625750394 0.0857559591431592 0.122350623758029 0.0391910803244292 0.146052169827472
0.0831375241487715 0.209916067905504 0.0505770714815801 0.256602891165609 0.169186068871905 0.211549039773411 0.00822829304462115 0.0108030436085977
0.0909574777424306 0.17849627725052 0.0845990967398389 0.202596399873488 0.129940015058433 0.0872943106437569 0.0712096926928811 0.154906729998652
0.302667395068859 0.106996199958426 0.0687494458263261 0.0191319060890564 0.163568393303359 0.0865778619268826 0.251931920622304 0.000376877204786132
0.194846259939789 0.0468665880790185 0.052258881012523 0.157031057438171 0.0514165708520031 0.204855744962839 0.137955975253655 0.154768922462002
0.156117086897674 0.144391650743164 0.143083749423194 0.0997044920706764 0.113435484785537 0.175541730814223 0.0454028121776991 0.122322993087832
0.150762808437973 0.081067950987136 0.0765550071824615 0.21531211488875 0.0576617450745992 0.0899464480656614 0.101779503015307 0.226914422348112
0.184319363884967 0.19527425264917 0.167787272462053 0.0966524934089417 0.0935542925188556 0.0697235135468775 0.133029146337852 0.0596596651912831
0.146647420945635 0.00636585768603118 0.18733405614471 0.046315252558054 0.200370802096044 0.0755817760340413 0.218043240423399 0.119341594112085
0.146703188044496 0.096925017266345 0.119479751421564 0.111224343653424 0.0842598971988662 0.100517266520927 0.143759932529442 0.197130603364936
0.113498992085415 0.21523178307709 0.200741076356793 0.00211622907638373 0.0739545431272568 0.0568659384881796 0.200449122059877 0.137142315729005
0.120453472858058 0.196884580777171 0.087352201700847 0.180708518742841 0.178314154563226 0.0526168376956041 0.0803628475888368 0.103307386073416
0.0144653987852415 0.248070567883295 0.173000835538554 0.0725823754045321 0.182374618765093 0.0946596232647474 0.206711488702122 0.00813509165641432
0.0230211020862904 0.21266367241527 0.200832954205799 0.197891066271189 0.0385683560767067 0.243228436476755 0.0208376022901955 0.0629568101777952
0.104407778810474 0.189673731726056 0.145993470266918 0.00464756209425622 0.200260004495857 0.180716490890196 0.0199533696010334 0.15434759211521
0.17595491851814 0.214508860411175 0.117796613651435 0.151523641527505 0.0795664093884419 0.0585384717909658 0.192304698702577 0.00980638600976096
0.0695018954799054 0.0688278357728965 0.083168683224194 0.00126729970076472 0.108122633784474 0.190205762901076 0.234337638415803 0.244568250720887
0.118629893684211 0.17096281677508 0.114457621267736 0.202527299240544 0.0355502954083237 0.225328398659156 0.0666536020271731 0.0658900729377759
0.0641130844237065 0.000563749126665682 0.127670004784088 0.229578379026478 0.00184929040793881 0.101168062500986 0.215431117394792 0.259626312335346
0.162016977857447 0.0289382223042489 0.0814670228742963 0.128291320688564 0.150916857174041 0.13007199378542 0.220664768147965 0.0976328371680174
0.13716935147789 0.1731520382686 0.19034969549603 0.0120862959862465 0.167976082480547 0.073701321109375 0.102879648632436 0.142685566548875
0.153593230570108 0.0775150595731417 0.164998932196584 0.164861704413296 0.151124301863232 0.104594789925141 0.163792092751214 0.0195198887072839
0.00737766274500153 0.00712782706930894 0.131242979111592 0.183767093670739 0.116677132874143 0.187875675535594 0.180458291916142 0.185473337077479
0.063819407051836 0.0698722665236339 0.161457797915612 0.200937929413541 0.104734149958185 0.0989228632971792 0.15089610733413 0.149359478505882
0.0691307628113886 0.0936370788271133 0.132818600926357 0.133580367391846 0.182348039729168 0.125949837062299 0.176351331311959 0.0861839819398701
0.183822476942782 0.00386534132562763 0.286770719136347 0.113113795755346 0.111780082995101 0.152858854634776 0.0471770392691145 0.100611689940906
0.16003869838101 0.154366753237198 0.0602259910895844 0.0352720111660582 0.189461408418784 0.0402679258009383 0.155619912061946 0.204747299844482
0.159624415383263 0.154822612484348 0.145247067956792 0.0185795566545013 0.200559128439794 0.071564753572854 0.0567982921004733 0.192804173407973
0.180390673977283 0.179316290905096 0.0944140782649957 0.181196485483899 0.127634168335705 0.100454447418633 0.105607074291511 0.0309867813228758
0.153357120848946 0.0704896259784586 0.132030428158769 0.0982303216391895 0.148578501548555 0.0488293481897735 0.153826592306441 0.194658061329868
0.257211004147586 0.0610984728870692 0.224062638065248 0.124146858819551 0.0634008642402064 0.0240942709876926 0.183977942838138 0.0620079480145081
0.184651522245765 0.000510242023573555 0.113637541764544 0.183308415089282 0.00698356268336612 0.17249219534586 0.19303349897997 0.145383021867639
0.0475174285930885 0.0780790967714748 0.112805722844532 0.184706693348585 0.122616650401612 0.11208797336848 0.196996640486109 0.14518979418612
0.153172630237459 0.160694209215383 0.159837347658558 0.141432044777409 0.113998383279693 0.129438067245514 0.0659198645290746 0.0755074530569086
0.119847327478771 0.115092140546721 0.061254882098833 0.238538789044791 0.208439689728831 0.206783407079817 0.0213895202664087 0.0286542437558285
0.0124383932227394 0.107147781456934 0.252809719414348 0.0974181038282117 0.258658752496715 0.0724082663345569 0.177541457773387 0.0215775254731077
0.230608306467639 0.087195034384377 0.0593855508561334 0.114724752783295 0.0628784690843918 0.273931333828926 0.0768250836071991 0.0944514689880392
0.154491785252499 0.100288165835562 0.0989020599099494 0.252835134581113 0.0412722913504618 0.0891179928194056 0.162967562948141 0.100125007302868
0.180922451369642 0.0835945884099484 0.0637295742372979 0.0836937980475996 0.170082052577731 0.157552794347844 0.181721672870553 0.0787030681393848
0.122679977100246 0.164469334245488 0.0657116035066787 0.212888224584657 0.0189016950831938 0.218551793625639 0.00117996279933481 0.195617409054762
0.0872523573521382 0.0242347417958249 0.174503532373986 0.22062318491193 0.134038878811686 0.1442037443973 0.203113694716727 0.0120298656404091
0.21743942940201 0.0128773435639471 0.219100381293155 0.118236451331468 0.15694967427121 0.0717164930515195 0.201521406323825 0.0021588207628655
0.164919480344321 0.172771690305969 0.200580918251523 0.0809521065668937 0.210681922703235 0.0773398189960064 0.0379622851402708 0.0547917776917809
0.175405835440523 0.0728569295882988 0.0432289697858847 0.108496329914937 0.2617342964095 0.06830155334627 0.171115282722345 0.0988608027922412
0.173242414187227 0.021867041549083 0.241660056716928 0.0499793671496073 0.0919179483810094 0.0806347073023322 0.267376600377862 0.073321864335951
0.0413093801531247 0.25084587317722 0.21445668177656 0.0146091197799026 0.153509493187146 0.246054107438913 0.0715931526031613 0.00762219188397365
0.0220163711408374 0.0375374875801562 0.0807833818676424 0.0993221777392098 0.265521489482542 0.17568461962834 0.198348132040027 0.120786340521246
0.032906205097255 0.38695631327647 0.0738440523261891 0.0207285531292899 0.138053614599819 0.0374787763671535 0.11131388038096 0.198718604822864
0.0617087349740665 0.104370274391116 0.193506317775468 0.0975289464839641 0.0361202211844417 0.113964419519123 0.0876687365828894 0.305132349088931
0.117708987847228 0.15578266513639 0.120841930314542 0.158046349087702 0.0973761247133684 0.0560587666165377 0.0937050968489608 0.200480079435272
0.217761160430267 0.000118442438993628 0.103503603714146 0.128217923169796 0.192921291612724 0.0817745828315247 0.161134125352646 0.114568870449903
0.18583135425781 0.123976284088364 0.186092230810149 0.0871339359586546 0.0978725777745013 0.00300401324487828 0.156269839603374 0.159819764262269
0.0344294613582318 0.234317476439762 0.12030140776549 0.186207147135553 0.157086526288382 0.0992734996850946 0.0380772910939228 0.130307190233564
0.176590592555707 0.180329142962839 0.125200836353403 0.0357736705963085 0.174722467036969 0.060858060466479 0.0923114957521291 0.154213734276166
0.110365887469841 0.2619984785095 0.0871897425603387 0.00799026230688235 0.190534185749555 0.103537669810528 0.00222401187480153 0.236159761718554
0.107391554439619 0.214510471896364 0.00670269587125808 0.219570273633746 0.150450419903092 0.0301620201845635 0.16519698412286 0.106015579948497
0.103203440601679 0.205238622913423 0.0145616765103895 0.107933583912162 0.122207689953709 0.201845875468258 0.140312908172365 0.104696202468016
0.0599047967428255 0.0257446139951266 0.16115921804704 0.152011746789561 0.151975059848974 0.177203467294006 0.102976103584779 0.169024993697689
0.188916810985902 0.0227417202237858 0.213409344487541 0.225358343016345 0.0710535067574151 0.0789149828868934 0.0367580788400101 0.162847212802107
0.207029451053855 0.0219605362307472 0.141775852616258 0.178049611008479 0.0794997569102301 0.207567084411469 0.101103581887612 0.0630141258813493
0.205119387537837 0.00290423947562965 0.0450345137196801 0.162585528804123 0.0234467757898848 0.160388333157015 0.190100181042555 0.210421040473276
0.183856436779261 0.0113994877705907 0.0680954751732394 0.259202655141192 0.0839427450701499 0.130243312060215 0.0307265062025515 0.2325333818028
0.234456950212217 0.107565224020589 0.0657055669444189 0.133930013152252 0.184547706512414 0.0308264398058621 0.127872684905767 0.115095414446481
0.0564105122913849 0.175027228731343 0.0392854005083128 0.0758405369479352 0.121471984212629 0.174838063522462 0.183565737614639 0.173560536171294
0.109988677537552 0.00741773381766812 0.0800866887330978 0.254373003332749 0.234817123869941 0.241164586610649 0.0316691855801828 0.0404830005181614
0.205262178969167 0.140440588561148 0.152391125663474 0.0509124572908902 0.0299977463937234 0.104742449192093 0.221469820777598 0.0947836331519066
0.229823510675416 0.115353468476056 0.120935207738744 9.83244162504598e-05 0.00574740167682461 0.150225786775837 0.220282307579321 0.157533992661551
0.22594089868609 0.154180524436366 0.120475559294259 0.0253554709246721 0.157108262866669 0.0334827167640705 0.260333734309493 0.0231228327183807
0.163214368257871 0.113102499420968 0.233369121468528 0.233457626784069 0.224581668742594 0.00241028637421067 0.0114574125198936 0.0184070164318662
0.15371792121232 0.138598678444053 0.148765735108006 0.170081383711685 0.140772081049886 0.120324145313911 0.0214139351976491 0.10632611996249
0.0136735955966785 0.212078542850165 0.00662977488950743 0.234952426818251 0.09816008980699 0.0642223615119829 0.164538849919696 0.205744358606729
0.0375795286866211 0.266525955005645 0.04503084488362 0.0946929129305414 0.0412738571937932 0.0512881812791085 0.268919303615798 0.194689416404873
0.0928513293375148 0.165031294425451 0.0152276191324219 0.0944230583632931 0.122614976985806 0.184204643315635 0.183756430020468 0.14189064841941
0.156252307465186 0.230073699164852 0.0394332017366891 0.0761881760958563 0.208478566072026 0.170365826326282 0.0671761128565997 0.0520321102825085
0.0649599848369296 0.269955994950498 0.181908676107349 0.194145565403202 0.263858071257531 0.00745897174290369 0.00489603384163106 0.0128167018599569
0.0834773035552941 0.0731336499265044 0.0759965368015726 0.180945562845632 0.107827645191961 0.151890558535407 0.0896472037567711 0.237081539386857
0.140090690470151 0.0942724963257097 0.183750313900974 0.0978353944482674 0.0753395358592972 0.0758028892251382 0.132816984265646 0.200091695504817
0.195215073303068 0.134268687504972 0.100399263074817 0.032042748117671 0.00875344516909959 0.232347039973078 0.203734175377542 0.093239567479753
0.114754451999756 0.200200625885051 0.13205308171658 0.108010395271141 0.177501009026586 0.138610293144984 0.11761451634474 0.0112556266111614
0.0838764137527653 0.163890921492861 0.0683614029226527 0.0237753421525833 0.170904013965757 0.296908468939221 0.0801063594211903 0.112177077352969
0.0966775395343308 0.0712532616538384 0.166855273379869 0.137451922038252 0.182673544444901 0.0416815811258176 0.100560278119116 0.202846599703876
0.142305875607262 0.0725843678894405 0.0899684039304432 0.101887947044819 0.14818848170467 0.220797474161968 0.0382017085803882 0.186065741081008
0.145627494623866 0.0177869030018788 0.122399151389094 0.241245745269603 0.140642065855201 0.152549386106475 0.148882688302188 0.0308665654516945
0.0862312384111971 0.195592055431333 0.162029183885771 0.0839188632872686 0.0286407859081865 0.183308600796497 0.214711336167593 0.0455679361121537
0.183099330116146 0.148789887018104 0.159277255312865 0.0464348637047926 0.24376401975198 0.0371316755382563 0.0462232317258544 0.135279736832002
0.103951881155901 0.0496274680939947 0.0884003225730223 0.0576863696255549 0.230074925876658 0.165927597923342 0.188838991073459 0.115492443678068
0.0652497920445521 0.081280842708185 0.145235062918429 0.0236889489905487 0.243013163741433 0.0218851321476106 0.287697168214442 0.131949889234799
0.0387712257535224 0.0900609864422503 0.0235006731458579 0.0404295110162024 0.0369061556037638 0.621587700253001 0.0714035515027344 0.0773401962826673
0.0103193200096441 0.118048234379083 0.135896500195564 0.0939252492180568 0.15808983029456 0.143434658603332 0.233645654482412 0.106640552817348
0.0906721196283311 0.226244080183458 0.0507216991007158 0.055944422680029 0.12776354145888 0.145131405519237 0.249081544297745 0.0544411871316028
0.230041353280142 0.0192909356488611 0.00582155408773191 0.280018695774618 0.291482196905358 0.0285940526434206 0.000164971665654681 0.144586239994214
0.0676365072119814 0.159947789533918 0.0377489036905826 0.112833044441554 0.179025924009165 0.195126056985226 0.196144435718583 0.0515373384089885
0.173248369969975 0.194427691641205 0.0896517061299077 0.177281199202047 0.00405451309370084 0.107316536527719 0.080395108515758 0.173624874919687
0.163697409208059 0.17197786873102 0.169448285079214 0.0417269224702923 0.161339150364389 0.185552089775205 0.067438327817007 0.0388199465548136
0.0627644040742968 0.144934377659635 0.150230027522815 0.110873929542241 0.0326969879528793 0.178668437472288 0.19479546174244 0.125036374033404
0.154097160685531 0.233480980470476 0.0389105242170022 0.152965136110342 0.0963931653047893 0.0900241587013956 0.209327233292064 0.0248016412184004
0.164226658521652 0.216168608917582 0.0308105107704354 0.217763314218083 0.0224886287874456 0.0978777653330552 0.0554576288152461 0.1952068846365
0.10293262473958 0.038195899626054 0.0176309586703028 0.0594480506507731 0.249183068290345 0.103026235558013 0.267537484844121 0.162045677620811
0.151091341154886 0.141877555020507 0.20473694064471 0.119561401986771 0.0156022840893991 0.145258423203898 0.0725699657002865 0.149302088199542
0.25721752606527 0.0833007929306994 0.273123731980057 0.019653332764696 0.0109990200569971 0.0567033019865683 0.0864359641227707 0.212566330092942
0.194699659306824 0.171994077205268 0.032154929548954 0.150378362052683 0.0473443506148879 0.154421103485651 0.209939937614546 0.0390675801711861
0.0542828304704436 0.0973209357681557 0.0572605592164987 0.225323002765389 0.189001928574123 0.0327704682036567 0.117614775527805 0.226425499473928
0.0698237096676186 0.103502984692852 0.0344388344510046 0.140079477536216 0.0879590909800924 0.195278057943205 0.222994062530933 0.145923782198079
0.0264286809201653 0.107986175673411 0.129014995568859 0.264263280935992 0.114019393153201 0.0902288145640948 0.0853622616357184 0.182696397548559
0.0965683733949714 0.0439487622672981 0.00468371425626673 0.0329126809067707 0.450281562642891 0.274551523225116 0.000189937278151162 0.0968634460285347
0.0190308162788491 0.0260723888278716 0.00310483379903311 0.267287254480144 0.272358569030939 0.148566963909712 0.013966669345743 0.249612504327709
0.013751447618277 0.362632997449725 0.00582471846365608 0.0185517867700784 0.0341750461929724 0.279822667032489 0.0346270381283637 0.250614298344438
0.15207455366593 0.0752634444113738 0.0904091593518095 0.201902660085447 0.0247906409075053 0.198828260359855 0.202566408363973 0.0541648728541072
0.0110349233211057 0.1750646266189 0.143191856566513 0.141837888599172 0.201265505401325 0.126621263313524 0.10066875684417 0.10031517933529
0.0957640275094192 0.177849818464116 0.129142849872998 0.138714854286543 0.124197300203822 0.127675897121025 0.116158321837422 0.0904969307046544
0.156917342697624 0.0155957362347424 0.143869933275619 0.114550749185685 0.173399987009989 0.145228814022453 0.204639611336732 0.0457978262371556
0.301092276626761 0.0600167192381413 0.00981394911234384 0.0904384195435235 0.207296704440831 0.0744716975384603 0.0685913351217921 0.188278898378148
0.239762057443231 0.0717759235806161 0.0843446293145297 0.0456682691694788 0.178012481849247 0.0596132322504065 0.200694790889999 0.120128615502492
0.107178377604935 0.068466013481121 0.191020697072657 0.127107109048322 0.0463140826682098 0.128067113032094 0.185220884568391 0.146625722524271
0.147608582166155 0.150974327538078 0.00211174426451315 0.164245542816527 0.146626186744931 0.1598868748381 0.136272254221503 0.0922744874101934
0.135926396780454 0.0895786691965529 0.116202165238925 0.0753087606696629 0.193747658395066 0.172046147183692 0.108794061745605 0.108396140790042
0.042890987571915 0.0621083413039326 0.132567842125347 0.108016221613734 0.231877761991881 0.206963028873179 0.0646403952477888 0.150935421272223
0.197731085666239 0.113694034385395 0.211482454815638 0.0738447612410252 0.111036758307552 0.135898626959167 0.10782939888804 0.0484828797369446
0.102735351324448 0.151551828352608 0.12343239816132 0.146605219355601 0.205492327908608 0.0663597930025097 0.119182313237502 0.084640768657404
0.132581512826479 0.00143082079072731 0.216288992736665 0.159911443384136 0.136576718479618 0.0550877273361312 0.103523904369656 0.194598880076588
0.239689878955882 0.137102769762863 0.0486147863413093 0.0585614746205453 0.173495537122795 0.103256764908073 0.0727280568243885 0.166550731464144
0.098530413273101 0.0159472264857097 0.208015145675677 0.174101859816627 0.0065035568928829 0.291889194290638 0.0852819496172803 0.119730653948085
0.111478570303876 0.0132169180142048 0.131287533586866 0.240173642446952 0.250570704859408 0.0947965737132958 0.0618008028857186 0.0966752541896783
0.171477012955771 0.164042758396074 0.101440846219105 0.109341991058792 0.0574922629360437 0.142068177057635 0.173135110804611 0.0810018405719683
0.191364505578512 0.0362854413189124 0.162933488128923 0.157749659939435 0.118893952772932 0.134353849818927 0.195234331974323 0.00318477046803529
0.232736828459092 0.0949993995147781 0.0313706518313514 0.188540621731784 0.0320265676958632 0.116169041625518 0.129620005377272 0.174536883764341
0.11557274263371 0.185663723666056 0.163299560893379 0.0146696232323388 0.143682664308549 0.0297951564932688 0.15767922324753 0.18963730552517
0.193559382380215 0.0255535265400573 0.0553908643979152 0.0935188727745352 0.164099074558928 0.143189696446379 0.178372332561226 0.146316250340745
0.184984435083037 0.148615389114692 0.0647811319634678 0.208758276918427 0.0530830792466156 0.123256640272791 0.198515454778376 0.0180055926225943
0.0396084928785406 0.0590830950790476 0.216327466984819 0.0248673778512295 0.187600755901445 0.082216462139638 0.153297547874621 0.236998801290659
0.0404577776379825 0.137324911477434 0.204450440674627 0.140307120994364 0.00591659797297971 0.0663425294222436 0.200912119366436 0.204288502453933
0.242297323462363 0.216504476553342 0.11029956222078 0.0648272271957542 0.200364173674999 0.0639364575630053 0.0211131977356298 0.0806575815941273
0.253948442391991 0.0054369191540518 0.0639768262167142 0.235993991733055 0.0614738656179217 0.193298042757724 0.13621452268707 0.049657389441472
0.163662523599745 0.102279443439749 0.185046171795975 0.197215602400355 0.0577548387551086 0.116182068676764 0.106012206752272 0.0718471445800316
0.0225898995980672 0.294683983922997 0.21637722548607 0.0670845757277662 0.0083636380684148 0.149293890019352 0.0997389939264289 0.141867793250904
0.143574468194599 0.102161901954007 0.0148227983782817 0.136022022536993 0.168119510482878 0.0792554860433092 0.173961474449461 0.182082337960471
0.142860924302029 0.176099779290517 0.139092662469906 0.323546626709569 0.172582178162344 0.0233794202178721 0.0027271618880913 0.0197112469596711
0.199352522923608 0.125299155494189 0.194718359018601 0.0501286849304453 0.00753847594261703 0.202734011882687 0.126997694189219 0.0932310956186331
0.155367653201509 0.171567545658745 0.0789780258013223 0.17672611175397 0.116806754321405 0.112745693645947 0.0464826000602331 0.141325615556869
0.130830301218715 0.0253080176282924 0.195784368966408 0.0228776612187702 0.277969169506884 0.0205880808193526 0.0669284425654633 0.259713958076114
0.227652425373163 0.122276219966739 0.173311843566766 0.130947783423697 4.07794712112618e-05 0.0851622052857713 0.0924842434237997 0.168124499488853
0.0750025873068215 0.111201351398527 0.0250170237925792 0.130074928033437 0.214411498682329 0.048309037082428 0.196725665569673 0.199257908134205
0.180451139932748 0.0603079223228708 0.186241857901032 0.00113824327365972 0.199705371087426 0.137976056791524 0.0821993614636066 0.151980047227134
0.106099279720141 0.126497314648343 0.167284355745431 0.143872785398044 0.0114357854858454 0.118269252519994 0.161561681727569 0.164979544754633
0.161932774551799 0.166772635655227 0.11117388846802 0.142962597410524 0.104614622887478 0.0707179502876691 0.0801052352440898 0.161720295495191
0.0567042570158251 0.083572156375105 0.11441115786758 0.24758059052888 0.099414564224443 0.147782171998916 0.000860536541331882 0.249674565447919
0.128447138466908 0.243327579828488 0.026211583869472 0.0211136983981482 0.0773723591952315 0.0723444657204834 0.201614093465588 0.229569081055681
0.0946819863204832 0.0273851282999095 0.177034853508141 0.193087323331717 0.176238194236944 0.141028887497692 0.0761348691159908 0.114408757689123
0.0368618930891262 0.00975027498517503 0.0588492826764238 0.0317667274828987 0.252203570894529 0.177974120122439 0.245957154746227 0.186636976003182
0.0736663632711621 0.11188446647269 0.172268396217426 0.165090584991511 0.170207335182046 0.0943539287443522 0.0558755907845729 0.15665333433624
0.125773489728193 0.137506473361513 0.129751823523428 0.00569767930883089 0.175034950599041 0.0097185391857733 0.26262210304024 0.153894941252982
0.196773997053571 0.101242293640237 0.0521219120897047 0.0797538864515209 0.0399422732353408 0.141935381949925 0.200912254583967 0.187318000995733
0.11694317276281 0.171237925605256 0.167988243392014 0.215773413323575 0.152150444831081 0.00380645493503122 0.0630863009896612 0.109014044160572
0.153196044927322 0.0983678829175271 0.149000568394363 0.148060662629847 0.114685897497229 0.136266066998978 0.0960706104823466 0.104352266152387
0.0899550581030051 0.233886661420966 0.109568923069698 0.0295867924106976 0.0294318310170888 0.0961636218489156 0.249107051412349 0.16230006071728
0.210312493022939 0.0962557296015742 0.0770668893609363 0.127144420063616 0.117590045581273 0.232850782225148 0.137961298355981 0.00081834178853251
0.114438432193447 0.0588018481760163 0.170728313753506 0.144876492345257 0.02599127567624 0.164095864968845 0.136243312408575 0.184824460478113
0.0475815883732487 0.0931561701559855 0.0400144759985845 0.147436416585387 0.192820155361864 0.110960884866644 0.189987914420506 0.17804239423778
0.297450449508994 0.120387489685287 0.0677140427951674 0.0233524131430789 0.185915603220376 0.00460514737649089 0.270925661426069 0.029649192844537
0.0475896785828777 0.210611378313615 0.110240322340697 0.228322695515651 0.138650081533645 0.10777396426622 0.0741310618158915 0.0826808176314024
0.167383659767416 0.190900787855092 0.103068658379192 0.117155175983181 0.00458111746708654 0.0877469780905634 0.104722794175798 0.224440828281671
0.127270438963563 0.094128117693896 0.224569058251795 0.0651527862337718 0.280105323331181 0.0576118962832975 0.143244810764493 0.00791756847800387
0.0432729772902074 0.0333367011557774 0.282541781224334 0.187764588543132 0.0479697708940578 0.10222323093089 0.0370912544337779 0.265799695527823
0.0334385723844302 0.102189166666178 0.0777294342761577 0.258047352693913 0.00905939288451226 0.178581487455102 0.117264730860932 0.223689862778774
0.244010562230621 0.0364711277728879 0.0073765954043999 0.188801234878831 0.163760593108261 0.135219162488796 0.170545231594132 0.0538154925220713
0.135382302383509 0.155072125499264 0.0471343673963666 0.237957141442123 0.0214048657950001 0.215245986697354 0.00361473303285587 0.184188477753528
0.24126272872955 0.229835969487305 0.169877635460681 0.106166062981408 0.0513817958486468 0.129148959174827 0.063950151234211 0.00837669708337135
0.0412364238372517 0.139969572932235 0.0719617382597091 0.17786621401855 0.104502988599778 0.194145499863407 0.191626462822021 0.0786910996670474
0.159869347224066 0.117932506242368 0.0606395593808219 0.174194065398735 0.130680260907138 0.0663631785294132 0.128994291981837 0.161326790335621
0.149454707006366 0.0330490721432124 0.102612775226076 0.0865543250433893 0.0409330315154435 0.19028073013637 0.22928106527701 0.167834293652132
0.0178004940925408 0.206729012040122 0.191593732776294 0.167382732159552 0.212602779073735 0.00739268737730349 0.186873408479519 0.00962515400093375
0.0666173527588254 0.0397094742392158 0.15530244099919 0.152921001323735 0.129987602511814 0.148021519167714 0.148619323774449 0.158821285225057
0.00282058980116482 0.0916463700011078 0.316876522094498 0.282818823531272 0.124308895144462 0.0151340901697222 0.00593516175963527 0.160459547498138
0.0479018707038396 0.126147683038363 0.072112139166599 0.0457109606287487 0.18696087477834 0.2779179631137 0.23687993407732 0.00636857449309044
0.190517376686254 0.182384932575106 0.210813659611974 0.0746904816186225 0.0658730840584957 0.0806017194328872 0.0283735143279611 0.166745231688699
0.110797936577089 0.0146332932854872 0.0849030393975497 0.268635674593589 0.278553110225839 0.0330685115063774 0.0701919679468011 0.139216466467268
0.0197280478336578 0.270550817225534 0.0534537507885489 0.281725251430093 0.142243043965236 0.0521130633248857 0.069934519162254 0.110251506269791
0.275964799112632 0.0346583247827531 0.0482797703259507 0.212143341366309 0.217156023028515 0.0115164731519407 0.0951479283898214 0.105133339842078
0.125176368274207 0.169560434624484 0.0467596252031321 0.158379787877093 0.17246759178811 0.183961646573314 0.121653012732211 0.0220415329274494
0.0841846905026567 0.123502957174877 0.0629251836383152 0.247410384756635 0.173741966544526 0.21351259032368 0.00867495142282902 0.0860472756364808
0.0492462581322095 0.0889518551080058 0.173004359551046 0.0915816404042857 0.0472810883679478 0.2101466291738 0.0785436411375336 0.261244528125173
0.0702354063856712 0.0745785245769777 0.212745845156437 0.164855085636458 0.0426765460516303 0.185093728532993 0.149627834306548 0.100187029353284
0.2074571245922 0.0374505466965318 0.0794576902605321 0.0866869314556893 0.195442158476352 0.182350065542815 0.07559322190462 0.13556226107126
0.131608700864068 0.088296501720401 0.161242958247899 0.278231546075438 0.0939006373503751 0.159733283004305 0.00959969131001546 0.0773866814274989
0.0858733386274775 0.0994220688549601 0.264046641692728 0.157065767801731 0.219824350282993 0.0962896624443338 0.036630182265369 0.0408479880304081
0.203633232020525 0.0102851043190708 0.035870599486051 0.186354867755851 0.214655185395082 0.0784483178614641 0.158796614559468 0.111956078602489
0.152920733674007 0.147689238468857 0.281795007092798 0.0579515223907016 0.0251426693561074 0.0825865302514672 0.177928022175807 0.0739862765902537
0.0696033239657972 0.168300895805844 0.0127247590046988 0.148923157283346 0.205984480673847 0.0956868152038633 0.104731417408681 0.194045150653922
0.134586643356743 0.163789857686033 0.0850246329918362 0.0527121842398243 0.0503149458646906 0.11735805251689 0.249471936677074 0.146741746666909
0.170167845409415 0.23250927802097 0.0818771038649839 0.115310681692825 0.0169667742584357 0.0711730557020756 0.163672165563561 0.148323095487733
0.0670304299910841 0.145474561132194 0.14528377210152 0.126375581872156 0.174807508170651 0.164281001333079 0.0428216401417701 0.133925505257545
0.106846066169462 0.284376969703339 0.114360799668605 0.02728182655994 0.147039045083728 0.0439453728210498 0.0169318561923198 0.259218063801555
0.0883076557887841 0.220874322068158 0.151406925102639 0.132438894223072 0.163345412565072 0.194036515664937 0.0222623755828127 0.0273278990045244
0.123064166330818 0.0256416609647067 0.0423548608115531 0.24698584746442 0.262824424997162 0.0699838549789261 0.0429042635475041 0.186240920904909
0.100257751985106 0.165272417878201 0.158417121215303 0.0496163180615878 0.171950891817208 0.207283528274991 0.0915964415420528 0.0556055292255494
0.160511069993955 0.276566323452538 0.0461005157320677 0.00958017697794914 0.119661474608903 0.133476586831365 0.00459433874575825 0.249509513657463
0.132752728035931 0.16674965260263 0.183364250402608 0.112356181402469 0.0721885207241798 0.061072806671377 0.0971334406780695 0.174382419482736
0.14215434106168 0.031683721727812 0.172505271169608 0.1428571717224 0.141178649509033 0.218697280636652 0.0860158963556206 0.0649076678171948
0.211565315617102 0.0808243581698792 0.156289360052441 0.154354315324433 0.0698358637049401 0.218080837137432 0.0625830059882408 0.0464669440055319
0.178113253819647 0.115826503679146 0.16631116806491 0.159314444324673 0.043105901788288 0.181924650366278 0.0432125375973971 0.112191540359661
0.183902971282383 0.11911542362056 0.0245618011528077 0.136998466762084 0.0665702278726959 0.164378273254705 0.15389693008038 0.150575905974385
0.013437570794276 0.152157182624923 0.102310123719864 0.324620796520973 0.164282298817257 0.132983214175611 0.076548124698164 0.0336606886489325
0.0705592465683155 0.190249928939364 0.192773165437488 0.0448080107591633 0.115383788145032 0.0827827877452619 0.146921742363667 0.156521330041708
0.0825203801036864 0.182201416979757 0.106613955584954 0.0506761517971351 0.209306612722228 0.0701713057373114 0.226637136084557 0.0718730409903705
0.0949398726525025 0.0570700107000963 0.154860768282068 0.123667544797586 0.196581757112147 0.0682377283123077 0.179620652450053 0.125021665693238
0.102953803308275 0.0859726255085068 0.136380178193169 0.0156541732198543 0.309290040969597 0.141877487883846 0.20282021419463 0.0050514767221224
0.140287842892531 0.145567579274346 0.136411285789598 0.152245130354956 0.0950584837823216 0.167111227743423 0.0539876877116196 0.109330762451205
0.116102118804518 0.113169087313982 0.24511306917199 0.0131436887026055 0.0792666412102849 0.00159561720009383 0.237180025976649 0.194429751619876
0.15903692734704 0.13734927591139 0.0619842413430125 0.0487665139406374 0.134860684781226 0.209076362014747 0.0491168821728419 0.199809112489105
0.0535684987641833 0.0187046702097618 0.151197671030213 0.212733866551234 0.174029997323906 0.188689667313132 0.128049086580214 0.0730265422273551
0.124218512707766 0.154988126302161 0.0790257640389485 0.113777203086963 0.161025415644607 0.0684273105146821 0.120767035389059 0.177770632315814
0.154993317752525 0.181602754772235 0.163570757765863 0.0852147290988118 0.112272589890052 0.0840829523446988 0.0509888749158801 0.167274023459934
0.242964565505136 0.0144470655747491 0.225188787117686 0.221540006323179 0.0224647632960966 0.0224866597706899 0.238425156102469 0.0124829963099944
0.122176682046923 0.0372083461004152 0.0512612243509788 0.0128944450217588 0.300413248608038 0.136594825953445 0.17625622678916 0.163195001129281
0.093685716722425 0.120853310459634 0.0952015062312919 0.132503292281332 0.0236679768901664 0.0705638994770571 0.237293408123573 0.226230889814521
0.167334145620058 0.0492575538937656 0.0569116842877756 0.185868781742343 0.167062381938314 0.119993888347476 0.125434908613348 0.12813665555692
0.0304023926389179 0.14476249547997 0.0605307737366631 0.174945372027236 0.180543842547985 0.05280368272379 0.167984824721572 0.188026616123865
0.168108348595724 0.0380283920764332 0.113392955985863 0.191337196074514 0.0322294808187529 0.303848659794021 0.122493068108661 0.0305618985460307
0.042631095172473 0.0937348740589369 0.251627026128242 0.0640866984415679 0.221476141317685 0.0738739062936525 0.108666652430112 0.143903606157331
0.123609522823343 0.0882776824166933 0.131438506213095 0.133114702747947 0.114997762614193 0.174417079860313 0.16643628382894 0.0677084594954766
0.251856060331705 0.134674200231004 0.130933518725541 0.0731801415495767 0.0116221786124947 0.0532250390157727 0.157745193547229 0.186763667986676
0.153538396559371 0.0890253380234389 0.149621763479519 0.149539727966854 0.147820743359216 0.125268193577365 0.0405914524970085 0.144594384537227
0.112207271776924 0.325376783082903 0.0339830155842337 0.0377663121319311 0.104592937535713 0.128419392783569 0.0144944864028166 0.24315980070191
0.0316367095675854 0.0525720106605001 0.105636039682762 0.035028438599579 0.240556006528751 0.112151289262688 0.268372148971794 0.154047356726341
0.208958504130963 0.167095788189158 0.0518672259385282 0.17277213793842 0.0736418065194794 0.160187305667557 0.0531116551045442 0.112365576511351
