0.231238399459206 0.0737495837108204 0.263417850957198 0.193399269709009 0.238194896163767
0.347786768397578 0.0940882150260402 0.0422977426726479 0.165188149044527 0.350639124859207
0.120842407452491 0.236607030627062 0.233662840808068 0.249223184076693 0.159664537035686
0.279757580433367 0.217317768729238 0.230623300353956 0.188219721520408 0.0840816289630312
0.266315364037754 0.0996230163319783 0.189449486627578 0.227864899978967 0.216747233023723
0.386047041931379 0.272806885287168 0.110544213351768 0.0406850310365652 0.189916828393119
0.169241923299509 0.131382905483588 0.239332074092429 0.192226820956852 0.267816276167622
0.153839407851488 0.0424219717688191 0.274292845158649 0.427133882361208 0.102311892859836
0.255094490395503 0.0820254754931351 0.199644286604403 0.192911701548026 0.270324045958933
0.359972529147698 0.279154068219959 0.159472979683471 0.171504442011367 0.0298959809375053
0.0667419957645659 0.0467088195390053 0.319621249833076 0.146159482048118 0.420768452815236
0.12271522619815 0.294525861551382 0.237791375457666 0.119675334971184 0.225292201821618
0.165680303856031 0.244774176807182 0.211242187417121 0.234717463076998 0.143585868842668
0.174312005195872 0.0976226315508089 0.134073952095273 0.16334818581608 0.430643225341966
0.216651813503853 0.0209545676515186 0.333036499607535 0.172259178402285 0.257097940834808
0.232612566565382 0.434452827796482 0.0515256907733603 0.247018766202316 0.0343901486624599
0.389779453819248 0.304690563453349 0.234695478514192 0.00217215183381854 0.0686623523793928
0.191606816272807 0.0695861329818651 0.158503799748134 0.284077021935317 0.296226229061877
0.164617181698378 0.220400464395347 0.246793567449538 0.199021073729939 0.169167712726798
0.216251381282342 0.0667769747352472 0.139917831591842 0.319664774418083 0.257389037972487
0.190896454977079 0.00385359574052821 0.517915822511144 0.259059853268588 0.0282742735026604
0.239772720557132 0.119264614527153 0.203420903910028 0.187081373244075 0.250460387761611
0.42612114903566 0.30968240586549 0.00166916726363094 0.0998222156476944 0.162705062187524
0.333548919636963 0.154209207911507 0.190403974938513 0.0782354769562417 0.243602420556776
0.209218310617076 0.0123402180978354 0.190345797995977 0.202848379846348 0.385247293442764
0.306467911328403 0.104076815578003 0.332561245601153 0.16983655630699 0.0870574711854508
0.285036080657236 0.233554011308278 0.220006145211925 0.223794237928001 0.0376095248945602
0.314347625542806 0.263207057273618 0.331903642311303 0.037715661009982 0.052826013862291
0.523081195441068 0.123781846100544 0.139575363308251 0.156694463537704 0.0568671316124337
0.0725925486948348 0.631540454547536 0.0180152507994379 0.089827361709546 0.188024384248645
0.401871808815981 0.187980223480596 0.10571162368405 0.194596716892859 0.109839627126514
0.183704452490173 0.260208344158433 0.425297611461003 0.0468008335043436 0.0839887583860472
0.208988366536964 0.281481119165423 0.397625791005175 0.0952157837235794 0.0166889395688585
0.142076823110654 0.182749051032283 0.152811507215217 0.295506492823816 0.226856125818029
0.172200465318833 0.134422397737626 0.352542749960328 0.0781397198621431 0.262694667121069
0.104508220938002 0.256207359787848 0.0123142679823364 0.465061360565944 0.16190879072587
0.0227639741637551 0.152294312481111 0.386294024101356 0.137926331158716 0.300721358095062
0.21756640976503 0.241093313862683 0.0312463041583562 0.202477607395431 0.307616364818499
0.176512150576974 0.0693415166764511 0.243976253095343 0.238511042796256 0.271659036854975
0.21553941417969 0.0587660023252524 0.3018657201194 0.179232855953994 0.244596007421663
0.0638077648412501 0.204394563007546 0.324263425654496 0.303505080057613 0.104029166439096
0.243351098474081 0.273285647071674 0.239841147812387 0.162739197817942 0.0807829088239156
0.0232610679769827 0.338554378682148 0.322618036069616 0.169295210562114 0.146271306709139
0.0256917857586688 0.328990961179982 0.332932961514829 0.201715382537916 0.110668909008604
0.230616460207096 0.183533133374529 0.060922579145173 0.287366880973342 0.23756094629986
0.311119403664531 0.306951340228114 0.00225014831367027 0.284421152769069 0.0952579550246159
0.21362203184254 0.122654398040295 0.215933931653236 0.0655175283977443 0.382272110066184
0.106411454065715 0.190129794438175 0.238415755220988 0.353032736220024 0.112010260055098
0.159477703219216 0.252779312759327 0.077164927317183 0.268987378695889 0.241590678008385
0.254909217312508 0.229002621074993 0.239086624312432 0.228116243026626 0.0488852942734415
0.213940083795153 0.218340568302585 0.26840409057696 0.158374427065827 0.140940830259475
0.364212491881764 0.323369115601496 0.0232307142164471 0.126974983559101 0.162212694741191
0.276585327735496 0.266988806222375 0.214466985193464 0.21318385509003 0.0287750257586361
0.241877520545371 0.289754542178014 0.000457207560452256 0.214078969800303 0.253831759915861
0.169478813074777 0.198772084566467 0.147483940606247 0.18153679859654 0.302728363155969
0.147673859402002 0.151338718558435 0.372417562604767 0.154860540903205 0.173709318531591
0.28791114831315 0.318068875578448 0.112706600366808 0.19476081158047 0.0865525641611239
0.113671902286367 0.286823235781378 0.094549367082644 0.271821790584876 0.233133704264735
0.184644859937517 0.159850859737316 0.271241066262388 0.224932480191942 0.159330733870837
0.268105101055019 0.335704503590164 0.255418223167917 0.00748210979869534 0.133290062388204
0.300358044577269 0.078027016389671 0.169468705678815 0.151168099344869 0.300978134009376
0.0972471434847372 0.56088505703218 0.0341110378925828 0.214117292687522 0.0936394689029782
0.273558407046855 0.240627547692222 0.201451993464606 0.211420050696263 0.0729420011000539
0.342147800459688 0.30499246423966 0.210317182696631 0.00114170263893296 0.141400849965089
0.333160433597774 0.171672291515123 0.175164759918902 0.0595080705561463 0.260494444412055
0.0873153431151763 0.340190233006396 0.0794436441969481 0.372319268292481 0.120731511388999
0.233315788335533 0.223979624860576 0.267070676096531 0.26718780482495 0.00844610588240937
0.411863284228531 0.133666671936667 0.201397300707505 0.122337008152885 0.130735734974412
0.259745123098838 0.133097175229585 0.298153358045992 0.0656193152093687 0.243385028416216
0.0527461357893764 0.266571877370319 0.334611801451721 0.11485878554915 0.231211399839433
0.353821678123763 0.031403270625221 0.231136834123659 0.0557698211526581 0.327868395974698
0.0585336901989282 0.30368893995594 0.327059745740659 0.292889730467755 0.0178278936367186
0.281745774808912 0.252034179967788 0.122492798541648 0.207334086547033 0.136393160134619
0.316455030275636 0.294890875977831 0.144439808607788 0.0140775411203971 0.230136744018347
0.216538897536958 0.225036848353972 0.230728694620649 0.0534298626021512 0.27426569688627
0.28395900256858 0.20210044362779 0.266451824678664 0.16885912636375 0.0786296027612163
0.215756970159134 0.192186833412084 0.198679403541882 0.230887738934503 0.162489053952397
0.204629161100069 0.143960414198813 0.242704770253003 0.242718988510517 0.165986665937598
0.138345399878869 0.313961237295181 0.423986597739723 0.0837368497807811 0.0399699153054461
0.270421347655219 0.000598896996649234 0.33007636339606 0.113310611218915 0.285592780733158
0.0376778185866469 0.0374152643494402 0.275275476440639 0.337950515108986 0.311680925514288
0.0282557882480935 0.0108394999208606 0.285642711407576 0.320258516632578 0.355003483790892
0.210154890469862 0.243825288213939 0.261009747380659 0.155898673925579 0.129111400009961
0.00880475833040516 0.245231897046306 0.309023782490843 0.252034635331774 0.184904926800672
0.0547885236708876 0.306192810916373 0.0240849655908577 0.528481447020929 0.0864522528009526
0.319068250755945 0.241362768271007 0.2540363572822 0.149322501777487 0.0362101219133608
0.10601207402675 0.276802145789656 0.277140927010978 0.0583741983727738 0.281670654799841
0.0566440719044378 0.0991690198259872 0.00392524177885005 0.189003692731747 0.651257973758978
0.248340828441329 0.197641727838035 0.216277634648594 0.169477508023974 0.168262301048068
0.336917227191741 0.0760516817886792 0.0256362464241108 0.214351196875312 0.347043647720157
0.156272364898749 0.28136414503927 0.242169614708347 0.0129674594026792 0.307226415950954
0.124941756498442 0.188964550878755 0.283075625847603 0.326687824860165 0.0763302419150353
0.0718341347615161 0.230110937010247 0.362382356643316 0.0625225198418966 0.273150051743024
0.1885653773528 0.30865035217958 0.225621318012498 0.212347799683448 0.0648151527716734
0.321434127706649 0.259377746177414 0.241305930619404 0.0126137476144706 0.165268447882063
0.0222904139639292 0.0974678679139789 0.293429994794262 0.219693060604685 0.367118662723145
0.301800104268318 0.2498609747781 0.0690912970803623 0.159269575107488 0.219978048765731
0.242673255386292 0.233962984656343 0.105593373827747 0.345591715489247 0.0721786706403705
0.176275793914388 0.251357874512483 0.16026251728878 0.247009100484368 0.16509471379998
0.0502028075540972 0.309511162296646 0.0408359514584614 0.378442422391636 0.22100765629916
0.282862273051976 0.328250336250918 0.155185963473505 0.0667117403009818 0.166989686922619
0.277599088035084 0.209604844549815 0.126867579576811 0.0659097096049924 0.320018778233297
0.278456960161268 0.0185140390111746 0.0258321721296313 0.232104146956252 0.445092681741674
0.109143874802591 0.0309009112417444 0.0410830117386336 0.424309372888371 0.394562829328659
0.297248466593622 0.172041164337741 0.415175823781352 0.111724399393866 0.00381014589341926
0.00299806019703466 0.451655046416074 0.281964143558887 0.0701591712137292 0.193223578614275
0.0411475936046776 0.246041697502553 0.319923072777774 0.256956543423472 0.135931092691524
0.22823896467993 0.163621804606616 0.105469804285051 0.112787974526272 0.389881451902131
0.334016910766862 0.0864434981513284 0.201675212417804 0.198736863725007 0.179127514938999
0.0494052982367702 0.210958020010098 0.308657673548463 0.0964566543381197 0.334522353866549
0.15950022938095 0.450479749981941 0.121757706825629 0.0809159267936407 0.18734638701784
0.133918602089201 0.176045864593081 0.0658569950396336 0.220946708566557 0.403231829711527
0.361956315967445 0.0502976305954612 0.105578813398043 0.117011264131773 0.365155975907278
0.263713985982618 0.132079975738554 0.282958280067951 0.159573963087617 0.161673795123259
0.107653590915844 0.242284966309751 0.299874269950168 0.218966612805392 0.131220560018845
0.135756031452517 0.196341449717833 0.262026192173711 0.258596510526645 0.147279816129295
0.0282890913403422 0.20316112709674 0.370055152381879 0.0395894517531826 0.358905177427857
0.281341923297269 0.181577510518057 0.263158459089315 0.0747852520532456 0.199136855042113
0.356028801046463 0.283228211475905 0.23671593365618 0.0418306123586654 0.0821964414627875
0.0861261697040829 0.0886750981946097 0.109503242531846 0.33874522631252 0.376950263256941
0.0112637115675101 0.302421396178597 0.154632252662029 0.212437329328301 0.319245310263564
0.0110843775589279 0.14193904316509 0.0571498796012034 0.420497315106948 0.36932938456783
0.13428349008218 0.277061050308765 0.165190371820291 0.303613290008208 0.119851797780555
0.158205229087493 0.247809063206126 0.26539248421187 0.0642608857928358 0.264332337701675
0.0964878954479605 0.310991353256505 0.0677312614396325 0.253261583922469 0.271527905933433
0.178578840975192 0.112497436632291 0.0851016182257069 0.548938968255995 0.0748831359108148
0.063415078395076 0.380140680180294 0.0104842513938486 0.213721495046327 0.332238494984454
0.0910618240566022 0.276528843814067 0.319550082062037 0.118398049416034 0.19446120065126
0.185921759179904 0.0187960589930254 0.160443681705693 0.189223414161599 0.445615085959779
0.220390316356613 0.172036767010149 0.226100691179938 0.225077453296397 0.156394772156903
0.352733250336532 0.157071094973262 0.111623012735133 0.0477678125080778 0.330804829446995
0.350302968522669 0.0610394952232896 0.0148612186749872 0.493688164009439 0.080108153569616
0.162397511559158 0.289724288615114 0.227985961655491 0.0681799185959855 0.251712319574252
0.142816622215172 0.265915320739786 0.074675955955862 0.321713829279138 0.194878271810043
0.11793863440846 0.15243666069959 0.325067784664457 0.287604373692889 0.116952546534604
0.0336652205706773 0.467830823741049 0.0726071556588682 0.123618309321247 0.302278490708158
0.344615121741949 0.126193877410672 0.024261519795947 0.436070700696435 0.0688587803549969
0.146812305864833 0.343227428555201 0.0886439848420355 0.137040663136611 0.284275617601319
0.402653079999975 0.012653383146114 0.262179740599506 0.251424736091775 0.071089060162631
0.0382987268241714 0.163612909790397 0.301410753461576 0.248867097321238 0.247810512602617
0.289743701404061 0.17613588879394 0.213098459788566 0.240048898255183 0.0809730517582506
0.107714094291043 0.199379057023282 0.235275528092934 0.272511354900009 0.185119965692733
0.210836347681517 0.179044374478556 0.237762518478733 0.167134126840736 0.205222632520457
0.287664221434968 0.0844353762436777 0.221992804539163 0.257926924926343 0.147980672855848
0.116611103462566 0.0568592291456195 0.0874301690078371 0.363276005759808 0.375823492624169
0.178706684879328 0.373664662282786 0.358719089480246 0.0723343354646139 0.0165752278930266
0.304527111912292 0.16277278468301 0.333116656904928 0.150907001786111 0.0486764447136594
0.248304317687044 0.0780132212246707 0.438207441613611 0.124004483356218 0.111470536118456
0.085555700573612 0.269734644563541 0.155775988491798 0.34441632784861 0.144517338522439
0.12724944326855 0.0850574070389113 0.151467644767096 0.3162875349473 0.319937969978143
0.059860006465772 0.325661231065565 0.13431961858311 0.387036895374015 0.0931222485115372
0.351023307245824 0.216953463667123 0.174830599328826 0.130734748289347 0.12645788146888
0.0678046521559496 0.204570707178158 0.0775709906826145 0.354002409808225 0.296051240175054
0.148056706450383 0.13121272465303 0.271173430750513 0.30524240799363 0.144314730152445
0.194293981932772 0.242814073958011 0.0850700995538906 0.234357538537786 0.243464306017541
0.0292759590171729 0.177334039494337 0.361334729947971 0.414726809339626 0.0173284622008933
0.0307640169918067 0.097092053500249 0.304429612005866 0.208821173783366 0.358893143718713
0.0326736026981611 0.23565509804303 0.442453055993617 0.00695703347591774 0.282261209789274
0.279930741585263 0.192455871150533 0.261326972734869 0.04987124412445 0.216415170404885
0.0229578472703348 0.0924881150243834 0.287734298466197 0.285701238283972 0.311118500955113
0.233233522457233 0.132549734083958 0.270455251014046 0.0589077424987617 0.304853749946001
0.305132207494695 0.127021755457144 0.0988214022954044 0.301098384165611 0.167926250587145
0.271129862022046 0.350145948991598 0.0210377140125099 0.267485968050393 0.0902005069234535
0.358571389984165 0.168861806408337 0.122728785179746 0.254752538873105 0.0950854795546467
0.223427783299623 0.0132260335628059 0.167388699889934 0.0145115612079906 0.581445922039646
0.206165377537759 0.0600632326581769 0.399950664373383 0.162364336969493 0.171456388461189
0.0571839917183557 0.240289883304655 0.253748647948414 0.212942641371633 0.235834835656942
0.0695067564855218 0.0713026125341424 0.400041019693388 0.202239777390873 0.256909833896075
0.224691155494173 0.064153868995205 0.16456450602176 0.123011307919783 0.423579161569079
0.0681486902707152 0.23414325830499 0.286667034818145 0.373705038870516 0.0373359777356345
0.323495996162218 0.15647765242985 0.241688978025107 0.170817947950853 0.107519425431972
0.133517189618465 0.27881255041948 0.23654682658555 0.34731850239855 0.00380493097795517
0.289388777320423 0.274700502103935 0.309089186441235 0.0449490687265504 0.0818724654078561
0.292608186494921 0.343226346625017 0.00995013807353322 0.0209914184748011 0.333223910331727
0.19262883022722 0.0616747683454866 0.172300775189775 0.0072625355814511 0.566133090656067
0.257925088921088 0.0240661675127065 0.298289863279958 0.257317972096157 0.162400908190091
0.0494424835549248 0.097848347644646 0.183678220135553 0.333605932212152 0.335425016452724
0.331999387844334 0.0981192529764607 0.102949927308712 0.236599213817186 0.230332218053308
0.0530873122855808 0.168012266136947 0.297308447207405 0.388225951948451 0.0933660224216172
0.108960350399557 0.195781106322879 0.227400538941132 0.204176899015668 0.263681105320764
0.263275262513915 0.353701824885363 0.144441486873108 0.0871113888185422 0.151470036909072
0.187786098388346 0.211468270483949 0.30410715326191 0.133119857270671 0.163518620595124
0.321931596272416 0.125372825622435 0.0311006531110202 0.243889536205956 0.277705388788172
0.380402501335935 0.0948601458667069 0.316284250797278 0.0572090886663453 0.151244013333734
0.261145609008149 0.107844144449897 0.234094096979084 0.243723527606102 0.153192621956768
0.246367100415362 0.187461316309843 0.18134895495854 0.265302084511233 0.119520543805022
0.203936716625925 0.352017518854843 0.0447904668450487 0.047726427900538 0.351528869773645
0.448654737898822 0.0760035836184991 0.377158955462667 0.0135925013655437 0.0845902216544673
0.25793614526668 0.0841744449013438 0.0196830837974778 0.466271861524423 0.171934464510075
0.174193576781325 0.147828691631444 0.304871818048669 0.157077919560682 0.21602799397788
0.206803564252731 0.0313090105473322 0.0023061210024531 0.370691518181756 0.388889786015728
0.247802066892614 0.251587162817089 0.162081641947766 0.139529526481404 0.198999601861126
0.244185531294568 0.31845881220916 0.196190454814412 0.15676148042197 0.08440372125989
0.0104885948473413 0.247346558734645 0.332704599241433 0.273515052946206 0.135945194230375
0.124160753705281 0.149796508548886 0.252705382046361 0.268480617279253 0.204856738420219
0.221267665912685 0.179271906228886 0.155007518052432 0.280403160937398 0.164049748868599
0.199226269864235 0.015701849827465 0.2422600837575 0.370068021119589 0.172743775431211
0.256086134689598 0.173482379556749 0.128480817170052 0.133597981724859 0.308352686858742
0.0766522845228297 0.149307634830219 0.213484729010389 0.227096899927186 0.333458451709376
0.136251727254062 0.182352041462979 0.254595942927503 0.286633616088704 0.140166672266753
0.110856076761984 0.251901715667105 0.239045538900657 0.111632650427434 0.28656401824282
0.0914577607102549 0.0196065742739475 0.138887111006449 0.327170353734047 0.422878200275302
0.278884107485379 0.26759739588905 0.189083877471118 0.00458732180937706 0.259847297345076
0.204320313969447 0.116156282178495 0.237408860726969 0.166204081503816 0.275910461621273
0.0687233508042276 0.156321447163137 0.215325554241051 0.203975479537374 0.355654168254211
0.23748006325544 0.179204046493088 0.365299722680594 0.0409046734288899 0.177111494141987
0.246716929475846 0.29332142114319 0.142545664121495 0.155424316752545 0.161991668506925
0.218562933401943 0.105430917432962 0.145304345356462 0.235327367282318 0.295374436526314
0.241651149796639 0.466343878189893 0.0977192472027456 0.14793675995617 0.0463489648545523
0.350159257097494 0.297077168935397 0.0378592842260217 0.136199866614239 0.178704423126849
0.246579144613981 0.0806555209156391 0.301352291127981 0.351278182721875 0.0201348606205247
0.29620436180154 0.113907259943534 0.0326156614173425 0.337844830578739 0.219427886258844
0.151920145016718 0.182745211498409 0.215637081828482 0.197063348066138 0.252634213590252
0.153143047616 0.357067672374165 0.165085335055008 0.309098007735421 0.0156059372194063
0.394042920659543 0.303705340439653 0.0133756139633844 0.0357283297072562 0.253147795230163
0.210733501084975 0.14067582923925 0.342694441605081 0.0939942995597758 0.211901928510919
0.116589879080696 0.227177679260961 0.273831278339844 0.0859509904020996 0.2964501729164
0.0533915724877842 0.397428614511117 0.2491113221446 0.282278236895967 0.0177902539605312
0.165134965988299 0.294035815444203 0.0710345614202176 0.225231806951304 0.244562850195977
0.0376201619220502 0.279795360161649 0.106234969600408 0.317939670735746 0.258409837580147
0.435000398523514 0.0696820757060122 0.212647151382796 0.0352153122104386 0.247455062177239
0.359071866902915 0.13165880252485 0.245962276836788 0.0708274896088232 0.192479564126623
0.14645209853518 0.316680605391576 0.296930055891718 0.0791985768129972 0.160738663368529
0.377754913310996 0.125295987365647 0.0671569829661068 0.348759774049496 0.081032342307754
0.189360890084107 0.212184229160183 0.407324712652824 0.114309940273416 0.0768202278294694
0.423760733598905 0.115338384841037 0.423744485537249 0.000593972049660641 0.0365624239731485
0.308269545307019 0.1737063711632 0.354654040445255 0.00872004593880126 0.154649997145725
0.141439239797643 0.141729784408623 0.260993416146294 0.321633674239439 0.134203885408001
0.185292663431459 0.195548662249486 0.214221040042493 0.273042518802368 0.131895115474194
0.243973215434895 0.31786584609484 0.263541418797522 0.0632383102156467 0.111381209457097
0.0538182463872895 0.326331606300423 0.248757803503172 0.0051164616854828 0.365975882123632
0.0602419563035251 0.120403420832388 0.452981904138173 0.265146037437433 0.101226681288481
0.114921959119852 0.000348341486727124 0.334375350901325 0.400817941120083 0.149536407372013
0.56759143830218 0.0296996872157661 0.155474603771839 0.02900326989446 0.218231000815755
0.365343085657934 0.084286631695042 0.200156979211799 0.253060758941419 0.0971525444938048
9.44248109838839e-05 0.0753405075640076 0.299555020972794 0.207575041427093 0.417435005225122
0.330950920532497 0.0642409314331397 0.0439721498882449 0.402052632326238 0.15878336581988
0.176866008094111 0.0701818063602252 0.368607062729748 0.115481776450919 0.268863346364997
0.310443140235749 0.0101379207574306 0.195094094980541 0.112378922541709 0.371945921484571
0.085851363909009 0.241112452627593 0.294625555489365 0.158425557145663 0.21998507082837
0.145717807136221 0.35482669391432 0.0536283510366101 0.387776913609164 0.058050234303685
0.116855865998853 0.286170218147364 0.0666339135728305 0.251152758805596 0.279187243475356
0.276113500363211 0.00288937469772055 0.302934959761607 0.134432258944603 0.283629906232858
0.0399033240417901 0.311886802143484 0.202044685306535 0.140636426900515 0.305528761607676
0.00610481149861929 0.424523058705853 0.29922285206195 0.0821824803119643 0.187966797421613
0.220379538133083 0.105161389613851 0.226340751393791 0.194876053913799 0.253242266945476
0.219400987026138 0.0812379829849359 0.2339931892185 0.350197264475101 0.115170576295325
0.103329073487202 0.00647865089200561 0.438697934447828 0.0295992078194659 0.421895133353498
0.239503762734578 0.244704565531182 0.058675580204711 0.104309179458238 0.352806912071291
0.176950776435226 0.31516358765294 0.0511645704384314 0.154449157185454 0.302271908287948
0.309337431790585 0.230357304199831 0.111565684373942 0.143811214667621 0.20492836496802
0.350544239987858 0.0409885081833754 0.157555999145355 0.261915825020091 0.188995427663321
0.13889169798127 0.00958527603804385 0.0374386980184287 0.549150747216087 0.264933580746171
0.0172055322849452 0.400262328112822 0.0965527212348565 0.308804246464421 0.177175171902955
0.180618332984497 0.201615521504369 0.304376013337901 0.248737431129327 0.0646527010439057
0.278706758695559 0.204697901142144 0.299116353643534 0.014823854593739 0.202655131925024
0.326249724644111 0.133550469106666 0.246688519611748 0.0043871992226168 0.289124087414858
0.193810871840618 0.0775182498008148 0.273058390248912 0.206359763851518 0.249252724258137
0.249258386623736 0.262399432261838 0.0410447904226845 0.0996378511265551 0.347659539565187
0.0361307077740946 0.318923946972928 0.104137147874236 0.2604163524529 0.280391844925841
0.0612756767089441 0.129776224477901 0.300643174533049 0.220266669110618 0.288038255169488
0.274281410978135 0.108608575926422 0.253760544586118 0.0228650379842086 0.340484430525116
0.231716610747498 0.249757483628381 0.198899911220233 0.271910795884763 0.0477151985191246
0.390696304908032 0.155208624808884 0.349998787052652 0.0914353416467056 0.0126609415837264
0.24152808703402 0.33134307859513 0.21041744768465 0.0263197194169099 0.190391667269291
0.0433598743532812 0.0494860442264976 0.406328575288148 0.155820181073933 0.345005325058141
0.147906847703584 0.0434774976884144 0.274635933712364 0.284933700185826 0.249046020709812
0.0779446510661816 0.0304086794815073 0.0136505779423517 0.549277629904997 0.328718461604963
0.0444184925303176 0.229883403359831 0.20355164763198 0.200162915201534 0.321983541276337
0.249814316034432 0.251916570091879 0.223018001162368 0.239815433294925 0.0354356794163958
0.314431184498615 0.346030507236927 0.166238777972832 0.0788891809819288 0.0944103493096966
0.0418668683003105 0.0786548264611213 0.415989541289729 0.277793765958329 0.185694997990511
0.0260572852732669 0.267408701931624 0.395077929870773 0.266204517972314 0.0452515649520231
0.131353460758357 0.249520362882516 0.218550060923297 0.0501821711506517 0.350393944285178
0.175193062316458 0.101776490742876 0.357902536625506 0.155389459611044 0.209738450704116
0.0873593305036668 0.0850248263921328 0.315609972456183 0.314194315814127 0.19781155483389
0.342823986716721 0.0274215710133096 0.446337250214775 0.126733403043139 0.0566837890120558
0.34928859911745 0.0743048986441532 0.232429821606386 0.0885851768999654 0.255391503732045
0.133450475966584 0.266125946180507 0.353941388673108 0.222891435896361 0.0235907532834409
0.234051196411163 0.157840082580229 0.230276559664827 0.314229017631358 0.0636031437124235
0.271460976405296 0.115219194790787 0.254965494773147 0.0253012145245869 0.333053119506183
0.205302434788883 0.2061126253042 0.19390993872633 0.195395857543235 0.199279143637353
0.116433292705749 0.170041117630853 0.28477399203817 0.249900783351314 0.178850814273914
0.311319883441294 0.0745308952949794 0.21017628132749 0.278772673807577 0.125200266128659
0.449289469948717 0.0739117850293699 0.151451331645722 0.15020142688842 0.175145986487771
0.247106397679726 0.211892639772953 0.33020789072008 0.16497589538073 0.0458171764465111
0.220957062408279 0.130123558301831 0.105543348653434 0.234346641416412 0.309029389220044
0.319779688326071 0.228149130375111 0.0755238675310046 0.241555519896944 0.13499179387087
0.371960087522715 0.122014042860707 0.118965790891493 0.125950708903471 0.261109369821613
0.00334923151807813 0.376661821694281 0.488698160691183 0.0584951772078851 0.0727956088885728
0.279677200639089 0.147679373870039 0.245038530365403 0.0850697995846115 0.242535095540857
0.318881088807591 0.22166316455209 0.223224785720379 0.200008247472182 0.0362227134477586
0.259693471204751 0.088195759794103 0.363859968916971 0.205674908198562 0.0825758918856127
0.239766762988733 0.0322626353598348 0.32089314209081 0.148906660499184 0.258170799061438
0.027098233379884 0.429963172512787 0.101173134022744 0.0367371595145486 0.405028300570036
0.145099980663398 0.201694398571738 0.00566147844287935 0.324451947357137 0.323092194964848
0.0698672427460314 0.154765860712041 0.159338720726031 0.292104348916851 0.323923826899046
0.169863201755343 0.351096384105605 0.191610952718724 0.118832705567616 0.168596755852713
0.143204146177534 0.236250681736918 0.0305505947750955 0.338078523055918 0.251916054254534
0.100322248076051 0.231918915686157 0.0986507136908092 0.204490011796127 0.364618110750856
0.0760171849185122 0.20969321290734 0.392557801630524 0.286169364121942 0.0355624364216823
0.303025914128224 0.348025188628322 0.267065581692398 0.0299095711805758 0.0519737443704814
0.124913047885525 0.121959375342195 0.0756454396655186 0.547628370834651 0.12985376627211
0.383165173514891 0.0272823426122001 0.27709590262243 0.181368882102178 0.131087699148302
0.351102047673801 0.080727300201137 0.0398114367607482 0.432652719349832 0.0957064960144819
0.407480857766148 0.143271776126232 0.201274532585941 0.0992662041878711 0.148706629333807
0.0264151462898316 0.134480551628004 0.196756379239086 0.448440140027621 0.193907782815458
0.274380655023235 0.181644862023518 0.309263255648436 0.0129490170874652 0.221762210217346
0.295300436392232 0.382806279914597 0.0101181278827242 0.203098646908488 0.108676508901959
0.307910326466195 0.290201888866799 0.284480739385732 0.0108885652619372 0.106518480019337
0.280060637461399 0.174722960703354 0.292788902434724 0.240749518339534 0.0116779810609886
0.24120630527537 0.266055404429361 0.00922970718509135 0.173844866665141 0.309663716445037
0.169175856621556 0.18802613983194 0.270480941688683 0.130367947337888 0.241949114519932
0.263527219122167 0.0491677747592556 0.254540005193042 0.243629955202022 0.189135045723514
0.150448966224262 0.360232826581816 0.464593525387081 0.0162501944479311 0.00847448735891048
0.219299951986491 0.0214173514858236 0.0823157563547182 0.269119804903329 0.407847135269638
0.329951685731916 0.0984306843299467 0.139591893492008 0.116743642107417 0.315282094338712
0.0162051267639179 0.176644171173493 0.287777007515391 0.127816524204781 0.391557170342417
0.0786332408353706 0.292468692199425 0.0783581592459605 0.395298558244195 0.155241349475049
0.117791776530223 0.111248686369675 0.243450553574916 0.368773041720897 0.158735941804289
0.157434718179671 0.140853255354031 0.181078471527536 0.260779195302197 0.259854359636564
0.315375363982115 0.0543467462686106 0.143458966688328 0.297042871154952 0.189776051905994
0.255040719894361 0.0900137406116186 0.0771563988710773 0.111109765942184 0.466679374680758
0.284376448394736 0.330130088107135 0.0135301961278559 0.153917227970654 0.21804603939962
0.126962446756849 0.134899069620225 0.433352240026054 0.0779484786957352 0.226837764901137
0.308029756880417 0.0661460562034989 0.175105712410074 0.110145732620849 0.34057274188516
0.0773754716118226 0.125662964950765 0.0770675530074683 0.116608821816042 0.603285188613903
0.332950622488249 0.0902912879387311 0.312799350853795 0.256276319538257 0.00768241918096764
0.0231265008971089 0.0950073385587556 0.373554738772649 0.221239929608704 0.287071492162783
0.133408761072681 0.186830394718856 0.197831059401029 0.276175230339913 0.205754554467521
0.350874357159908 0.166465718978459 0.0939940610235346 0.13146419349369 0.257201669344408
0.239416517718627 0.1877737542503 0.159452801474407 0.205948456527613 0.207408470029054
0.389704307822923 0.299407261922141 0.0626391648454689 0.108701909277747 0.139547356131719
0.12521682170104 0.278882687090235 0.120442018480137 0.340455920347137 0.135002552381451
0.0161306712817895 0.300899891356063 0.373212640640967 0.210169847877161 0.09958694884402
0.416492013235935 0.0758153843373744 0.283958559877057 0.189611611397556 0.0341224311520783
0.348728856978142 0.0861048610133694 0.350237998202562 0.177106082872352 0.0378222009335745
0.237837199781271 0.205521328245516 0.274983914666276 0.148826745471044 0.132830811835894
0.376163670185978 0.0959677544063743 0.359793654419179 0.115470745362614 0.0526041756258539
0.374505585726123 0.283173974795379 0.156237126052982 0.0630696972957193 0.123013616129797
0.47630141598398 0.0360110660578422 0.090101459114649 0.0383237008050292 0.3592623580385
0.346713121748952 0.188170284093756 0.0702519228210565 0.281038875809596 0.11382579552664
0.24373189141642 0.15288983915019 0.142242642341474 0.18641996521039 0.274715661881526
0.216604076958684 0.321730007600814 0.252418061470321 0.0912092558846927 0.118038598085488
0.174275353128285 0.0222329972662892 0.0613505957234396 0.396516995509114 0.345624058372872
0.272683233420946 0.0132015162065076 0.123523859478943 0.313916571824286 0.276674819069317
0.0524221311108674 0.23170593464251 0.235545098302926 0.255806477446018 0.224520358497679
0.400307654444837 0.0263578980261527 0.0290935210899009 0.136789078333204 0.407451848105906
0.067305934900481 0.205043314136014 0.205004727296972 0.363648315814902 0.158997707851631
0.21848090948946 0.253815045972173 0.308503583363705 0.0737933719073863 0.145407089267276
0.194982474255914 0.019184250591209 0.288312457333893 0.235002644967947 0.262518172851037
0.159406686596779 0.0395512176142582 0.443095577257263 0.16138352350172 0.19656299502998
0.0632746913549314 0.438382868219019 0.0536389479337635 0.11659185455561 0.328111637936676
0.213900327722121 0.193562727329333 0.258327275115623 0.31380354208683 0.0204061277460927
0.11054645105573 0.0327265114743838 0.549065772112956 0.116480575869453 0.191180689487477
0.0872706117322552 0.155102722897409 0.337508285391962 0.220748263252549 0.199370116725824
0.0251943027365637 0.199003705841879 0.249324146687364 0.175188132491167 0.351289712243026
0.0139873915634372 0.255673131039826 0.212735149706056 0.218285099897869 0.299319227792811
0.260648064053727 0.0520199860757061 0.12624089020233 0.221467297777165 0.339623761891072
0.205978818229133 0.154887769045894 0.605624006329598 0.0152747479085644 0.0182346584868109
0.217246392029829 0.0793048428540836 0.379290986249534 0.149000042024442 0.175157736842111
0.487704459574222 0.116176494226887 0.0382063408061864 0.0262635868204474 0.331649118572257
0.283627116568137 0.0670826391430938 0.270546420001427 0.193295863476163 0.185447960811179
0.0678172595834252 0.00729783311820058 0.314897057161349 0.262581288315174 0.347406561821851
0.203835183165115 0.259737712883178 0.138816014086259 0.125963522998003 0.271647566867445
0.222172170349285 0.0882294603166789 0.0616762948562711 0.394578140439082 0.233343934038682
0.22023881692663 0.27761264886332 0.15758485569671 0.15569964943991 0.18886402907343
0.225805250506982 0.137734326871432 0.294603586052769 0.0642164763356921 0.277640360233125
0.225870201048248 0.298946644500956 0.285512766887203 0.102494891387124 0.0871754961764684
0.204453829169665 0.345889317949014 0.170392104913154 0.164095398313837 0.11516934965433
0.17503168253639 0.317352074268013 0.0626582189454222 0.1536534066945 0.291304617555675
0.0374413499314717 0.0412988982237039 0.395123227755356 0.326736094227741 0.199400429861728
0.233025631759492 0.315819334865891 0.0932295376499347 0.305915677582375 0.0520098181423077
0.440043973400898 0.143440185627602 0.21759059076647 0.142764836590033 0.0561604136149963
0.344332023772938 0.19163669322639 0.152183461268803 0.227596592101613 0.0842512296302557
0.160326365743038 0.0327922213639362 0.337844662138164 0.150304748663645 0.318732002091218
0.0151118592812186 0.00888555733931552 0.283085642323346 0.687419310616776 0.00549763043934458
0.291254392421428 0.28205748824154 0.130608690487648 0.213818205306844 0.0822612235425402
0.0968966534041241 0.189422205880095 0.317359548655778 0.206193957799062 0.190127634260942
0.218152934500255 0.254304768528491 0.301408209991094 0.0955220445246119 0.130612042455548
0.26799378902055 0.123745609689601 0.125782505238744 0.248968352572598 0.233509743478507
0.228277282289491 0.204540643712177 0.160817218637527 0.183561267063035 0.222803588297769
0.466952669288052 0.203786969556529 0.150237025461903 0.00717000107788743 0.171853334615629
0.225451656468524 0.283120154761084 0.170166792650585 0.273304849042293 0.0479565470775137
0.257846634520065 0.183744241592538 0.176740693477626 0.33943176245579 0.042236667953981
0.0884065745959701 0.323420554796455 0.152632699668772 0.0476552259499108 0.387884944988893
0.0291432469767671 0.330334336535151 0.0143277510135886 0.328409521867286 0.297785143607208
0.230674475682096 0.264364382840829 0.108210057398232 0.147536746280794 0.249214337798049
0.132422580537006 0.155866000785386 0.221872846303528 0.164937654927079 0.324900917447001
0.277350346407808 0.231751471367101 0.0747340335449423 0.119580269015932 0.296583879664217
0.527881551910408 0.336231216551393 0.105177996319644 0.010747538816285 0.019961696402271
0.290151969559439 0.228609075919198 0.170522505457244 0.237623517660565 0.0730929314035548
0.0944179778074203 0.164339491074997 0.304229030917145 0.26021997649673 0.176793523703708
0.187809800473505 0.106587105706465 0.26297432738871 0.283074520533924 0.159554245897397
0.181120902157336 0.314092537643154 0.229084030394358 0.0243257598592729 0.251376769945879
0.218202144793531 0.102938208024561 0.274470205031659 0.198137992129523 0.206251450020725
0.285549767425232 0.0558951002809011 0.251307796546057 0.180810465834378 0.226436869913433
0.25446310340588 0.168420270371031 0.325747878492218 0.130034175963684 0.121334571767186
0.27446961234148 0.303862006746251 0.0580720893357589 0.0410090415066383 0.322587250069871
0.0367833953757987 0.322121787844759 0.277780532666324 0.0760399715333216 0.287274312579797
0.31196920246401 0.102656647194887 0.197084503444886 0.134480192260113 0.253809454636104
0.214606456686558 0.310279307477729 0.427348812839115 0.0131172318532437 0.0346481911433537
0.416606256442522 0.155793180328138 0.332259455683495 0.0657750665743199 0.0295660409715248
0.102682192224501 0.217711751734383 0.355290550726804 0.135042929956829 0.189272575357483
0.219561377492949 0.24833824474749 0.116399018831029 0.123900167700351 0.291801191228181
0.138805029126066 0.289939975754846 0.208058226890898 0.182385650966597 0.180811117261594
0.108552995014268 0.254287438136775 0.24796174243093 0.32934990396305 0.0598479204549768
0.35813973747745 0.214180246331706 0.00962025660765361 0.200124024290628 0.217935735292562
0.379275524352928 0.0275480225752326 0.36904140432229 0.0435447646595381 0.180590284090012
0.155206325018856 0.121387565202725 0.23494776009734 0.0655203945416404 0.42293795513944
0.140584857021278 0.268776831957766 0.217835491773375 0.215678997469586 0.157123821777995
0.0833731320057864 0.277899088269652 0.307261780183375 0.220829769019441 0.110636230521746
0.215613169652313 0.0251500335074677 0.185235488475945 0.280191352615539 0.293809955748735
0.205581366191076 0.218144935371406 0.198443421512339 0.204481560967423 0.173348715957755
0.147737033603749 0.106140823356762 0.0946565154574137 0.349527474544891 0.301938153037184
0.0836878856711125 0.30045718182285 0.426324973319122 0.0850530821368202 0.104476877050095
0.354483637925268 0.00670246122748207 0.190325541522966 0.375724482357271 0.072763876967012
0.127776313313348 0.408013478995801 0.0399718468509787 0.212324257418228 0.211914103421644
0.165536629411732 0.148795488114649 0.216067641566525 0.190460025078894 0.279140215828201
0.032076329655832 0.422087326379449 0.0963583662430367 0.293229951857937 0.156248025863745
0.067325836690783 0.317512227121933 0.317581260542572 0.155358667579503 0.14222200806521
0.329162383201647 0.0112664090448676 0.250958743955604 0.260210544949089 0.148401918848793
0.348892234601881 0.136398780694869 0.11097490287961 0.199611850499123 0.204122231324518
0.18239961050241 0.18297186851746 0.101730276327666 0.198419539843375 0.334478704809089
0.20393434706044 0.333812804962637 0.140897216698902 0.266639773982031 0.0547158572959893
0.306245513536726 0.0561185166053799 0.31415288059592 0.0771611374416515 0.246321951820323
0.0941887740046369 0.252251091953644 0.236075648074333 0.258271299050563 0.159213186916823
0.287732791878373 0.0168997607171579 0.225069203408733 0.2648257026844 0.205472541311336
0.0287674862189197 0.502737660259184 0.00280867556908413 0.0780926292934463 0.387593548659365
0.0583608907391106 0.280319946027702 0.343167891794831 0.0432394677418544 0.274911803696502
0.175159779082915 0.22762032155099 0.158207003023344 0.236987890640479 0.202025005702272
0.14706692245782 0.372569934949364 0.234211861488301 0.218125240451738 0.0280260406527771
0.218733549997435 0.0304169327453549 0.325327120998401 0.344494726739533 0.081027669519276
0.13616568326743 0.369102541561354 0.102742384519753 0.0306513979352222 0.361337992716241
0.0439634663078895 0.0258495917669825 0.187566074354517 0.387391165089915 0.355229702480696
0.275280497341531 0.304166572351388 0.123506889708268 0.0263610007984429 0.27068503980037
0.539313243740584 0.171897335637328 0.0709987111695869 0.1507630643608 0.0670276450917012
0.434787140121551 0.437387049884484 0.0389546434013346 0.050102652152865 0.0387685144397655
0.227949061452799 0.24049457878509 0.291766392307581 0.00945580030756087 0.230334167146969
0.148757906508886 0.246834080566318 0.012321376070164 0.145931399909188 0.446155236945444
0.164923452356074 0.218181674283385 0.0604841264265401 0.290670037271225 0.265740709662775
