0.265264596030585 0.0199480850530099 0.0709698916316382 0.11492709530532 0.0801850504177012 0.1639365346367 0.0891619980401186 0.195606748884927
0.123438311038475 0.143038983482977 0.145794801632814 0.114433760665646 0.135297662242111 0.119133121953573 0.128791096694064 0.0900722622903413
0.00198821937306718 0.16919242774082 0.0260696414277159 0.18237008633936 0.16487106462177 0.289474166273111 0.146787877570125 0.0192465166540315
0.0264721471191368 0.138566364352014 0.162287419396277 0.12223904387726 0.209372123493529 0.0927992735203135 0.1794437410873 0.0688198871541687
0.170451271141406 0.0311836689111649 0.191184224693564 0.125462196965499 0.174323443210003 0.159101738388354 0.0755599659965925 0.072733490693418
0.0357219749805622 0.201929192716478 0.150945080686714 0.0021858611977574 0.17699556330906 0.0833441720073737 0.192225714084154 0.156652441017901
0.0986062763481977 0.0538701104801811 0.182328303219275 0.159185498020123 0.0179922281392062 0.182206471083314 0.173474975827056 0.132336136882648
0.0544546994043273 0.176433044635239 0.154065896454106 0.0718014943344366 0.0985005688569675 0.13230276970051 0.18069893109235 0.131742595522063
0.0528231113396281 0.0786339104539677 0.140697086090827 0.196019452785282 0.190516147813751 0.0424327263961988 0.127690678600506 0.171186886519839
0.0454759948599445 0.179790889049626 0.25131173606528 0.0525480678861906 0.0449434931945334 0.158196858157742 0.0143722037363682 0.253360757050315
0.10538357518798 0.0397226301628841 0.176121056169747 0.0804175971890301 0.115114949525908 0.164989227748499 0.19553437960527 0.122716584410681
0.0287493653699053 0.229555168930927 0.198852021190713 0.189118885386328 0.0124987530747741 0.0630984016458502 0.164471110594009 0.113656293807493
0.0952233847622352 0.11419860062653 0.0457375990983097 0.0986634194423456 0.148496498535622 0.204265845752413 0.251141030735109 0.0422736210474359
0.256789100967018 0.241220137468209 0.0966422104350378 0.11155755571888 0.00573539981936745 0.0704150755124024 0.100147811377315 0.117492708701771
0.207444042782715 0.122849098048973 0.295211289308683 0.135021824524341 0.187400348592659 0.00737870558654411 0.0306589373071576 0.0140357538489278
0.274057660189314 0.0409339911916494 0.102403193347411 0.13363653977243 0.0522017847495607 0.203542287053059 0.127783849536709 0.0654406941598675
0.128980861679859 0.0644912863466894 0.0111784894247642 0.149715141037298 0.176044538456867 0.129875497812684 0.178857997846843 0.160856187394995
0.129448296212381 0.117291123962576 0.00678439391911623 0.0948117819168981 0.0454921045567635 0.292278689880822 0.302720151160909 0.0111734583905352
0.231380912157308 0.0282790273380199 0.234097444304015 0.201702507907694 0.0915652983286824 0.0483485430449099 0.0292997179721978 0.135326548947173
0.156616404808149 0.159775381929503 0.123062702200311 0.159406846037616 0.00304568870175682 0.100163372454247 0.232178555263584 0.0657510486048318
0.0540845501841219 0.113234914503527 0.0901771130897284 0.133268557155963 0.242109977271958 0.233568100542184 0.0121382151607266 0.121418572091791
0.105278890528542 0.0958103020997098 0.0670895483265958 0.209458015320502 0.165458648299131 0.154070255597592 0.143790509589979 0.059043830237949
0.0555541579411679 0.0892168665853385 0.109390050126102 0.222946934559853 0.0381209118382445 0.0765358156752655 0.180445626054139 0.227789637219889
0.195583269587476 0.0890129010154745 0.219714256701094 0.237325710501182 0.00474513988959593 0.09820876737053 0.0425285312346576 0.11288142369999
0.053438257974373 0.117120691650489 0.184278578692972 0.169216219717131 0.140171334212875 0.18778744510008 0.146041210894622 0.00194626175745888
0.204868333088867 0.00414520024620796 0.23272208296335 0.0254163092824057 0.154238126975781 0.0185839759819975 0.124541854675109 0.235484116786282
0.189893101158249 0.0773739697464915 0.167472267470122 0.141734358354391 0.0616167051825929 0.102168363078713 0.114623271063814 0.145117963945627
0.126542810267824 0.230434245618504 0.128184002819923 0.174353711128141 0.0585903631960213 0.152767609998458 0.0240354459450055 0.105091811026122
0.298888732287962 0.119619094883423 0.0739108241795522 0.0313020820009527 0.201898820143928 0.036850885200449 0.104713360514343 0.132816200789391
0.00170548052880734 0.132632387085575 0.112000858553052 0.164542143073328 0.00744223483020791 0.0879170480050989 0.270226091123524 0.223533756800406
0.153484889499949 0.198001943586744 0.117944758970116 0.128094350038864 0.178553992635813 0.106883845890513 0.0630184454636646 0.0540177739143362
0.101255679224014 0.0276705337844435 0.229456362493864 0.206849481388588 0.00336286290367785 0.149162418179926 0.0493014840937654 0.232941177931721
0.0817666944272646 0.0260313888200432 0.018405967344595 0.0630624831286323 0.184933121691037 0.338016289687505 0.198131429685026 0.0896526252158972
0.259125947291419 0.124319698280759 0.115468091197859 0.0194039692627036 0.174655967342778 0.206695728881138 0.0316142040135352 0.0687163937298094
0.13969520540554 0.0284503955651837 0.208843583831916 0.268568901516181 0.0556504151910043 0.0226550196286066 0.272983835015229 0.00315264384633898
0.0736177001032301 0.0642941645174473 0.2080889860808 0.151934949710406 0.0395170311507355 0.101340166454608 0.0978359066656368 0.263371095317137
0.118873834521921 0.145580604170305 0.22035986508093 0.0806257862807718 0.114332059787432 0.266701171581953 0.0383001952834491 0.0152264832932373
0.0433885479549859 0.297381182437563 0.106012547548183 0.11367063930601 0.0870581262214054 0.204337053083798 0.121483729306696 0.0266681741413581
0.0989667272261189 0.143976748492244 0.201458663400615 0.0556070926228761 0.112857272637517 0.0144986923355403 0.0900601043225814 0.282574698962507
0.0768364263384348 0.0773555321150503 0.22439341494881 0.0395583264771529 0.224146581795413 0.0617837161978901 0.225557739738023 0.0703682623892265
0.0333249368028875 0.142540730518967 0.0969299414006781 0.183165583681907 0.239399949261053 0.00583524490050516 0.214187052811521 0.0846165606224801
0.170406890114868 0.00770080869242659 0.135127680105556 0.224256458325002 0.00645004775112809 0.162131606462664 0.1876472950221 0.106279213526256
0.159603272754673 0.197450052209479 0.198913546001652 0.0837663206307449 0.0295170665850897 0.0640708121826342 0.140262507942941 0.126416421692786
0.267606522895403 0.200100086865874 0.0307251592236964 0.0153703990491303 0.128483009382294 0.178994000783727 0.0155680474510375 0.163152774348839
0.143855386664883 0.0417186211923437 0.0187147814100262 0.240299940764319 0.242285990111861 0.0875237208659221 0.219665350929588 0.00593620806105632
0.213834243151224 0.21032359521654 0.140992362977268 0.126591506503966 0.057429184052281 0.105359609838387 0.0187222358622452 0.126747262398089
0.0254139057684286 0.268225462237565 0.0266738912231183 0.224517500324646 0.0971910609671453 0.202815941541205 0.140309365613525 0.0148528723243667
0.0827712569502416 0.257417994239578 0.0852226013576359 0.00546682542674809 0.202856283668721 0.052968880494607 0.176670975764331 0.136625182098137
0.0120689147491837 0.169314576410052 0.153898993798144 0.165482650444216 0.0926596125832547 0.0374214512708572 0.148000107773777 0.221153692970516
0.152997215944011 0.0744979975597485 0.0429193554773112 0.202930312592048 0.0360535045975641 0.119580863306832 0.207023071459218 0.163997679063268
0.135459464588435 0.0674077921685447 0.0904249689938714 0.265405772700243 0.0498346710727286 0.200759645422671 0.0889174527865476 0.101790232266959
0.110595538017566 0.0608447767579414 0.167062352427081 0.123335238221554 0.126750513057756 0.197608497510112 0.149024344590242 0.064778739417748
0.0833360784760731 0.0780498978537632 0.223247990794265 0.222564241995184 0.162788836349822 0.0177656523058032 0.14307258746768 0.0691747147574104
0.0438620689256343 0.202013286724988 0.266631673665893 0.213516912446647 0.0514816123580589 0.0448024324025045 0.175807211056479 0.00188480241979587
0.0552069617372199 0.247911212545551 0.065855376507158 0.0531855086274898 0.123181034297657 0.336590241571337 0.0956724718268442 0.0223971928867432
0.0884663844087701 0.0833631825298272 0.117602731503255 0.168082340338206 0.149390058313666 0.0404303254816354 0.15891629302861 0.193748684396031
0.235580862664092 0.0846787344088571 0.196852211307042 0.0996740783738257 0.17881114155945 0.100330060711014 0.0805662507635799 0.0235066602121397
0.0851578976534073 0.125504685787551 0.153808772586313 0.0448854840671396 0.0723580226559928 0.231005097046846 0.171820105641971 0.11545993456078
0.13694423169139 0.156694641478488 0.0290311621557335 0.039432929766772 0.207065519765694 0.0929599071348331 0.160772655654286 0.177098952352804
0.0958484268903852 0.0804743041745878 0.21097735206823 0.186263219880019 0.0620857525261977 0.181833779524705 0.0356909485759429 0.146826216359932
0.105459734032939 0.108095181885925 0.121505746407803 0.0813563415631516 0.16866833809157 0.187631574321262 0.0313316119899274 0.195951471707422
0.197961459565026 0.0533923238865535 0.00329192081534848 0.162361673180345 0.160652927040966 0.123118612094925 0.090414366614361 0.208806716802474
0.0629194673701634 0.0240650578303402 0.0824065105879188 0.237588731732665 0.173995281044881 0.193852830915964 0.115475305254338 0.10969681526373
0.150051721566599 0.0742975692268251 0.0203723156798655 0.0942911921709136 0.180683266343908 0.195236955825009 0.185033330613941 0.100033648572939
0.0311660959991702 0.217263459510109 0.0880471662020555 0.255250347295431 0.151984237386575 0.0488975653303007 0.0358125736530939 0.171578554623265
0.105916386263251 0.0510775846935059 0.0802839011228813 0.0848863100092122 0.160836768285952 0.204994681882495 0.246451145274771 0.0655532224679319
0.231372356013249 0.0447711693103028 0.00794889319258391 0.0233272477054522 0.238636201035279 0.231483228224675 0.0892807060362552 0.133180198482203
0.12005372662753 0.224143010366543 0.0481884451176197 0.218844725451841 0.0730435630423449 0.125549517866615 0.0581136041496127 0.132063407377894
0.149799961616459 0.241404090693138 0.177134487415788 0.0130029754783961 0.0877504815570738 0.0271659329195392 0.0650491232362172 0.238692947083388
0.181625776600907 0.133471745186472 0.168450209756896 0.170476156960677 0.0981289338542044 0.17214507503158 0.00262406105919376 0.073078041550071
0.169405321263742 0.0284270748000649 0.195155256429079 0.170893113252326 0.0399321037678764 0.0283517235635893 0.18843139622139 0.179404010701932
0.0969965318700179 0.207701193865562 0.0346797908453856 0.0928888188781402 0.263334395011076 0.192508759759358 0.0449749311834793 0.0669155785869806
0.067059605538387 0.208333715086664 0.203847547302598 0.0111225296984214 0.0370125539267493 0.184729147920749 0.207314952516101 0.0805799480103295
0.136361303201855 0.110774197633278 0.0247479089618815 0.0904763388767308 0.187622285786388 0.195778445383142 0.0942657088280633 0.159973811328661
0.23985044427801 0.0264792570036188 0.0331066288631874 0.213665090714498 0.248829042478314 0.118540639145357 0.0019210220843815 0.117607875432633
0.106649291053747 0.142272657949316 0.137428398335168 0.0118080457431819 0.21182938165383 0.0212002319150051 0.221573142432179 0.147238850917572
0.110925705046689 0.0247465196497813 0.119433308947613 0.00319633248382137 0.283383010035077 0.153642184635308 0.0288812888844651 0.275791650317245
0.0516508745879165 0.0840163620917335 0.196872268900042 0.263258122725212 0.123023421602571 0.036527387812905 0.188478813764204 0.056172748515415
0.0374306936267637 0.0224115113051248 0.321166796339391 0.073088582798203 0.307193625871446 0.20953604667554 0.0271807297081581 0.00199201367537349
0.130683243161498 0.0724423055100012 0.111962132843342 0.0801070072287719 0.147464375063663 0.162020461595673 0.164310679325745 0.131009795271306
0.2180401178297 0.172962736351027 0.152329678297081 0.0418944267031314 0.148653360429235 0.0772633458456668 0.177306417249462 0.0115499172946974
0.128809345429958 0.213522593767681 0.227824970357391 0.171767508429067 0.0250765805089415 0.0797538368701365 0.0388885889041905 0.114356575732635
0.060117952953119 0.0987971566445923 0.0376403866767409 0.0842529092252626 0.205126924711416 0.129986260756174 0.166004495406437 0.218073913626258
0.145499978271766 0.121169721963636 0.240493613924196 0.0865242526117374 0.173018570861506 0.0084124699880372 0.0960392148029962 0.128842177576125
0.160121615171386 0.0777552302987034 0.0187444530429662 0.0875562242369991 0.166631926105911 0.0698003492048717 0.214945394213647 0.204444807725516
0.139909683812075 0.161661488638296 0.086083318553147 0.0606263836788644 0.170887857606312 0.0127555516974773 0.282487659083241 0.0855880569305876
0.0855222239146163 0.231181227364941 0.249848180214779 0.17277528679045 0.0915449165460403 0.056193334536262 0.0904271545233769 0.0225076761095341
0.184869568788286 0.168954579674749 0.173625138588524 0.153393731272928 0.0898131111040084 0.0226705051328595 0.0933725367699281 0.113300828668718
0.164769139154501 0.186837628844532 0.0221768177243296 0.177973329646544 0.0415828419272478 0.138713873538068 0.183461278700792 0.0844850904639873
0.153286393563601 0.209848679425077 0.238002128556758 0.0230080263160826 0.241974722668147 0.0973719736048892 0.00966039071638299 0.0268476851490631
0.100787498978837 0.204903583652554 0.13657602396726 0.135208056615084 0.0484554966797447 0.0491544109539071 0.144361047574906 0.180553881577708
0.0111453435223657 0.17471299510447 0.022400402057927 0.00814346194445763 0.208039828025807 0.087661571744148 0.257091051610457 0.230805345990368
0.0678743621736111 0.16066664459258 0.26561022454855 0.0143195045339851 0.0479775408526258 0.13076848383223 0.0777446334676847 0.235038605998733
0.0104414302527169 0.143962320218955 0.148290036062135 0.0303415969948914 0.165720414822308 0.17106183533962 0.175823739973297 0.154358626336077
0.145814869401243 0.0632828576564989 0.0850508901896637 0.163869193301313 0.160150615768425 0.110432114423623 0.0942913414362866 0.177108117822947
0.129629821194646 0.216383578189007 0.0101650317348412 0.054555896423653 0.291812307553029 0.0950187843917531 0.198799824622397 0.0036347558906742
0.131970019904513 0.111520741516712 0.000970271101725109 0.00557434845375263 0.277303243326344 0.261089009764778 0.210065323914737 0.00150704201743765
0.197950476621657 0.10087985650361 0.110923238046875 0.119885429323385 0.190551246183227 0.168277476631583 0.00360885938820399 0.10792341730146
0.170230052576105 0.201689665775847 0.198594468187639 0.193972858818302 3.25193552824451e-05 0.0654193240991209 0.157182021371922 0.012879089815781
0.026409852511664 0.131041827410412 0.245711964991721 0.119792526576947 0.0970751141171021 0.130475575878622 0.108623580476233 0.140869558037299
0.169026602797311 0.044050323759751 0.275017494384544 0.21679203447133 0.00917879202880304 0.110828885083706 0.0277696271464222 0.147336240328133
0.0064375623823096 0.0643197024475917 0.213528070420004 0.020285422627353 0.318265182877574 0.0431664784111526 0.0204300710329821 0.313567509801032
0.104397977308247 0.062182746281733 0.135070349685516 0.0592028528012485 0.133787747082689 0.116827884132371 0.165485525648894 0.223044917059301
0.0887075501267311 0.106250536086708 0.224117872258651 0.180969319007617 0.0412363227410092 0.151415557339325 0.190496052670138 0.0168067897698218
0.0593949045992734 0.180197066502228 0.210258808615284 0.0889223231330515 0.154983597846076 0.00879019533774029 0.0840397173461601 0.213413386620187
0.152716661180564 0.210886345210315 0.0418958823796908 0.0614457382413064 0.207952096698615 0.078838383492073 0.224507811134285 0.0217570816631507
0.0650468804398207 0.0960737107625632 0.163905379713062 0.111056015459248 0.145003674749474 0.0878939097441013 0.167374873126247 0.163645556005483
0.170906255108929 0.0491697577468795 0.238663784467739 0.00178811648979029 0.229838807226484 0.0177177577333316 0.206236786149459 0.0856787350773877
0.140196797271726 0.0905600786055449 0.0659068231757317 0.0578947829391199 0.0512838729512049 0.25175821991875 0.178605421980831 0.163794003157092
0.250943624719458 0.0369199107050068 0.220949725554142 0.24023765913625 0.0638763703756843 0.101818477169146 0.0431611493750179 0.042093082965296
0.224242463414242 0.206680984777875 0.0499739355543157 0.0392545412820023 0.0281076091392743 0.244314576985405 0.0740766338970857 0.133349254949801
0.210706173913156 0.188178485896281 0.112369359535436 0.135426650559388 0.00109648274434914 0.147717001427127 0.0810111076704126 0.123494738253849
0.223288376261328 0.0116889255919064 0.196119675589991 0.236782904324281 0.0623832460056711 0.0140827580985993 0.121759240489035 0.133894873639189
0.13735602714982 0.10810679846686 0.155808240759764 0.124510627391643 0.0946626050237634 0.116894558291783 0.12219189124551 0.140469251670857
0.257150968405704 0.249413287035804 0.183755825139568 0.0516537182205324 0.0305506546268622 0.0710086077413996 0.124978843079889 0.0314880957502416
0.135106600966358 0.0994745501379548 0.13947406305158 0.102797713439846 0.179257912741307 0.150112137350581 0.161319730744206 0.0324572915681677
0.0726399363111919 0.12826647413079 0.167019984576957 0.085671300513097 0.170740403932657 0.0949551889387123 0.115329359311129 0.165377352285465
0.0654882761248984 0.222009000301828 0.201371666606686 0.0821005057624169 0.00783348174375182 0.10744714067601 0.188379566889996 0.125370361894413
0.183275950652774 0.137625067189435 0.204509588624516 0.149218782337807 0.0818389016513579 0.0538201307561492 0.12338453252741 0.0663270462605507
0.00074997336353323 0.114591025858149 0.183009585557622 0.156612927380739 0.141401994698556 0.139756655477077 0.0874166607951673 0.176461176869156
0.0446245094756872 0.133310878029311 0.130332233174445 0.160865459511186 0.00432955315567888 0.140456082961674 0.189253330475191 0.196827953216827
0.277020010555287 0.129316169156432 0.0978214315562912 0.0425667228413366 0.105730695263779 0.111062157859286 0.169303265232295 0.067179547535293
0.226260131584734 0.130767792067146 0.0266622066302852 0.227596375020003 0.132122386206308 0.0207723856254666 0.0541338041960714 0.181684918669986
0.146679476812279 0.0264900710298157 0.171225252629178 0.16007136084995 0.0321594828741181 0.183588168766172 0.0330749177248728 0.246711269313614
0.0669732907644731 0.0959095302369106 0.00459231453676986 0.292263766290093 0.172632267714832 0.128335930409309 0.158000931360392 0.0812919686872212
0.111843123425069 0.138143388055291 0.154337277574542 0.0889342279415917 0.163342405525477 0.142279040420519 0.127836540021199 0.0732839970363117
0.128397801125123 0.124555716460351 0.140276650941727 0.144823621249147 0.209712939617426 0.0663920147671596 0.072317493154811 0.113523762684255
0.0570765030129919 0.115566658850187 0.0654587694440819 0.149098093193912 0.171853316458846 0.209527557908198 0.128972376081652 0.10244672505013
0.0151189742050766 0.17476000509314 0.0863547279536018 0.28247099836719 0.0207041268563422 0.0232545341417236 0.182062999102702 0.215273634280223
0.0142843613408443 0.172615732249644 0.145577938888171 0.116322095955702 0.212572920954842 0.0739088949113747 0.15179562070688 0.112922434992542
0.114349806395998 0.125072460445951 0.0294505269566517 0.0486168564218208 0.173496404855309 0.223068053123537 0.12070756817809 0.165238323622641
0.00806353966038218 0.0876183831610434 0.120633697604434 0.216975562553781 0.145226296779552 0.0373476148800952 0.161964527780953 0.222170377579758
0.0745087934225133 0.0726707144129901 0.485503328845164 0.192874990016522 0.0715527453895536 0.072564250644744 0.0294209476767361 0.000904229591776037
0.186216361764641 0.171968609020047 0.0553130462867038 0.00741848087809624 0.158077678422042 0.101571449308239 0.166595815461484 0.152838558858747
0.193814554425231 0.0673998976740242 0.201790209646224 0.0739043289690692 0.126081388363687 0.00192660541357294 0.170892941132458 0.164190074375732
0.232783693376086 0.187619615274307 0.139454410670169 0.123057306912088 0.0222715505162861 0.250159272130714 0.0146005184656439 0.0300536326547071
0.0175507755877409 0.115544470751306 0.257079881701076 0.212147115992821 0.111397720447255 0.0382058967018144 0.0495128442832771 0.19856129453471
0.015078133008197 0.171832699796183 0.143613027221317 0.174607393436684 0.0748117440531246 0.184303559055129 0.191128922749734 0.0446245206796313
0.101989130262594 0.193978621127924 0.135166853802395 0.113381086881977 0.0599502953905437 0.0478498218039476 0.210257691976171 0.137426498754448
0.0965691882153576 0.116195510491031 0.17495700739457 0.131412196661733 0.177720849223762 0.0816683616452223 0.116591317956826 0.104885568411499
0.210064275406956 0.0817607679651345 0.0655862521390707 0.0154631650515415 0.0406824658819098 0.194468105605815 0.188536721836731 0.203438246112841
0.080475957311002 0.0470307277707669 0.184331006707462 0.176354934359602 0.205186020845006 0.162069352127262 0.10980371342516 0.0347482874537394
0.170101724381468 0.167198976230967 0.106423554523009 0.126991723636801 0.0935738848372316 0.0266070265093737 0.113576282667283 0.195526827213866
0.0137582768033165 0.148290405831894 4.16801509664681e-05 0.307129246206671 0.0514791411894751 0.0797148256666601 0.191320935401365 0.208265488749652
0.0270020339948554 0.00305330326807647 0.166719000564558 0.125076396384449 0.168871722761688 0.186654247762758 0.125992763405969 0.196630531857645
0.18922651800085 0.109082517998188 0.215563601397332 0.0286658797347549 0.0683084272095208 0.0287359386786774 0.159445528224898 0.200971588755779
0.012081600490652 0.132593917544177 0.187455479856139 0.226982194498878 0.129301926279873 0.206305428282938 0.0476165467321013 0.057662906315242
0.148560120056462 0.0686833741291102 0.0121431167892684 0.111321293590524 0.269585338858137 0.071718191955562 0.175159504024854 0.142829060596083
0.148100364471499 0.114580207791575 0.0732535697663484 0.0383619856269203 0.169007315034645 0.186100774946056 0.0998464757020848 0.170749306660871
0.119988765507667 0.103288446901412 0.125845553323432 0.0830994957625014 0.10104182808868 0.0126575776034986 0.153674593806857 0.300403739005952
0.182167919809458 0.158221214290173 0.23616946932037 0.15603013751652 0.083021980434704 0.0322924631335247 0.0371119688158638 0.114984846679386
0.0781304672244974 0.183540964900493 0.0685749356445891 0.124982861915288 0.162738339152867 0.0396421147728753 0.136430294589365 0.205960021800025
0.0974304108958022 0.122917863220278 0.189083971744953 0.129777933480328 0.225564948852413 0.0445900653607552 0.033339160431145 0.157295646014325
0.220754365111375 0.213546957388208 0.00164984366740615 0.0819347606772746 0.100415311675288 0.24130519770156 0.0240278331552649 0.116365730623624
0.252778158502436 0.0172204265447807 0.22683962465347 0.146007782560617 0.00462281487994887 0.225319964645801 0.126358967522891 0.000852260690056027
0.203952758046428 0.162037297765066 0.118228000321551 0.035854589116468 0.0868644328782859 0.00506595205576419 0.214961391407028 0.17303557840941
0.0286496491628737 0.180446802788115 0.0703051311010923 0.122123359632194 0.116218551361009 0.178370537029691 0.25822889081661 0.0456570781084163
0.184009869697539 0.0682007615700799 0.0429497137970702 0.207084231259007 0.0527778744306626 0.102653310049564 0.12386260691064 0.218461632285438
0.114485258975016 0.120148715506332 0.00270466044389177 0.102254515095887 0.158324393996796 0.112851894960893 0.160674186464644 0.22855637455654
0.178967047417861 0.030439742486563 0.0706105351144064 0.116599082246673 0.194090104584 0.146603613837985 0.133124245589797 0.129565628722714
0.185336650493969 0.1576575196137 0.0785497604536141 0.0252083219571032 0.124317273439561 0.0999474504190885 0.171133338795841 0.157849684827123
0.306047279789617 0.0264322260143085 0.161789370101219 0.0635527668294115 0.210550689735959 0.0689347711606274 0.00750274808223624 0.155190148286621
0.155492282956204 0.249305750787173 0.0689013114930034 0.115569195627103 0.174181986130373 0.0422554324729158 0.00962453689500136 0.184669503638226
0.165300361338818 0.148262084021922 0.202811310078254 0.0629227925192161 0.101623429818016 0.102915729417456 0.0400754436238087 0.176088849182509
0.0892810465607364 0.181579197711615 0.176832576095986 0.131612321200994 0.0732559858181113 0.141279455410033 0.0680475122643807 0.138111904938144
0.27949793228545 0.0638537433651016 0.0164983243034986 0.0361466721798416 0.00943426787222565 0.146975179064318 0.27079613004198 0.176797750887584
0.180624154406086 0.169306976783079 0.0653637578455794 0.166609826166749 0.00730658960412168 0.286636966330012 0.031035255049459 0.0931164738149139
0.0297653221762618 0.103750930133063 0.14785210327419 0.206754916870496 0.245535814226508 0.173150451616644 0.00690226563276253 0.0862881960700747
0.00614352091712775 0.162212210014142 0.0542278084247281 0.0461218004009026 0.18402333821522 0.193215695213055 0.188929024840516 0.165126601974309
0.138570570050334 0.052875851137369 0.206030414492894 0.0376332877112161 0.174570618986903 0.0707364386629244 0.168320136750478 0.151262682207882
0.150817953545962 0.0921951690869866 0.00258414276057094 0.0662033337078363 0.201698104795316 0.227808690048358 0.0844428259913254 0.174249780063645
0.0383656909426783 0.303807883579244 0.162635552202435 0.0867690459781435 0.0911103970356745 0.195207390456628 0.107065966228715 0.0150380735764814
0.20846336221323 0.049544088408202 0.046092129969083 0.0557478277410936 0.213172979158792 0.191005857218121 0.217657429635837 0.0183163256556407
0.074536842412689 0.130689893130459 0.0789177606974298 0.139717268645492 0.166459700802335 0.143399271637959 0.178343562092951 0.0879357005806838
0.0061607749907985 0.235211625928021 0.18884292412917 0.150692088904683 0.117458248689 0.179152681586152 0.0564902400410202 0.0659914157311558
0.153756062184885 0.000602714734177446 0.268988527246084 0.124171591765739 0.133242249846409 0.043255565491209 0.207522405725408 0.0684608830060892
0.050189517522728 0.114118644199846 0.152167337141333 0.103891516692037 0.177310056072896 0.141650795044197 0.113152998673737 0.147519134653225
0.174408014793851 0.162949840309975 0.169331243468577 0.192466235428144 0.0164007058413387 0.130937521321019 0.09397899147403 0.0595274473630648
0.076597372031655 0.0991449358353275 0.0377649815215473 0.178971998934434 0.0382021226018251 0.199706022047729 0.276266125110081 0.0933464419174016
0.0902393396167272 0.292728578052509 0.0806132638494952 0.00382184914341738 0.0094722986730261 0.0990627522444758 0.18807304581988 0.23598887260047
0.101924177710889 0.094663160494991 0.144071135823459 0.137989916055454 0.162951826718294 0.148298968356104 0.096771454727857 0.113329360112952
0.242064808101853 0.236876785234303 0.0879470943130653 0.0131027249689725 0.0164837729110611 0.278208592803219 0.0901694844583228 0.0351467372092039
0.13729000610739 0.159653886935561 0.164819534427918 0.00573061223868423 0.155471271479914 0.0805606563985997 0.131020367936421 0.165453664475511
0.0481906009957896 0.220048885808214 0.0599031347616546 0.127822003739331 0.0407022798845374 0.0765246993724042 0.205827839918874 0.220980555519195
0.000307988935650757 0.120302210104451 0.192365364565049 0.169222112037371 0.0591140081048535 0.201926485692987 0.133965975017919 0.122795855541718
0.0573071680611234 0.0681975067301041 0.0951937514610591 0.165745825262731 0.232017370009189 0.103331250379524 0.149063890991134 0.129143237105136
0.075728838681881 0.0581731348442328 0.179991238235605 0.171464855857822 0.174093296635152 0.00697084289246422 0.152859894010145 0.180717898842697
0.17391836223416 0.210085751703596 0.0294966036322022 0.0986091119479266 0.185122457172695 0.0727942093292224 0.18746576490152 0.0425077390786776
0.168096909353401 0.093024472463447 0.0888183612873325 0.200829999850255 0.170760158059952 0.199415568792095 0.0661161500180237 0.0129383801754931
0.0197404668965099 0.242675363938476 0.13713917516947 0.192514110506624 0.0861862994613781 0.12906835947501 0.0627831542673274 0.129893070285204
0.0108886815450583 0.141988036935208 0.059841421510191 0.18420169701134 0.12410904063001 0.147561882788432 0.207577274860184 0.123831964719576
0.332610384828908 0.0812670284140879 0.153221329698291 0.0489347133338779 0.201102889111771 0.0357827208828759 0.0829796330849589 0.0641013006452297
0.174887479830566 0.0962358942408021 0.192684416212909 0.114068120076791 0.0528970635406777 0.0879179886550635 0.107520034780062 0.173789002663128
0.184133190845575 0.212573951359455 0.00550188594482162 0.118522717584088 0.0746858629007166 0.0717557168968812 0.189816798114396 0.143009876354067
0.179409572516515 0.0216283802166168 0.20668385064975 0.0107970558515942 0.179451709928822 0.105512474528922 0.12871611347279 0.167800842834989
0.0544736303976405 0.150430186460197 0.131369262050247 0.172879420335916 0.122891808194774 0.280331658086859 0.0800446251124428 0.00757940936192241
0.00740135210262761 0.0582469631862192 0.207084518184542 0.21797320734828 0.0260964127366531 0.0911364821514408 0.213982992647255 0.178078071642983
0.20177747661746 0.15989720549818 0.0928554962360123 0.101532024051305 0.115726027333321 0.122019345960961 0.0889898402352558 0.117202584067505
0.0784888989066294 0.203103112206095 0.270979100745922 0.0489268876064803 0.102670706142094 0.0408612240005947 0.254862482869284 0.000107587522900536
0.155156829795062 0.127270770292664 0.133647463321726 0.136096525038258 0.114799318872558 0.067166130389071 0.194788112654066 0.071074849636596
0.105724509485906 0.146512880793349 0.0813811362460619 0.0229971470045328 0.248626735678642 0.0064613878741491 0.199607003227256 0.188689199690104
0.157361215546357 0.165479791073223 0.0493847437523729 0.0581522673035247 0.159055545212575 0.140497016312488 0.154654822715713 0.115414598083746
0.218564164670611 0.00918511353596448 0.223648239915533 0.0483619204902884 0.146364140284894 0.0123277150898586 0.0925656134130955 0.248983092599755
0.21825474833171 0.242236498278771 0.0729669108513456 0.0340742240660827 0.0165220219558968 0.175990209262307 0.204304223666592 0.0356511635872959
0.127247664481872 0.139691890465699 0.209896367427928 0.0697140293135683 0.0305514735762323 0.116215921797319 0.271484168008293 0.0351984849290878
0.108351145292619 0.0398905172516441 0.162383710756666 0.170773634916262 0.161730479157362 0.128027457744246 0.0895471140613637 0.139295940819837
0.193162728067034 0.0226116100474592 0.143982214837789 0.192053837384824 0.189044054425391 0.00654145332749115 0.247243246192055 0.00536085571795606
0.089123402021189 0.0369731961726712 0.164948914543773 0.172435649822561 0.129070907918211 0.174719839985431 0.0658018539578374 0.166926235578326
0.173985587615035 0.108222668225914 0.104049014218499 0.0168109278843093 0.161499296119802 0.124170359878397 0.141989088689661 0.169273057368383
0.143416196457615 0.0715321902067977 0.00439118799016397 0.0360217032246056 0.269638191123626 0.0664761854863627 0.200662451084372 0.207861894426458
0.0977937056223964 0.0675852295604124 0.103532350013063 0.267702720452483 0.0784497817683353 0.258017333731974 0.000506848342023526 0.126412030509313
0.223888088879318 0.148693582969459 0.0122753792975343 0.125415913269781 0.179417966235495 0.110586171092144 0.181627073270293 0.0180958249859756
0.0062683278506749 0.199680857587166 0.150849271577177 0.134801075790044 0.0590606530757214 0.153124720968558 0.0810321019146593 0.215182991236
0.267534161824989 0.0134208071695797 0.00836102804550768 0.288110129356848 0.256908543916823 0.0483373880707633 0.0308868395882374 0.0864411020272516
0.243130886776555 0.0148394680979987 0.134746396084391 0.0982662053503985 0.072554346969111 0.0372325741758805 0.127328103943028 0.271902018602637
0.208668060938184 0.172364510965142 0.055349617937317 0.108207300424077 0.180294974100539 0.0784322047422262 0.181418690221567 0.0152646406709471
0.195810040411437 0.202831951093952 0.0678799155525496 0.146651621743023 0.058098089506314 0.0730413802202879 0.194937084094952 0.060749917377485
0.0131192416787312 0.066111717435328 0.026779308671132 0.171401422183265 0.0392324390799157 0.308657431414789 0.047899410783619 0.32679902875322
0.167303266743916 0.10559182804505 0.0223017389513346 0.130769506597415 0.14284711877035 0.0671662246183722 0.165618712917457 0.198401603356105
0.144718786847374 0.128431028961725 0.142414462726748 0.242888470327609 0.0642419046516612 0.181517670747214 0.0350654681476873 0.0607222075899798
0.190921463205897 0.160830209614897 0.0590851186253807 0.117232939186484 0.055544800402101 0.180674927366492 0.169357926492899 0.0663526151058492
0.103669525419278 0.0265616680838496 0.131372109496618 0.180487755623833 0.203380832886834 0.0162339279832163 0.229217276706998 0.109076903799374
0.223585983871912 0.121815779457525 0.0405001484953776 0.10143183809525 0.0933462885806843 0.202367082591194 0.0583504758934694 0.158602403014588
0.10500724631237 0.00639867973924284 0.111045363974397 0.0666425557202697 0.273536180424969 0.101081740833825 0.224373896641514 0.111914336353412
0.0505460815150316 0.141176164174514 0.0690349889665069 0.0355797809659951 0.168067279576768 0.205130218223125 0.0957310590007324 0.234734427577327
0.140547020676385 0.192026038845109 0.157665943267786 0.000718851570698038 0.0987887569350096 0.209097703997853 0.122045765944851 0.0791099187623079
0.0126718809787348 0.18471523142093 0.176377691825831 0.078664873152778 0.168287077236479 0.0695420825238857 0.144698765071341 0.165042397790021
0.167326138175004 0.325059686390721 0.095122781149409 0.0809262190802229 0.00543260349742578 0.178862285041928 0.144261252696718 0.00300903396857074
0.0653922889936805 0.00529212127927873 0.182847634826345 0.210593380912745 0.153900364431367 0.160584032748612 0.196922344881308 0.0244678319266628
0.213376643294866 0.0431069252950698 0.171270383589034 0.0958132941448853 0.137370667099507 0.0930667697813362 0.0442206529925523 0.20177466380275
0.0845873321784208 0.0398603080776523 0.088610576590256 0.165468005270565 0.228002105731348 0.171937939296219 0.0080642976239673 0.213469435231571
0.127018484408485 0.175595833605779 0.118997161031926 0.160863183208385 0.0649115788883032 0.117653101967098 0.0648992114973263 0.170061445392697
0.203718631901996 0.119817087457609 0.039024053628039 0.116057004490025 0.134092022159701 0.12300680119664 0.0841317379986973 0.180152661167293
0.191040868323141 0.189693263357808 0.0609298333207599 0.0913451211674692 0.199258728712923 0.109314423690326 0.0212805890388693 0.137137172388703
0.105495091328179 0.156872737508342 0.180636598229302 0.131025699026179 0.00427756950744747 0.102969138050988 0.171806266927479 0.146916899422085
0.0683696998841125 0.113437656216283 0.105798797964895 0.222601938592365 0.0739398868718191 0.197636029421948 0.134411293747916 0.0838046973006616
0.0618576922980796 0.115628140567861 0.121225107900491 0.205652110765399 0.216006996973943 0.1274234489757 0.0882660231761478 0.0639404793423787
0.15073274172439 0.121130415443196 0.194932733802113 0.0407507914332023 0.0575363589631722 0.139423849802518 0.0868209991479894 0.208672109683419
0.156992563266401 0.0344305884019133 0.0582909055421088 0.151457109371451 0.1196718510656 0.160655248618779 0.136587787987989 0.181913945745758
0.0287262790311119 0.233146786809567 0.0704366900213499 0.000682886742900803 0.139827138103461 0.20841618611569 0.235053710676532 0.0837103224993873
0.0954163710722255 0.0564310734778956 0.157533778874995 0.0472779162856528 0.10116020297564 0.184245338023992 0.0990357632630449 0.258899556026555
0.162847285055122 0.0500461277471547 0.0949307869765181 0.205000815302906 0.1929287272985 0.134093075890875 0.0977814757684964 0.0623717059604276
0.238657896473309 0.0512250692183445 0.106051721204183 0.162392028363956 0.173720502746894 0.013055836490993 0.0994644094413663 0.155432536060955
0.192537099341287 0.02728120408938 0.140126557189632 0.00478550440893441 0.352519371995151 0.0759629563585612 0.198597214093282 0.00819009252377239
0.064838875505593 0.178379419962154 0.125430676849224 0.133801630887775 0.151201321809855 0.090851042435448 0.147596733840666 0.107900298709285
0.096355091992243 0.16757626782062 0.135125394507119 0.0370883560784361 0.0215637615846525 0.21808454371635 0.0829178005775682 0.241288783723011
0.171252058175514 0.17188217605606 0.137093561757747 0.188152678838 0.0687493475329051 0.0910730811467173 0.100269308247306 0.0715277882457503
0.0347996538656382 0.00449227561481954 0.133371256642464 0.26514584007592 0.114993849571603 0.158611815335148 0.275783492278938 0.0128018166154686
0.225586672510409 0.243663456689676 0.068805344078686 0.0468143814406804 0.0984808854770737 0.0744061458501366 0.192770247501879 0.049472866451458
0.184485805819143 0.168156735960649 0.0476911271907442 0.18621363115013 0.177546412120754 0.0265673754797974 0.124135737314425 0.0852031749643582
0.033733077603092 0.112203862715172 0.182769047162967 0.109957193833867 0.0994179546577008 0.0110614306929211 0.348507586570123 0.102349846764157
0.194201295744315 0.0479997612857016 0.068480186361218 0.0808571790159748 0.0741014729035484 0.175806864487591 0.231948883328424 0.126604356873227
0.0703440936272451 0.130439662924729 0.00857219682312275 0.108411810618555 0.237215294611585 0.12512666114989 0.234680376965146 0.0852099032797263
0.0481133920343287 0.241793477141592 0.169192106487726 0.0380385390177805 0.00266912763582038 0.163116520524903 0.198338138188554 0.138738698969295
0.191253167603179 0.204004810939024 0.0714140800646924 0.029055863608989 0.131181326743967 0.187842595386023 0.0993686869358515 0.085879468718274
0.00455389457113162 0.247780607598492 0.200144342672695 0.258303888708829 0.049916099644391 0.036577085142841 0.0988899142999271 0.103834167361693
0.0338727430583824 0.13348869950686 0.173380649653608 0.170573846541849 0.174338256143579 0.0325348916583476 0.160815418359369 0.120995495078005
0.30472364641884 0.247536938708256 0.298991211369801 0.0482266059449656 0.0757512470477542 0.0144358718240809 0.00392924971380832 0.00640522897249406
0.0966866739431875 0.0345872874097837 0.315939236380187 0.00310463159902343 0.0971178716462597 0.191008848067371 0.161919347447217 0.099636103506971
0.116857432918181 0.00365776336714072 0.165687188574967 0.206868372946003 0.124358418773459 0.122465304119642 0.158974760508506 0.101130758792102
0.0604901098261526 0.192349454717525 0.147470719274797 0.257557423933553 0.0505550078124828 0.0286546609209779 0.0156258875110054 0.247296736003506
0.237066442389391 0.0351859061331781 0.112839938643113 0.149822125885275 0.26747711660349 0.0853768760946106 0.0590544687392565 0.0531771255116856
0.168183319389055 0.0398619194316598 0.223816363543493 0.0852268919221357 0.0923148450313481 0.156958222126291 0.0672572605733484 0.166381177982668
0.0904667076689378 0.163950030875728 0.0160782755087675 0.21673144048312 0.190245268514041 0.194873262135601 0.0710145770184541 0.0566404377953499
0.210276717810412 0.225626204145688 0.0327836956401798 0.00955372970155569 0.141089440920444 0.203599975579354 0.126379047121228 0.0506911890811383
0.172243692592965 0.134383342108933 0.00449319818984049 0.203362261437721 0.186646400793519 0.14023620596485 0.142790796724267 0.0158441021879051
0.0269245381693515 0.156616718455089 0.163775362813644 0.176834793314538 0.202519105592123 0.00578266036162407 0.0517675970635525 0.215779224230078
0.188660933422996 0.0600567404112023 0.109041698790503 0.0421412512841359 0.201603444637074 0.136675699124857 0.201574821501229 0.0602454108280035
0.117821565523336 0.0960206613831787 0.204266217519164 0.023228096970029 0.105878843207294 0.0671755757339072 0.179795337758792 0.205813701904299
0.179613150980936 0.00750360523922567 0.0392767533666496 0.0776489020384219 0.192818504969407 0.145228029698133 0.136576766144935 0.221334287562292
0.0912833816461553 0.201749421950528 0.0574290682857244 0.24917910619591 0.0936672981763613 0.151668126992883 0.13200004798339 0.0230235487690476
0.093406764166457 0.220330172561376 0.0468208312124153 0.0569072203706858 0.0480420537094113 0.240684122623539 0.0851646548654522 0.208644180490663
