0.289883707822106 0.26073840811479 0.144759536736656 0.304618347326448
0.158779405682284 0.302068709504541 0.307652878201975 0.2314990066112
0.300856766138621 0.0563687141198308 0.211939609140069 0.430834910601479
0.216996847904506 0.0444012574686514 0.344673346370029 0.393928548256813
0.0182457873771408 0.339155188591917 0.281769130757933 0.360829893273009
0.530334027863277 0.13491660569871 0.000376801596052287 0.33437256484196
0.31864977095876 0.0948039698324622 0.272126643873887 0.314419615334891
0.387528383162618 0.0245201906065871 0.217644666268384 0.370306759962411
0.4074383457959 0.124567381744002 0.331868584393857 0.136125688066241
0.439571787544773 0.151069928878936 0.0287231311655287 0.380635152410762
0.228986252750335 0.236451710252103 0.343124386498057 0.191437650499504
0.325254131064595 0.265476034055017 0.207522583320614 0.201747251559774
0.1857146660083 0.00249604535135202 0.509267687283378 0.30252160135697
0.201808055914502 0.259440469216409 0.260703806976453 0.278047667892636
0.221274079351397 0.145726946871723 0.409688113339032 0.223310860437848
0.163704874515828 0.409305172644846 0.183985895490588 0.243004057348738
0.00136236926037772 0.487782929275555 0.468599183832794 0.0422555176312729
0.284258128396763 0.0449729257642646 0.533086083207312 0.137682862631661
0.410366127707404 0.239854491155121 0.29227120925655 0.0575081718809245
0.160139956659593 0.0165798866308107 0.567884189165341 0.255395967544255
0.299491525689101 0.04652958540556 0.322137874398641 0.331841014506698
0.210632158812154 0.033795505616724 0.339836419985199 0.415735915585922
0.00157105500906571 0.391228913134046 0.211453501638036 0.395746530218852
0.403716873256941 0.212967799518796 0.0689249461992806 0.314390381024983
0.396123575943005 0.106527812540752 0.254842311219231 0.242506300297012
0.061022307125067 0.50639535099593 0.265649178561493 0.16693316331751
0.27245489421959 0.201975275374439 0.18354109905475 0.34202873135122
0.282297902389729 0.2305978281615 0.274190064188679 0.212914205260091
0.280724884803669 0.303476575475251 0.146884339445744 0.268914200275335
0.330274719856461 0.165717679943448 0.206386538684822 0.297621061515268
0.219212130133772 0.367200169784437 0.323079788960284 0.0905079111215067
0.149756512404257 0.265097436938919 0.451250948577583 0.133895102079241
0.379132713939822 0.185059536304022 0.0427438560816107 0.393063893674545
0.270490846076753 0.214942505524258 0.17297326399636 0.341593384402629
0.304594309316975 0.184114518170737 0.354781052845048 0.156510119667241
0.319289806749472 0.213308353948698 0.24048133930658 0.22692049999525
0.358493735992658 0.0772214483589218 0.457552801202242 0.106732014446178
0.264641896755001 0.349879959836154 0.206261718009782 0.179216425399063
0.31918967297677 0.131119824265707 0.335080448792602 0.214610053964922
0.284732663387927 0.28942149608305 0.278973331841648 0.146872508687375
0.373305172070453 0.125095098587887 0.286625446494736 0.214974282846924
0.373787234875197 0.209209452633511 0.0356540023676132 0.381349310123679
0.0504490871388037 0.49215874096441 0.102004344812085 0.355387827084701
0.304697727401553 0.0936852075178436 0.373477318964513 0.22813974611609
0.141390459838067 0.38635226477644 0.0698868019161957 0.402370473469297
0.352876576935613 0.156271198907607 0.316184707831669 0.174667516325111
0.292907656766309 0.10274409283786 0.30280403818586 0.301544212209971
0.0432891308752099 0.51818467249499 0.169479953439368 0.269046243190433
0.198706117975647 0.360842985978088 0.276174494908904 0.164276401137361
0.020315926000365 0.586673569344728 0.0826985426792537 0.310311961975653
0.232633071349834 0.270021882303436 0.0659381600556209 0.431406886291109
0.0994871833181085 0.399984732651601 0.12831806208557 0.37221002194472
0.180203154595783 0.348000044714352 0.231323868542193 0.240472932147671
0.241449882215202 0.352675855096857 0.307187260168208 0.0986870025197327
0.483661886396621 0.0353708414242577 0.0899164166975862 0.391050855481535
0.053808177468301 0.367554163621948 0.0883402945379751 0.490297364371776
0.0300633613210353 0.107623683730019 0.148486138641767 0.713826816307178
0.30115581475362 0.134951433998291 0.381413857532674 0.182478893715415
0.0479682398630233 0.375565724712497 0.349802007825662 0.226664027598817
0.436620014993592 0.320956150585926 0.179584464894205 0.0628393695262778
0.223648433114974 0.250477920761108 0.477801787080004 0.0480718590439146
0.35139927573492 0.34900312699542 0.198933548297762 0.100664048971897
0.302887489679877 0.39426009370217 0.223179086140538 0.0796733304774153
0.0705467704467535 0.47680596422611 0.334277463472684 0.118369801854453
0.38539301825986 0.225357106753507 0.198925517087141 0.190324357899492
0.345091664926471 0.0326536309507796 0.370739613064635 0.251515091058115
0.3662569409283 0.321903580950021 0.0696657965221812 0.242173681599498
0.329888480031679 0.0383358107217353 0.247738752062333 0.384036957184253
0.327535765408658 0.411566900569098 0.125312446827764 0.13558488719448
0.0878452794397275 0.33883017397171 0.251050569702448 0.322273976886114
0.168999720868256 0.251676455714535 0.231209343666271 0.348114479750938
0.351907296092556 0.122960355577363 0.271929447215507 0.253202901114574
0.158466946526579 0.188923481211076 0.198202769687467 0.454406802574878
0.315763893970932 0.066335690336505 0.448606727311248 0.169293688381315
0.290649255659361 0.0404582149396434 0.211699494174149 0.457193035226846
0.445122216067485 0.341860459888363 0.153427849574936 0.0595894744692152
0.492369036337514 0.134889343872473 0.0673711473840958 0.305370472405918
0.319281319308131 0.104745710096403 0.206562985118941 0.369409985476525
0.388220838193179 0.0475126768210587 0.407061389960439 0.157205095025323
0.445621967505161 0.00544760513784365 0.427841082539018 0.121089344817978
0.256772865280474 0.438142456175715 0.230799665743438 0.0742850128003726
0.341099997938675 0.449803358563796 0.0617125984550461 0.147384045042483
0.605663599894563 0.334850628496289 0.00119663506090778 0.0582891365482398
0.251120583226119 0.183294953346543 0.236680375141476 0.328904088285862
0.0510184210071895 0.275410455292478 0.452664571579531 0.220906552120802
0.235557925881459 0.217581289851765 0.312426688580673 0.234434095686102
0.258847018373332 0.38608123100214 0.0419424256587438 0.313129324965785
0.282487803353891 0.379417690908018 0.222899246413466 0.115195259324626
0.16579197697517 0.394703622836922 0.376019197286388 0.0634852029015202
0.150531262729223 0.104007948607646 0.200898546226386 0.544562242436745
0.151263883581322 0.330656010501925 0.24022074226099 0.277859363655763
0.302752787969727 0.224900640612034 0.169401604534461 0.302944966883778
0.263840850452134 0.190376184675121 0.3192505269889 0.226532437883845
0.352229184906699 0.298768829352015 0.151125204920336 0.197876780820951
0.123003767495382 0.292201027871156 0.278303089200914 0.306492115432549
0.137064800231861 0.122226658979526 0.349626009185097 0.391082531603516
0.285216832135819 0.399538886300339 0.262101160059126 0.0531431215047152
0.0178902477504797 0.112400476813729 0.447584614834688 0.422124660601103
0.316290953510238 0.065337591684221 0.401685180405039 0.216686274400502
0.264089250010938 0.189899383844379 0.210426523796932 0.335584842347751
0.355221889601874 0.298600063300854 0.138417614064601 0.207760433032671
0.226122696353874 0.253152627118876 0.315715282807593 0.205009393719658
0.0826265304972551 0.606035445380347 0.141762600334335 0.169575423788062
0.152148051560178 0.355067401672947 0.215201555772909 0.277582990993966
0.135221774005542 0.0191845901322469 0.440780697713546 0.404812938148665
0.303305011267557 0.116049670451922 0.448417915753766 0.132227402526755
0.226813620378257 0.290820862869836 0.290533778041223 0.191831738710683
0.21652359502111 0.0854333029367816 0.470035874316886 0.228007227725223
0.291821437316491 0.205810190939304 0.00216173989920126 0.500206631845004
0.145132987869441 0.449230661749562 0.0316734400366401 0.373962910344357
0.386717097687482 0.0680249194860283 0.283435951878111 0.261822030948379
0.469486251600322 0.296469086319515 0.0468126214468083 0.187232040633354
0.324066218732093 0.351899037533389 0.0350978029032038 0.288936940831314
0.171267282277713 0.340066953386292 0.189850730750184 0.298815033585811
0.240277124397758 0.274078511523679 0.104512712166328 0.381131651912235
0.429791565229842 0.079072231673954 0.0414616978707529 0.449674505225451
0.303978148969418 0.161520694388876 0.509239037748178 0.0252621188935282
0.347860333303698 0.195223060134725 0.369953596938643 0.0869630096229337
0.261012659031411 0.358797694676656 0.20574232486093 0.174447321431003
0.291723278383463 0.298826286623299 0.0916638820160081 0.31778655297723
0.0482850815938295 0.0910727119025381 0.465166852438708 0.395475354064925
0.211755187860898 0.111213034308193 0.485389899616605 0.191641878214304
0.423876302189161 0.231446457981441 0.292265149545985 0.0524120902834132
0.114411033882833 0.194204137754299 0.0722451491793055 0.619139679183562
0.220960234941381 0.126514460858285 0.324159461029428 0.328365843170906
0.24620254934309 0.0488915053354046 0.396528458781777 0.308377486539728
0.0668137050514429 0.143183419326492 0.0654237760247542 0.724579099597311
0.324883777807481 0.197485832396866 0.37562683847142 0.102003551324233
0.447582752324278 0.206941912270029 0.236586994868108 0.108888340537585
0.28422622417592 0.094550495125854 0.269281306367879 0.351941974330347
0.158932222848211 0.19150346701231 0.365374707265745 0.284189602873735
0.334093661567048 0.0254165030146051 0.353869729192254 0.286620106226094
0.15801611628384 0.0104902032855581 0.515048069690769 0.316445610739833
0.176713942439752 0.258212428555672 0.369340048251054 0.195733580753522
0.0444511259585704 0.507232815055443 0.133299650901609 0.315016408084378
0.0796307395078976 0.038241176211876 0.489922205973487 0.392205878306739
0.392540066328148 0.300376431865235 0.219477266300838 0.0876062355057794
0.162933800590122 0.386980355852642 0.330628133947603 0.119457709609633
0.269141844721256 0.346355689792908 0.0174354655098783 0.367066999975958
0.52341839386379 0.12922592304344 0.295728441453161 0.0516272416396083
0.203747642547616 0.178437966054915 0.337846047570392 0.279968343827077
0.0491493410740869 0.300646749538253 0.518983189084625 0.131220720303035
0.27814887070151 0.224206775706369 0.0956025859297109 0.40204176766241
0.588648832226363 0.0674679688686552 0.0401635102350509 0.303719688669931
0.257907564289299 0.13936077771481 0.503638395309876 0.0990932626860153
0.168647657024065 0.356808916911087 0.420311367296036 0.0542320587688122
0.344003635742942 0.299816361722758 0.065860643276676 0.290319359257624
0.115162638967369 0.314473876442113 0.224266763539862 0.346096721050656
0.143273377504396 0.179773297081785 0.281288104993888 0.395665220419931
0.15966978943639 0.271719756430982 0.275654246542988 0.29295620758964
0.33060319036973 0.252202358855712 0.151649738135415 0.265544712639143
0.111906804375527 0.32890892584551 0.29739795837176 0.261786311407203
0.245422201069173 0.214897650307374 0.304553319113218 0.235126829510236
0.0727899705159444 0.483714063005436 0.266677365799978 0.176818600678642
0.296690129575256 0.182995120623491 0.248062807824961 0.272251941976291
0.228717891160268 0.156213179632018 0.363461827894428 0.251607101313286
0.333415578168283 0.266781758885763 0.0926359911894517 0.307166671756502
0.360436863864473 0.229287901476864 0.120572972999936 0.289702261658728
0.243420916029824 0.339640922093849 0.0101037961463022 0.406834365730025
0.27732810915614 0.0337732077702819 0.3542215039945 0.334677179079078
0.150062181659967 0.108143579013842 0.259991724874325 0.481802514451866
0.123937343078315 0.27374149494848 0.317225631267896 0.285095530705309
0.151166301275448 0.344809711416731 0.116356068801149 0.387667918506672
0.0982252279395377 0.305545557367119 0.49044926020922 0.105779954484123
0.0234686246427019 0.271775021196889 0.365928150107973 0.338828204052436
0.329789805436378 0.27295083394647 0.178254631394127 0.219004729223024
0.342933729016809 0.29490189975629 0.237493655023665 0.124670716203235
0.241296774098016 0.347635287922066 0.0946193955170269 0.316448542462891
0.102587147147501 0.432178604172777 0.354412823023905 0.110821425655818
0.146029038027641 0.390897252224358 0.196938033212469 0.266135676535533
0.103959420065711 0.229738301360098 0.443715461683168 0.222586816891023
0.302853386735553 0.289252887402299 0.201574341210281 0.206319384651866
0.21666486548238 0.325602247260146 0.420356210525829 0.037376676731645
0.468269232475944 0.141831865666286 0.0393626641663912 0.350536237691379
0.160673287294852 0.225060865260319 0.0690822726780482 0.545183574766781
0.358351887776626 0.277799043702078 0.137189874538915 0.226659193982381
0.0473560596014362 0.343507192449205 0.223633657665631 0.385503090283727
0.132861689974821 0.376572493029022 0.214547918436694 0.276017898559463
0.22931877709608 0.382498814425286 0.30798511562932 0.0801972928493138
0.377663860425723 0.34525583996212 0.243722946543224 0.0333573530689326
0.097855975732405 0.826208514690971 0.044591472976914 0.0313440365997099
0.3017068096266 0.146183257871406 0.178279427637463 0.373830504864531
0.128956813649611 0.106382570787774 0.711870218605967 0.0527903969566487
0.298404253420331 0.274346366572177 0.259174688632742 0.16807469137475
0.491286254988266 0.111119601393261 0.080000064812607 0.317594078805866
0.234269751933012 0.297372709351831 0.270831604369707 0.19752593434545
0.301040464397798 0.267746591557242 0.316749586077578 0.114463357967382
0.401455981619707 0.300140329491194 0.225573769617374 0.072829919271725
0.289385157323934 0.182607056650987 0.395205500498884 0.132802285526196
0.0768380465552659 0.488903031213599 0.0750995063197154 0.35915941591142
0.168898160115152 0.338594592752682 0.139412135325676 0.35309511180649
0.311919220625235 0.238251006767243 0.346591666770574 0.103238105836948
0.269311342154143 0.359361888455452 0.0620886175609669 0.309238151829439
0.0111247595399454 0.54798455964584 0.425071961320196 0.0158187194940185
0.284879049591822 0.135294820869474 0.239355029023033 0.340471100515671
0.222197974390741 0.315574013161419 0.180426673859452 0.281801338588388
0.0185173940254724 0.342184662912752 0.564775825402801 0.0745221176589746
0.168762312756615 0.0450710813324099 0.435187939677053 0.350978666233921
0.404219744984814 0.112866910892778 0.257729003958522 0.225184340163885
0.454466445026888 0.16721975533366 0.0755372145268332 0.302776585112618
0.132193717270059 0.269633059463276 0.575330779710457 0.0228424435562079
0.293910776496685 0.183220382571848 0.252487424619871 0.270381416311596
0.235846666255107 0.228206792514533 0.252054335952824 0.283892205277536
0.203041809676495 0.378771333604086 0.155582634996761 0.262604221722658
0.259430378527224 0.190953365831742 0.302876422129089 0.246739833511945
0.110344467871936 0.146295128751375 0.554756504308538 0.188603899068152
0.0373040435899576 0.408503631811717 0.205880115709204 0.348312208889121
0.151054953613532 0.353084748318506 0.339923451341244 0.155936846726718
0.370644469243136 0.0965936669756625 0.145877289181092 0.386884574600109
0.232221218346344 0.0679832493304019 0.190102946495659 0.509692585827595
0.0642558727155332 0.133451766515965 0.501270019392901 0.3010223413756
0.185291822033889 0.34122838245794 0.145248827511715 0.328230967996456
0.298881819828258 0.403385191966216 0.217867155313202 0.079865832892325
0.342181975676931 0.128435121653202 0.500169526609536 0.0292133760603316
0.0333143568960629 0.0266612325579814 0.493433494806992 0.446590915738964
0.308378450394681 0.0882786546936938 0.281329838058402 0.322013056853224
0.199723791657 0.287863749001368 0.254132859420133 0.2582795999215
0.389275140213389 0.286584498375914 0.259765736587406 0.0643746248232911
0.356814948679511 0.0300741733130228 0.188465883318609 0.424644994688857
0.188931641763389 0.266127015962511 0.328616177631916 0.216325164642184
0.410998564472432 0.330783572823779 0.0404621087763723 0.217755753927416
0.370729905183168 0.169747739622474 0.436905500738769 0.0226168544555895
0.114807852176392 0.299855840796799 0.288871160968965 0.296465146057844
0.449854162539017 0.0356430125570163 0.475977140690608 0.0385256842133593
0.659905108420313 0.122936455414833 0.0715495152967444 0.145608920868109
0.324426739618329 0.118140308323318 0.450067879671664 0.107365072386689
0.138933550286562 0.0836232069803894 0.251921084218543 0.525522158514505
0.047313635235549 0.340919480626336 0.340402523897424 0.271364360240691
0.0571202426240049 0.0590584686793494 0.593859592072389 0.289961696624257
0.451600709723515 0.0520789229466979 0.25988281951527 0.236437547814517
0.0414550367240272 0.389493309975686 0.381290776293358 0.187760877006928
0.00650801742871174 0.521910789201651 0.381603580918102 0.0899776124515353
0.0349598980365623 0.651773810385022 0.211811460050631 0.101454831527785
0.488035583112191 0.131975309469607 0.333944329928226 0.0460447774899761
0.190240428187 0.20821599134447 0.30906744141501 0.29247613905352
0.180463150910538 0.305261566757452 0.192851200222516 0.321424082109494
0.179193096704869 0.500813841104336 0.261530711339206 0.0584623508515895
0.144897211930419 0.22059581694483 0.0815863460096675 0.552920625115083
0.212200771797258 0.318141638905896 0.382428815635567 0.0872287736612792
0.0413801220075625 0.604586730235172 0.34999570777673 0.00403743998053617
0.0934281313494101 0.301073603708961 0.0116603365358265 0.593837928405803
0.112182827172048 0.0716509656205602 0.433005084944518 0.383161122262873
0.323786102307698 0.354751784583535 0.04206957242868 0.279392540680087
0.282471419649901 0.352994696559467 0.282515591470304 0.0820182923203282
0.486171534534242 0.0104599998548077 0.0581314448961325 0.445237020714818
0.33660239295146 0.251150771374952 0.316507152434653 0.0957396832389352
0.178722874349815 0.3533956092073 0.0830987077397461 0.384782808703139
0.471019145487076 0.122263957446727 0.1462514729319 0.260465424134297
0.241606949151017 0.262073422001301 0.330480044948165 0.165839583899517
0.534248038996491 0.0992840293764139 0.244565127420563 0.121902804206533
0.295319170143742 0.275010797174028 0.173264548658362 0.256405484023868
0.144557737709471 0.228614542705131 0.620988242842712 0.00583947674268624
0.103001821776759 0.401557272532898 0.271425596437587 0.224015309252755
0.0190643331605124 0.436053861934334 0.52798063524934 0.0169011696558137
0.240309839264474 0.436032295017358 0.189966871291077 0.133690994427091
0.512620762162366 0.0092321574213291 0.225517772276557 0.252629308139748
0.0964970543991813 0.153530295938378 0.37511939754552 0.37485325211692
0.161532582902788 0.129470828648564 0.329597984134031 0.379398604314617
0.258587516615032 0.401760220150493 0.265733158328156 0.073919104906319
0.132864809900116 0.238986052672429 0.15989239392541 0.468256743502045
0.337685488964233 0.0155987943331285 0.305665002565882 0.341050714136756
0.128711348163402 0.549560275097849 0.0289651886854767 0.292763188053272
0.194414685555398 0.300112195090041 0.406282148042665 0.0991909713118966
0.36173032370577 0.168471433493125 0.127451199040673 0.342347043760432
0.50440869927662 0.104101855119376 0.30689356414676 0.0845958814572434
0.234324134272546 0.281665326116447 0.204831021763354 0.279179517847652
0.455881027347725 0.0527907475018535 0.0997531478737581 0.391575077276663
0.309688606242864 0.524659615057489 0.015497744883824 0.150154033815823
0.172929557640438 0.34428196115318 0.425829427537253 0.0569590536691292
0.141002002614542 0.228880189351507 0.315913627340383 0.314204180693569
0.314750755121464 0.389019910749385 0.071048646087894 0.225180688041258
0.263396490809413 0.31143757422123 0.271920574931886 0.153245360037471
0.335712398173769 0.300010124729556 0.200298766194383 0.163978710902292
0.272109310897284 0.496166098215902 0.0378827489662823 0.193841841920531
0.346699943322892 0.158917229668759 0.397711641465379 0.0966711855429697
0.220824288637906 0.178691194925206 0.373897363875868 0.226587152561019
0.184383842562842 0.243598671649541 0.424750302460084 0.147267183327533
0.0266847189394883 0.351666359010297 0.331497728563868 0.290151193486347
0.0150528053413122 0.189113155168336 0.397537542511139 0.398296496979214
0.222807068121427 0.0470983411311778 0.417151041231969 0.312943549515426
0.0471354375792107 0.247389819771924 0.0100070791419088 0.695467663506957
0.344671473061056 0.214994725608634 0.183213481803174 0.257120319527136
0.387151260186239 0.260424912482303 0.17006214976682 0.182361677564638
0.231977057763353 0.495258988509302 0.188864903122849 0.0838990506044957
0.16007956190368 0.377685770807916 0.260539601847863 0.20169506544054
0.272432321330187 0.297452159061297 0.256465954048589 0.173649565559926
0.00566842491038019 0.358786772914686 0.404237273226763 0.23130752894817
0.321762370214551 0.00782387927451688 0.382333951367936 0.288079799142996
0.261967444582352 0.58816659522798 0.0279812015602199 0.121884758629448
0.501082401168588 0.0405251249075102 0.451283726984963 0.00710874693893893
0.472206578956609 0.15497845147402 0.255564940811861 0.11725002875751
0.140820089549362 0.434662535519576 0.193680124560479 0.230837250370582
0.109873026888047 0.158628439158319 0.0648942785114213 0.666604255442213
0.243080445861252 0.0931180484965916 0.312715657112134 0.351085848530022
0.129905201199226 0.445838086045547 0.372074055738272 0.0521826570169544
0.00533281143387011 0.0651837768381704 0.486134103465325 0.443349308262635
0.203925454424974 0.220595335591366 0.272970902957432 0.302508307026228
0.153822525225395 0.283742902180316 0.425312990458474 0.137121582135816
0.0780824991033685 0.315081209341022 0.394316021317457 0.212520270238153
0.110430908621379 0.519284303355001 0.157779965721563 0.212504822302057
0.228003929608923 0.32854962890752 0.170364156328896 0.273082285154661
0.435986414763143 0.213235301930378 0.347612838243992 0.00316544506248753
0.280171521262429 0.194784256051282 0.301639753163996 0.223404469522293
0.294674500231977 0.135709072104375 0.263525849523801 0.306090578139847
0.142724798985029 0.312683663886398 0.388079155949088 0.156512381179485
0.032137595788351 0.353149243555532 0.564717817423294 0.049995343232823
0.153229455985647 0.248369164854052 0.357189254481562 0.241212124678739
0.34937048246812 0.138473984669333 0.352516421157595 0.159639111704952
0.0765721010673896 0.490080636279901 0.354430452867647 0.0789168097850629
0.0473981451965992 0.374096558526814 0.0924535044047701 0.486051791871817
0.271977146264003 0.138658127828156 0.18943710163693 0.399927624270911
0.115690483787985 0.137965344476337 0.294846695936086 0.451497475799592
0.138975311894045 0.317596081555211 0.260871786262025 0.282556820288719
0.0123501122281992 0.342161570524271 0.385142074941771 0.260346242305758
0.0359885840604783 0.408118965422015 0.12162940580758 0.434263044709926
0.391260675185671 0.204564815142334 0.302118580451414 0.102055929220581
0.00624825942436714 0.368746360010193 0.193484509426672 0.431520871138768
0.353247705020337 0.255748883659499 0.192640308379316 0.198363102940848
0.0490221302478237 0.396984661587141 0.278877221728475 0.27511598643656
0.246221294259524 0.267107678864788 0.187200830793307 0.29947019608238
0.40162953997896 0.0547118198250533 0.292653520300712 0.251005119895274
0.403559945177221 0.206344127345129 0.0203433429922539 0.369752584485396
0.392662887683141 0.182405815058617 0.333633717778797 0.0912975794794448
0.308154997679386 0.303874636866121 0.294207668360835 0.0937626970936582
0.0300284987663257 0.389155479451322 0.142368349315441 0.438447672466911
0.453237505251849 0.0201191303739597 0.0913149494668158 0.435328414907376
0.203053475278212 0.394042890353641 0.16072401262698 0.242179621741167
0.34275942950107 0.161221039172971 0.192037850430348 0.303981680895611
0.36076692232179 0.186039754583057 0.326727826133737 0.126465496961415
0.0516776379719053 0.184508641973115 0.414412607813151 0.349401112241829
0.00829689456709635 0.501343621265821 0.118513363215768 0.371846120951314
0.0619677561917526 0.396182656684102 0.342341197241487 0.199508389882658
0.247539886360189 0.246028207395448 0.249810421803323 0.25662148444104
0.354786886326308 0.123213755923506 0.0781003553005959 0.44389900244959
0.319493651462087 0.329047072019011 0.220523509068994 0.130935767449909
0.269733398975384 0.106894532313143 0.0427662700849588 0.580605798626514
0.227580232297222 0.209479311147875 0.302730730599949 0.260209725954954
0.35393073672326 0.266371729255385 0.225761321087639 0.153936212933716
0.176407262304548 0.276599502093877 0.196530973099458 0.350462262502118
0.292901312631474 0.215957242370957 0.145080325906388 0.34606111909118
0.375046908914438 0.127064663075438 0.357337315131803 0.140551112878321
0.307790888864092 0.334007797527424 0.0770110326760709 0.281190280932413
0.100101483541718 0.28435190864831 0.335877094890461 0.279669512919511
0.0410450490896792 0.546487477006601 0.279271909303102 0.133195564600617
0.361332076619869 0.338150279359278 0.0826111689632158 0.217906475057637
0.0323690255035557 0.251107342865169 0.337382987663517 0.379140643967759
0.118889588443942 0.221350586897063 0.295536661291931 0.364223163367064
0.046396314383057 0.713516902053411 0.0324026980783947 0.207684085485137
0.396560681906305 0.426230789863537 0.157231233300019 0.0199772949301393
0.10233567173573 0.342921308441883 0.316650887351588 0.238092132470799
0.290428104269917 0.0851843317146299 0.261160298971142 0.363227265044311
0.131283985539257 0.259329291141293 0.334645188681423 0.274741534638027
0.219683906252507 0.183579550782922 0.352648584568836 0.244087958395734
0.136850674754152 0.218945026994618 0.298677478824452 0.345526819426779
0.359728720040467 0.0917778566022474 0.26138294688766 0.287110476469625
0.375507310110046 0.466584150606274 0.144651252662753 0.0132572866209271
0.0528755135430932 0.432247924823981 0.0912713856712256 0.4236051759617
0.459482210945832 0.261725411513899 0.209460263498347 0.0693321140419227
0.361132009504711 0.0949551431570506 0.226560435522612 0.317352411815627
0.222438401510738 0.296383559273786 0.21633714008893 0.264840899126546
0.475284023262643 0.313771964445677 0.0770511100168719 0.133892902274808
0.445469935208097 0.286854856989835 0.17365008979891 0.0940251180031583
0.326370952857039 0.123007161196422 0.259042166982383 0.291579718964156
0.209045966983998 0.40991155885927 0.0301720020423257 0.350870472114407
0.538672897873821 0.187986011649071 0.00552914667710912 0.267811943799999
0.6612785119192 0.170523734801749 0.157349365037216 0.0108483882418345
0.345957353835395 0.127145634970317 0.225213163663932 0.301683847530356
0.277622620394407 0.0416490487133338 0.577657650836548 0.103070680055711
0.212887394474055 0.288446714751943 0.0432187678296531 0.455447122944349
0.802620825484917 0.0230128498138215 0.000144744391065771 0.174221580310196
0.187273699634644 0.159339401679031 0.436464066987287 0.216922831699038
0.431447802657489 0.404335318094518 0.131377643645346 0.032839235602647
0.177846169140705 0.0191283012234153 0.686935571505292 0.116089958130588
0.192083094276307 0.171877396223158 0.219650944522328 0.416388564978207
0.270839484770156 0.215363140762079 0.417286799708838 0.0965105747589266
0.210602776769715 0.000227861487979864 0.505333089065333 0.283836272676972
0.033916778729195 0.185999341450224 0.146007849475426 0.634076030345155
0.038363973482954 0.535443222916893 0.132050127911515 0.294142675688638
0.230911029988404 0.195279794193449 0.238826338074929 0.334982837743218
0.272833799001098 0.455122467200257 0.197851353812516 0.0741923799861286
0.371642793078628 0.282497231442691 0.223750031272759 0.122109944205922
0.286216719469321 0.307447800127501 0.186275194682069 0.220060285721109
0.525791676284769 0.313949423631797 0.0898994064214141 0.0703594936620198
0.342439747092978 0.292727241804673 0.232645667770315 0.132187343332034
0.361099732481381 0.366894588770371 0.0170679836143849 0.254937695133863
0.453064755677917 0.199460608970289 0.155173371955158 0.192301263396636
0.091480390972825 0.30526893014878 0.577679853070393 0.0255708258080023
0.0688218079908032 0.371864101183423 0.0230497427987438 0.53626434802703
0.266313074312976 0.167044113011973 0.437127534802687 0.129515277872364
0.438759052101846 0.376674670950305 0.0241362945008059 0.160429982447042
0.0959380887524151 0.220993587430684 0.00633776395248472 0.676730559864416
0.398876975544469 0.171101467793976 0.342760612358751 0.0872609443028044
0.558777992216045 0.341973186096174 0.0534270868216719 0.0458217348661092
0.0427463962877214 0.271660955604645 0.352580475599712 0.333012172507922
0.434645488552063 0.184439175472526 0.0342711294214658 0.346644206553946
0.400177035927581 0.312300850948413 0.00195637694333631 0.28556573618067
0.362452195335644 0.0434191836800578 0.186655926243615 0.407472694740683
0.258467614951335 0.150279258040918 0.527169731159158 0.0640833958485888
0.188241405997412 0.01345576841305 0.538023869096315 0.260278956493223
0.159358560709149 0.440132975838724 0.0940472157056969 0.30646124774643
0.132139810199194 0.123789423993067 0.329476145098139 0.414594620709601
0.0782883143085713 0.381098513834372 0.188287945936306 0.35232522592075
0.160793182461555 0.651279129566853 0.154173435419164 0.0337542525524284
0.379741192685862 0.339947117599337 0.232522319573367 0.0477893701414344
0.0707747831024055 0.422358310205437 0.0566314708812481 0.450235435810909
0.427750089069849 0.471330843990262 0.0149472127937237 0.085971854146165
0.24091283733651 0.00808658612735401 0.344577820268444 0.406422756267693
0.390808034683657 0.307798578432818 0.256182714942278 0.0452106719412472
0.0292408891256304 0.301665615897752 0.543500286344214 0.125593208632404
0.237236026900643 0.249369801650861 0.335805076435308 0.177589095013188
0.142684634188675 0.473986216626138 0.16136836842219 0.221960780762997
0.358276575069281 0.385458636035833 0.215015795640039 0.0412489932548464
0.505282160836416 0.0906234258061413 0.183040001332585 0.221054412024858
0.257726997653494 0.193363567315571 0.264885060246168 0.284024374784767
0.02428017050307 0.238770617831234 0.294293804563181 0.442655407102515
0.0399005139934808 0.460772485745684 0.424205120729696 0.07512187953114
0.2465630932332 0.229384336367209 0.344536449003903 0.179516121395688
0.352353355663657 0.213895805864493 0.224466079607354 0.209284758864497
0.345748135227458 0.125201674546369 0.302016815842867 0.227033374383306
0.423179778211294 0.550410333225052 0.000669551012012847 0.0257403375516418
0.264814043448794 0.132664424800804 0.0829713219323348 0.519550209818067
0.041339725754046 0.324684751663244 0.359779395659702 0.274196126923007
0.176910157479218 0.304416622981894 0.0880022681814168 0.430670951357471
0.0965495426339002 0.038623613639606 0.412989569603047 0.451837274123446
0.0507809510853525 0.401881944496471 0.181054617811404 0.366282486606772
0.340127739940498 0.385139423460162 0.221413779287404 0.0533190573119367
0.261015504665529 0.281394021294076 0.16973952583488 0.287850948205515
0.17301226172232 0.455522923185541 0.265879219853654 0.105585595238485
0.188067771794982 0.349213341101632 0.405880882883423 0.0568380042199626
0.327006855237977 0.387458035590999 0.187231768568435 0.0983033406025885
0.274132785178061 0.0247362004876546 0.0789943252268584 0.622136689107426
0.212069595829596 0.282226027020416 0.258282438104724 0.247421939045264
0.257317089324933 0.262384179623542 0.444553232879007 0.0357454981725183
0.316306431372387 0.232014100082259 0.0623046833780742 0.38937478516728
0.257276951297178 0.14231323665846 0.368534010818114 0.231875801226248
0.14419990421701 0.0258567592260592 0.449738927293318 0.380204409263614
0.191312465357257 0.37551378892625 0.0695845519047894 0.363589193811704
0.294862424030841 0.302804283911678 0.0829067090107204 0.31942658304676
0.278519856610485 0.366443016400589 0.252491040646207 0.102546086342719
0.256106510608885 0.290131710224728 0.198636260124544 0.255125519041842
0.136496519750152 0.207671066609635 0.253880136311524 0.401952277328689
0.16824286629153 0.218713517639208 0.555443137373791 0.0576004786954717
0.260281574683954 0.134626736949728 0.232975287706249 0.372116400660069
0.253998135539286 0.217633664332309 0.132833417384677 0.395534782743729
0.172785867301897 0.149213135211454 0.336893087621998 0.341107909864651
0.00560420033931387 0.0609885987624397 0.5976458442067 0.335761356691546
0.344958433327279 0.318917468140609 0.283308042654742 0.0528160558773703
0.0782871723141423 0.0380925087990402 0.600534151941851 0.283086166944966
0.216745372373953 0.0164212892929132 0.353992337162967 0.412841001170167
0.452685953268903 0.159465631755215 0.245798917392715 0.142049497583168
0.203347478562998 0.263797302138058 0.148502072438209 0.384353146860734
0.316090687124577 0.458596960916528 0.0714561707018619 0.153856181257032
0.550694618486734 0.0323229877009075 0.283487390553822 0.133495003258537
0.102651872809003 0.537525229112946 0.3245021069355 0.0353207911425517
0.156148203722326 0.547005699093109 0.210137104882771 0.0867089923017934
0.235663081864736 0.393454526589233 0.106870893433022 0.264011498113009
0.245585997951168 0.0103717128279988 0.39609992108686 0.347942368133973
0.0344190217094447 0.326596480877154 0.297955153596634 0.341029343816767
0.132609942813297 0.168929035832154 0.105704082451339 0.59275693890321
0.353690922960491 0.0948998470402129 0.30630785093153 0.245101379067766
0.00354842982284364 0.349392795746847 0.356934703624203 0.290124070806106
0.0667042862975116 0.472621942970712 0.270134086822327 0.19053968390945
0.386254110945251 0.0205345892746391 0.387039405022787 0.206171894757323
0.162492654788559 0.337807200449343 0.0608770334404492 0.438823111321648
0.137216686952005 0.365256313240888 0.39799544624782 0.0995315535592868
0.292696638898842 0.287024282806705 0.233915656290989 0.186363422003464
0.304215352201763 0.112191656798473 0.0949367650146639 0.488656225985101
0.57690971512759 0.155309086727947 0.162322011299933 0.10545918684453
0.0710110445856966 0.265077022039762 0.275181469722415 0.388730463652127
0.317601937772864 0.345894760294139 0.172907779209548 0.163595522723448
0.248200765647508 0.280462272581091 0.205789445467234 0.265547516304167
0.11450456960649 0.299745759225008 0.51284991212679 0.0728997590417126
0.193553337021768 0.332393331976417 0.0692655309935378 0.404787800008277
0.104005216105523 0.429394208930753 0.196164422006905 0.270436152956819
0.27620702910536 0.068227153402089 0.229993909392514 0.425571908100037
0.273720540400218 0.133135445047263 0.0829850716811943 0.510158942871324
0.138355004193084 0.328000454427105 0.355945213854082 0.177699327525729
0.383443270490735 0.260814656330744 0.29688615119364 0.0588559219848813
0.244616656667202 0.175039386337852 0.318246802787006 0.262097154207939
0.269011413357097 0.46321391072466 0.24932180425429 0.0184528716639526
0.210866406676647 0.317762868294639 0.318005110608747 0.153365614419968
0.00825748629252531 0.427851579214257 0.177489867392503 0.386401067100715
0.192953669739528 0.303957789835344 0.253416753872867 0.249671786552261
0.233321081783185 0.000793143894726386 0.332377310374799 0.433508463947289
0.109311222138842 0.519973562713629 0.262842712979952 0.107872502167577
0.383393449172159 0.413600210488204 0.122973410517398 0.080032929822238
0.518643806450893 0.228764180407876 0.109722734091375 0.142869279049855
0.102022237471911 0.344843413452437 0.236853497084128 0.316280851991523
0.441959054102322 0.218361559624224 0.147713901791396 0.191965484482057
0.0807140599172857 0.0841489360401222 0.368725522292222 0.46641148175037
0.145523767712805 0.378326682489374 0.148151046162172 0.327998503635649
0.26220720851819 0.244966103579255 0.213929015028299 0.278897672874255
0.438217106023382 0.0397130240274643 0.179650809604975 0.342419060344179
0.387236087772934 0.142031709892298 0.174670747338425 0.296061454996344
0.242015727083208 0.190001299124913 0.30741979220229 0.26056318158959
0.301005801233788 0.321593012920501 0.053055367549499 0.324345818296212
0.343517188489941 0.373450762767328 0.210648241204527 0.0723838075382053
0.414948557066505 0.0129071960594662 0.0744444799465435 0.497699766927485
0.289778729239121 0.259920606293319 0.10544950838303 0.34485115608453
0.173277854003135 0.307607748037157 0.211621677708249 0.307492720251459
0.0949165984503401 0.309476651255658 0.0605741215307882 0.535032628763213
0.511880799870714 0.129407525202465 0.0395732495274891 0.319138425399333
0.432246321603976 0.514104651038482 0.029529037225119 0.0241199901324234
0.1357512205545 0.170453002625254 0.328587230739829 0.365208546080417
0.334479694352677 0.179645879624435 0.125450199845627 0.360424226177261
0.238617322412333 0.360986652872413 0.184206965377247 0.216189059338007
0.0987937393382065 0.0214959656356052 0.640659909976702 0.239050385049487
0.526584284603199 0.367243187045024 0.00416933952204724 0.10200318882973
0.355521621352962 0.11102310833439 0.226822541797464 0.306632728515184
0.5007072485104 0.146444267489262 0.238041789133589 0.114806694866749
0.230752487123488 0.426821678087787 0.261134704772509 0.0812911300162168
0.176433791397397 0.233410779621483 0.407742512552675 0.182412916428445
0.322962132305032 0.244108785058818 0.202361767031304 0.230567315604846
0.143090539428096 0.283084172239834 0.500905504060497 0.0729197842715732
0.270011469363662 0.28845223626846 0.199824787503959 0.241711506863919
0.366814046780911 0.00476671884440762 0.413269341661601 0.215149892713081
0.539479414150654 0.0956043943077678 0.153627912076406 0.211288279465172
0.196119792252716 0.119015739508656 0.405610240727957 0.279254227510671
0.00307935460576288 0.0824950459400197 0.293680694240881 0.620744905213337
0.207083634186232 0.362531683530893 0.253851691650184 0.176532990632691
0.454229285829921 0.143074254686275 0.0243465540230739 0.37834990546073
0.348154617868201 0.0306911752404072 0.293567037324051 0.327587169567341
0.200712057765805 0.322889043843319 0.0765247487148926 0.399874149675984
0.106961017284719 0.311443895852747 0.29828734333469 0.283307743527844
0.0689338713876064 0.0466062768693693 0.735623512801396 0.148836338941628
0.291143886210466 0.104670499409527 0.27765783448117 0.326527779898837
0.383989295095589 0.349598901201978 0.124502100705783 0.14190970299665
0.175329830819045 0.344448211859315 0.157526937377406 0.322695019944234
0.256808822543146 0.603583641345249 0.0536647358335639 0.0859428002780403
0.10899549063195 0.161323121573653 0.0994754280810682 0.630205959713329
0.440158770753635 0.169125238304605 0.302377398319061 0.088338592622698
0.324611594127706 0.516739169773108 0.148969810031368 0.0096794260678184
0.40888094296856 0.26886415819664 0.0262610926812515 0.295993806153549
0.0823889575441478 0.374124215778995 0.223047192350925 0.320439634325932
0.203246922354503 0.393382974389981 0.138432114063904 0.264937989191612
0.69360639992485 0.264435717840348 0.00977095300070886 0.0321869292340938
0.061624503670532 0.310495690909293 0.440357088696293 0.187522716723882
0.366768126807867 0.1100297998535 0.258267402881318 0.264934670457314
0.0318118158647936 0.130437767331782 0.739800197754965 0.0979502190484594
0.240405726422125 0.159641616360801 0.443357825049413 0.156594832167661
0.271604548211583 0.117494765255041 0.300013121734096 0.31088756479928
0.298183999726142 0.279035998665174 0.250043718420536 0.172736283188147
0.0432640640991108 0.222091181760259 0.379474221184814 0.355170532955816
0.228098788804178 0.136271212543481 0.28009935951909 0.355530639133251
0.302509755327573 0.336806233955143 0.28769699866071 0.0729870120565738
0.131168285467869 0.319271963528259 0.448048497608806 0.101511253395065
0.482189932310442 0.0340724349423835 0.373450792100942 0.110286840646233
0.312183186483096 0.455012090504152 0.0767257223560515 0.1560790006567
0.229524283028662 0.382723874629231 0.30533058167656 0.082421260665547
0.0418420458718379 0.373541990876203 0.306635002986338 0.277980960265622
0.344382666179635 0.0790745627016416 0.0633867291935438 0.51315604192518
0.252288334836816 0.320344356658969 0.140401043259801 0.286966265244413
0.275173665574928 0.384756513045251 0.0495062066278512 0.29056361475197
