0.303363555386452 0.354888751184915 0.151790082766654 0.007706999234795 0.182250611427184
0.0942251328659518 0.00982065970547517 0.160604722960214 0.356857582253786 0.378491902214573
0.607750669798592 0.00174967782889796 0.158872370616744 0.10235797601897 0.129269305736796
0.081357236211816 0.238111040597374 0.05691110002894 0.269347261406903 0.354273361754967
0.0531816157871045 0.379146132825765 0.114368557277052 0.0985464238507788 0.3547572702593
0.465993093752987 0.271111211387042 0.0233397548848119 0.0330519049004438 0.206504035074714
0.0415882350146863 0.0845761143607821 0.209396439411231 0.258411071203243 0.406028140010057
0.175843158561495 0.0935059660003299 0.370883565184878 0.0282363506555478 0.331530959597749
0.116280909414547 0.128056241486807 0.431544787570129 0.169646921425403 0.154471140103114
0.323661297597278 0.0741695996904044 0.276025645539069 0.277538972986238 0.0486044841870109
0.236497029909404 0.0682274358374928 0.0333083466034289 0.278519332646963 0.383447855002712
0.251246555065585 0.212168309437801 0.0931460787609411 0.215482955387971 0.227956101347701
0.192051416875524 0.34778018011156 0.229304515591773 0.206565795022351 0.0242980923987923
0.041912609225913 0.35343291764568 0.382535952975726 0.0271790280739381 0.194939492078743
0.26482324413259 0.26352054022735 0.0663357948587297 0.179932701093589 0.225387719687742
0.209919682599886 0.0847318642456643 0.292031693895743 0.343532953533931 0.0697838057247762
0.202258113712457 0.0795620688928171 0.330886528494792 0.142146336492372 0.245146952407561
0.468319861129096 0.0383664257071 0.10322231430859 0.127616320659157 0.262475078196057
0.230019888681039 0.202326561902968 0.301423749915579 0.0129780874288053 0.253251712071609
0.26939289290741 0.296439977631868 0.0256339161991353 0.157753620482794 0.250779592778793
0.271396192074372 0.197155503212308 0.0442347952014028 0.263351643958289 0.223861865553628
0.115720224828314 0.347592609573498 0.106961087911965 0.218174634062652 0.211551443623572
0.00339374656953859 0.0578744873327169 0.272820642758873 0.185533089507842 0.480378033831029
0.124263264890388 0.212851385235245 0.0488825540034156 0.204794046551213 0.409208749319738
0.148975328527421 0.168612866126932 0.362791524151148 0.262263955291933 0.0573563259025664
0.0103931356306518 0.180878430685301 0.022131441029237 0.299292155817867 0.487304836836943
0.234466758013273 0.16745507811257 0.00363581625947354 0.440143551015602 0.154298796599082
0.305489120834454 0.203169467998405 0.306017652314833 0.0617458011005246 0.123577957751785
0.370276344815512 0.179314225617909 0.0334508408441043 0.29379159073059 0.123166997991885
0.0588863209621622 0.188210004004054 0.44221214729761 0.224592809195633 0.0860987185405406
0.0253871741955925 0.297299711565408 0.182946065161557 0.289501505531342 0.204865543546101
0.440190749321837 0.230283628375763 0.229061785624343 0.0810545857503845 0.019409250927672
0.294405723602362 0.134589362943752 0.211965760469169 0.278556127879804 0.0804830251049129
0.0953722428448317 0.027857161630979 0.230300094180199 0.279112814189812 0.367357687154178
0.261116461918727 0.236212243808541 0.110422716971156 0.248560836305832 0.143687740995744
0.125866307991275 0.365542136303942 0.0649402399816229 0.0602980464716649 0.383353269251495
0.0689347644505385 0.150734578272787 0.174782797276476 0.432193966175309 0.17335389382489
0.14651491252814 0.230796108541145 0.108141247664652 0.131446680854698 0.383101050411366
0.352251456115125 0.0143305650916842 0.137873287345152 0.383284024086566 0.112260667361472
0.338715594944275 0.162384759120902 0.0657914175682033 0.105043461440103 0.328064766926517
0.246055459898819 0.179405016608328 0.131220178084851 0.202775577641733 0.240543767766269
0.331312565779591 0.114658460420019 0.147447163272211 0.316623234795541 0.0899585757326387
0.305868441016492 0.161462303200555 0.0158508208315076 0.360255195906147 0.156563239045297
0.0019902815762557 0.34651220851373 0.183662938233471 0.117585776851234 0.35024879482531
0.292056462058979 0.164423770819315 0.247796743059625 0.0260413163215877 0.269681707740493
0.0514104279250533 0.302888687644344 0.120168735584528 0.412868896994215 0.112663251851859
0.0520673906268677 0.132284043518753 0.383318400819848 0.262102821534018 0.170227343500514
0.100339889388459 0.202092876463452 0.263750427587624 0.297012008216596 0.136804798343869
0.18569033893692 0.251232003507727 0.271661144853099 0.130419180782367 0.160997331919887
0.388709719945067 0.154679963398223 0.0155501921457649 0.0758072006665316 0.365252923844413
0.337054131033383 0.0357585849323706 0.245243879118606 0.0803597162919275 0.301583688623712
0.242988260083957 0.229265662686154 0.266003951666378 0.0875550219722372 0.174187103591273
0.0526561703369394 0.353903007483673 0.171416282971586 0.145993240248857 0.276031298958944
0.324113547284466 0.327668602953747 0.145799922692706 0.00920639371850592 0.193211533350575
0.057424548940488 0.1179312554236 0.471513552892585 0.0395967759205292 0.313533866822798
0.250531562940837 0.218707430334214 0.0555441042389931 0.253031188211702 0.222185714274253
0.242267129642418 0.110729996014116 0.00396957254909754 0.0312239587505849 0.611809343043783
0.321703351572202 0.408366968951484 0.0416851499885375 0.0461465238321818 0.182098005655595
0.243349601833493 0.325644181623853 0.216737231260786 0.130476360217559 0.0837926250643083
0.385337421326202 0.0794958682614179 0.184705961489239 0.338644829476401 0.0118159194467411
0.267029273832228 0.215248738537514 0.110187472868167 0.16577872881409 0.241755785948002
0.322623149744256 0.0476193367849059 0.206564829636545 0.220059979513008 0.203132704321285
0.102527498100441 0.0987912714493611 0.254979106174061 0.355702778684805 0.187999345591331
0.234273162328709 0.0387667162809171 0.284694595320039 0.156756843856812 0.285508682213522
0.28041897256137 0.24621444065582 0.106730737622979 0.167801844659138 0.198834004500694
0.298623580441685 0.294251905564747 0.0375048627790205 0.236250062629566 0.133369588584981
0.169233937437783 0.139718166612537 0.310321945342723 0.338936903016359 0.0417890475905982
0.176028502638219 0.239029260289711 0.104295052559403 0.350966139003561 0.129681045509106
0.199296042370552 0.485763445243872 0.0657229903510451 0.0172162376282284 0.232001284406302
0.2699892647541 0.268238379656373 0.360904339606171 0.0674926290037164 0.0333753869796403
0.110882998966907 0.0912253981425065 0.414409431804119 0.32311125970474 0.0603709113817271
0.0154649221885205 0.301893504180296 0.389281204904513 0.143344693816422 0.150015674910249
0.076947060720988 0.0580564467946892 0.163420281126031 0.234391660822253 0.467184550536038
0.185892376177834 0.0589576485220646 0.273298990403942 0.318194012175272 0.163656972720887
0.533937055865224 0.271858648345973 0.0171458919423771 0.0862625752392691 0.0907958286071567
0.196892507988432 0.263517463622513 0.118643436977392 0.226699665493188 0.194246925918475
0.101556178911758 0.369157105643445 0.273850128457712 0.135347408799653 0.120089178187432
0.0310920249544786 0.300871298608298 0.363523822446243 0.021356434194846 0.283156419796134
0.231865917867143 0.133028045399777 0.264136979895646 0.267625408904639 0.103343647932795
0.0768085962371516 0.294083975055181 0.258802195101801 0.141678688220322 0.228626545385544
0.106851919995259 0.202390836637746 0.340175422199202 0.154506081822156 0.196075739345637
0.217778128610023 0.149004116605064 0.247991835477683 0.170260805940527 0.214965113366703
0.204509434547569 0.208162647373359 0.21531003542715 0.205895823536718 0.166122059115204
0.173962755791438 0.136533790839659 0.182157391539351 0.401150728465204 0.106195333364348
0.336659686974168 0.483725578149068 0.0335958824012316 0.0371117372883456 0.108907115187186
0.206676253039804 0.223527308285377 0.0561299249074266 0.268804589247088 0.244861924520304
0.140234593961402 0.13141238263267 0.220318102346951 0.311204536012908 0.196830385046069
0.185283299657637 0.134462870219484 0.22493807414806 0.219125724503954 0.236190031470865
0.267308686848162 0.0603815974121615 0.236988308677887 0.212109039543429 0.223212367518361
0.195885831241564 0.285240188771743 0.0640681710430259 0.284492819391077 0.17031298955259
0.0480090612681064 0.268073388946419 0.251522522648784 0.0973794941299324 0.335015533006758
0.302355512287276 0.250138060509685 0.238236543632591 0.0248616278112455 0.184408255759202
0.233574169919561 0.219432032298913 0.36433082604346 0.0605787791473549 0.122084192590712
0.283435552664666 0.228188230384963 0.251989337723713 0.0683182157511187 0.16806866347554
0.211309447066946 0.320919694725936 0.0632068208728496 0.119263477774678 0.28530055955959
0.265334274462642 0.36636994046461 0.0793507925062303 0.21212202221559 0.0768229703509278
0.143882104354047 0.20740286544227 0.246539304653455 0.243942353838221 0.158233371712007
0.265117100547162 0.298283270571022 0.232934328541791 0.0152750283390253 0.188390272001
0.0499429052356273 0.175265773835452 0.232257013982461 0.471543525306819 0.0709907816396399
0.176947749973765 0.103580385037963 0.0377221834603071 0.541484062473665 0.1402656190543
