0.0855801173897537 0.185022991618993 0.152586783333711 0.0384883935536937 0.0719758220718211 0.177692710747214 0.0586654972707853 0.187701894665859 0.0242006802160535 0.0180851091321159
0.101436019392816 0.058881548466147 0.133715281467407 0.202933229598632 0.0441898663139269 0.115128654684745 0.0374871453265431 0.0830548925139653 0.179601539690742 0.0435718225450751
0.154507133735368 0.102668034176177 0.149774123030623 0.155519595217898 0.0663584892931325 0.0542440647773561 0.124338977318809 0.033166557585791 0.072201415688099 0.0872216091767454
0.203733716791033 0.00295913151729299 0.0231902260837388 0.19051755232932 0.0963211073210284 0.064269909903024 0.154021052258867 0.0548577846425928 0.105091374835029 0.105038144318074
0.0648789296155681 0.159269571046021 0.123484596570844 0.185122308882241 0.049258160080086 0.141872279776835 0.112271358074364 0.0738001307142055 0.00550834218462236 0.0845343230552136
0.005489184234127 0.0876860668984161 0.0965585755686885 0.113802738198977 0.0681438865723495 0.0974786245174674 0.168071220547846 0.15831407143534 0.109980036675579 0.0944755953512103
0.118445555653266 0.136361469226124 0.0946083269098374 0.13584354274013 0.113253945368376 0.130567623066696 0.0477057533400279 0.0398780728211871 0.0510985032911502 0.132237207583205
0.0741331585670255 0.172240340018524 0.112218847755391 0.0428977698364117 0.181545632570103 0.0824120463529202 0.00983878971128893 0.123345330265876 0.0779563458591488 0.123411739063312
0.0638111930375409 0.153974188312665 0.0974845115834618 0.115146856544279 0.0981225775468637 0.0242865397958847 0.17940133488293 0.00993263459539043 0.118783489489204 0.139056674211781
0.194182691586161 0.0523284481305187 0.124214040045158 0.0457571769864545 0.113802059333435 0.077686628265135 0.0777889228093501 0.0589131950239894 0.106027492849192 0.149299344970606
0.0212701103351529 0.171593299146072 0.0883152534857018 0.0610340476554809 0.00333623385016068 0.0474850391947223 0.0945858730067489 0.145771044102401 0.196981292348431 0.169627806875129
0.0848843910962156 0.182788690500588 0.129340582537637 0.018729833857694 0.137835061538934 0.0369250481099189 0.119204735243284 0.0082178861613396 0.197795086845286 0.0842786841091026
0.0521611051089743 0.0795727417832548 0.0153055689238964 0.129587760270809 0.124611834702076 0.0813548878251107 0.154701802424349 0.120929296949728 0.0670069752052864 0.174768026806516
0.236178910134754 0.0911899771179705 0.216611151631091 0.103583450835668 0.0809708723387917 0.0934436862882798 0.107424611922587 0.0533042072461667 0.0124352364561088 0.00485789602858279
0.0756267777326203 0.103734381172829 0.00387492141445844 0.0295746699100407 0.201646757703066 0.150249887448359 0.0658371708431308 0.202225830923631 0.00182601690129404 0.165403585950571
0.137142957645467 0.0304254632046274 0.131754234436058 0.14267184484229 0.16300427662444 0.109869293801843 0.0925269193592534 0.0232184734573454 0.0277917059142354 0.141594830714441
0.133191714343104 0.154076282271172 0.0674944827409203 0.00733554222969698 0.16328928731409 0.133679665765151 0.0980818972881865 0.100136276622707 0.136120317468206 0.00659453395676481
0.0246538417361679 0.101984697379354 0.144449582540145 0.148884555501109 0.112516373186495 0.0291309713315857 0.0742582909819175 0.0820364932197885 0.12933772018252 0.152747473940917
0.0871640723353054 0.159467208517573 0.141141108943942 0.190461914539528 0.161481489725112 0.0226226113221161 0.148718368048259 0.036520086924355 0.0180888989369484 0.034334240706861
0.107038116999743 0.191917958891182 0.161483324864136 0.0792620445854902 0.102352276289718 0.0486786766290644 0.18423663277602 0.0120354436514889 0.0582415906891354 0.0547539346240229
0.102919354359028 0.100763724390981 0.0655076227316003 0.199736938307033 0.0386206445562811 0.12157182827437 0.0847756573574142 0.0566345390086885 0.217812193391626 0.0116574976229782
0.19141525965231 0.0938392640754912 0.0184346254467461 0.0194485562537294 0.0505950041143794 0.140305006397723 0.127634758165168 0.11182365327876 0.0751822718289577 0.171321600786735
0.042590666873015 0.170510009068243 0.0455392863030479 0.202874331060064 0.00390686713193123 0.0564806307019673 0.17502785015351 0.0584555200075379 0.125581207062497 0.119033631638186
0.115284736806658 0.125272930175824 0.135843208433261 0.0513403147046731 0.0230614181115704 0.19298253305741 0.109695109912046 0.138940651544041 0.0528046906938752 0.0547744065606404
0.111356881052964 0.0142996894491685 0.175874301584194 0.190626515755848 0.178021332604476 0.0243991568158955 0.126156220273517 0.131493981449603 0.041859033309939 0.00591288770439506
0.130797683314949 0.00664764200036156 0.226882612357337 0.0525927348869761 0.0336219764819135 0.107706111552758 0.201675280217824 0.142267113131733 0.00202742491238394 0.0957814211437632
0.0781506422256015 0.01523541911804 0.0531637451110665 0.189735910372737 0.0755448660127363 0.142085455214614 0.0935480571263504 0.137396248608722 0.048027513770897 0.167112142439235
0.0200787713947346 0.0605512803014107 0.0754400919524727 0.12293039461516 0.109571889847146 0.128746063191142 0.1418625496391 0.1524419481445 0.113691527484026 0.0746854834303094
0.186058885193424 0.0318397176426044 0.161940828064126 0.110205774120698 0.178515132547239 0.0789329227374973 0.0251080076348723 0.188061789398979 0.00461802655717678 0.0347189161033829
0.184761082139541 0.141623261432549 0.0223794351637336 0.157206199303071 0.117639405345706 0.0983771920697699 0.0171192095291302 0.138683065246355 0.0550826675248265 0.0671284822453174
0.133375289798755 0.0903756516574639 0.0902779238294075 0.169538717842569 0.143631545829241 0.0251321739484833 0.131307487368703 0.0613788797752257 0.0380928984726895 0.116889431477461
0.160546060779906 0.151370351916833 0.119308493236685 0.095270820848135 0.0540968878635857 0.0345465330386879 0.133183067398933 0.109927151500194 0.0647305497180415 0.077020083698999
0.181655225769977 0.118394571673264 0.0702758429321061 0.0200144698508148 0.0303719403575532 0.0474300120913897 0.151954001984505 0.0411461565586402 0.0641100615442184 0.274647717237532
0.00246241099149652 0.166797818627529 0.107844422210637 0.0799657471105546 0.177175712425502 0.00129780481930805 0.0281891398008938 0.152246346138857 0.101565525676124 0.182455072199097
0.0796656891465035 0.0845269593470042 0.0150246453043899 0.025467116423129 0.0768277082781892 0.174548076535665 0.124649757870402 0.103885642810044 0.159584768289755 0.155819635994918
0.17113168202354 0.101051967628815 0.162511805832646 0.124038420744535 0.0681031943101356 0.0564599446840145 0.0273277788684823 0.132287833386408 0.0418244980058721 0.115262874515553
0.0884697547450749 0.0667420780913107 0.125556728796951 0.132126811110207 0.158795320141369 0.0814864006995271 0.148253128982582 0.0360761989135757 0.0442550341567406 0.118238544362662
0.0625220579330168 0.120792430343237 0.123760617740882 0.117293833572863 0.0666106146592901 0.102615244757643 0.109529288489553 0.095572677239376 0.123195773082378 0.078107462181761
0.0680147754193338 0.0133367410022708 0.081186022870821 0.102707441596804 0.115748092255124 0.113615866062861 0.0888331453978878 0.146038794041371 0.166610736250861 0.103908385102666
0.0678584561827743 0.0586687314691498 0.130933940199062 0.0710856266497031 0.120636678288311 0.0896151782162931 0.0642969700552732 0.134046440375435 0.132967648257789 0.12989033030621
0.0878249030547188 0.0833870377602355 0.102556550385597 0.126023509585238 0.157868193712196 0.18172440406945 0.0391674341825139 0.0107323199784314 0.136090514969498 0.0746251323021216
0.0777462201598615 0.115045062436897 0.0646399922312051 0.0632809231049412 0.14960009601744 0.188740043028433 0.0529672186278828 0.159855914093032 0.0390260114924185 0.0890985188078893
0.128584521984014 0.129349463639332 0.0962950954109585 0.113400717292913 0.0163365096773251 0.112521057738423 0.0267083415065274 0.0754265992045797 0.144893862754357 0.15648383079157
0.116994813922833 0.0262454132019672 0.1162371846693 0.103621915150026 0.143818972720775 0.0485376030502435 0.0645904426982082 0.154950604391149 0.0399408218670826 0.185062228328416
0.0119235899658173 0.123048010916388 0.00600323924179548 0.0633425203657787 0.151529744623175 0.127030070686056 0.144795816853241 0.106686388608189 0.134546991262572 0.131093627476988
0.125930938339114 0.0931736991227624 0.16745431829573 0.154532165484523 0.041091834668412 0.0914383173038275 0.0849241118359469 0.0523007248613548 0.0511045638016228 0.138049326286707
0.031546014832417 0.0499406797027467 0.0539161720163273 0.16505280381417 0.125961719389561 0.123276726849571 0.0515076297826772 0.0766151397843778 0.175783617981028 0.146399495847125
0.00142518896264979 0.105564706164048 0.079697694968476 0.162564562487218 0.165416361986026 0.107725087277225 0.127023614073846 0.0550053212306928 0.0673565788373424 0.128220884012475
0.0178562839340432 0.171340303904924 0.154511834760442 0.0449229883004555 0.0180800445377747 0.0488661520373202 0.083731397029854 0.111821254623631 0.155667512159551 0.193202228712004
0.111074082192793 0.0715342317763002 0.157187939010773 0.120735373542659 0.0691195855560485 0.125948710783286 0.173733356161806 0.0624215618516177 0.0957991961097853 0.0124459630149299
0.0493441075488208 0.0702228735972277 0.0724087686274074 0.158004850240205 0.0549898421027323 0.104536147473213 0.072577237668934 0.0855857354233421 0.160358690075251 0.171971747242867
0.0625435144191393 0.0679308425832029 0.0271244916090581 0.154696624094989 0.155327917272037 0.0574766672268362 0.0155601558288543 0.230641511953041 0.0336081764913508 0.195090098521491
0.0681433522012642 0.0717316547768489 0.0967278263425959 0.0834581902398717 0.117120859452219 0.113977262269882 0.018033740138861 0.124079932422277 0.171466084628685 0.135261097527496
0.0954349089601627 0.0214648271532089 0.116510491976458 0.156557749544878 0.0792706288102474 0.0113670510945506 0.20768226977902 0.174602124439127 0.0627431276209824 0.0743668206213646
0.16314655308613 0.0238671908903814 0.00947873328584747 0.0556153572973318 0.133458887487484 0.162425003870101 0.0508499219462926 0.181794575738621 0.0923397353463197 0.127024041051491
0.115545280575595 0.160892976723754 0.159599625697729 0.0361970299593954 0.123441571094797 0.00975140303298848 0.110308770000312 0.00241852826606806 0.152167981652001 0.129676832997359
0.0600188083184348 0.0317107641409899 0.139849174285346 0.153948102077196 0.0265706429823845 0.112667079579475 0.0643194854662019 0.131725494444468 0.132992708929227 0.146197739776277
0.12515963243344 0.0462268762102219 0.118946813815925 0.0432371082120485 0.113267731678485 0.0885155456181759 0.102687061602008 0.0761260260748343 0.0968715795871774 0.188961624767684
0.0810170505534875 0.0726168165744225 0.0318310508061907 0.00432024269710588 0.00941253362953838 0.0966922965739449 0.13758124749871 0.13734408822717 0.221593645976744 0.207591027462686
0.0978813663246547 0.0370606316039552 0.187391447219792 0.0290780657197823 0.157695825121531 0.126941731718143 0.0409395429818938 0.200415600459676 0.00492139260690357 0.117674396243669
0.100122133960626 0.149686750584821 0.0259415933957186 0.115236955750553 0.166131835120685 0.149363805843908 0.0941326877968675 0.0611466993684097 0.023807470495324 0.114430067683087
0.0413728843256255 0.0365965395328521 0.176685803896734 0.0749760367042774 0.125721196842015 0.0578403147300524 0.166969870950836 0.141349183032729 0.146764676028346 0.0317234939565335
0.0894228804132836 0.214480576291584 0.156877899683881 0.0276469309673956 0.165913106070753 0.0319710174040013 0.127779592102716 0.0538562765469846 0.0717855176249833 0.0602662028944182
0.126641447144184 0.0407100806471719 0.136565405951241 0.0922880965226194 0.0410792309435193 0.157559515616531 0.076840489713697 0.103714816653191 0.119432979659438 0.105167937148407
0.134089376297949 0.0803573065886847 0.0291003660370369 0.0204479942031596 0.0889664228886229 0.0637755202776166 0.159185405846589 0.156240784440104 0.113176969757908 0.15465985366233
0.053464491980431 0.0725932935607334 0.00874694546613922 0.152041637451413 0.0648623390378087 0.168243600848289 0.171908094495196 0.196666252943294 0.0726471303568221 0.0388262138598732
0.122778700116583 0.0875724567655963 0.110081286071352 0.122098037176011 0.112644008317551 0.132501831244424 0.139521735310304 0.0783024998160807 0.0350620859158466 0.0594373592662505
0.12039769739791 0.0121726781044108 0.129308407109115 0.155651993085035 0.0683140562167404 0.122313458225641 0.00678277156127562 0.195167230064539 0.107659867615997 0.0822318406193364
0.138298443318114 0.013533454134889 0.0283982349632216 0.109415964124808 0.142617318416136 0.0953286332607996 0.143860331293247 0.130694098992896 0.0570284657758139 0.140825055720075
0.171874926575562 0.0270697738467552 0.0954815454845678 0.239545483458348 0.0148061179751637 0.0815515008407919 0.0707719274657723 0.154871378605068 0.0245805129181027 0.119446832829869
0.0404737591649704 0.202723564969725 0.110593234847892 0.184444974239774 0.177237307152684 0.0323642606543499 0.118079186872826 0.110505944924223 0.00345828689646734 0.0201194802770897
0.1174546385647 0.136492164171307 0.0835000317593665 0.0786939928134722 0.0810803266581945 0.0318972354636559 0.135790711425843 0.0894918744896244 0.102213164864081 0.143385859789755
0.209339886012734 0.0401903774015492 0.0241694972372692 0.0699977105203009 0.111876069366534 0.00120614528093378 0.193143100446806 0.162594932745192 0.152488056659525 0.0349942243291564
0.0126748757492487 0.0231767109235771 0.171175888760317 0.0819182696350024 0.152757911775638 0.134462047647944 0.155582395976341 0.139863895149357 0.10634535736515 0.0220426470174245
0.0882697061427253 0.101621653803669 0.0848560613602884 0.029987885459804 0.0923140962560548 0.104625608449906 0.0955469749018222 0.152684556030643 0.0865924020562695 0.163501055538817
0.100990191474645 0.0712311103340657 0.204745490789064 0.129311845331443 0.0187160962786055 0.103667166862848 0.168726019182782 0.0162115554272131 0.18440197153728 0.00199855278205309
0.101152171210361 0.0187806505935132 0.194301589750907 0.0203971661461631 0.0174313597964483 0.0469821152314227 0.0410979464419451 0.248404470042392 0.307720876310012 0.0037316544768358
0.179577519449062 0.13409105550141 0.0216929923279934 0.166666685695691 0.0977213603775039 0.0277538791407614 0.0659658842666267 0.115097956466622 0.0442155588128483 0.147217107961481
0.0704249459263104 0.0357826453847092 0.0433543278685324 0.200272266277152 0.106597440346529 0.166060050034518 0.100282862089638 0.0257354632006278 0.0398557541073274 0.211634244764655
0.142493620911752 0.178990989011103 0.0637130198010568 0.0874163998619823 0.163982997064193 0.0281791600804735 0.00502124255196656 0.104381617784083 0.0766830209659867 0.149137931967403
0.152199540440495 0.0186341264221378 0.0223649302164595 0.169808582929628 0.0872255237612584 0.168163638297104 0.0743719265024513 0.141057064763373 0.0090975644294232 0.157077102237671
0.112671811945679 0.0556864827583889 0.147777505413583 0.0886978468512025 0.101654751219528 0.0807510192257232 0.139911970981119 0.101099352384405 0.122433303051883 0.0493159561684885
0.0614318000061004 0.126445745413658 0.134845703967361 0.109945732475316 0.0449154293282523 0.111419549164682 0.0996290085544808 0.0879744724093273 0.144030716962258 0.0793618417185649
0.03128304544479 0.177528792803144 0.0892785800939138 0.0801077506126495 0.0993184722514282 0.032266256674336 0.12409389137802 0.184488806422103 0.0447189637127632 0.136915440606852
0.0187943718055882 0.108981201138939 0.0386561911457631 0.179576291110948 0.0774267782367436 0.0439067892180806 0.171101319379519 0.1584609056849 0.101772021019197 0.101324131260321
0.137514136671097 0.0682728217580357 0.116195946039428 0.140943024741842 0.106653025986344 0.103281593072319 0.0343110464480969 0.12699952359449 0.105625306171835 0.0602035755165114
0.175270308994047 0.0381149695984762 0.0464739638216133 0.048207355484472 0.135296646767062 0.153623113985178 0.108948412433877 0.11443414116586 0.0460754183220188 0.133555669427396
0.179678686041969 0.0292632739181727 0.0622493197596813 0.120434160354436 0.0955878268681549 0.0638510414809997 0.0436302545879943 0.0928783854500527 0.154274769918818 0.158152281619722
0.102953235245467 0.0243820907344705 0.166396111348098 0.131674895678096 0.125251413338837 0.105036253669892 0.018585489665775 0.0377431281866317 0.165111718329712 0.122865663803021
0.0676693465139553 0.128276675764254 0.0620808764513834 0.0916158480958883 0.129559506199339 0.142409289485627 0.122291544214055 0.147943372648474 0.0633388279348914 0.0448147126921323
0.0654604887968029 0.171552818384112 0.114454092870806 0.100883490060003 0.0169848955396646 0.0999882131712827 0.128769438525732 0.0188237218843404 0.164963551102468 0.118119289664788
0.0239217865996512 0.0781250878864151 0.0896049493929359 0.0487051615374493 0.168433899020825 0.170803979006002 0.0753845524134084 0.146967069378963 0.0536342570739473 0.144419257690403
0.267216171053411 0.0451309562456835 0.0237149043459204 0.0885864790232839 0.105522320722528 0.0181970087663301 0.12982478035526 0.203035685783968 0.0361929734010817 0.0825787203025331
0.0704311932308158 0.156994184537294 0.00748598197407484 0.237072351151616 0.225788798813451 0.0688011846651435 0.0211282997764798 0.00318033386316453 0.044106976987433 0.165010695000528
0.152601018914903 0.0694021762141581 0.1937040994378 0.022115757469601 0.108371901115508 0.147917910684498 0.032198788499224 0.183318763920437 0.005735155032111 0.0846344287117599
0.0699542905751133 0.0964992889492741 0.151866094740324 0.0117181600572334 0.137402856772553 0.100303683640288 0.114680661514105 0.129339459265876 0.137254749804005 0.0509807546812281
0.129865061323307 0.108826444418349 0.123187986731678 0.169946633351853 0.146444360546073 0.0626549499639661 0.0738668711191254 0.0342189251414679 0.0377886689330638 0.113200098471116
0.0110758297728264 0.0088145498513831 0.143012979292909 0.187678327376513 0.183726457998757 0.0321382617753917 0.153875792147599 0.067392051581789 0.158521298851496 0.0537644513513344
0.196320567699785 0.0655080282693958 0.0692571071555895 0.140401771370793 0.0935979837388361 0.0326153735368215 0.00483918839419152 0.146557358162641 0.164088982293392 0.0868136393785549
0.0225196911849243 0.0444232915547055 0.0933221732749234 0.201394428174488 0.200246335209202 0.01331328245863 0.186140446479365 0.0116454276893909 0.161450107849733 0.0655448161246377
0.0267194315274124 0.0380519042298464 0.0806213801658339 0.162174036417938 0.149405386559087 0.0625624327071123 0.148586482207461 0.0854407574629457 0.161101649760176 0.0853365389621874
0.0537829409207095 0.105541191983323 0.132010573887819 0.126030335310525 0.104998779247951 0.0864930834746427 0.0950855677683684 0.122786185299783 0.075119274639116 0.0981520674677627
0.198968845397856 0.103571499365025 0.0786356828922676 0.0826286016709534 0.0392657787979524 0.202359146844848 0.00321070610259457 0.0963417633361371 0.141890567158592 0.053127408433774
0.0185093414043303 0.16679448868306 0.0592563017561579 0.202309959622029 0.00149771751431465 0.111628950767156 0.0523811211018096 0.175846442380853 0.0186803744726773 0.193095302297612
0.0685207446383716 0.145062158910124 0.0245515661022655 0.104865338722341 0.12156900900599 0.0442435635172164 0.113489365905142 0.191571196373626 0.054225407753429 0.131901649071495
0.100672039480571 0.224981497133725 0.0470005857376447 0.0909841810538366 0.046069324999392 0.210090355709645 0.0489315524333924 0.0824994390358621 0.0721496416228365 0.0766213827930948
0.103452894453308 0.18598308105911 0.0100758085049057 0.106599138742979 0.0528855573403334 0.174069322616796 0.190463984470725 0.161014130136918 0.000610231064898923 0.0148458516100253
0.0666298092657848 0.126932175095034 0.183297278852687 0.134851103171101 0.17639522377719 0.00938373308016794 0.130787552862824 0.0136505710150064 0.0881419809389986 0.0699305719412063
0.069390508848084 0.202378467929412 0.0408633126064277 0.18803701048183 0.0832402183924778 0.0556592729844324 0.0732943865848418 0.188962427756447 0.0673577830948085 0.0308166113212385
0.058885151544185 0.0940105580498141 0.0782135456672809 0.169731957492289 0.155329108890079 0.0327361844159326 0.0525652650508915 0.116889915748892 0.074085018491203 0.167553294649433
0.154365971165907 0.0709975844761829 0.151235441921426 0.0478951373528312 0.19089170960767 0.0217879487911164 0.000412692761325196 0.120977830651559 0.108113893268505 0.133321790003479
0.0674935344309739 0.0987340712441506 0.0965618073993566 0.200828231192413 0.0253449816440065 0.112344062825143 0.0526318781287264 0.0445249712541381 0.135349871527209 0.166186590353883
0.106244661601966 0.0651556511589671 0.116520340088885 0.156869796133214 0.0406331825868348 0.109345215007025 0.117855896490105 0.0813747020777264 0.0959573366218275 0.110043218233449
0.114365689523074 0.181077603612635 0.0126543968404773 0.101357696268666 0.0747367973500042 0.187436382236257 0.169809707221546 0.0540920384452292 0.0141976844308731 0.0902720040712375
0.16749274094584 0.0399765613661878 0.128537462495559 0.129909793260145 0.0426618520077113 0.110429966499492 0.227650081525792 0.0340382892552852 0.0350629354572474 0.0842403171867408
0.0212115318234931 0.22199472289875 0.161758875536032 0.031551320625111 0.0942643244050392 0.024219852869892 0.10352190410398 0.19937624477679 0.113743270344482 0.0283579526164312
0.0143040319895268 0.0743510776348634 0.1785228825437 0.14507427955795 0.027963271527723 0.0672403990187813 0.113408154675331 0.084440132918534 0.144932855052465 0.149762915081126
0.052083416979625 0.0497435681791925 0.0441672280646954 0.131598062969741 0.115286736842784 0.124191140369697 0.17311399187303 0.00279127504003013 0.153217367824688 0.153807211856517
0.0505014439032734 0.170777953604619 0.138637705238837 0.141197142139359 0.135228538048016 0.176011880428122 0.0278035143708819 0.00385826909573152 0.0868293721665801 0.0691541810045795
0.120415960567713 0.132995575113143 0.0780664441210779 0.0488507513972569 0.0520781256514236 0.0723904815342971 0.256488597296846 0.00680881688357893 0.0840892705988325 0.147815976835831
0.14517868221491 0.182982759785573 0.0784001917671047 0.118139622570734 0.0741557269251071 0.10042342970018 0.151206440494598 0.0487595814226688 0.0680050928917257 0.0327484722273987
0.159615668068487 0.0645574832428951 0.149291925178766 0.109504657880338 0.0308465172706121 0.0231827872505507 0.0739760122088619 0.066960502799777 0.157825160830806 0.164239285268905
0.0805448979116742 0.00518174865819147 0.0828629283706683 0.00668662454548789 0.0605715695089456 0.19266862134516 0.103893107118709 0.160299313651422 0.296042477341721 0.0112487115480199
0.142870307471845 0.157892427743472 0.0199609975188464 0.0153729903672369 0.0604026423757419 0.13464548341486 0.177956597160085 0.102441214230807 0.138772005138113 0.0496853345789942
0.184250519394192 0.0356865932165049 0.170930351076317 0.0858937479769813 0.109759541380973 0.075579698455005 0.111978754041269 0.00772496654549678 0.11596555699513 0.102230270918132
0.0411616122355803 0.0178628784946302 0.124654583594709 0.194526373869864 0.188709201377235 0.131286893335607 0.0114729496744359 0.0095915901965451 0.0739109935337064 0.206822923687686
0.0606974920631928 0.0475166784097591 0.129022222126655 0.0830436222900633 0.0972925240399569 0.0443113062879667 0.102497915557741 0.156381345463438 0.163941333172504 0.115295560588723
0.152857789620269 0.116251183110801 0.0404783859762236 0.151626823169409 0.00180536728182207 0.0523011892409441 0.133387953690595 0.0263083714279284 0.196865117285982 0.128117819196025
0.127559190970705 0.000249388062885922 0.131727361587454 0.144550720422723 0.154491062354315 0.149986085408328 0.0315521825116677 0.109633098077011 0.126553427814175 0.0236974827907356
0.11561238763004 0.137322853914999 0.0418619604143411 0.135617950350809 0.095803005611439 0.111555187069063 0.0996234233437018 0.124113687557557 0.113389326404369 0.0251002177036804
0.156523598245329 0.0864992410777176 0.0831054896293805 0.163415154364397 0.0638033492419761 0.136476620505948 0.0663952132168037 0.118358022408515 0.0584750089251337 0.0669483023847992
0.159815203485153 0.0423305768672592 0.018755928714778 0.0330542538613433 0.165714623488442 0.0858961927099355 0.0781564529467419 0.209277572146117 0.0987884209700199 0.10821077481021
0.114138810274793 0.106458956449469 0.0275565152957499 0.143440262892525 0.0930134035366453 0.0444588595670311 0.112969060377526 0.0891806961992478 0.14767234923607 0.121111086170943
0.0588600426497631 0.151538979018939 0.104909215823967 0.175564427064798 0.203406793779622 0.0463128640818998 0.111800640741948 0.0183248136816519 0.0454738498408252 0.083808373316586
0.0676692538904595 0.0897943785450459 0.117345917054622 0.171222416977801 0.043435066622046 0.128811052051388 0.175500112376706 0.113843702243931 0.0696002702459723 0.0227778299920285
0.139412309866462 0.124767981562807 0.12242303849508 0.158916757545276 0.0614809109132032 0.00796680515852462 0.163269465085717 0.080966584632268 0.0336966169020979 0.107099529838564
0.0195383607593844 0.0517982401949858 0.0823733472960426 0.191413647628613 1.33951714416348e-05 0.145561189151179 0.100222499557723 0.0820437709928007 0.128415510008581 0.198620039239249
0.00516180197171523 0.250458831328124 0.144044617348508 0.0274227755032133 0.217865110836063 0.0432109952379806 0.0514104888777749 0.0422125766229336 0.21639039834269 0.00182240393099709
0.0354774088904794 0.145658828664041 0.038867996548168 0.165107088909516 0.079495662818976 0.185570492109659 0.169616223119026 0.073495486327818 0.0508264823364615 0.0558843302758556
0.0802959849487818 0.0569808001270098 0.0899601414505213 0.0924444141593639 0.146983516836338 0.0855801652740238 0.0381439022446798 0.175896379467038 0.181599213923493 0.0521154815687511
0.0711262361903192 0.145765824785506 0.118067119576875 0.0555930082935813 0.203855875361755 0.0280594696933625 0.0449621233209334 0.103332834861931 0.123434505950759 0.105803001964977
0.163833088055292 0.0160915160725584 0.0442364365310284 0.126908869344511 0.0939147219993061 0.149404387795605 0.0731848085631449 0.133985413381526 0.0275787515513587 0.170862006705669
0.0575785585065713 0.170079654173327 0.00133451503402782 0.0158601365226896 0.202186320015904 0.0148610215287485 0.152055260869284 0.0228573013320886 0.154236913026789 0.208950318990571
0.0874278470944958 0.139768762748982 0.0556457738173238 0.204022743432713 0.097600597377853 0.106622992331755 0.00156557962555048 0.17840186694325 0.0880226958397911 0.0409211407882855
0.0240916310752153 0.120554291905172 0.169344207901048 0.0984251744156115 0.114913919419801 0.0914216156153862 0.17872221350705 0.039698995539418 0.0818037582608256 0.0810241923604723
0.14189131441683 0.247237985343003 0.057024844528015 0.0783678766220443 0.114521633557179 0.182920999981084 0.0787810718297504 0.00229527400860806 0.0162471294729428 0.0807118702405438
0.114242551085015 0.136608854177279 0.129656620066526 0.0646692366501545 0.063759852364953 0.132002813567624 0.0764502288316334 0.0648016378918049 0.0811025460914512 0.136705659273559
0.0940758187196748 0.14839954161105 0.0226879799786375 0.109418028752841 0.160669330250409 0.0979960325241919 0.110430369668714 0.0622862722037985 0.071886742662117 0.122149883628566
0.062003915775468 0.11326381121392 0.0146528520241922 0.122456680480423 0.146976568200404 0.135907616184022 0.135898097893524 0.0719630885937966 0.133208168064587 0.0636692015696644
0.0797272325029391 0.0676160492299611 0.132714325804944 0.0194445086522764 0.0932083812049069 0.129111547545937 0.0990992006245719 0.14441680321236 0.122652477081425 0.112009474140679
0.0666259957071902 0.148841632437094 0.0667616252627169 0.0710687070813982 0.0855502144264165 0.110123903245674 0.125032640747937 0.155839940762199 0.071985636783712 0.098169703545661
0.018895396963303 0.0527711308955058 0.0140758963264939 0.0628697847215218 0.0599962798030843 0.0502588651067246 0.0809753748002959 0.117988227002067 0.256416434616825 0.285752609764179
0.0583276778189268 0.0852749870903149 0.0745014887832133 0.170535648496589 0.110051015971014 0.0602772984461297 0.0629293638345533 0.147784676526851 0.0676358885268712 0.162681954505537
0.0237555956288212 0.00490852667859936 0.0451009271100517 0.156705461985856 0.0683913833117872 0.152655076380928 0.110811999532285 0.132980574101866 0.157590768428394 0.147099686841411
0.125997879956413 0.0586169270016721 0.178163416080733 0.148675474945248 0.12772162532737 0.0118193144142685 0.160171237560191 0.0558518747905691 0.115375181852897 0.0176070680706378
0.0359299036934666 0.0933204255320125 0.106614255808113 0.130402684000871 0.0939551921578876 0.0905491985161582 0.109717470371195 0.108128455776533 0.113828113148398 0.117554300995365
0.0247933777883841 0.000304294378322829 0.143308138762364 0.0757277350299844 0.0758089519847867 0.211176438795915 0.0167967593399339 0.201325371862077 0.0956226787423477 0.155136253315884
0.0884653329087916 0.0283433505198759 0.275887386055901 0.047323085631509 0.00983253658629244 0.0710959640910387 0.0243882286215144 0.274233909601633 0.0749593316645295 0.105470874318915
0.070376512994544 0.0380431919490204 0.164856467494909 0.0016907801945911 0.186679732116593 0.158551886637336 0.0518164718795636 0.163364327884335 0.146234217063864 0.0183864117852439
0.193666675018982 0.201511918447121 0.0668749652158961 0.042145421413074 0.115758578380529 0.0370721107716081 0.0460234000634441 0.155929780499815 0.0885374512541531 0.0524796989353777
0.144468604102352 0.137427807238945 0.115232059488114 0.123482206339728 0.139470131950425 0.212760338267307 0.0263465088923152 0.000493535991244144 0.0870859246339898 0.0132328830955802
0.187467922944811 0.0607821860626421 0.0223709603665456 0.0349882080463925 0.0851918515569263 0.0640867803465197 0.183308639900219 0.13339039992546 0.143441509178975 0.0849715416715085
0.131984024216172 0.0212144673509729 0.09255847005028 0.0863310338085956 0.161501397696858 0.166090917192158 0.119460037425341 0.0337964987039975 0.126977515534939 0.0600856380206862
0.166213966460883 0.165760475285488 0.147340436197196 0.0534714315559243 0.180258889989891 0.000466722911019654 0.0596596103694885 0.0688462575180685 0.1154610300818 0.0425211796302412
0.19908277135135 0.0336751927599739 0.205216658861392 0.00882768528980011 0.160170305896359 0.0237159388294493 0.00670693624834447 0.133832836096052 0.193063552289984 0.035708122377295
0.115534422962709 0.193023168545777 0.0310098625947898 0.10427997844475 0.137480436329168 0.139000209300532 0.00149774233067947 0.0237942335632799 0.0440454733587248 0.21033447256959
0.0615879052475578 0.15922410846628 0.172535710060369 0.00566169994676441 0.161145028172786 0.0885943414331182 0.0939653024511997 0.048367205830745 0.0403026532569913 0.168616045134188
0.158756349159733 0.0664922291296235 0.0950332827359091 0.0430364614454671 0.0901774660042766 0.144557851352244 0.136663957451032 0.140129037892363 0.0680998663154546 0.0570534985138976
0.0410946814237445 0.245995996516458 0.149909008827101 0.100819850787025 0.102383165008835 0.145949940989675 0.0621937079879382 0.0351926274929795 0.0373370911353947 0.0791239298308484
0.111231849289942 0.134210821462571 0.0852485133752021 0.10587017315624 0.11959114345124 0.115708839208966 0.098730478828395 0.0052916076130258 0.0767583127511597 0.147358260863258
0.239495511376832 0.0353254586039458 0.0583460887425673 0.0274467285213832 0.00690736917737904 0.101206396058666 0.0407138374543132 0.202782141544934 0.174894443349438 0.112882025170541
0.140724883316831 0.112554484167229 0.0959821425791258 0.0335218107738811 0.0914888645663303 0.00353054123284843 0.109835666365991 0.150342959825786 0.1083209337715 0.153697713400478
0.124773642953326 0.157000570351178 0.115787254268642 0.0453329580166689 0.163357963570253 0.133146985229509 0.0134994713480216 0.139903269292164 0.0498170476002666 0.0573808373699714
0.112740475901686 0.156558737014541 0.0405372085263467 0.213689924212276 0.0785649279864662 0.125738103843047 0.0661866183189906 0.0344421415167201 0.149088561434637 0.0224533012452895
0.166239140072865 0.00704708133402835 0.0633341003631086 0.121760554501323 0.0887773560798016 0.0519677736299511 0.164354130531496 0.156974273251479 0.176095361009913 0.00345022922603417
0.155286481493481 0.0951188760562428 0.0703784040019321 0.00730711715598797 0.128380093907255 0.151491569147312 0.108513107933704 0.107399836727853 0.0137999650130076 0.162324548563225
0.0391108332348322 0.104859713414626 0.0580437448456453 0.0188624302461771 0.248747185309824 0.256357547372349 0.21823709518072 0.00904424875119204 0.00712879097744851 0.0396084106671861
0.126769174555597 0.11625851309474 0.0349072887929752 0.0257863051412326 0.200633706006818 0.117732370213842 0.00327855900759402 0.0164866309821877 0.263619709026316 0.0945277431786967
0.0201911041309995 0.0507652074702796 0.105145764002806 0.185215003043468 0.139536443620734 0.14279450619919 0.0322315435714339 0.16022955915672 0.0377787025943194 0.126112166210048
0.19204900347087 0.0355939888797316 0.0512463860329052 0.172278810255523 0.0944125701456111 0.172080405540489 0.0405033189607711 0.00365927622462167 0.0359829371389595 0.202193303350518
0.0502815555989255 0.152380212985361 0.0964262477023462 0.117985744038507 0.115686691082694 0.0698835655653893 0.155759893279905 0.126665122874344 0.0817169029023679 0.0332140639701596
0.0849201865021779 0.134564797360483 0.105158525550753 0.0170809719542585 0.0426074609912021 0.0622813951668269 0.109552717000205 0.160680334723511 0.171102778330886 0.112050832419696
0.133904071454657 0.0344361792832361 0.00292576232586542 0.0916569068240273 0.0630009692383514 0.150602695530375 0.110985735547895 0.0842896220590759 0.153305473404119 0.174892584332396
0.00995657049445684 0.0678437042768649 0.126588753898665 0.0989916883226791 0.184557990109429 0.0153539458007334 0.193160386041132 0.240639526680317 0.0432396393002356 0.0196677950754867
0.0836369021730985 0.0961319385479114 0.179454078717832 0.051604792681297 0.0989981563492876 0.0671054412552162 0.0785101350418278 0.112546674267208 0.134406596720759 0.0976052842455617
0.11984264668944 0.00657799048873388 0.160724260032755 0.147868348296961 0.162164984273866 0.154042448123978 0.0800184579197421 0.0243588238730153 0.0561918813867995 0.0882101589147084
0.0118180356268673 0.111267536793273 0.0136684318662224 0.082153854905213 0.0376485187945926 0.169495994362046 0.165032254477041 0.0900379968478122 0.160953287416578 0.157924088910354
0.0429719888891384 0.108893706714852 0.0160109359467441 0.244915873164922 0.0755388601210577 0.136760053463957 0.0681595923706253 0.0789417866835161 0.0502003129756888 0.177606889669499
0.100021148168792 0.0931175027854126 0.177000239436273 0.0221198047445482 0.077037899849093 0.0665803791014801 0.115854674598093 0.114690420185457 0.0848178993138369 0.148760031817014
0.0858264156405934 0.150248483422713 0.165110690206058 0.0918656537738781 0.143913496392875 0.0689405977719976 0.0207704393094773 0.0948256943317526 0.174883714685301 0.00361481446535403
0.206253349604096 0.103242530817014 0.0381789266620104 0.0734887973546233 0.0664749046380502 0.129616106459554 0.015837211922596 0.180249754033646 0.149294160316181 0.0373642581922286
0.15959752984516 0.0406594156684574 0.174433273337623 0.0605311628875281 0.112716481207453 0.0632243004973539 0.0108336369416078 0.133273830459525 0.0850040041345898 0.159726365020702
0.0703184148257185 0.103390406232233 0.0202103097796746 0.119903212416446 0.119292959625132 0.0157189900062731 0.13689119870828 0.0680333857579609 0.160958946999415 0.185282175648868
0.0786751972888383 0.160814471731932 0.0765554535929557 0.0840988740692866 0.160974706327622 0.0689869788673651 0.0476589917469857 0.138933189777349 0.0974810565718436 0.0858210800258211
0.100053798550828 0.0655268746678523 0.129769957233342 0.122358507057674 0.0574418517347128 0.134247314036329 0.1348824791769 0.135370254614384 0.0999918459328766 0.0203571169950993
0.107486436225374 0.00239855446784222 0.0563172688440833 0.217377212340969 0.0549454402432155 0.137075236987866 0.0488889955654006 0.102880684434984 0.128372559003739 0.144257611886526
0.0507082767104825 0.00656606474954965 0.199409763608154 0.0380778940002836 0.00561065475925603 0.170646730812239 0.11486705279452 0.0655578879198451 0.15435363428541 0.19420204036026
0.152913644151366 0.0287891049714563 0.154316927949135 0.120352329216691 0.151037110879486 0.0227861873586056 0.0589976084211316 0.187421842481647 0.014092870942042 0.10929237362844
0.022293098597846 0.0315573888043017 0.214143370571246 0.041883551996352 0.0841509459631535 0.168389574687271 0.0657457802227461 0.10580984779304 0.116481616999272 0.149544824364771
0.0488872002176042 0.0647097102081288 0.165434841054963 0.163390710049365 0.136317166100464 0.0360637593747877 0.127488932427323 0.115410669731478 0.0919066197857694 0.0503903910501175
0.129712844765303 0.137494198179173 0.129422582622106 0.0613964431290892 0.00888620577214295 0.0702527180725148 0.113390368404812 0.0729333975157322 0.148658831244299 0.127852410294829
0.104896707197528 0.200790411239492 0.0556875768671846 0.126569044833188 0.079048606333629 0.0108545431257379 0.137753131877424 0.0984885372481784 0.116030822530305 0.0698806187473333
0.0736678942240566 0.113109946078455 0.0755442155905599 0.0137585949765309 0.140420342838619 0.118821851308321 0.0143637240047425 0.107306139763876 0.121163227400334 0.221844063814505
0.114616959019129 0.118024389892261 0.0291000220686355 0.0868392131904172 0.120172380802931 0.128131000346353 0.102580681578433 0.119224417695912 0.123854717005516 0.0574562184004117
0.096452362317022 0.140974032115356 0.110897942486461 0.110342026512886 0.0418627234073014 0.124510315971918 0.090700773543603 0.122906079614025 0.0941645427441789 0.0671892012872491
0.128483318305215 0.0267696654251894 0.019760181099882 0.110066701183632 0.159943666582291 0.0927774288768557 0.0239723882587505 0.161169759626481 0.138001133560909 0.139055757080796
0.0677390031680425 0.0733286491248785 0.15179100622391 0.0804302273966624 0.042018022760709 0.186746435918278 0.118919839456692 0.151892088320331 0.0144527243777344 0.112682003252763
0.0585712992482567 0.0534965843055307 0.135697269766089 0.0393717260479203 0.150088163412951 0.205559527828565 0.00576173158896779 0.21681461381249 0.0592850257664355 0.0753540582227951
0.0994207989168929 0.143334857367659 0.0751290177628807 0.0375595493427174 0.114544072882657 0.0713848371325465 0.0562403042299307 0.14170133154234 0.140719424539723 0.119965806282652
0.108805447049452 0.155936960854362 0.0526935734698664 0.0923911006554139 0.145695029885978 0.0816885257512455 0.137577047224055 0.028601755572264 0.0445727162004691 0.152037843336894
0.135474989370087 0.0239110347504714 0.105610589351853 0.137277890695336 0.0279453388498042 0.181540237096077 0.109542493873778 0.113225738731452 0.0267158921002675 0.138755795180873
0.073163531341694 0.125852028721853 0.0598670416582888 0.116562799702596 0.0563411342376757 0.179231237586577 0.137078774177695 0.114494911537035 0.118583600350026 0.0188249406865602
0.0539910928857572 0.165540153434654 0.0550764703282202 0.117756260278435 0.0816863245021507 0.124023544039247 0.13665072582286 0.114974246960661 0.0445988794654724 0.105702302282543
0.181576406429023 0.0111891799907582 0.150414395926758 0.0407650165792348 0.148322999477204 0.178689672214594 0.0312498297595698 0.1030507982465 0.116383541878948 0.0383581594974091
0.0881651941186164 0.147176102470462 0.121342826293615 0.0820158670935313 0.0474413251098339 0.143560881990468 0.0365565891889263 0.10250977768816 0.22165614813645 0.00957528790993654
0.0807126266670293 0.104195826119217 0.114966742766296 0.160206964328436 0.0270909672464644 0.102146074243756 0.158223613514979 0.157512719617355 0.0861438781961684 0.00880058730029935
