0.00837634328993898 0.287855793023225 0.17900310970477 0.19409104777957 0.0639556886852159 0.0139096003078123 0.187163751294076 0.0656446659153926
0.00207535381301073 0.082085368161116 0.125105917952534 0.186968936275918 0.12970249744003 0.12580857813062 0.202473237485973 0.145780110740798
0.0352338878540286 0.109244382242435 0.115110792232463 0.166075392657872 0.0662979062530641 0.215555906766779 0.0595448393424906 0.232936892650868
0.155335142277267 0.0963834040391223 0.091098621241803 0.0750263581474938 0.204028051094162 0.116769100936519 0.180757073324824 0.0806022489388087
0.161185149549652 0.136775097203708 0.18007943930622 0.176372587522569 0.0695933571070253 0.0634343226104888 0.0363191632637458 0.176240883436592
0.197472375914134 0.229244018685382 0.0503765641853736 0.0551441730368751 0.159981563188956 0.0565899352025605 0.102192397423317 0.148998972363401
0.126136111146829 0.136940038749002 0.233855520893036 0.0610767927488677 0.143661584362028 0.0133875971821831 0.254856626845581 0.0300857280724717
0.190482644738931 0.0458079545776123 0.235690241957283 0.0229036550609485 0.261064318614018 0.0334699830547575 0.130215934549249 0.0803652674472009
0.0791632235226353 0.136965124817698 0.0288030101707752 0.125094580813259 0.145961646727183 0.160398198061129 0.174047066370488 0.149567149516834
0.106911641891326 0.0167901877443129 0.0133391940225152 0.232798390376929 0.0853861673321527 0.191891233628374 0.201044038641873 0.151839146362517
0.0946685101083804 0.196100203601372 0.208205387953449 0.110074129407759 0.00591652509840518 0.202321177330963 0.00265987229885033 0.180054194200821
0.067454034154291 0.245010280846241 0.158126682862079 0.239634194824782 0.0819890284520916 0.00727750959509096 0.158420146088105 0.0420881231773206
0.218654329253994 0.235823113474699 0.14664732978691 0.0474481570396611 0.00223738632467735 0.240738565763485 0.0702679263048973 0.0381831920516756
0.0433958613507968 0.116214678027922 0.232600907380585 0.115279676485671 0.0143589708198229 0.190548980321084 0.170100741093307 0.117500184520812
0.0704469972859861 0.102673764529517 0.172454529820917 0.201126542399056 0.130717290603002 0.0819062836729701 0.0427903634034368 0.197884228285114
0.127598599597128 0.0706097685783293 0.0359938149122846 0.00685915466173626 0.0936053037474005 0.23240993732357 0.202140713986001 0.230782707193549
0.178904626969024 0.142161014517711 0.0771653581418186 0.114822174580237 0.149344392217049 0.00841586104832409 0.212723631125541 0.116462941400296
0.200394886516245 0.063682926896262 0.171711953172057 0.188409366270642 0.1283260087928 0.109107403237047 0.0254923778117812 0.112875077303167
0.157519773292348 0.0700398640911369 0.236270122810435 0.0486465396738428 0.0363940525731806 0.257046615974144 0.128462018119336 0.0656210134655777
0.0137928084232611 0.0364373726811461 0.0248006202691331 0.0989047862399484 0.155213950733868 0.210485917348585 0.200296239634268 0.26006830466979
0.273925326350849 0.116141656548105 0.157894766203414 0.0282786189284536 0.137504716495213 0.170281015754791 0.0800424565017073 0.0359314432174684
0.122293674068545 0.147598539844176 0.000463962562732732 0.163266727276733 0.0922086208004709 0.146557507986266 0.158589193737887 0.169021773723189
0.0305587810685145 0.279529590980481 0.0662519494822292 0.0259283489983947 0.0269749543772138 0.0743006038707415 0.234208343389524 0.262247427832902
0.103448163976147 0.0431147781971211 0.079498621826387 0.230774880614429 0.216248322415886 0.00129957820857902 0.232364691515968 0.0932509632454832
0.16249048263104 0.0458842969526578 0.131752470370339 0.202845550176443 0.0206178497713959 0.145139040873433 0.153880436199815 0.137389873024877
0.152780974408832 0.1505826514426 0.0152268475537529 0.148826720044623 0.132987236851956 0.177664279666725 0.173588190494083 0.0483430995374274
0.157881960929182 0.144744505036097 0.19317954225982 0.124503527523883 0.121898965906284 0.0567737969599878 0.088974933082761 0.112042768301985
0.030140380810082 0.213561160492493 0.0504041904813775 0.0517864577040256 0.195142831261466 0.25476763812844 0.0582643471098921 0.145932994012224
0.0683839316500225 0.122368929353977 0.103501584872757 0.0397448667489049 0.213943484779412 0.181813856346324 0.130891203407844 0.139352142840758
0.161503865822479 0.138458180673171 0.161663962182926 0.118980672982282 0.166032357206941 0.0505549345435488 0.00592030363747869 0.196885722951174
0.0325498783799195 0.277453252742151 0.0267798373665067 0.0893042326882202 0.225482184977614 0.273975457673507 0.00133298143174392 0.0731221747403372
0.0914128114640387 0.0880153801496907 0.19465401337166 0.184391988822338 0.104617595878872 0.0277132297674773 0.133724966012732 0.175470014533191
0.175999128867493 0.0229017926208183 0.0342252618728891 0.090755950472316 0.214240918254998 0.191179400924707 0.241512032182478 0.0291855148043005
0.196580518660695 0.0828578953434366 0.183056555783743 0.0261916503895142 0.133309603485612 0.114005111478947 0.196842391218318 0.0671562736397349
0.121826854565826 0.0122793331241008 0.18038781912773 0.160265557752995 0.182206136614639 0.219090313390285 0.102700050337361 0.021243935087063
0.167672712542996 0.0344340364906502 0.126415780568044 0.0947090827938227 0.191499474514743 0.0930012774659942 0.177852608444006 0.114415027179744
0.0401833873007871 0.0794669832247121 0.160265053505702 0.237869949099305 0.0936202831417581 0.000958069705543406 0.146513741665542 0.241122532356651
0.0732763809454386 0.0583579756565837 0.0796524626488967 0.163551393052463 0.228424940737012 0.168268548045154 0.202329517565978 0.0261387813484749
0.0733316290665201 0.176230418914102 0.123199600822809 0.112901047071158 0.206899220670285 0.0648817250178113 0.140904118745047 0.101652239692266
0.149578655315263 0.155850868033871 0.0187767137071559 0.0931447911634757 0.214915792957172 0.109013260864594 0.0812350996693751 0.177484818289093
0.180414639488283 0.0434051035772935 0.163057808815543 0.0906797084918794 0.0315943743051493 0.171335437335793 0.226830223200702 0.0926827047853564
0.239535691470405 0.285281433816255 0.027390185615138 0.142890939696724 0.0280002066511789 0.138517525437197 0.104600077962752 0.0337839393503497
0.031861312796726 0.0936209736681722 0.205188291978344 0.208909140207302 0.12976284628796 0.0302960577489113 0.171840547270357 0.128520830042228
0.0851208370722047 0.10637720649247 0.151946697764389 0.15807390907192 0.157721238099098 0.110945813157332 0.063932435369959 0.165881862972628
0.111942582521787 0.223252813205806 0.0864831038105727 0.109759779260627 0.010120953287679 0.179066757002492 0.041272407466402 0.238101603444635
0.0351787037760631 0.0456265681747047 0.0220780716643011 0.261944302335693 0.191364840007944 0.0306787707344998 0.232295738604824 0.180833004701971
0.13678732837454 0.127766554139524 0.122891077030242 0.210903272664114 0.122385820555884 0.0958496236832738 0.169275625956882 0.0141406975955416
0.062210111005985 0.17420109064189 0.183496641711693 0.217169929798136 0.0773842689234648 0.161778485540791 0.108221577382095 0.0155378949959445
0.0985862394152396 0.0311740565900807 0.129202032556714 0.0802289535816142 0.144373818058455 0.236934633767036 0.221523404110199 0.057976861920662
0.105877982073206 0.0973694523867261 0.211206019067524 0.139917611459174 0.0473509435931318 0.155760825986214 0.0869189476125506 0.155598217821472
0.00573229745641707 0.0350440386290734 0.306111554075594 0.0643611381727705 0.0189057987503726 0.298305181165523 0.162058869335502 0.109481122414747
0.123493605547826 0.207726235397587 0.22802320188685 0.0670139999776489 0.100036372031197 0.203258650202281 0.0573060982563894 0.0131418367002206
0.104017083533907 0.0191060619763973 0.0529365025088991 0.197482108227065 0.133973217199867 0.100847143990372 0.167489045977996 0.224148836585496
0.164857606883539 0.104430843468535 0.0363803352730814 0.103846636453266 0.138943639728964 0.0906932141029688 0.234918605113431 0.125929118976214
0.112663560515113 0.0758038381409653 0.0596663665881975 0.0494377111694253 0.242674872177605 0.260593189677654 0.0477641680919044 0.151396293639135
0.252454830713819 0.137806849005818 0.0520551665422686 0.247815665596498 0.0509192409594072 0.0043038259642316 0.0626785144648365 0.19196590675312
0.0128578498671073 0.134267781469797 0.119570082697615 0.073854249743576 0.181860546404205 0.27842627538123 0.153126586175146 0.0460366282613223
0.208576337131978 0.0994575875668944 0.0385988866121674 0.112441052099601 0.162233554031511 0.186204632211675 0.184464058007702 0.00802389233847155
0.0060102456750521 0.152006663062489 0.125230656249023 0.163895030983582 0.161240377375668 0.172879169004264 0.0569189924550936 0.161818865194828
0.175371411501917 0.213996750754624 0.0258861050714053 0.16278856120582 0.0526555043292904 0.0638477836882845 0.262412037735213 0.0430418457134457
0.0509697564986182 0.0751567365923106 0.204048670208179 0.129670946715868 0.124236227141783 0.130311196100069 0.134082068096704 0.151524398646468
0.167747268782021 0.161235895601199 0.0706201354624084 0.171250230776171 0.149164610651995 0.0528130363335003 0.0941807531538486 0.132988069238856
0.254124345424139 0.228222523832682 0.133807794427825 0.0213075220638785 0.00437950768470799 0.112106333309284 0.0739434809576261 0.172108492299858
0.170156567326963 0.0889602708197079 0.109713325524798 0.140430531683238 0.0268077745571154 0.120036030123992 0.175128467362337 0.168767032601849
0.215096998456746 0.0547029870618997 0.0444107591158453 0.119922463365408 0.15180159410484 0.106098089902655 0.187987581604944 0.119979526387662
0.147900016413646 0.139025471263785 0.136144964807267 0.169634155882423 0.0425292270523022 0.080353340543279 0.161023437916694 0.123389386120604
0.133033025413577 0.128715715660061 0.00767711822345787 0.163739693604014 0.155609672737573 0.157868706040763 0.146258296861105 0.10709777145945
0.125419264881249 0.201061589140309 0.223523031746741 0.0689972380673485 0.0411658795095285 0.14989044937132 0.114269934237219 0.0756726130462847
0.156353241430506 0.0910203105685414 0.174685090202673 0.0935589227765997 0.180801557389109 0.154440727588155 0.132441000850333 0.0166991491940831
0.117205518151343 0.120829771160609 0.172900526795486 0.121242544776266 0.107833645988239 0.19943700428562 0.0578853863883284 0.102665602454108
0.00190200798197114 0.126485461640408 0.241113846354959 0.0989726329954043 0.138825568784068 0.202815957902688 0.0807204831564337 0.109164041184067
0.150318887014327 0.172368401062447 0.134722582221524 0.0414872376642383 0.0238945835055572 0.0905383223238602 0.193269805432546 0.1934001807755
0.201316378072042 0.0150027413914669 0.12557083421752 0.0550533553560849 0.178161503576568 0.120069301270845 0.243746497464722 0.0610793886507512
0.10772445969095 0.132585418312996 0.23086909871107 0.123933941412727 0.123832887099346 0.0573714458136791 0.0566307154003829 0.167052033558849
0.162003063263406 0.263454258599972 0.0716624396333937 0.109272324624676 0.111381873219197 0.251195735766058 0.0294185328154895 0.0016117720778063
0.102515686616938 0.0688277686662607 0.147167976692726 0.00617187945780783 0.180400282883551 0.115947804378049 0.176134233426388 0.202834367878279
0.0357130202208901 0.0468646057625087 0.124181178786979 0.229830684273801 0.193566238136784 0.220352210064014 0.0706150567549053 0.0788770060001184
0.227667347049356 0.179773924227988 0.220806737447861 0.00755761481040593 0.234520054446927 0.000900632317805273 0.119703510805052 0.00907017889460417
0.0327668212759922 0.167270264814504 0.0721429961066096 0.143083148953764 0.0816910896995331 0.163957908620862 0.151024783683111 0.188062986845623
0.0699869843354175 0.110404818160049 0.0274265307730548 0.253969437151422 0.0943845495708264 0.0997209514655882 0.0289032224611863 0.315203506082456
0.0359669118567856 0.225998757463011 0.234613970393715 0.0185259572911288 0.0523038705556302 0.0915812853618371 0.144636455021941 0.196372792055951
0.000412485807069647 0.0488206429097551 0.0141906873053528 0.0754648271387929 0.196648273034633 0.261648919909664 0.168752294928279 0.234061868966453
0.0926425318824305 0.182188160859847 0.0776309782267491 0.0739462775818182 0.0899531721040392 0.151358265736658 0.113263178916983 0.219017434691475
0.028416721015762 0.129252982310443 0.0940290718828674 0.179573820077745 0.174554677184441 0.122833499895742 0.167505846847982 0.103833380785018
0.0927990580685742 0.0112648807912687 0.0951266218306598 0.254857449984776 0.0205109585537457 0.0896050812547731 0.314881631577753 0.12095431793845
0.194586602350442 0.189163035436856 0.122904978840128 0.0551880971065806 0.0439533908019333 0.0465331427169623 0.170372296225453 0.177298456521645
0.120138598589492 0.133591616457076 0.193621684493419 0.173449575706522 0.084114480337176 0.0769721348655595 0.175872540641538 0.0422393689092174
0.248824664444924 0.181976450551522 0.0413216167076045 0.161338470118217 0.163169537043695 0.0833818650566281 0.119788135119651 0.000199260957759148
0.126255228297736 0.120890608796547 0.0146420182100318 0.174131384134667 0.172397569230236 0.0808222513759226 0.146656122972123 0.164204816982737
0.0736306076207419 0.00864911794183616 0.15795534536233 0.153364426645664 0.0552919735636192 0.193779802259411 0.242459503383488 0.11486922322291
0.143895501500668 0.0426126164925818 0.29354139970706 0.135057297484231 0.217737432003546 0.0276591286644009 0.127075046459778 0.0124215776877348
0.184042539739406 0.208172422332391 0.144639335924794 0.092579767914785 0.0417624192444006 0.0374941227675441 0.163594836845705 0.127714555230974
0.0629793342016208 0.0146236201200694 0.186045746287339 0.145033420983996 0.111961817566484 0.220265332148276 0.223302328381653 0.0357884003105624
0.015144862246972 0.0835668424087566 0.0612463333189155 0.0294400403681286 0.215817235560181 0.0854772339405275 0.215774645849328 0.293532806307191
0.0543206057368066 0.13323592817938 0.125988618858605 0.120640572506938 0.161683533935773 0.0459188738797692 0.0210871630634094 0.337124703839319
0.218166157013749 0.0977019260608381 0.0616340440410706 0.141099428363875 0.226520652472326 0.0464847279776511 0.0332629475659121 0.175130116504578
0.123088565994108 0.0245415814950914 0.220861281029483 0.085271416648779 0.100764715445391 0.126415163108467 0.144451621463153 0.174605654815528
0.178190228799695 0.156199593816897 0.0218906643079538 0.034676877248683 0.221572844685327 0.0292927063536254 0.183212344329167 0.174964740458651
0.197468538213012 0.198227692320317 0.166608062373335 0.100891097932592 0.0730640092399384 0.016900439121005 0.133780173135465 0.113059987664336
0.197503279191134 0.0890488930226537 0.159848064092851 0.0277109894006936 0.241207341532415 0.142387131903485 0.00682538672037404 0.135468914136394
0.0581455347174655 0.149627947058083 0.0892219026395058 0.184585526016542 0.127584549570819 0.125866944776229 0.194844331085005 0.07012326413635
0.171831373081997 0.118410689994236 0.217322421648803 0.10331394430311 0.102654975773478 0.0757467795981936 0.16067111150561 0.0500487040945714
0.150568931823597 0.0179095366459758 0.201446688391753 0.133929403518708 0.199516201862909 0.00340388560658697 0.150990072770717 0.142235279379754
0.175394991017063 0.0108447262108675 0.132699581433998 0.190677916530324 0.117447864964773 0.191126776377063 0.0868772192564595 0.094930924209452
0.151937525695519 0.123700105564435 0.0120771074641398 0.204909724555058 0.215187124736035 0.0254639407676719 0.205265976796364 0.0614584944207778
0.0879587835608375 0.150774159617756 0.191688063823122 0.106755919237774 0.074612096677682 0.0532066029112233 0.0958277676783326 0.239176606493273
0.0279742799922567 0.0099761792884778 0.0689673381159182 0.133809690163958 0.144127918746538 0.135348775670206 0.248126584489316 0.23166923353333
0.20050120560476 0.198371303353749 0.171740645731296 0.0992959017881833 0.14999703199994 0.0995867459022252 0.0270666027604487 0.0534405628593971
0.135796028359272 0.0675040503476533 0.0472551595929531 0.214214915519652 0.1009209188494 0.236589970490564 0.0256781146928586 0.172040842147647
0.128883646320468 0.200028349731307 0.171538275831189 0.0694291025345576 0.159278798108756 0.0607431772054642 0.0135266015727947 0.196572048695464
0.0540527688542652 0.00724967895823952 0.138718719675158 0.136160824133756 0.121808634598156 0.0274551394490952 0.242178966005224 0.272375268326105
0.117816103201705 0.0805403428297742 0.068261818387257 0.177604929155487 0.200914358483193 0.155870964289557 0.195073717944168 0.00391776570885976
0.172346678123847 0.155654930771275 0.15440553332184 0.0273457800713804 0.0654254476767863 0.139649582154569 0.153401158497556 0.131770889382746
0.0532300218483011 0.0481275304368875 0.265460281147517 0.0289366489450393 0.171323733577518 0.245644114090183 0.118032629702735 0.069245040251819
0.12658115355553 0.226142507183658 0.122772565970534 0.1133926234119 0.179319135923126 0.00106909213561365 0.12105879830266 0.109664123516979
0.0600880435812453 0.0432370377349955 0.267833270107795 0.158622430445887 0.0893149943226578 0.119902492328922 0.244767668504954 0.0162340629735437
0.00683556071487695 0.212494723403869 0.257781503132402 0.0206845103922843 0.216164721562273 0.11123024028643 0.0459334038374589 0.128875336670406
0.322137792760644 0.060902619643327 0.0402159895065838 0.128325813468521 0.13233442850452 0.132270895197123 0.00405811719347027 0.179754343725811
0.212777293912511 0.137021945446668 0.106248600157306 0.112178075298545 0.213296257094843 0.167834276810193 0.0491659756624352 0.00147757561749838
0.214503646699451 0.00276090616335423 6.12871758673949e-06 0.0517176761078645 0.134753096382628 0.204135656812785 0.174113685222399 0.218009203893932
0.0830112344057831 0.154894307676124 0.147306894367005 0.178149192894718 0.078649839128842 0.141937085539411 0.114005828709193 0.102045617278925
0.128279272599837 0.0260043839202029 0.189953125074763 0.127323588740663 0.0408440450692119 0.143373426937899 0.185108558593686 0.159113599063736
0.079058986002861 0.132327072231241 0.0475197649531292 0.146464765162054 0.16611213710103 0.214333289358552 0.0606435547848487 0.153540430406283
0.180775262511815 0.00596582387889232 0.178734997002144 0.0915867532190689 0.142269810328168 0.18992061578334 0.0899680437339766 0.120778693542595
0.221502621573355 0.156267374692697 0.132824268581734 0.118211770911965 0.220316576724878 0.0365594154583055 0.0750990553651205 0.0392189166919461
0.0932262539094951 0.114976613284532 0.159495015241418 0.222330943070534 0.12257737041766 0.0101527280588179 0.1968512362216 0.0803898397959441
0.119967112433389 0.115721751058003 0.163432612825095 0.132475657450915 0.04148947118892 0.146288145938045 0.11712254482681 0.163502704278822
0.101469388059304 0.226609376541794 0.110798786503242 0.146716232546547 0.0496768335884073 0.102887374037585 0.1083697458831 0.153472262840019
0.213249037800787 0.103872002422045 0.238262628989483 0.0402519969045953 0.0435941286910018 0.184304667042764 0.16426751016152 0.0121980279878036
0.170003891250303 0.146445402469666 0.229789388966972 0.146299882047365 0.0751023858520928 0.144152179410538 0.0725795353832903 0.015627334619772
0.228686086134529 0.0339408548758677 0.0109985344323849 0.0366992419560348 0.153315945664142 0.171874649613825 0.18998094781739 0.174503739505827
0.167390892310314 0.0591628631873072 0.123874255099773 0.130394563500379 0.172628764990037 0.17895264450045 0.0642294822711082 0.10336653414063
0.142329982143811 0.0951871862771786 0.174291636674015 0.0466129171177927 0.075794511078026 0.145953237346115 0.135034069200395 0.184796460162666
0.121758832620937 0.123926136365011 0.129268397266703 0.183242973930056 0.0931967639522595 0.00362019695842271 0.217410161236302 0.127576537670309
0.14286070579298 0.0365745730809304 0.0772899822886999 0.181681459517205 0.112832543507117 0.162638115036214 0.146661910852219 0.139460709924633
0.212785534438336 0.0213347731331873 0.0989581332000322 0.0968572314678688 0.183133000231711 0.191216523281567 0.0184235294372772 0.177291274810021
0.134378741324179 0.201282015004513 0.136447307307519 0.0603772052485553 0.14335998687476 0.0456215097318061 0.0226630156688177 0.25587021883985
0.0565163640804362 0.161987150956258 0.07993361511359 0.0236225371724487 0.104501895243599 0.230170572790713 0.17628830149754 0.166979563145415
0.0692318706906059 0.0788639710429909 0.192875820554281 0.0459838081072442 0.216430363096554 0.157373190236692 0.233309992583536 0.00593098368809543
0.0747673899006249 0.258929598554067 0.0874132354959258 0.206569249974561 0.0316135438391231 0.094976010955349 0.114534561666426 0.131196409613924
0.173365301165291 0.134549240166569 0.150018585990972 0.0937431440813765 0.0600895674566266 0.0644555517813071 0.192677122949483 0.131101486408375
0.0254647911256018 0.0875283027814347 0.227624422651936 0.0902245565102941 0.141298445805249 0.162286844734162 0.0498588162456656 0.215713820145658
0.00584137188990337 0.217863882532214 0.237695578429818 0.171479238452897 0.0293762566608715 0.200767762617664 0.0879546307014445 0.0490212787151881
0.178202418166371 0.218858785119629 0.189792844448048 0.0206763391308666 0.170734035063768 0.135850475185095 0.0826252181636711 0.00325988472255155
0.0918642622371829 0.177351050825829 0.129599737931527 0.179331594085918 0.0880365485965999 0.0175302759309735 0.144411210887255 0.171875319504714
0.0716234249894772 0.154440511041842 0.255449546563103 0.142054064765499 0.0111837968996525 0.104532245404726 0.0819624753487433 0.178753934986958
0.192349216343871 0.185254057940312 0.0770336442008972 0.12201272153345 0.145833052149763 0.0353076450766084 0.166876018496716 0.0753336442583839
0.0627083258618842 0.037244378271061 0.0586400334260275 0.103572482779545 0.234804716963282 0.181488496155913 0.162040958040843 0.159500608501444
0.00735819852222626 0.210147001071833 0.106772363773271 0.139969938294083 0.188012956296712 0.095910969761729 0.0657202411660818 0.186108331114064
0.025640303308092 0.0796317004139207 0.210198033463668 0.22636308302375 0.154174833441712 0.121367064721536 0.09464508682289 0.0879798948044318
0.185818854693453 0.135294218562645 0.153939856734522 0.0445262066030139 0.168049593483315 0.148363499709705 0.045999573259016 0.11800819695433
0.287535118014268 0.11202934802855 0.075911842134248 0.125638783187027 0.0619686003620293 0.222197084762615 0.0330474766790669 0.0816717468321963
0.10925348754649 0.148421344329917 0.00817151650262542 0.0571593982169024 0.24947999030749 0.0402090408750275 0.156051560092618 0.231253662128929
0.18897336227817 0.272067583519116 0.0298547386068734 0.0638300432858726 0.0366848572347344 0.173058706214493 0.0474692201494569 0.188061488711283
0.0336636941742743 0.0621020095251767 0.254241714294487 0.0489239689094723 0.242162588009814 0.200234661359444 0.156508428998222 0.00216293472910955
0.0363128033653121 0.106812362565345 0.246926913422954 0.139729007914516 0.0721177281733525 0.0417671652678519 0.261444623257231 0.094889396033437
0.18319223378954 0.0724741242758509 0.0159399448153829 0.161984715641243 0.141403441900305 0.199035798811501 0.135080045657787 0.0908896951083907
0.139324973858473 0.283868845512558 0.17506554008348 0.104388191267604 0.059044485297705 0.0598462689714051 0.054508233249746 0.123953461759029
0.0903406160923886 0.168371987430374 0.223515598889539 0.103819866519383 0.133295875289776 0.00783407405218462 0.125011125243931 0.147810856482423
0.263468243816194 0.0308815643398449 0.00249614197190468 0.0509224076583505 0.186868169330621 0.318931276357868 0.0806289051418959 0.0658032913833211
0.0639212758631014 0.0758871704251818 0.0825343632008925 0.0808364590468334 0.18225857161311 0.134830383638994 0.23357219823685 0.146159577975036
0.0213770054185076 0.171044503713759 0.0883002384022435 0.151746245572315 0.171612643484495 0.153162595680956 0.189898763045222 0.0528580046825014
0.0946049054666299 0.076998004467063 0.149924008508165 0.169954660765323 0.233508256704227 0.0446937020295975 0.179281028283447 0.0510354337755481
0.178824937015276 0.0735216225350828 0.151139134208715 0.00888110232960742 0.255237962333577 0.0268406993196563 0.215185966293914 0.0903685759641711
0.186462325151384 0.107758313592579 0.0743403800106135 0.206825055231871 0.203170809760014 0.140653565431483 0.0238961679870226 0.0568933828350337
0.0981317972816625 0.134964790112629 0.081060540983952 0.111365410614704 0.261296634899083 0.0212436421023446 0.00596027070451482 0.28597691330111
0.159646391437389 0.109318436438767 0.111729354407135 0.158270050685811 0.149022743792346 0.0952864147192822 0.124765871462551 0.0919607370567194
0.156722231769426 0.154487164375113 0.135513373428037 0.204743520405404 0.0735764976077554 0.0357697323373486 0.0356955815883734 0.203491898488544
0.0683600492098015 0.107019398324522 0.0792053977608147 0.16163694661803 0.0382561036271922 0.177529584311982 0.154823209110608 0.21316931103705
0.103470349873677 0.11799888952093 0.21377678623186 0.248908350450476 0.0112926740749819 0.0800246529886474 0.203504643467836 0.0210236533915921
0.00824746162854183 0.185660693975012 0.187669276575671 0.1999403806725 0.160730716194 0.0980623998112987 0.027251813567768 0.132437257575208
0.204387375690605 0.0318458818800786 0.0992168744750669 0.225391810089705 0.0331328305550319 0.123595075150228 0.14514465364505 0.137285498514236
0.037036798990985 0.125377899805277 0.03182085791885 0.255682300011544 0.187158983967779 0.260136903561206 0.0103320754836722 0.0924541802606864
0.000873581273275231 0.108966800097324 0.0406619485845666 0.21459034364544 0.026970866353316 0.256229748648702 0.263756503938096 0.0879502074592796
0.133661300875197 0.0698491663404275 0.156280737674005 0.0868169064131556 0.0448191706537186 0.166340449638846 0.165532030291462 0.176700238113188
0.190425922772097 0.00849383435915629 0.191873331583038 0.168236450906092 0.110610786571385 0.0523901603883067 0.0799337253833684 0.198035788036556
0.0824609090036659 0.0106013526417601 0.0895084390730102 0.0133841246117498 0.072918048012005 0.269196455892903 0.232638069351395 0.229292601413511
0.00493934545489745 0.0923053342282422 0.225590810111983 0.00787173059254471 0.245883839895861 0.210774517706259 0.00405571742963567 0.208578704580577
0.128431599420684 0.206294477831721 0.117618629883733 0.221713827602702 0.13988770742577 0.117302544124727 0.0194384690966394 0.0493127446140233
0.133621686503026 0.168461946390783 0.00930468567979823 0.104409745651539 0.0856629479490906 0.128892025526758 0.189268834933223 0.180378127365782
0.196414885169025 0.123809921049153 0.0945203568273593 0.171831380572106 0.0758319129443656 0.131271676940293 0.00864078826148975 0.197679078236207
0.108829358248006 0.125655086440021 0.179353720035009 0.151444198942216 0.0584311831916346 0.130155418722396 0.152597552706329 0.0935334817143885
0.097514252723315 0.185362441918853 0.198769302519359 0.140544827413079 0.238341666591487 0.0893226942448656 0.013401715336805 0.0367430992522368
0.220417196691748 0.208347326474417 0.171432297378048 0.0563346271876794 0.149785940745463 0.0186457686227254 0.051449176455266 0.123587666444653
0.142126695576172 0.0458726594472309 0.185752015095881 0.0954942923846662 0.0159668745153357 0.175513721665945 0.225604198479827 0.113669542834942
0.176654962518551 0.0154028420273564 0.144267946372762 0.164489955107519 0.181794470031521 0.1528235421001 0.147733166193634 0.0168331156485558
0.0816301930065827 0.279704146223963 0.132789955714948 0.125995611584816 0.0274346500987576 0.0724257919793935 0.034232738182538 0.245786913209001
0.110922189414759 0.0930586317108863 0.19908856924099 0.0455100016996284 0.269624231196847 0.0695181538416216 0.135602720144702 0.0766755027505663
0.0661853013493485 0.138879525863641 0.10923985168254 0.0624635503846887 0.178860382215307 0.153340558738988 0.14595393710539 0.145076892660097
0.0763401850419898 0.0762150904724889 0.124804583681622 0.1510399422039 0.105756657439713 0.174499931317136 0.201229725055312 0.0901138847878379
0.0595271368077889 0.0891121359863173 0.170034383685978 0.147764185767103 0.12307086129474 0.169347542724695 0.168508597200806 0.0726351565325718
0.0619943101717988 0.198020615845884 0.145776568458946 0.0834929913034458 0.135334445125895 0.180377397968776 0.0795763205127802 0.115427350612474
0.176514774038392 0.0336185848169178 0.0699536727678036 0.0152926845191567 0.13962972660843 0.00551316604022048 0.277958468845829 0.281518922363251
0.172311631049826 0.207722458255008 0.148641537312321 0.128025371472793 0.026299027746532 0.107745883942782 0.107382005546093 0.101872084674646
0.188891892800449 0.0952627234734493 0.066143371926157 0.0844075394599698 0.0949643078860883 0.149147469033072 0.193621418733569 0.127561276687246
0.12780461869339 0.0671704778714141 0.296455662425669 0.0515681503222564 0.0474807307916908 0.129324342435668 0.18029461005505 0.0999014074048613
0.084378808006627 0.204903014153099 0.0045685677471313 0.295135488087463 0.148015181235052 0.0395260339336284 0.210165527592472 0.013307379244527
0.240236146446923 0.107992825259346 0.112415337139154 0.00118000738449445 0.0619268877496283 0.127708772646788 0.12523253686193 0.223307486511736
0.0587491665319538 0.140900716583492 0.0704365734774514 0.0860498691657239 0.129367076457198 0.135805833520472 0.164288965424792 0.214401798838917
0.183387330601266 0.0541771559296962 0.178323150207614 0.130175957416802 0.0606740447639697 0.145415487161147 0.189640446269517 0.0582064276499881
0.0565768462963471 0.194080207005302 0.167434441796741 0.0953714564528075 0.107429506233903 0.123579330705766 0.188414784067225 0.067113427441909
0.0131816166056356 0.15564599472556 0.129924100827811 0.0800155982423724 0.289524593919615 0.0053447429281529 0.13465216557943 0.191711187171423
0.103725640258063 0.1112354582319 0.25774198609134 0.0401531399364712 0.0359242476286563 0.0629902072778656 0.250172338731459 0.138056981844245
0.0743861111848614 0.100672648200447 0.106344204619503 0.143191398075064 0.151932744336476 0.176105495449754 0.105408269022994 0.141959129110902
0.226306221654783 0.256793687198299 0.102104846967328 0.190984522500079 0.10686677339958 0.0967416221263307 0.00613536963583942 0.0140669565177613
0.143014289561211 0.17456362601622 0.137462224946868 0.175814683503383 0.158926321454165 0.066375310159489 0.0298530945056604 0.113990449853003
0.0451519165208232 0.147247133922581 0.0961104321528977 0.00445740848689113 0.231217522459683 0.0250364393578099 0.221610983795407 0.229168163303907
0.126651204636731 0.13224581870309 0.197267338107308 0.118464763468863 0.0187458752194568 0.172641377939481 0.0808169617642377 0.153166660160833
0.435914795292688 0.00573803987597212 0.014797277071443 0.149857740522454 0.0574674226282611 0.134768640260954 0.175182105356175 0.026273978992053
0.186473058055924 0.163215999363795 0.1627888310511 0.0732071400398348 0.0278631621538667 0.155512318315199 0.0979831988161643 0.132956292204115
0.168576785589371 0.2071727499164 0.021736968967762 0.0721224602995135 0.101315354303642 0.218587135454622 0.0634405197281951 0.147048025740493
0.0315415386879932 0.0420938988368541 0.106576542429301 0.119950703801487 0.183228827721269 0.177615547747087 0.234521113073282 0.104471827702727
0.123661880977284 0.0462666969124648 0.08310724117666 0.231802637445111 0.134323893687089 0.0805232662125964 0.14092671779444 0.159387665794354
0.226486951172256 0.0371909942415943 0.00857523213960086 0.237949562701947 0.0369099555603252 0.32734292751791 0.072431174523305 0.0531132021430617
0.0351430438926905 0.102565723488739 0.0947541914468298 0.270380707841472 0.020178155779008 0.221496528168642 0.0695782789511265 0.185903370431492
0.191754019178444 0.0536333659310154 0.0524550252128365 0.31539865753961 0.104902960032015 0.154720199112482 0.046939399661564 0.080196373332034
0.0793521201246548 0.0475995945849581 0.163049961052963 0.115291369866935 0.211110934154042 0.0876818331430687 0.0780375447164617 0.217876642356916
0.0267780202729362 0.0720280086032281 0.185124447016019 0.239667525107441 0.171224334786388 0.048621595613108 0.0582297572298443 0.198326311371035
0.19618540445125 0.00953077722749993 0.0360797247576421 0.182819885030477 0.156226313960364 0.20687013358704 0.0944685544748372 0.11781920651089
0.207727672919753 0.230211430136005 0.130307518244847 0.0697906261386223 0.11655549924151 0.0531125342950169 0.034299842890896 0.157994876133349
0.0716935364049356 0.22741110209767 0.080915278116051 0.193003144850806 0.12697433830419 0.0152929802374766 0.126135503451998 0.158574116536873
0.0170092291787822 0.250711807585485 0.174924140483856 0.052014536611475 0.237337973583862 0.0505510014438795 0.124188725018464 0.093262586094196
0.179503042251196 0.168852594786148 0.0365101587935278 0.0632483654996504 0.162770119568017 0.198961680012095 0.0582931595579855 0.13186087953138
0.135547056355225 0.230021138393133 0.0305187444827531 0.215826433968092 0.0999566873493136 0.0802803354481574 0.0463539053526255 0.1614956986507
0.0562354109792723 0.159453467585229 0.0186553939097543 0.178247647566788 0.133699492763163 0.178998647835135 0.127351336629571 0.147358602731088
0.333535053534975 0.0734339071372113 0.178013646339302 0.00961608674165852 0.0246697064520122 0.141101087361956 0.0836147949799233 0.156015717452962
0.172102127844162 0.0226149290773686 0.173196541287099 0.0559163464686644 0.202845639469198 0.139881853038019 0.13630767468685 0.0971348881286393
0.0437349405376938 0.0856666927373631 0.0922286571862444 0.209292728626396 0.138911165023698 0.0162714010001511 0.191464864561819 0.222429550326634
0.0951191592827961 0.226108481815779 0.1173054135426 0.225353022275584 0.153233825053391 0.113419428520673 0.0305727505454563 0.0388879189637202
0.130841671981511 0.129860701416868 0.213370700464737 0.147414176756559 0.0258338497474554 0.102936739222501 0.207704694859632 0.0420374655507353
0.0756926209527772 0.00765340634521123 0.189266830269123 0.216835411191485 0.0693585578744642 0.0947893162536853 0.0814300227864991 0.264973834326755
0.043239274983889 0.148245888805768 0.105353253629715 0.0815297853102726 0.158085268247933 0.0186670615726069 0.174695716018058 0.270183751431757
0.183796592410258 0.0494213929312009 0.164819571161688 0.108115233224609 0.0958934743378655 0.125128178833953 0.14072469945811 0.132100857642316
0.146488937862699 0.137941100827883 0.130708360314119 0.204085024174421 0.141792889764709 0.073841163070201 0.0615267635714005 0.103615760414568
0.174072352995859 0.0519126907202642 0.285317714020332 0.0198634270124544 0.0124426829964079 0.162364664604313 0.110408256221141 0.183618211429229
0.0313620953757798 0.258084272582075 0.0668072381080834 0.186161435859248 0.038701374482229 0.177429167785745 0.0915322945780075 0.149922121228833
0.0337122818207059 0.110174659065074 0.121617756399457 0.190667533972049 0.177967543878567 0.123774957238082 0.17425653268795 0.0678287349381148
0.00838932478959618 0.00314114267387281 0.231510642506045 0.106429140929063 0.0622580199587272 0.255203788534603 0.222215811526804 0.110852129081288
0.165452311864148 0.140442462617752 0.167022318302943 0.128543831829423 0.160952226778968 0.124714378422167 0.0881489856382937 0.0247234845463053
0.220042447535057 0.165062860749521 0.175353144855448 0.141377640453911 0.0896415599414851 0.0240039960763435 0.0669936462084086 0.117524704179826
0.119120408025445 0.0904836936832599 0.204130899225507 0.0524008918329554 0.0612608385579504 0.20159112141404 0.118443033269201 0.152569113991641
0.20994131870344 0.0525567775360542 0.0833589365791116 0.199730002448125 0.044553271897644 0.109418089417841 0.188090324275894 0.11235127914189
0.12488046774201 0.193758335355682 0.113551424843197 0.143955835386269 0.159722957379962 0.152131056899421 0.0976063073051691 0.0143936150882901
0.135906656845382 0.0116660499031293 0.000506131975591552 0.314996760677716 0.303488388830139 0.0639089835774713 0.0942608805381921 0.0752661476523786
0.100820976124805 0.172307939690818 0.0218400205775654 0.169262604239916 0.184651950402433 0.131588578403562 0.085533202968818 0.133994727592083
0.145533285546218 0.192687328817984 0.141010434621629 0.0200763479462083 0.201395990288284 0.0440010651514414 0.148156039692053 0.107139507936182
0.136825667165925 0.196443530097879 0.107367102187524 0.155131890956156 0.098698423151685 0.0988574974424219 0.00376526736321506 0.202910621635194
0.219388034787522 0.05633995622152 0.142769991744212 0.0274408102868773 0.0943080516359124 0.136350784389461 0.107745607224784 0.215656763709711
0.11453852338595 0.169312845350345 0.0392207106807352 0.167860123119809 0.173227308465251 0.0526998210420781 0.160604818971197 0.122535848984636
0.144900032839004 0.0829508055029675 0.047671999234004 0.167440562210655 0.346811488407418 0.0398675986587415 0.0847946120365606 0.0855629011106493
0.00444491787474247 0.287504392795633 0.304531543277204 0.0350816213063749 0.0118179360406882 0.0995495259090637 0.0969393973090469 0.160130665487247
0.195422136153481 0.129007582469449 0.122181025308132 0.0705740806060958 0.0575743004664627 0.2588080591513 0.0390952911962094 0.127337524648869
0.113112135397447 0.131674289528727 0.247489926533683 0.193783237825934 0.100701212804214 0.0164702043338961 0.194930707482649 0.00183828609345071
0.242805051802771 0.158984624213324 0.128144851743343 0.0833100829002803 0.0942721088616694 0.0604691983919316 0.1196405432215 0.11237353886518
0.0602401768418771 0.163945145157683 0.221972824947081 0.0610373099261747 0.164678941021385 0.189518565771831 0.0694214439634701 0.0691855923704977
0.0761359577175219 0.158095271775873 0.0474902585685495 0.280288408151109 0.204952053290751 0.102780630928728 0.0366189782681998 0.0936384412992684
0.155255390155754 0.0854912051320592 0.254696033374431 0.0375473767737305 0.212780693751006 0.0782740385686294 0.0231331869148901 0.1528220753295
0.178374328453831 0.217623002028428 0.0110714273046164 0.0412063318604514 0.172200659368602 0.145159226471966 0.180322787996055 0.0540422365160493
0.018056601730685 0.217999868366337 0.20287450543923 0.0628145418102129 0.0652132728428439 0.072805297201295 0.228896860939613 0.131339051669784
0.071466591193401 0.0805426670425169 0.22710012075386 0.231144854238273 0.0974072710146849 0.109259024103378 0.115357777897381 0.0677216937565052
0.203786520980949 0.212570550182713 0.17096577585232 0.027035938854085 0.106459310341359 0.132976408406514 0.00889514353489808 0.137310351847162
0.021623732227195 0.142098449489759 0.128114248197288 0.18392030688914 0.0408645937167326 0.206941623761078 0.0690308840063317 0.207406161712476
0.0886470688553678 0.0263986249979323 0.148780035122441 0.180927851982179 0.107921597557887 0.084507521552066 0.144646704031173 0.218170595900953
0.0751264043486168 0.127171956470012 0.183158814697846 0.0264761980408973 0.0562338567129097 0.194673753335013 0.175243442226438 0.161915574168268
0.115028199003876 0.0783893783854354 0.211379900866976 0.0847945399857134 0.204893780688302 0.0227337860212913 0.185517468634579 0.0972629464138274
0.0971112638489058 0.261225827260565 0.195565102399404 0.0802164243563646 0.0766805110454059 0.187483251899981 0.0666535913312563 0.0350640278581169
0.0501667115275316 0.0439876494141027 0.246341554952649 0.310721869909102 0.126718305859817 0.0950302747387632 0.0872965460622944 0.03973708753574
0.132178681937469 0.0535875817313889 0.0750014972058068 0.0764019784569147 0.163580214789359 0.152574771935992 0.159544511895979 0.187130762047091
0.0980188791762807 0.125165039698103 0.16383028937927 0.159674681128067 0.0712988114134112 0.162930964607063 0.0445534197173023 0.174527914880502
0.098495041293467 0.195255215440267 0.0220947301732433 0.0935180614164315 0.219614722438591 0.160067727161924 0.156809256554106 0.0541452455219703
0.133887717400983 0.223868278428808 0.0329524137601706 0.0318533464840901 0.114270505551238 0.246934784295632 0.210046520738642 0.00618643334043618
0.143757331637412 0.0819959897729908 0.20800214043805 0.204587386962055 0.197104967576573 0.00854486041715295 0.0268469283388158 0.129160394856949
0.231505642189934 0.0621671146285279 0.227183589077281 0.192461836694818 0.0314643790214617 0.0269567564072706 0.211109256624867 0.0171514253558395
