0.304455190268445 0.317627369660619 0.0533442876585328 0.324573152412403
0.184779895469613 0.161559525842381 0.471008211928841 0.182652366759165
0.473880331755221 0.112743569698778 0.141325153824328 0.272050944721674
0.498903630953342 0.392712590305098 0.0149695187305553 0.0934142600110052
0.494103484192425 0.0457235118164933 0.403321239189142 0.0568517648019394
0.3428555020065 0.0971590562416772 0.414253920761028 0.145731520990795
0.182465765955224 0.282208446921747 0.340522666625903 0.194803120497126
0.267456235261172 0.344810910212601 0.270739444636747 0.116993409889479
0.240862335477426 0.368503861080869 0.264846753559322 0.125787049882383
0.230396764364772 0.361918038408121 0.305486638230252 0.102198558996854
0.16178126857251 0.291811449566097 0.283527489547566 0.262879792313826
0.347730222856062 0.203235606524151 0.118986511742668 0.330047658877119
0.244845329928837 0.362609908524791 0.350125766756221 0.04241899479015
0.271515993930098 0.401368443593991 0.186162684869144 0.140952877606766
0.316372497676252 0.135086323498832 0.208362263544736 0.340178915280181
0.455698822483504 0.184150305133592 0.056188683490187 0.303962188892717
0.216947941636402 0.18876684175898 0.330845413325258 0.26343980327936
0.356372249737211 0.0790747437933619 0.339968659407531 0.224584347061897
0.35257395361998 0.318933517053993 0.135373576261803 0.193118953064224
0.118300187186441 0.320804279020986 0.280856680472129 0.280038853320445
0.270965315848693 0.230295077396708 0.254352678009291 0.244386928745308
0.405417028744135 0.18585024164565 0.210770855389833 0.197961874220382
0.38388364023033 0.0853057596124361 0.347445891281049 0.183364708876185
0.441306607198944 0.187378527461613 0.303295332872627 0.0680195324668161
0.0187748515058905 0.463933112558054 0.0511703716514055 0.46612166428465
0.0472929491200018 0.114276589116221 0.43126268517851 0.407167776585267
0.515378742421394 0.214049527718741 0.185918549142132 0.0846531807177335
0.167214461893788 0.101574413592651 0.426585642337473 0.304625482176088
0.675403375158801 0.0445915493779597 0.245587291026094 0.0344177844371454
0.236634482978426 0.446572913235652 0.196874712307995 0.119917891477927
0.184777727200696 0.169513737525787 0.308440697972464 0.337267837301053
0.0362724669552935 0.348924709920126 0.381942479215736 0.232860343908845
0.187874866382235 0.455917056332217 0.152068892185459 0.204139185100089
0.199137597549096 0.397137998249022 0.398553135238007 0.005171268963874
0.355296049396014 0.0277904224325994 0.524678646003123 0.0922348821682645
0.127688898111335 0.352147569886442 0.0964289608516363 0.423734571150586
0.215109709116528 0.124670364720559 0.483915722992557 0.176304203170356
0.281748333836365 0.218854420751303 0.192085635870862 0.307311609541471
0.208792218037928 0.122607413821445 0.309068173518319 0.359532194622308
0.270202933435196 0.140262624271725 0.378409635879715 0.211124806413364
0.0299172382216794 0.461363640107577 0.458585154988749 0.0501339666819941
0.377515592082667 0.177170622228835 0.380056000176871 0.0652577855116273
0.217332394814597 0.420584287273991 0.104429348722481 0.25765396918893
0.215295171512924 0.333057226026952 0.239637389544122 0.212010212916002
0.158757308730164 0.329886673230671 0.137897926767552 0.373458091271613
0.335045525379557 0.308646832159633 0.190296997463271 0.166010644997539
0.0831309262309703 0.581177124732431 0.133699701715551 0.201992247321048
0.284167868154457 0.189984913902769 0.343067241716622 0.182779976226153
0.27647992634771 0.339656606146768 0.00735975490935165 0.37650371259617
0.33325371920782 0.239287864022252 0.293517468432823 0.133940948337105
0.194453337657585 0.267335898714529 0.316749535871616 0.22146122775627
0.268398637936509 0.0778964244972404 0.39738324896983 0.25632168859642
0.79568993503943 0.0166647840441991 0.100162141265931 0.08748313965044
0.400065081308391 0.40405066158634 0.123156617520167 0.0727276395851022
0.210105545730294 0.119422507703787 0.322014536639836 0.348457409926083
0.49572170610245 0.215840760172777 0.0692982535051233 0.219139280219649
0.0879810518574917 0.257618996495883 0.297462881779906 0.35693706986672
0.229749456078801 0.0282701627804057 0.36777729415567 0.374203086985124
0.310172493383408 0.263674650154443 0.18669459634412 0.239458260118029
0.0457353035393169 0.390495067418592 0.387922763917733 0.175846865124358
0.0550188469769724 0.317555519173084 0.308097079429296 0.319328554420648
0.0956586642913147 0.292738613310581 0.31885937579401 0.292743346604094
0.324201921632129 0.347761849902436 0.05375787143628 0.274278357029155
0.0264566852527325 0.369921099947679 0.0335081647027378 0.570114050096851
0.37508213206767 0.125311425102828 0.322864822364367 0.176741620465134
0.412757224867537 0.196780000489599 0.0369240441995178 0.353538730443346
0.132738336501695 0.240489289492843 0.417954059739677 0.208818314265785
0.143939113465448 0.353164196901472 0.48853207791602 0.0143646117170603
0.547472101627767 0.0443023701720141 0.348452357273265 0.0597731709269538
0.0915879953567021 0.300479943054956 0.282164902847173 0.325767158741169
0.242520922785943 0.144581869949294 0.272691304873615 0.340205902391148
0.461363258961073 0.0664147735519385 0.125438981001795 0.346782986485194
0.0531396744668134 0.380569370229687 0.231568268164053 0.334722687139446
0.46092598182472 0.0208619189308342 0.135553676861831 0.382658422382614
0.416489025501433 0.433922954930499 0.0712592767508132 0.0783287428172547
0.296507246821281 0.228415079838795 0.173809613725179 0.301268059614744
0.322307277738224 0.166722817209827 0.253896225694707 0.257073679357241
0.346685866594659 0.323752467941101 0.267828819584661 0.061732845879579
0.368033566503287 0.352300486824321 0.26637109117724 0.0132948554951512
0.343583557685913 0.550899872631765 0.067069368066379 0.0384472016159433
0.110705845950632 0.354646080462875 0.217673262120364 0.316974811466129
0.334237545372452 0.144800946030865 0.241632473209127 0.279329035387556
0.094901913892259 0.181866659733356 0.383440612833911 0.339790813540474
0.352460526404633 0.219247759212977 0.338166367108041 0.0901253472743496
0.0931029473845955 0.5469472366388 0.353777056016768 0.0061727599598361
0.0677923819663633 0.291799856373815 0.361669910912767 0.278737850747055
0.29796778941296 0.269943295472958 0.199276123663923 0.232812791450158
0.263808457701878 0.16262830622494 0.159697409748638 0.413865826324545
0.179753846699421 0.0480816758850912 0.352362553007102 0.419801924408386
0.0384247347329079 0.0147048225128169 0.676814641834963 0.270055800919312
0.310101669923376 0.178258876381013 0.197145779107476 0.314493674588135
0.242610211543122 0.303135468136266 0.206238365647935 0.248015954672677
0.177790441170378 0.208549864440783 0.438940887448996 0.174718806939843
0.0717612475391627 0.397307500374173 0.439385581166721 0.0915456709199423
0.103328765908816 0.335628025840401 0.133215612548428 0.427827595702356
0.234834984578993 0.319395245742134 0.375271306478128 0.0704984632007454
0.0874003435920783 0.150733205709794 0.474983386651506 0.286883064046622
0.376976197609835 0.345121565932333 0.244558175883016 0.0333440605748159
0.238283140576562 0.279088204919153 0.129952447256893 0.352676207247393
0.383134910727298 0.0115242094384825 0.328994791117289 0.276346088716931
0.320021395381984 0.0376309211308008 0.364651424158991 0.277696259328224
0.15252722213308 0.290817362820941 0.208497598946015 0.348157816099965
0.332706615250753 0.170131909052861 0.232415466003843 0.264746009692544
0.290873883772084 0.297081082627849 0.192926859879453 0.219118173720613
0.362774810945256 0.140922641275692 0.157253852998705 0.339048694780347
0.484822963088134 0.479805572776485 0.0117812749916315 0.0235901891437498
0.137645025566154 0.263381126928645 0.139712037374861 0.45926181013034
0.23150062848493 0.342061686272993 0.150238432560932 0.276199252681145
0.313045299468034 0.257129473194633 0.0907539328650528 0.33907129447228
0.185279573772708 0.125027520241694 0.323903359069647 0.365789546915952
0.3821625975266 0.0311180553616719 0.280007065184702 0.306712281927026
0.297374179995819 0.28397886553799 0.214114670505231 0.204532283960961
0.0674733778055781 0.0905848579118668 0.682387773332162 0.159553990950393
0.302883091861623 0.124201768787772 0.212247717539669 0.360667421810936
0.468722229183617 0.0350302372161046 0.319638424732018 0.17660910886826
0.273306715714868 0.0152291754787279 0.520874209563852 0.190589899242553
0.00742117423466185 0.335224680962722 0.187783325117586 0.46957081968503
0.21948069266947 0.24269371901481 0.259036906440319 0.278788681875401
0.08402782241085 0.281840616107158 0.0623612393884644 0.571770322093528
0.0181670577642609 0.274689984907185 0.257341245478422 0.449801711850132
0.0379405627588612 0.744595794650271 0.179948705587372 0.0375149370034954
0.403444975646666 0.00234369533825172 0.457493981507075 0.136717347508008
0.40440698555548 0.348574483699296 0.130295037526968 0.116723493218256
0.245346218353372 0.11136840673515 0.235462001009053 0.407823373902425
0.0375924798115493 0.316977464858841 0.121091148469232 0.524338906860378
0.315898406055423 0.360261955367997 0.0729796103998179 0.250860028176762
0.190141523563877 0.338682382922341 0.374326048787086 0.0968500447266951
0.459503640580635 0.389560642574966 0.0963883499974117 0.054547366846988
0.082495747765842 0.073829118980122 0.346216481314258 0.497458651939778
0.81661395276351 0.0447520577310021 0.0634526379611695 0.075181351544318
0.244900068805071 0.0646089541520728 0.391851450614449 0.298639526428408
0.0644954478240364 0.0458891402098928 0.56699646819435 0.322618943771721
0.0191131020897131 0.12767209883867 0.435703555589348 0.417511243482268
0.206696311585053 0.476352880730657 0.29398087902179 0.0229699286624994
0.1928319610329 0.35170051404537 0.384311414376478 0.0711561105452527
0.0773826985621647 0.231256038399456 0.340397805890657 0.350963457147722
0.128908522235754 0.185298451996074 0.186629997587243 0.499163028180929
0.311358493497487 0.363461177705499 0.189315589644078 0.135864739152936
0.226562366435303 0.223231093150088 0.234249100606582 0.315957439808026
0.612214557237405 0.161012160606329 0.12249054185864 0.104282740297626
0.110414149007398 0.0396158463530993 0.6742341525827 0.175735852056802
0.280576397225866 0.375483658523037 0.292190535468393 0.0517494087827034
0.251752143510868 0.11507073611351 0.325177737661937 0.307999382713685
0.458728990636509 0.0318966925654756 0.130904668492545 0.37846964830547
0.171736622383893 0.0833998212424129 0.381404358172451 0.363459198201242
0.152044682785703 0.23426523510695 0.290088471396914 0.323601610710433
0.294182086307882 0.354140857451687 0.0804221766896842 0.271254879550747
0.238590036870431 0.078375140398251 0.357647574954314 0.325387247777004
0.224143500954695 0.281960010791077 0.121791054396806 0.372105433857422
0.574035320732786 0.131034749532206 0.206592102992849 0.0883378267421598
0.0772005909256606 0.277343284610213 0.546804949956689 0.0986511745074371
0.00233749408578063 0.0362899541853335 0.0797303740459602 0.881642177682926
0.581069644629156 0.0825265378599738 0.211331348804388 0.125072468706481
0.265824827694408 0.103500546444488 0.181948999309072 0.448725626552032
0.300321797899654 0.221485457122166 0.214306255956621 0.263886489021559
0.260570906265845 0.212821064842439 0.196085097196889 0.330522931694827
0.128782250445299 0.263877964294724 0.303587164081915 0.303752621178062
0.399848710364476 0.0120641276204281 0.183977691921256 0.40410947009384
0.385758397043705 0.104747381592739 0.215527405158157 0.293966816205399
0.257930272817898 0.380635972147568 0.133584304143013 0.227849450891521
0.143663600783496 0.18228334271623 0.288495126146096 0.385557930354179
0.347233491264281 0.0641138514986977 0.155486647693907 0.433166009543114
0.262053068815271 0.560599089762137 0.0839708680996021 0.0933769733229898
0.245104931836233 0.0987557027646609 0.344526536977221 0.311612828421885
0.267907291816829 0.0429787622950056 0.237287826425662 0.451826119462503
0.506098494573885 0.27802222002622 0.191144512429658 0.0247347729702367
0.313660805185587 0.0235287605697256 0.302633207714674 0.360177226530013
0.43196795344981 0.130140682067418 0.310709221188662 0.12718214329411
0.195673502827626 0.112506307790813 0.392646703539647 0.299173485841914
0.207342657431835 0.271772140968026 0.272562187625531 0.248323013974608
0.0420189434430019 0.269730307191839 0.508513886323873 0.179736863041286
0.188935982284457 0.30803987067162 0.394494097275625 0.108530049768298
0.322523656049234 0.0833930339694639 0.24704125819381 0.347042051787492
0.495615912071979 0.23247420524751 0.102332997179419 0.169576885501092
0.167595585078227 0.240288364093431 0.329574559448314 0.262541491380029
0.487933365820687 0.0336664541215106 0.116170367307793 0.36222981275001
0.0290128722762588 0.0764326681084169 0.524376101020065 0.370178358595259
0.291482175614881 0.0228604337927213 0.233063417209354 0.452593973383044
0.228180632279271 0.259269543289461 0.273231814341372 0.239318010089895
0.241905523271396 0.326652549042004 0.279351541729076 0.152090385957524
0.256049344060335 0.374086475983762 0.182221376384112 0.187642803571791
0.29138552336612 0.339688394784287 0.0351069857504977 0.333819096099095
0.233327949238008 0.454008994422997 0.0415775323748284 0.271085523964167
0.463543917458869 0.353854683958504 0.181387300644263 0.00121409793836438
0.235089306749465 0.0349378884728653 0.452041079085421 0.27793172569225
0.0161390090910112 0.432959001956221 0.09168645416913 0.459215534783638
0.328495259251645 0.270526655950456 0.140265741616812 0.260712343181087
0.18504202658548 0.254529193588642 0.135499899459779 0.424928880366099
0.308644850055189 0.149318320681081 0.212856261817819 0.329180567445911
0.061351209739335 0.397061093758374 0.124129166125535 0.417458530376756
0.149883983868682 0.174953737720033 0.034691817151539 0.640470461259746
0.370835005684318 0.247242656464839 0.274287422222138 0.107634915628705
0.276088741121123 0.0820968755892353 0.37991271996687 0.261901663322772
0.394725883062872 0.195568311980882 0.139444104291325 0.270261700664921
0.132146453402445 0.34642331628172 0.48685942616152 0.0345708041543155
0.339862686860602 0.146379931213272 0.158388236386276 0.35536914553985
0.0543076505585485 0.502832877344763 0.101450944714475 0.341408527382214
0.233919339524138 0.292312153002761 0.00847137917632133 0.46529712829678
0.272865704196581 0.171860342854402 0.297206956778391 0.258066996170626
0.304422293224104 0.28432018966552 0.129880124439154 0.281377392671221
0.374714649634335 0.0367169160284559 0.342248430846693 0.246320003490516
0.255905654017451 0.34307439448799 0.0871829779452987 0.313836973549261
0.36721147582936 0.484756554000669 0.0587945482216143 0.0892374219483559
0.268205150972602 0.284905857449838 0.08300499211551 0.36388399946205
0.406444792317911 0.0652762525211122 0.446096345409272 0.0821826097517048
0.544658652271881 0.307743823967844 0.0467159418717749 0.100881581888501
0.300979871657136 0.123218326821544 0.342783536724695 0.233018264796625
0.253816421799044 0.287058490273725 0.293096951036131 0.1660281368911
0.353084914206674 0.0074963577910199 0.305324637266566 0.33409409073574
0.373593770796112 0.102754334471632 0.125972843719274 0.397679051012982
0.0602065518278367 0.229819718749275 0.223607483282508 0.48636624614038
0.339894644721312 0.035159211019367 0.358395043158088 0.266551101101233
0.0755600097976466 0.111544035788924 0.252188389951022 0.560707564462408
0.333187842798443 0.253430029105164 0.368110181392918 0.0452719467034754
0.423700588704621 0.0991298587325058 0.0814046206637331 0.39576493189914
0.280919918096665 0.404142184947679 0.0814703448451822 0.233467552110474
0.291395955967267 0.340384107584664 0.322872130443894 0.0453478060041755
0.266052307058933 0.522675731647957 0.114140225744333 0.0971317355487763
0.322863493885788 0.336972853930772 0.104909164369284 0.235254487814156
0.332921512173675 0.281078026978847 0.054701715501618 0.33129874534586
0.0944443920092456 0.449483127484699 0.415840746195068 0.0402317343109873
0.304979786864586 0.0245082995183173 0.249006653210236 0.42150526040686
0.32671364666771 0.329158742650112 0.2275294931312 0.116598117550978
0.359816384328136 0.0227879347562618 0.149729154818863 0.467666526096739
0.0019735188898316 0.286029356404386 0.0564194158033735 0.655577708902408
0.424153972313647 0.0890177715309935 0.0716007248981945 0.415227531257165
0.182576101649109 0.371888146994901 0.188438382318202 0.257097369037788
0.226549702522083 0.268141017954019 0.158262085934882 0.347047193589016
0.044618397240284 0.195432020246661 0.400380888420905 0.35956869409215
0.147774087716137 0.21916679490922 0.271494476787857 0.361564640586786
0.0400434327480662 0.291072307881797 0.328132209603202 0.340752049766935
0.094245046566573 0.00087693399328994 0.513643172721896 0.391234846718241
0.317926772989242 0.269972210978936 0.241802192469093 0.170298823562729
0.346675486660248 0.0660712378643392 0.234324546433689 0.352928729041724
0.132435010960839 0.177475368488613 0.678379044494561 0.0117105760559874
0.175892059178337 0.276740961927204 0.30937074650961 0.23799623238485
0.434702754716915 0.140660870638738 0.331925201251551 0.0927111733927956
0.36390740415131 0.00887607224726603 0.300379580945591 0.326836942655833
0.00286674466073636 0.275043223791921 0.495060896864328 0.227029134683015
0.0174005364067741 0.656127823300295 0.278784697510738 0.0476869427821929
0.379905861307899 0.524832036308149 0.0482047882821254 0.047057314101826
0.159965634777044 0.265326726760041 0.302972041308154 0.271735597154761
0.0235681420633001 0.0999201837397046 0.643100075417613 0.233411598779382
0.359829647083377 0.219326896196838 0.394634735403443 0.0262087213163428
0.251531153830049 0.216412014277692 0.296875878418598 0.235180953473661
0.355451536042056 0.0116880676246942 0.128842767268901 0.504017629064349
0.0502503661250695 0.385460050906149 0.349583664135767 0.214705918833014
0.0772160616611805 0.400624168710097 0.213392276005709 0.308767493623013
0.374290304794995 0.258161259103088 0.039437301899602 0.328111134202315
0.0969214124194607 0.338296805051681 0.409498143675105 0.155283638853753
0.0715170786837306 0.413593946203164 0.0720390300014354 0.44284994511167
0.359410089482998 0.0753925415693708 0.211567544739224 0.353629824208407
0.263375572972894 0.421365010383113 0.287864743990803 0.02739467265319
0.231038446006067 0.260519981368834 0.343123738767448 0.16531783385765
0.588942989944234 0.0360841279314329 0.0788111184377305 0.296161763686602
0.304043059937832 0.00515126747312742 0.091800755850018 0.599004916739022
0.127904511015696 0.379394033393978 0.302369687901042 0.190331767689284
0.372140091173047 0.260000628104851 0.268471092596965 0.0993881881251365
0.385505871420583 0.183574049262113 0.137729705070321 0.293190374246983
0.373304538918363 0.192008703469174 0.124954806858469 0.309731950753994
0.0859252898954344 0.155245957982097 0.69015639912856 0.0686723529939091
0.105283792722893 0.390750816486122 0.465735604684658 0.0382297861063261
0.278931918407869 0.378895119205642 0.204160858664883 0.138012103721606
0.290988815108142 0.272235105011939 0.201212853794394 0.235563226085525
0.0139748934865389 0.253027197782698 0.388936056148944 0.344061852581819
0.0835727608805329 0.546515295783394 0.0406392550696199 0.329272688266454
0.144442401705904 0.108149638659832 0.36907229700327 0.378335662630994
0.229840716283328 0.473903131508938 0.200061990031204 0.0961941621765296
0.168093241657961 0.446789927733927 0.207595384101574 0.177521446506537
0.220120843285499 0.0605671535287178 0.285169411301373 0.43414259188441
0.257762154280009 0.198674395117754 0.476441590513066 0.0671218600891708
0.11198292848027 0.296559376936803 0.0611682266692491 0.530289467913678
0.546081877695866 0.0388347417475367 0.000583585045836357 0.414499795510761
0.696385458538169 0.203845698648522 0.0662552783031308 0.0335135645101779
0.358190041372928 0.15501627910326 0.270375278653588 0.216418400870224
0.175990913005181 0.36636223316768 0.384219823087353 0.0734270307397856
0.0494253047308111 0.407663398790342 0.358894026531687 0.18401726994716
0.185731646884858 0.304929552305276 0.449037702392328 0.0603010984175376
0.288755599994883 0.216961918906305 0.223509076012211 0.2707734050866
0.409430640289938 0.180364691817612 0.309437839021373 0.100766828871077
0.175158001719708 0.35831828356976 0.161951805217613 0.30457190949292
0.199240494268202 0.38488948139476 0.324568760016238 0.0913012643208001
0.0755871232050376 0.383745976224687 0.294484975177058 0.246181925393217
0.190442088706036 0.317117131587164 0.153084184048756 0.339356595658045
0.272925088768268 0.353829364472111 0.287062915954576 0.0861826308050451
0.135844178249874 0.526400769264115 0.103993641505365 0.233761410980645
0.549845038710967 0.137118215000691 0.069640641150419 0.243396105137923
0.506117556101654 0.0409503761735852 0.233465822394021 0.219466245330739
0.0410121631261292 0.3587239534697 0.241354843741839 0.358909039662332
0.181007621614564 0.249517072732881 0.271449962475324 0.298025343177231
0.258593415020747 0.141813930400242 0.32504700372294 0.274545650856072
0.413931801912327 0.206834255640244 0.258447182345202 0.120786760102227
0.344780672118882 0.0935171795879678 0.288789140250382 0.272913008042769
0.336803701432553 0.442513195583052 0.192495817070613 0.0281872859137821
0.00522158013667947 0.498176945010232 0.269612345515903 0.226989129337186
0.43375891959633 0.115862224127654 0.322287756174027 0.128091100101989
0.222944620796865 0.32865545813725 0.239586912212085 0.208813008853801
0.468003335519282 0.186764361150615 0.217457485947614 0.127774817382489
0.0355202112291337 0.143925707438151 0.413418636050476 0.407135445282239
0.15021533256845 0.301367570798995 0.377601385482023 0.170815711150531
