0.14192258137404 0.0314145161206553 0.290499232833799 0.536163669671506
0.101644273530396 0.436867695810514 0.17717734160077 0.28431068905832
0.17537168101454 0.370561495054034 0.189330648760179 0.264736175171248
0.29117071392728 0.1880884659933 0.34858541393918 0.172155406140239
0.421502371045102 0.382394884330642 0.0503119754687908 0.145790769155465
0.103703540376052 0.419914314506887 0.0138414587560441 0.462540686361016
0.174632963155918 0.475978933981085 0.335586023573749 0.0138020792892489
0.336349910986949 0.192094502856689 0.252609362880799 0.218946223275563
0.158858817834655 0.229640247217654 0.299254926761473 0.312246008186218
0.0691365735357594 0.218573836436749 0.581545043983584 0.130744546043908
0.0300117050095908 0.160389326235229 0.377149357628459 0.432449611126721
0.355640441909892 0.235911713423396 0.302120897559282 0.10632694710743
0.235830286119025 0.336776823322018 0.368679838739519 0.058713051819439
0.156846556168991 0.18680137301245 0.285385090745045 0.370966980073514
0.143402704073443 0.21249097813769 0.30302648122913 0.341079836559737
0.237094315022097 0.47764407123746 0.0529868629403497 0.232274750800093
0.151652251539222 0.165086386647894 0.329248151191048 0.354013210621836
0.293280513728866 0.177154782765169 0.344047615697219 0.185517087808746
0.121674726985053 0.282302958606613 0.104145148247473 0.491877166160862
0.0222033167812628 0.162227845341222 0.282888876770613 0.532679961106902
0.0557612906648646 0.500280194084519 0.216213963540965 0.227744551709651
0.299115013141328 0.300976087610288 0.185123685650094 0.21478521359829
0.121984808180134 0.351010804480467 0.327335395570299 0.1996689917691
0.0964140634600998 0.254878666946215 0.173405867805781 0.475301401787904
0.226010263837747 0.427224994009249 0.259910443173897 0.0868542989791074
0.362221405534289 0.241686334518244 0.240523017770427 0.155569242177041
0.349921949478293 0.139747813637454 0.349526907215223 0.160803329669031
0.245138046915136 0.351254268963795 0.0507046971410086 0.35290298698006
0.277632114595892 0.0523708627628851 0.371049761529162 0.298947261112061
0.100659498384042 0.361163007280967 0.311471544375334 0.226705949959657
0.513401207145599 0.139139870851808 0.149200683285472 0.198258238717121
0.401672221493511 0.269994167895059 0.12647372453085 0.201859886080579
0.281244676653012 0.288357669820232 0.00807912169520889 0.422318531831547
0.252872738253547 0.117595175038918 0.0845846401011138 0.544947446606421
0.456574193442537 0.0632477638028352 0.375711022514795 0.104467020239833
0.389162170956417 0.138085520784087 0.38046467308573 0.0922876351737656
0.4185244746656 0.10117594650746 0.0532421292503817 0.427057449576559
0.0562041671535168 0.615953355905875 0.162490330624626 0.165352146315983
0.0721234917592544 0.312422345632254 0.330514329335654 0.284939833272837
0.201216235969647 0.377729195077395 0.12624769730904 0.294806871643918
0.32903685390363 0.321248268969414 0.158888709431976 0.19082616769498
0.410733546861936 0.186850322726016 0.199405045977529 0.203011084434519
0.407156380874629 0.309870030789528 0.20864390124337 0.0743296870924732
0.373281125330649 0.101525858251337 0.139069797283594 0.38612321913442
0.0312590455408795 0.702039420709643 0.0596082181475894 0.207093315601888
0.239774176879601 0.12868663874979 0.161013327048843 0.470525857321767
0.428810830016145 0.242014215977807 0.248850448511189 0.080324505494859
0.408357125684615 0.017473535584323 0.327494458334977 0.246674880396084
0.286738707315258 0.274935375997835 0.311405821711302 0.126920094975606
0.136838098059094 0.274674550300521 0.291891178304926 0.296596173335459
0.146791172920026 0.29681516651681 0.0940590483500396 0.462334612213124
0.374930995088861 0.165631001872625 0.144169739595001 0.315268263443513
0.373312458837032 0.349890826788065 0.0682021141606148 0.208594600214288
0.116886928423291 0.206030083165319 0.30052360971864 0.376559378692749
0.0756178891642301 0.0978246777108183 0.457683570271863 0.368873862853088
0.0784818066812926 0.211982701225397 0.388719213331468 0.320816278761842
0.294813283399983 0.409860279703494 0.122450029019795 0.172876407876729
0.0991758895683292 0.344155824856186 0.369593367515677 0.187074918059808
0.389934419168286 0.389718581240377 0.202835268522804 0.0175117310685329
0.409360367842949 0.315862666645152 0.170349162167056 0.104427803344843
0.403651252048657 0.434243416523676 0.0101392880499055 0.151966043377762
0.156435169629994 0.0748975130890106 0.557004400921986 0.21166291635901
0.364841280827649 0.110100963109385 0.402137507389071 0.122920248673894
0.266367916609995 0.398662148024673 0.294166328037261 0.0408036073280711
0.269192424462944 0.303815129609013 0.105185833406618 0.321806612521425
0.268833177750559 0.122595364865341 0.398849996682677 0.209721460701422
0.344434260926462 0.137173029080736 0.268688501769685 0.249704208223116
0.0962791854826369 0.53478876864251 0.363357153114986 0.00557489275986681
0.254277231445144 0.243101326564942 0.269663926686132 0.232957515303782
0.240400917441327 0.0900539272615218 0.40209207388431 0.267453081412841
0.0161747611648487 0.357406875547265 0.338961526511262 0.287456836776625
0.344996133407321 0.251487014560364 0.248474482220018 0.155042369812297
0.198509831410997 0.251703713936451 0.417607328794883 0.132179125857669
0.195797249538021 0.162965418812417 0.368052058970199 0.273185272679363
0.446988169093298 0.304969404378783 0.189589446761686 0.0584529797662329
0.333596548726095 0.0446750661128023 0.292603992529742 0.329124392631361
0.262978591883251 0.227824198826126 0.113610772141597 0.395586437149025
0.0025714458368157 0.228969661922104 0.1165174066616 0.65194148557948
0.0100693675600026 0.600000067763874 0.0353747320257954 0.354555832650328
0.0363045653882921 0.293708877048059 0.17477540109196 0.495211156471689
0.300325760369259 0.445865667765461 0.219439558008485 0.0343690138567948
0.103866517615352 0.401113423352624 0.0566468667798435 0.43837319225218
0.0388292877666283 0.238800000723694 0.37154901841472 0.350821693094958
0.413926578195552 0.0709263614718574 0.290691610111914 0.224455450220676
0.195832304424668 0.0995604209522633 0.127240979135172 0.577366295487896
0.320414814779524 0.267359112075978 0.18855083159564 0.223675241548858
0.34427130895141 0.17620307045256 0.283865263377237 0.195660357218793
0.0670400363214368 0.300979192846613 0.179773307054071 0.452207463777879
0.379777066725744 0.00416516909277656 0.0303569565183097 0.58570080766317
0.0445080843430771 0.313778834184798 0.367376847620011 0.274336233852114
0.467813100156693 0.257593302681234 0.262569113864516 0.0120244832975568
0.271729383003933 0.325260030592353 0.0945859198783879 0.308424666525326
0.252799559000736 0.337322775717772 0.0232417224465081 0.386635942834984
0.14076609566575 0.750586981588079 0.0950018963639798 0.0136450263821918
0.242718836573113 0.400050238148822 0.274928646445247 0.0823022788328178
0.222181489826757 0.348511110919384 0.241816067290247 0.187491331963613
0.185725169288804 0.139725550483674 0.310949016115241 0.363600264112282
0.337598726035075 0.0739810266841413 0.564496022497444 0.0239242247833402
0.0448033520472459 0.285966225435893 0.421761463092523 0.247468959424338
0.144596885167468 0.209671592981714 0.262165065217573 0.383566456633245
0.365781635260287 0.139001742046918 0.427252270134993 0.0679643525578021
0.331258468281666 0.398310033088962 0.189281304990923 0.0811501936384494
0.226823599913864 0.354747338015425 0.223133892238603 0.195295169832108
0.252942778690682 0.171481932359623 0.363032520533 0.212542768416695
0.00212051421522411 0.459527873817335 0.0347360960733126 0.503615515894129
0.0978571047348501 0.514092941571398 0.24231045635202 0.145739497341732
0.109362356948703 0.426131004147809 0.0262178325228873 0.438288806380601
0.122082526577486 0.186120752665239 0.292229465963279 0.399567254793996
0.192341179198276 0.21584757562445 0.254847913034478 0.336963332142796
0.340100090446381 0.274510290751598 0.227491169656867 0.157898449145154
0.302315364670287 0.450433359606398 0.110568860873044 0.13668241485027
0.0955994230962708 0.340224392113503 0.316244635210978 0.247931549579249
0.0223154917260655 0.302133647480699 0.450620538489903 0.224930322303332
0.424440322967249 0.344547439737409 0.0883861550476149 0.142626082247726
0.214287650870977 0.361808067753084 0.378462974392334 0.0454413069836057
0.322702782649308 0.0153679532421299 0.527388265052347 0.134540999056215
0.298649051747644 0.28856248433197 0.16423865371736 0.248549810203026
0.48606023111131 0.149552441492506 0.26197101817661 0.102416309219574
0.145983513021564 0.39460824673437 0.242606332288225 0.216801907955841
0.0445958619324456 0.0954140062354654 0.414610690743915 0.445379441088174
0.23404908282358 0.287729691178215 0.167683921658756 0.310537304339449
0.0778934693057178 0.00112355726413833 0.516105537749937 0.404877435680207
0.30318844632061 0.164366077686792 0.228528052429932 0.303917423562666
0.255202886310751 0.297750103979839 0.0236249173905789 0.423422092318831
0.0693643660903587 0.17602720888411 0.600067124589862 0.154541300435669
0.373053867749782 0.15863795865783 0.379936240064578 0.088371933527809
0.436555075685292 0.103096779336434 0.0513373543739159 0.409010790604359
0.269393950477155 0.02892308946687 0.369478919423955 0.33220404063202
0.0249395740066773 0.299102843595464 0.26750243571654 0.408455146681319
0.265515786617974 0.333549155829485 0.321696176090951 0.0792388814615905
0.407766760007006 0.0121431866539625 0.267582279546111 0.312507773792921
0.308825197981028 0.266539593826656 0.193356917571257 0.231278290621059
0.0766800249667845 0.489952572617907 0.0491798231191906 0.384187579296118
0.269586351960978 0.537165678469097 0.0141420578042301 0.179105911765695
0.37409623437385 0.0918113074060503 0.400636011310202 0.133456446909897
0.263522610683103 0.224188562117263 0.30234297233683 0.209945854862804
0.463620313494812 0.147843991430335 0.00348079025365314 0.385054904821199
0.146780144999548 0.551050749355528 0.0961575421352901 0.206011563509634
0.0831458411599623 0.0133725603031127 0.487104175443547 0.416377423093379
0.192629036329684 0.199344571054168 0.309215945288388 0.298810447327759
0.14468732075269 0.539133564062731 0.0350775601980635 0.281101554986515
0.746937709616866 0.0266343912074301 0.0452564236311429 0.181171475544561
0.0511299980198427 0.152162708559085 0.415925531225884 0.380781762195188
0.276967923436335 0.121097380277344 0.355413771741025 0.246520924545295
0.22052645119297 0.177642406900148 0.324333554961936 0.277497586944947
0.0255459369581601 0.309738802124396 0.235322263378593 0.429392997538852
0.0591344285651496 0.427228061870727 0.276247813017167 0.237389696546957
0.228362941075784 0.43683788798028 0.132089854718921 0.202709316225015
0.240170697138055 0.112273665530932 0.24596787766877 0.401587759662243
0.18500537686238 0.253599146508569 0.0741548114265709 0.48724066520248
0.118221310170689 0.0831613488777768 0.169198508644556 0.629418832306977
0.054346410342015 0.338124042227002 0.283461813794434 0.324067733636549
0.0958466267767454 0.528835350753783 0.0336255320456038 0.341692490423868
0.117402522061286 0.315259016526254 0.30177340205797 0.265565059354489
0.349737578940974 0.250815622138822 0.362160918928226 0.037285879991979
0.23694347483819 0.278008669303231 0.229357720459223 0.255690135399356
0.0681567019342807 0.163604251056296 0.381118073182219 0.387120973827204
0.412268738872471 0.0934500491919868 0.445346422523626 0.0489347894119157
0.192358990901832 0.335950453962652 0.271767134194463 0.199923420941053
0.169895978860588 0.371435066274499 0.102263884392899 0.356405070472014
0.0541301328124396 0.0804125255549126 0.53493434319128 0.330522998441367
0.248860850196072 0.391558560388013 0.223130478380768 0.136450111035147
0.287170379486645 0.277966496562202 0.331937870105443 0.102925253845709
0.38676695165363 0.368377953306522 0.0314074740955691 0.213447620944278
0.0130671906414599 0.364155361230794 0.382126914273564 0.240650533854182
0.434253784813196 0.168379151079064 0.287378784145848 0.109988279961892
0.18397277324571 0.42952370353728 0.204625928837897 0.181877594379113
0.179712578594756 0.248322281827598 0.303160255359048 0.268804884218599
0.0996997733731945 0.490037246588236 0.0853005475074659 0.324962432531103
0.399821818402026 0.20609235499221 0.268476625494733 0.125609201111031
0.40415250229104 0.259581047462534 0.0865900751201784 0.249676375126247
0.0581797846721608 0.536274234947775 0.170731020357978 0.234814960022086
0.10410247231056 0.246965812479218 0.142136237405113 0.506795477805108
0.277378284681106 0.257390577654943 0.267960951108779 0.197270186555172
0.176519707901566 0.297967176243763 0.452252431938552 0.0732606839161197
0.13695963195361 0.374293472806312 0.164641067577287 0.324105827662791
0.194150634103708 0.220995778065458 0.23133998644132 0.353513601389515
0.115393890237766 0.422822929815713 0.0376725408074858 0.424110639139036
0.293915619432768 0.00317617532201692 0.406705496013995 0.29620270923122
0.205626063568924 0.28984851175899 0.371577376105123 0.132948048566963
0.259788750365396 0.340380292975795 0.313527556614989 0.0863034000438202
0.298384463315932 0.314657272625303 0.0289223735716739 0.35803589048709
0.30633769661477 0.121472903547545 0.296006224472536 0.276183175365148
0.291819482351722 0.13417454119444 0.237143334875656 0.336862641578182
0.0777474751319979 0.0418476255426391 0.518891931240506 0.361512968084857
0.163417341780425 0.274553843379345 0.290599023211545 0.271429791628686
0.275914262694568 0.2466505344606 0.443840519165769 0.0335946836790623
0.409811175602748 0.0135184081275139 0.255768940296354 0.320901475973383
0.677054133453713 0.149330712553408 0.00681579099868647 0.166799362994193
0.00560457924321052 0.331518750485933 0.435028980989996 0.227847689280861
0.392447325940718 0.191909622848862 0.199430598171784 0.216212453038636
0.217618618620949 0.291504021545398 0.306555380824173 0.18432197900948
0.0282958176176079 0.350560529267747 0.474196889423877 0.146946763690769
0.363282240405485 0.173034926927812 0.330978061525162 0.132704771141541
0.217127028772738 0.444769888989279 0.242301736610575 0.0958013456274076
0.402504101014737 0.445000988090446 0.0465469822443086 0.105947928650508
0.275657588798974 0.100483680758286 0.342721360395742 0.281137370046998
0.0725420087468918 0.125838401640873 0.429391073649394 0.372228515962842
0.0444104013100814 0.534126399002845 0.162835842756757 0.258627356930317
0.381406663806202 0.178722302830873 0.163171670746453 0.276699362616472
0.0347873992403436 0.427987378823047 0.169402239706624 0.367822982229986
0.362549547219166 0.361209944824121 0.25449645288305 0.0217440550736634
0.40966949638766 0.399018152262087 0.03958270463376 0.151729646716493
0.212272273994954 0.235960734291205 0.290070815792678 0.261696175921163
0.347170911365019 0.0486638715843734 0.234581317207884 0.369583899842724
0.0296080258419621 0.298590284987093 0.185870970181286 0.485930718989659
0.350886184559012 0.0324365850262394 0.399113190632324 0.217564039782425
0.397858352267393 0.0607642316181174 0.228606507608612 0.312770908505878
0.307943500654185 0.344772637739108 0.0663424843399505 0.280941377266757
0.22153713550403 0.0817741010649624 0.316734206336378 0.37995455709463
0.489812020469978 0.250494577921813 0.205418761784937 0.0542746398232724
0.0157158006941391 0.403961508269899 0.256781990821274 0.323540700214688
0.0477680033903559 0.330849547800714 0.173279571046883 0.448102877762047
0.334256195334828 0.499657892335334 0.0120410099337856 0.154044902396053
0.116278606718482 0.130461021701615 0.217917098180586 0.535343273399317
0.381644447197645 0.254697239636242 0.192649030906289 0.171009282259824
0.328872761694068 0.365975215762634 0.233539321086153 0.071612701457145
0.272174366432066 0.278278822856848 0.173864839186942 0.275681971524144
0.163656375145738 0.300545596345052 0.266496554022502 0.269301474486708
0.288674746901084 0.0487670349203865 0.289243936376345 0.373314281802185
0.299237833700284 0.35778565070813 0.266523460638233 0.0764530549533526
0.384593861244634 0.00176316041793811 0.119985327379023 0.493657650958405
0.38469890291041 0.337515590464838 0.237333362749538 0.0404521438752139
0.277476100216875 0.239710059726057 0.0170836086283099 0.465730231428758
0.0560368509058054 0.315182121170232 0.294088521878635 0.334692506045328
0.0124840597986136 0.431443092484187 0.265518236671758 0.290554611045442
0.238721017400105 0.158585921465294 0.0909834662836495 0.511709594850952
0.188345338269415 0.188661724716873 0.268892279842262 0.35410065717145
0.341675576151931 0.106452087310846 0.296748561532121 0.255123775005103
0.143477096229375 0.372524940826977 0.271811532629626 0.212186430314022
0.279225702251692 0.405392594361927 0.0191671635639016 0.29621453982248
0.38277393763774 0.343993036341496 0.198647346979526 0.0745856790412382
0.166473344034928 0.308783851891319 0.289348469831728 0.235394334242025
0.359276465496428 0.318265256588884 0.303951583906634 0.018506694008054
0.144561701339035 0.15281425658744 0.562333305588363 0.140290736485162
0.158297993239671 0.466763119006639 0.316004953757563 0.0589339339961266
0.307080469292946 0.119892215962145 0.326672833643369 0.246354481101541
0.554889918810397 0.386503009203177 0.0392706521185321 0.0193364198678939
0.368429483049924 0.256178244334234 0.108858640248949 0.266533632366893
0.255194240323275 0.203019085228232 0.271820096465009 0.269966577983484
0.0816733969820926 0.354180287213359 0.321434827632926 0.242711488171622
0.0608598455738172 0.427631560210071 0.338897112402473 0.172611481813639
0.305856065844273 0.116710677442082 0.302978257658209 0.274454999055437
0.278336558149421 0.428037234847137 0.0780774684123357 0.215548738591106
0.443900997261755 0.131413616918005 0.0939171301930151 0.330768255627225
0.667876942700494 0.0599610944597175 0.219693156135574 0.0524688067042148
0.223974310995701 0.0515490729167152 0.326870500293581 0.397606115794002
0.427524525464112 0.0748861493742211 0.301045549096348 0.196543776065319
0.452713291363541 0.126970178454709 0.16179745169521 0.25851907848654
0.160151054721602 0.262930948394573 0.343155018257741 0.233762978626084
0.19930328333332 0.428882126513768 0.208151712882379 0.163662877270534
0.0930602152964227 0.272705192309171 0.220279155048853 0.413955437345553
0.222985317618155 0.16962932432431 0.545107810616152 0.0622775474413827
0.144867781041309 0.374144065867011 0.389983598494849 0.0910045545968318
0.143040340525342 0.314057092687947 0.424888136855514 0.118014429931197
0.310813644585113 0.299898284307258 0.267583826228064 0.121704244879565
0.411699297825382 0.38376401180179 0.0517515254505886 0.152785164922239
0.147047004069903 0.244294143059224 0.397468458794525 0.211190394076348
0.0173778315041212 0.281942479325612 0.515815063769111 0.184864625401155
0.0603593918223945 0.492813733548379 0.442314827710269 0.0045120469189573
0.249984741179996 0.427546265110464 0.180685886238776 0.141783107470765
0.303033633115356 0.239881507063968 0.15440951694876 0.302675342871916
0.156296029196021 0.354943205181153 0.433507096845862 0.0552536687769635
0.265580680182306 0.102082523424362 0.324933896927718 0.307402899465614
0.28971712158011 0.0817125379129319 0.500148765430848 0.12842157507611
0.460258071539659 0.416381218659644 0.116581447748498 0.0067792620521986
0.615573209676907 0.095298392634356 0.102426031075116 0.186702366613621
0.305297855472728 0.0101814875479636 0.331233206594635 0.353287450384674
0.561017356805252 0.229025840721432 0.13713880865561 0.0728179938177056
0.748117571151259 0.0267701036770309 0.00324340607357007 0.22186891909814
0.245474582310347 0.254328396092847 0.240152484555213 0.260044537041594
0.133144868668466 0.27881882451588 0.355730537272861 0.232305769542793
0.208286228082624 0.465881436970062 0.135839879064699 0.189992455882615
0.206965268257564 0.339262797827385 0.206513296622345 0.247258637292706
0.266401562516097 0.146886132135523 0.295661494077454 0.291050811270926
0.0420967487330802 0.0190579220686837 0.502465691265244 0.436379637932992
0.333810359605122 0.111543607517044 0.186306019520479 0.368340013357355
0.28012450413875 0.285973760236682 0.295763717425789 0.138138018198779
0.45569120027013 0.438004361060999 0.0323648856562763 0.0739395530125943
0.12116530544005 0.254704750253972 0.472994913404656 0.151135030901321
0.297225815547323 0.207337458053651 0.37340991416032 0.122026812238705
0.583861379636552 0.152257074863508 0.229422062241434 0.0344594832585057
0.379870456595424 0.150078462731856 0.0680391836192219 0.402011897053498
0.430445817114215 0.28072379721787 0.154382944766951 0.134447440900964
0.373650901724235 0.340346968004646 0.0993042113305995 0.186697918940519
0.0537831375178346 0.323893443369002 0.401970269243718 0.220353149869445
0.157283272813983 0.365799035146265 0.310227395775586 0.166690296264166
0.257876980854316 0.321022609214417 0.233656457784625 0.187443952146643
0.180273824011495 0.423550851725671 0.017266117183245 0.378909207079589
0.253123191376872 0.0524497148763103 0.181359042018385 0.513068051728433
0.431366029858254 0.151072596611321 0.356602804108906 0.0609585694215184
0.16934245573443 0.123447095778514 0.420629861598309 0.286580586888747
0.0343433258117775 0.0503919768514991 0.398423834641114 0.516840862695609
0.480210585030689 0.242911614927663 0.0723214403429437 0.204556359698704
0.349569097416626 0.0122654120850017 0.599989872451931 0.0381756180464414
0.0327562417587428 0.0667469721380225 0.287850218793024 0.61264656731021
0.497476395010982 0.055336953496002 0.321560933739435 0.125625717753581
0.325949891933228 0.198756914646413 0.0342105361128517 0.441082657307507
0.319870309059516 0.153325272938386 0.138367603483908 0.38843681451819
0.252233822675227 0.172876091245288 0.295754044436261 0.279136041643224
0.401341795839579 0.0120395673205693 0.0770887758653667 0.509529860974485
0.207251866719329 0.38206762471864 0.162880349217371 0.24780015934466
0.291317218425566 0.234770806839135 0.184636767720995 0.289275207014304
0.166449089862189 0.381883479094512 0.0818773828205233 0.369790048222776
0.406881437816325 0.26070593992121 0.14539661755986 0.187016004702605
0.0702704541302007 0.141570998092558 0.249797443800648 0.538361103976593
0.296208118872824 0.328079840127219 0.189875699725996 0.18583634127396
0.476180172131689 0.175562933740743 0.256817034320367 0.0914398598072007
0.155863192720291 0.279422868136653 0.471835843939955 0.0928780952031015
0.239042346264741 0.279310934375693 0.247099408323364 0.234547311036202
0.166905826111077 0.327718900429626 0.1636846545625 0.341690618896797
0.0816256060622455 0.338062060564142 0.343504121305553 0.236808212068059
0.0696072930894523 0.183904066041876 0.274409698150204 0.472078942718468
0.296975369447421 0.367727487256985 0.207175403752739 0.128121739542855
0.308084790726081 0.139014467214248 0.166236489090806 0.386664252968864
0.160957387852584 0.249562523135111 0.295369656404155 0.29411043260815
0.288033476047915 0.263143524410822 0.182638696515226 0.266184303026036
0.317640161318986 0.16064543336012 0.169473331796342 0.352241073524552
0.0527435197105447 0.366571516488352 0.244448175499465 0.336236788301639
0.25347484366111 0.271747086448231 0.239302581920394 0.235475487970265
0.178409569173206 0.480972820293007 0.240011729338668 0.100605881195119
0.342209602556184 0.0685787970925069 0.35683972556643 0.232371874784879
0.339245751446101 0.359789130799899 0.0227237230650025 0.278241394688998
0.320416583985975 0.00438037720129756 0.50463891484516 0.170564123967567
0.208043664864368 0.324796814584159 0.389784026701219 0.0773754938502548
0.329772335240858 0.300026420392766 0.137365465154366 0.23283577921201
0.31536933473453 0.228457599409278 0.335409656234864 0.120763409621328
0.119566118342482 0.610808786846824 0.174126611284676 0.0954984835260188
0.294289869483092 0.0797683587888785 0.189549903389761 0.436391868338268
0.212153971575701 0.443500189330046 0.20756651606991 0.136779323024343
0.359920116065233 0.299087717255277 0.282260010476892 0.058732156202597
0.12410442881221 0.332316849551252 0.446452938441627 0.0971257831949114
0.405117877795164 0.102337988937248 0.132454900631708 0.36008923263588
0.383938347898632 0.280685728895223 0.0344380481407574 0.300937875065387
0.163075651352494 0.373558381472514 0.278721057386653 0.18464490978834
0.204142762320229 0.395761621218615 0.268644102625695 0.131451513835461
0.3197585727381 0.22224637709931 0.180378601954165 0.277616448208425
0.290268239832148 0.312030542456828 0.162687733062604 0.23501348464842
0.067498150787548 0.0457827582459972 0.433782022681858 0.452937068284596
0.508777166193798 0.284448764862908 0.172919877773126 0.0338541911701683
0.152447123414045 0.203448963708424 0.571193185528677 0.0729107273488536
0.16640288183683 0.381158780718062 0.243840497470472 0.208597839974636
0.272870957316905 0.00193961581214519 0.485757445201339 0.239431981669611
0.501303613969956 0.00965385763123776 0.273518677717222 0.215523850681584
0.128436308315697 0.0491200562422708 0.364407642179365 0.458035993262667
0.223417447224464 0.476653606123055 0.00501119887775227 0.294917747774728
0.225861603747129 0.132934282401871 0.334987402638711 0.306216711212288
0.0505484249500795 0.0716916356724855 0.364713193307799 0.513046746069636
0.390180434432551 0.185926751974866 0.113355165727012 0.31053764786557
0.162946261540552 0.245304374522985 0.282071258572823 0.30967810536364
0.200181807060272 0.37408560730583 0.351006250262977 0.0747263353709212
0.0609563674552382 0.712571483158965 0.205373821267759 0.0210983281180372
0.111849382487966 0.446386275221302 0.250843855077789 0.190920487212943
0.0679524083628887 0.227412857257209 0.275177106957201 0.429457627422701
0.203013847136979 0.336977693378961 0.411092994480164 0.0489154650038965
0.123934943670855 0.110656788646971 0.208174628260005 0.55723363942217
0.143091444978443 0.159223457966655 0.224788313362019 0.472896783692882
0.240335343711932 0.173882896760428 0.30343609671418 0.28234566281346
0.383734584048422 0.553555795387886 0.0327624567320228 0.0299471638316688
0.0893895953766273 0.482300614541002 0.396116579271542 0.0321932108108291
0.266756394977028 0.0106662200348037 0.0760394666824969 0.646537918305671
0.335117425038051 0.237409190206052 0.127783345651614 0.299690039104284
0.420979360134087 0.347833112324034 0.216373081227574 0.0148144463143051
0.302479194566931 0.0898843273745817 0.403225317384933 0.204411160673555
0.0219355100171926 0.158956215799082 0.318818666643301 0.500289607540424
0.392891543329173 0.0288038529758246 0.473252157369554 0.105052446325448
0.618837730586412 0.0466979678789395 0.263265717044464 0.0711985844901849
0.194182508456334 0.40593635787128 0.124779313713134 0.275101819959253
0.463200602612763 0.502408841325277 0.030831482441911 0.00355907362004898
0.465427007634948 0.0567359850936453 0.131333321562806 0.346503685708601
0.437746085113212 0.150374623422578 0.11399760686426 0.297881684599949
0.342275545938751 0.269255045079788 0.253842579671947 0.134626829309514
0.15911808032713 0.294484212931151 0.220451232104373 0.325946474637345
0.093339493380458 0.411942999536435 0.178097039956312 0.316620467126796
0.401476108597299 0.206525040665147 0.011285218866219 0.380713631871334
0.335544063762343 0.115972579404182 0.342509522305045 0.20597383452843
0.366087134537723 0.060747479413084 0.276362488090999 0.296802897958194
0.343023578582087 0.0348385142114065 0.342896984991256 0.27924092221525
0.235546400051405 0.52127736069975 0.125366394286387 0.117809844962458
0.348443677628205 0.171972446613773 0.257384470720983 0.222199405037039
0.0467912167121506 0.380339547186414 0.186605496611253 0.386263739490182
0.231916425054383 0.274923198999277 0.111910519571626 0.381249856374714
0.60782402164254 0.05678700181689 0.0192446479268019 0.316144328613768
0.604023703863951 0.294407218486842 0.0609432239766556 0.0406258536725506
0.282092080802111 0.231075074833005 0.236107364986062 0.250725479378821
0.298154360834929 0.234367307030819 0.234610985329484 0.232867346804768
0.184298140465639 0.400894405530077 0.247018095515227 0.167789358489057
0.406356240035621 0.106232470435411 0.111669128868967 0.375742160660001
0.306604478023355 0.147870198967733 0.260676667928743 0.284848655080169
0.104405193438808 0.254705765974928 0.178023704217349 0.462865336368914
0.294630922496296 0.0265166014677204 0.371426653936941 0.307425822099043
0.181821037234262 0.180798527676199 0.334831967436901 0.302548467652638
0.453286081864996 0.0189796067486692 0.0236909238965724 0.504043387489762
0.266434978520033 0.332901459381018 0.394868755370138 0.00579480672881121
0.130139047523136 0.370753299153228 0.00985153216889218 0.489256121154744
0.223460717111334 0.329295115696444 0.339826055399881 0.107418111792341
0.0907053989217675 0.145629694133055 0.404049738847063 0.359615168098115
0.361321078396105 0.125824460826866 0.116331606865515 0.396522853911514
0.499385578384833 0.176067570395517 0.256807367028544 0.0677394841911057
0.344289061565421 0.352318025690058 0.235377237736817 0.0680156750077039
0.222334772271229 0.3847944785459 0.132167358948601 0.260703390234269
0.117443929724795 0.123357836496022 0.367077493674767 0.392120740104416
0.105855918863846 0.259861234744086 0.360779515027315 0.273503331364753
0.180923482296852 0.272425955423633 0.337349579009699 0.209300983269816
0.243900697140417 0.0553214560050319 0.360788090481701 0.33998975637285
0.152036261189441 0.339608971050303 0.229593877710921 0.278760890049334
0.0261091916253838 0.39493153963676 0.384681847400571 0.194277421337285
0.136046590160466 0.309703050156152 0.382610159883668 0.171640199799713
0.203068334523626 0.170382189942986 0.269445518833643 0.357103956699744
0.266651072870351 0.347054551958821 0.000809934984487966 0.385484440186341
0.0598311257540895 0.376199658677082 0.277721098972591 0.286248116596237
0.109139111603462 0.0816420503172568 0.273959096839458 0.535259741239823
0.291065860880593 0.47664168666519 0.105955374235333 0.126337078218884
0.215388172215204 0.235857343374363 0.217686023673513 0.33106846073692
0.426018499038754 0.25026502963788 0.110159007551577 0.213557463771789
0.0676371183390015 0.240148446368959 0.407008881268094 0.285205554023945
0.352857535905163 0.0444661904978169 0.214272187130506 0.388404086466514
0.164348224909597 0.221582964149791 0.199410313827216 0.414658497113397
0.230383881697886 0.530999517346697 0.170479425178337 0.0681371757770791
0.430002282885084 0.0980751638886185 0.245575124019693 0.226347429206604
0.338363561865231 0.233814469154985 0.302927342153743 0.124894626826041
0.376762281418324 0.270825276191022 0.127396923700489 0.225015518690164
0.375413897032178 0.0338945398995672 0.567498882297279 0.0231926807709757
0.0632667148799829 0.07643676880879 0.574614417371946 0.285682098939281
0.441079131727959 0.0992548480981009 0.375813987919106 0.0838520322548342
0.266005556089279 0.494168734674302 0.120446363117629 0.119379346118789
0.175006150941494 0.131525237466097 0.317476696460504 0.375991915131905
0.439617116944759 0.304041455016188 0.165590536615606 0.0907508914234477
0.42034878698931 0.0669371028792731 0.271082019910168 0.241632090221249
0.382154450061676 0.298059641954422 0.115714318361783 0.204071589622118
0.403400001991716 0.136718302670784 0.258343994565463 0.201537700772037
0.118902129351281 0.222791319614788 0.309229622729799 0.349076928304132
0.00890876504301937 0.320173828396186 0.395257303418954 0.275660103141841
0.431705122116364 0.0183912287020033 0.41786090511363 0.132042744068003
0.0950813216139504 0.280941097713635 0.304232745838796 0.319744834833618
0.150638321948212 0.244365253604142 0.413896688520936 0.191099735926709
0.360747844028753 0.245135716125392 0.311784928142018 0.0823315117038373
0.174601051933948 0.263909447189286 0.211649436741221 0.349840064135544
0.296786588724693 0.295217346575367 0.157019589835664 0.250976474864276
0.138633910462234 0.569864439540901 0.143608636247502 0.147893013749363
0.290775283966161 0.0149271244318284 0.310043180944226 0.384254410657785
0.294757415057748 0.119046224288245 0.355451371447395 0.230744989206611
0.0706095251847742 0.327971957536676 0.218719306815412 0.382699210463138
0.066381820967671 0.43699795753525 0.0780830345064016 0.418537186990678
0.444460136809506 0.156317904599974 0.265804846430563 0.133417112159957
0.282748605261798 0.216627899593355 0.182182406023704 0.318441089121142
0.0156328609508414 0.852892214482376 0.0862664519287261 0.0452084726380564
0.153379399064987 0.369570917465543 0.156147300025969 0.320902383443501
0.426531738909369 0.124466589769805 0.393388525133745 0.0556131461870811
0.0951195607265147 0.374515295400763 0.149180773354783 0.381184370517939
0.338531047583221 0.311245644592249 0.108734642502757 0.241488665321774
0.300866449680533 0.284160700631773 0.322322980102061 0.092649869585633
0.343241616638115 0.101264127568511 0.26102386871729 0.294470387076085
0.316451584038226 0.301787691867053 0.189890675240708 0.191870048854013
0.157699372096781 0.191910705474315 0.244640358404127 0.405749564024776
0.196712124923475 0.506526880025281 0.0263630601936614 0.270397934857582
0.132549675249108 0.0179272976568731 0.397519252985516 0.452003774108503
0.172413622070076 0.354931412144021 0.287649083037329 0.185005882748574
0.0465281088252749 0.421932984748469 0.475336756555468 0.0562021498707882
0.41291685494628 0.415095218647136 0.116726675525856 0.0552612508807274
0.326146277836841 0.208052184468543 0.384298143711005 0.0815033939836115
0.455856846662615 0.00497049210572338 0.253466693066613 0.285705968165048
0.110609168462423 0.329103554483751 0.225444210464013 0.334843066589813
0.2988064762531 0.355558619969699 0.028273795648058 0.317361108129143
0.283868834007343 0.173393039864003 0.147445362866636 0.395292763262018
0.35251414961877 0.152962668947137 0.281694492683448 0.212828688750645
0.275844095402642 0.14134787483819 0.0443564347781822 0.538451594980986
0.696581719322153 0.0515413418561567 0.228287910446241 0.0235890283754493
0.15411818041942 0.344341861787438 0.243770353551437 0.257769604241705
0.103448016467075 0.621082280757522 0.145680068218534 0.129789634556869
0.220616682625349 0.428259706366868 0.283444413778334 0.0676791972294489
0.199053094690727 0.364088137829509 0.422133622088264 0.0147251453915002
0.0209597541909706 0.724164767252979 0.0973105129124311 0.157564965643619
0.495888666023939 0.00126336211315274 0.414300287818653 0.0885476840442552
0.408246968386041 0.133914997251561 0.378919287908753 0.0789187464536444
0.29985784448856 0.234503502907649 0.333708930925425 0.131929721678366
0.365783590979981 0.34141006292738 0.0936577397059048 0.199148606386734
0.504176611708765 0.327215385091055 0.160613286588955 0.00799471661122458
0.201984643026596 0.399245343741153 0.0430264897728308 0.355743523459421
0.239425620215311 0.0508707540700244 0.323511377968835 0.386192247745829
0.125255316347108 0.30001288891806 0.262980583954467 0.311751210780365
0.497679452528469 0.0855687221925843 0.386261987771427 0.0304898375075195
0.170662423417909 0.325340999055137 0.163414409239788 0.340582168287165
0.347400498982253 0.420725800169993 0.171336977229037 0.0605367236187175
0.502545302873805 0.369403934034916 0.10774471999236 0.0203060430989199
0.360109758757591 0.0116102815209391 0.22541727187194 0.40286268784953
0.388739551757499 0.263434047089551 0.321571256531866 0.0262551446210835
0.306258447500851 0.298850611408919 0.32927192193239 0.0656190191578409
0.427540106004822 0.0900029470566921 0.306080476619023 0.176376470319463
0.376424573145292 0.0540838375991492 0.316143488787273 0.253348100468286
0.201169568428789 0.302305958384234 0.141151324868239 0.355373148318739
0.276379860075389 0.0247446004717685 0.364670378335227 0.334205161117616
0.207609410287784 0.258375222038955 0.367432772674895 0.166582594998365
0.135693803703355 0.210286793901315 0.329731289660407 0.324288112734923
0.269804504418416 0.296013548482721 0.212859271519605 0.221322675579257
0.271193432945498 0.298931491078706 0.0369166250871635 0.392958450888632
0.8973981787196 0.000283790265661004 0.0148817682110392 0.0874362628036996
0.164522544189968 0.342153556281176 0.266325819141569 0.226998080387287
0.357025345720396 0.300652868390177 0.0177278268490889 0.324593959040338
0.289420893377514 0.290050759032553 0.136448498752434 0.284079848837498
0.0458321252221981 0.336440820066957 0.393555132882016 0.224171921828829
0.0967562088146396 0.382657936526715 0.38122515500561 0.139360699653035
0.01432389052103 0.238045956662399 0.373612131547515 0.374018021269056
0.136262387651227 0.477592464680481 0.00038328744653055 0.385761860221761
0.232344165254501 0.0556795993789095 0.144921037453948 0.567055197912641
0.314019926332458 0.188647305547762 0.244650474754961 0.252682293364819
0.130882697282995 0.399115602027712 0.395889287847923 0.0741124128413706
0.380480774207489 0.369950753039237 0.0879622009663299 0.161606271786944
0.0582779438495523 0.123174398808472 0.710561499780685 0.107986157561291
0.452387070999437 0.147758836258766 0.123885274739537 0.27596881800226
0.280287032434219 0.25836807019621 0.11733570831527 0.344009189054301
0.213514288721692 0.462657671266375 0.276511921595909 0.0473161184160244
0.14267350806273 0.380833882280844 0.27793831944692 0.198554290209506
0.35748775459824 0.0359542021037902 0.260080543220539 0.346477500077431
0.173475491412304 0.355385694579471 0.0154958936342836 0.455642920373941
0.0286301228749366 0.133918498512023 0.644362371629873 0.193089006983167
0.169110851183107 0.332938182515591 0.301959076390537 0.195991889910765
0.20733629170261 0.095550720077188 0.358159220402309 0.338953767817893
0.180723958770492 0.22315559983063 0.371838197707536 0.224282243691342
0.0962675574528391 0.43618032704816 0.205481984112986 0.262070131386016
0.46219192215043 0.22659501362607 0.20727372021272 0.10393934401078
0.304546615382376 0.247963441806666 0.369547269827822 0.0779426729831358
0.429308702660094 0.38192947283762 0.111920248384278 0.0768415761180083
0.19410403033182 0.322392369777088 0.234934589842786 0.248569010048306
0.268344902823053 0.191284919953796 0.0351354184091845 0.505234758813966
0.175843182786664 0.462563597396398 0.0795473672455872 0.282045852571351
0.298377443205587 0.263211214475625 0.0904332179410799 0.347978124377708
0.0174056423462843 0.43446289066567 0.314211702317746 0.2339197646703
0.408689291534955 0.428484682110647 0.121585089398204 0.0412409369561937
0.0570825432880491 0.377857686588304 0.224761710770517 0.34029805935313
0.0819821317542275 0.476393679224969 0.305634550463098 0.135989638557706
0.428839428716469 0.199916125240404 0.0524006476334713 0.318843798409656
0.356987384732312 0.27466651721343 0.00668387841180084 0.361662219642457
0.507555439733284 0.0748907238807055 0.0261316372459086 0.391422199140101
0.226313263786627 0.091462386749451 0.345478330805128 0.336746018658794
0.221821813802715 0.283132071076844 0.254094303356675 0.240951811763766
0.449567119410557 0.176188535406766 0.0125027859677264 0.361741559214951
0.163452847170916 0.321870335816367 0.2902767760866 0.224400040926117
0.047730865496831 0.450957583631392 0.0418000302110385 0.459511520660739
0.368484983277343 0.184565346692072 0.30169671764796 0.145252952382625
0.342442784776642 0.212191025194538 0.247401216293208 0.197964973735612
0.330459683980801 0.240691368896752 0.349498358697402 0.0793505884250453
0.239048346557983 0.126538113404915 0.354798594875012 0.27961494516209
0.220172158081577 0.32917117651162 0.0528917502034758 0.397764915203327
0.00677358407234132 0.354817203036906 0.198613181673864 0.439796031216889
0.321635291988736 0.367471741076118 0.0652707847904624 0.245622182144684
0.169373448158072 0.279319625607627 0.154847829193546 0.396459097040755
0.233938321936554 0.394241164890375 0.36723642730703 0.00458408586604005
0.0945220368952306 0.384053024908579 0.220385989091535 0.301038949104655
0.400313977820504 0.319852010322869 0.224318565573626 0.0555154462830013
0.312454769108196 0.367886245530762 0.229220030696033 0.0904389546650089
0.0271189868410754 0.225913123251237 0.389512445518054 0.357455444389633
0.128646715446332 0.337392345678611 0.383717587173956 0.150243351701101
