0.0216619628675875 0.00393915517703351 0.394895141131589 0.27809018529878 0.30141355552501
0.166305395324427 0.0773702688157092 0.149564884682373 0.326668521250173 0.280090929927317
0.123256423650136 0.109912297189852 0.17686236736584 0.178760796524199 0.411208115269974
0.326102544781527 0.0284554439977491 0.363860180479843 0.0465611269909793 0.235020703749901
0.259912365029896 0.12078277596624 0.125851276136881 0.176895443295907 0.316558139571077
0.109959242045313 0.130546203898213 0.290979481036506 0.269306447678833 0.199208625341135
0.110755899472605 0.249926607692522 0.30927433559135 0.191512981297577 0.138530175945946
0.167530954939691 0.408875780569494 0.0844212396811259 0.196709543722375 0.142462481087313
0.107337263200882 0.157131780567017 0.169999670961828 0.366529107975527 0.199002177294746
0.23118659207499 0.226432899239881 0.258908390867701 0.249147243430029 0.0343248743873985
0.311332025802475 0.0366052239085469 0.284529301626733 0.0634728554082834 0.304060593253962
0.103571104720992 0.312521303034644 0.0079165667417988 0.420425104995623 0.155565920506943
0.0111212154852326 0.0281130685897176 0.313754495552877 0.248907633365588 0.398103587006585
0.299044361063056 0.141838123783255 0.128263393599779 0.233316146961141 0.197537974592769
0.00521859470487107 0.3953528402702 0.364559273208529 0.171362951688925 0.0635063401274746
0.0536287872478262 0.124811816389045 0.0841808566264498 0.310025540223056 0.427352999513623
0.0935564268356343 0.290264428152529 0.031777975654804 0.370148790486997 0.214252378870036
0.144989771273327 0.288223447914433 0.145971840327394 0.306143430037836 0.114671510447011
0.317571065629597 0.251558116777534 0.0555318843213774 0.247009769287935 0.128329163983556
0.0598416109750555 0.334356402524043 0.235232561644972 0.231913857578532 0.138655567277397
0.0162943198030906 0.521852320381639 0.0219818209114718 0.0583726156395419 0.381498923264256
0.29538223998524 0.161354451751233 0.0781701597175635 0.110364078195083 0.35472907035088
0.165983138115759 0.34583777772259 0.105064614850051 0.132681900264126 0.250432569047474
0.0655738584537289 0.0478450716332711 0.261255870431113 0.262587747824826 0.362737451657061
0.204678672834263 0.135061373619459 0.186874104586044 0.0931733067188653 0.380212542241369
0.0279487096807698 0.225375062378817 0.15392796585966 0.360369838992921 0.232378423087832
0.146146946161749 0.387771592327668 0.209718784858225 0.216910347693702 0.0394523289586569
0.168884651723092 0.163489135068319 0.123929150709684 0.310785221937534 0.23291184056137
0.197702127835504 0.29225474916252 0.00854714820967681 0.343184072527898 0.1583119022644
0.0873956965192309 0.178735246967483 0.141184946069579 0.330900062842514 0.261784047601194
0.119688979885734 0.258549004145102 0.211443747439812 0.114722357965719 0.295595910563634
0.322621889401451 0.104570296029211 0.053946712159575 0.255726989089773 0.26313411331999
0.0260910172851007 0.287960562935917 0.153053567009996 0.248930548068147 0.283964304700839
0.0513242411222736 0.353238910961414 0.190091338420016 0.0785206824280152 0.326824827068281
0.291072845448866 0.0292435581877524 0.199196421926376 0.205050676168712 0.275436498268293
0.114987460065739 0.254436624576664 0.127753268679316 0.145723468942707 0.357099177735574
0.358524618815528 0.0440452541494103 0.246791610779757 0.206740818522936 0.143897697732368
0.299637886044902 0.164931581923794 0.248072252405953 0.0894037262829055 0.197954553342446
0.028006543371174 0.290703766765704 0.160165877673998 0.21506009239606 0.306063719793063
0.369495957569597 0.110203216500217 0.241808050230808 0.210263992175193 0.0682287835241849
0.298421456560027 0.28611842962051 0.11729810912009 0.278982680548387 0.0191793241509855
0.0163644253544847 0.283299897592236 0.282850542851229 0.302080249696915 0.115404884505136
0.100043135147017 0.19878298253154 0.216688335781691 0.239911995184358 0.244573551355395
0.186363236340395 0.241924945124392 0.3138970603111 0.162069051392396 0.0957457068317169
0.280719739418148 0.0602477438280178 0.198888501112833 0.271427005131776 0.188717010509225
0.313653088661734 0.034578412720866 0.287268210858462 0.293308925517073 0.071191362241865
0.233743346293737 0.326534890761759 0.138183258884949 0.293841260571847 0.00769724348770769
0.166045606927951 0.238267865288693 0.349956327488494 0.011377329789778 0.234352870505084
0.0554914455575365 0.302154248740587 0.235485183926619 0.277802965120343 0.129066156654915
0.118482262599314 0.347629169760472 0.128346593412546 0.232804026493926 0.172737947733742
0.325728492285473 0.239022294987548 0.224622707957717 0.193385488305323 0.0172410164639397
0.273297228203794 0.12117023899171 0.163853040780499 0.322521179054364 0.119158312969633
0.215323635162854 0.276617953145458 0.222352334821823 0.133109586077161 0.152596490792703
0.221014184425296 0.0120894042791154 0.207152907834685 0.34981666881592 0.209926834644983
0.160276095333082 0.280295921468733 0.290922391561181 0.215381406176943 0.0531241854600615
0.109212731526004 0.274266914700393 0.270072733855658 0.259257259836419 0.0871903600815266
0.137897646730417 0.381571987493851 0.18037144816906 0.112524069930974 0.187634847675699
0.345396769520704 0.00193260601255018 0.490622935433738 0.0562605936523482 0.10578709538066
0.0421554860190428 0.176907996827549 0.110974588679569 0.298919998204046 0.371041930269793
0.459097654844805 0.194089407885146 0.0675956379756785 0.0629688461449271 0.216248453149443
0.260088456855079 0.436958737616934 0.0883327553948093 0.0647392239613855 0.149880826171792
0.170216135914841 0.19129532575068 0.244214419360624 0.271736523167098 0.122537595806757
0.183815645418821 0.0205032122661072 0.45194871429359 0.012720809746918 0.331011618274563
0.150954588284104 0.0867821534054684 0.373105625624889 0.0552125813278177 0.33394505135772
0.369943267245884 0.0399969484228562 0.179377132875797 0.211481576486849 0.199201074968614
0.20351139051608 0.156568330579898 0.317783257673438 0.228150098113869 0.0939869231167157
0.305502330443686 0.301397692926683 0.312525348489603 0.0102133922022717 0.0703612359377563
0.43841873993627 0.0484625919937993 0.167061165692655 0.216493394107331 0.129564108269945
0.0391976780199447 0.282243697083295 0.30318946483844 0.150656004508583 0.224713155549737
0.231172057422239 0.180198816894823 0.510178247242158 0.0113435892763065 0.0671072891644744
0.211063913815706 0.233228913741368 0.244992448719966 0.134582302338904 0.176132421384057
0.228821867494771 0.252262403788978 0.23450964039408 0.029911645280012 0.25449444304216
0.197896226849162 0.193937941078974 0.397710355230133 0.00653239857338596 0.203923078268345
0.17789562164788 0.198863105998983 0.350207609520713 0.069358651841558 0.203675010990867
0.0193165271735211 0.251513475753039 0.29731654315745 0.308018891364318 0.123834562551671
0.0976239735795091 0.292049551614355 0.101693986841799 0.372177314182545 0.136455173781792
0.0749812318650034 0.134470679971212 0.602569823105249 0.00153333232709788 0.186444932731437
0.214038793791604 0.247956227372665 0.199555598374614 0.106923638876436 0.231525741584681
0.119203383606137 0.441058283038268 0.018567261272473 0.0420543845459882 0.379116687537134
0.409463387439358 0.151153878208391 0.289464520365429 0.0203127914638386 0.129605422522984
0.28449853835019 0.329087495367726 0.118206637101821 0.0800406653361007 0.188166663844162
0.0818725890622489 0.211483679505064 0.371959434683978 0.00324890636787988 0.331435390380829
0.0184847158244641 0.219683524123011 0.147562101473322 0.282208007732474 0.332061650846728
0.336777953572708 4.85027437429516e-05 0.225498955624247 0.246415819405236 0.191258768654066
0.291868260728147 0.174153858631525 0.0955885545810345 0.362152375532046 0.0762369505272482
0.271391071346711 0.0958930518638112 0.234956577566994 0.0716043752474163 0.326154923975068
0.238975629722515 0.241551190466651 0.217446527832507 0.0500050585962696 0.252021593382057
0.0235030046307627 0.0392220789545999 0.212397723692069 0.717075533025231 0.0078016596973377
0.000239872788225596 0.488284798086161 0.118627086420356 0.389313520939563 0.0035347217656944
0.120418967330616 0.0775004704955548 0.187031541981875 0.354414622277845 0.26063439791411
0.334013170282879 0.106388772786858 0.337908169075157 0.150501741338735 0.0711881465163717
0.220741876252242 0.196482932077522 0.173381297355238 0.111853044111085 0.297540850203913
0.250151174862792 0.0511370818589348 0.107673964669754 0.184876512719833 0.406161265888686
0.176809809102665 0.277478499161002 0.184776295454888 0.157168728203338 0.203766668078106
0.220837495586366 0.145997207215392 0.171152306172702 0.234336136803572 0.227676854221968
0.262894815952228 0.0271647186277996 0.294962381191849 0.12027012710396 0.294707957124164
0.0633064862800087 0.43298708302057 0.018066794858538 0.1674501597588 0.318189476082084
0.247650223376102 0.246463829379341 0.122384725983312 0.14194801903525 0.241553202225995
0.356526644403725 0.111498728376676 0.38198977087428 0.0136973269791754 0.136287529366144
0.177197284279687 0.09975968653548 0.259484495544444 0.231387166567781 0.232171367072608
0.337933139813532 0.0133932690772697 0.167885568898835 0.110370936631841 0.370417085578523
0.310863393173522 0.0915859446194431 0.323266875394404 0.0928131381944219 0.181470648618209
0.0834609424885346 0.269323632968887 0.163362782491263 0.316832286710134 0.167020355341181
0.146323665588872 0.224313588283287 0.00238543366115801 0.17136896839797 0.455608344068713
0.0837534334375857 0.199523040834113 0.0194135869298384 0.276479675018071 0.420830263780392
0.135571206464912 0.30016733084461 0.287015225563108 0.175671663054634 0.101574574072736
0.102084494186238 0.229546523495968 0.257819549117747 0.114280332214207 0.296269100985841
0.248438601792117 0.254714501819912 0.182865131863571 0.0527950767546971 0.261186687769703
0.200603399637797 0.59663350306414 0.0145522896815773 0.172462302795304 0.0157485048211827
0.0716778932138208 0.191103580335622 0.331550500721592 0.0691465837684037 0.336521441960561
0.0910200462159815 0.116606624505557 0.0970290263388106 0.322020765116409 0.373323537823242
0.327087372949045 0.143556035167821 0.143082726742077 0.176903724813813 0.209370140327245
0.270147425980157 0.0943893179460189 0.32413409881285 0.230696644078332 0.0806325131826418
0.356554631746865 0.0216036817155868 0.308832529827681 0.084314212555551 0.228694944154316
0.122674027152824 0.0949090151730435 0.0679843550559602 0.338750966432854 0.375681636185318
0.135198017786553 0.0675468655747433 0.208907620276738 0.243967395966952 0.344380100395013
0.160531123565205 0.426692961956265 0.187470047939855 0.0987225566440556 0.12658330989462
0.138850445880795 0.306315350570112 0.245481818837632 0.243557264472434 0.0657951202390278
0.00434854884473791 0.324542221170403 0.321179964388283 0.289011773808761 0.0609174917878147
0.0961340979951625 0.166990664723749 0.202112893260907 0.25810381351523 0.276658530504951
0.355452715058461 0.492610600647358 0.0840815256286986 0.0202060794390802 0.0476490792264023
0.336972349245296 0.0648089756879472 0.229187133920177 0.0570860905528356 0.311945450593744
0.157396568344261 0.174896628568888 0.176583726067645 0.129925080167929 0.361197996851277
0.304679513311224 0.220162434953149 0.235261526243817 0.100353785850188 0.139542739641621
0.160705596724551 0.0259380605868382 0.391515513687992 0.219674089537918 0.2021667394627
0.172639764966749 0.594588371023203 0.0440891857793027 0.147418731046115 0.0412639471846296
0.0985754644556163 0.361215718041644 0.301409388043446 0.130937130651909 0.107862298807385
0.208836540137252 0.121541760158862 0.306470072594319 0.0674883931478051 0.295663233961762
0.0533104821297477 0.0896357547073396 0.253337538143496 0.220909673062874 0.382806551956542
0.168571172093653 0.152983993339181 0.0818431714379242 0.565077419733207 0.0315242433960344
0.194895192189052 0.189857017649168 0.135590115534002 0.285504354653127 0.194153319974651
0.0193184800555316 0.0214867703907827 0.41406262326953 0.539136712264853 0.00599541401930257
0.140787853485778 0.0548628000609617 0.216936326092128 0.184643043939085 0.402769976422047
0.0884714539196897 0.283664172129195 0.181166336346872 0.0399944033755267 0.406703634228717
0.312529363595555 0.240734407559953 0.0352882059114545 0.211790928770997 0.199657094162041
0.197974087714949 0.213710610483896 0.114062261891362 0.22926860782833 0.244984432081462
0.211299083663022 0.299039545879922 0.305798592156499 0.173804065459046 0.0100587128415105
0.0622109951981746 0.237660925755258 0.182823768376173 0.104392708124442 0.412911602545952
0.0936053146261573 0.0292304890064537 0.377301394745127 0.404750382027707 0.0951124195945543
0.139881660771255 0.221106394656582 0.246051792604531 0.137799285747028 0.255160866220605
0.144079191051471 0.23436929565341 0.119459552719129 0.154769441890418 0.347322518685572
0.164989097241214 0.188165897294504 0.372277199195174 0.206309338022972 0.0682584682461348
0.0868931598595624 0.223631906469533 0.217118768503953 0.29727071992251 0.175085445244441
0.160728584680555 0.0418006946353984 0.246451903519682 0.274911280677871 0.276107536486493
0.0186439107245297 0.351917188848425 0.0246315708973418 0.264843637810092 0.339963691719612
0.0625553122181509 0.366676654154281 0.105283867040755 0.357171160157788 0.108313006429026
0.0827842428326474 0.0532820965043354 0.295192304232658 0.317412667569689 0.251328688860671
0.156714452992976 0.0995778267433082 0.173339741618574 0.295501569371915 0.274866409273226
0.104780027423796 0.200287254262783 0.179524710638133 0.286031969723503 0.229376037951786
0.119863475997306 0.244936118417869 0.237242093547876 0.287228817996261 0.110729494040688
0.0889095232967987 0.29055663814031 0.277107806010247 0.308110844025159 0.0353151885274854
0.419637102854447 0.263846707185606 0.195776113629465 0.00978276520971429 0.110957311120768
0.027128003426539 0.240451603207828 0.259261581059361 0.137474075742156 0.335684736564116
0.0130115818303522 0.259360000194205 0.324100158529665 0.205402088576425 0.198126170869353
0.331644839039525 0.119346228730854 0.32035301136368 0.0556350310971758 0.173020889768764
0.0455605281059892 0.100372005427116 0.239763238652404 0.271561253348247 0.342742974466243
0.111711485686276 0.167981918930788 0.305994969907366 0.122323312048815 0.291988313426755
0.225476655947557 0.302221213336993 0.0293634453028254 0.267391230428049 0.175547454984575
0.227963113772161 0.23177241445872 0.100834976886079 0.19171483652667 0.247714658356369
0.153664007653814 0.0226945014707242 0.181660245921108 0.39378830726318 0.248192937691174
0.251076290373873 0.256886905106241 0.231999241455965 0.064108859898443 0.195928703165478
0.270471541535724 0.404511231641682 0.110345258966285 0.0584819893999841 0.156189978456324
0.0932098246168419 0.151034558734872 0.341296595420173 0.0670844551584276 0.347374566069685
0.273778623854773 0.268972121541784 0.0799221185284929 0.181068653329661 0.196258482745289
0.208676531917903 0.263364361299284 0.105108281971026 0.233543296067988 0.189307528743799
0.291387430736379 0.261190425715513 0.230375048678211 0.178607205568227 0.0384398893016705
0.157351940870181 0.184915600962135 0.253106534437489 0.257729374544192 0.146896549186003
0.112896452087759 0.0542020462328704 0.201079684661785 0.28220218564076 0.349619631376826
0.0723333481653003 0.329489303409536 0.328579019029832 0.227034338567168 0.0425639908281637
0.0229529592480624 0.228358183659106 0.10960042737511 0.273757172357891 0.36533125735983
0.0722010996795883 0.400551308969432 0.0325704272187728 0.306356256299473 0.188320907832734
0.000422769063310376 0.640375894809902 0.224651928856637 0.127348241219243 0.00720116605090812
0.219618764128065 0.113037271632202 0.362749049172912 0.293736870911482 0.0108580441553382
0.399464712991464 0.0529640100055148 0.137443439317504 0.140133901250098 0.269993936435421
0.218427642525359 0.0984599142487441 0.140507059572572 0.262848255359232 0.279757128294092
0.220363917109452 0.14382707056586 0.0787766037656714 0.210839337127706 0.346193071431311
0.06948395429982 0.167158417377403 0.359882870135328 0.297380631057328 0.106094127130121
0.323513538282607 0.470254288120849 0.0284691278176815 0.170343154736222 0.00741989104264058
0.00903470278319624 0.40314039761183 0.343752956344938 0.204400345597453 0.0396715976625834
0.288756759736339 0.130093359396202 0.289889116826795 0.016161216324912 0.275099547715753
0.245871895049159 0.175559897067813 0.128721969958031 0.252768458427682 0.197077779497315
0.299130303083013 0.20471408584555 0.105054089711276 0.238519397453846 0.152582123906314
0.278102130377441 0.361623742133063 0.250424215695806 0.0931134688433995 0.0167364429502907
0.0109228184725269 0.285058008822259 0.5196921092504 0.0813200781129868 0.103006985341827
0.1815203150365 0.180066834710755 0.333356817197086 0.126689631338238 0.178366401717421
0.09985496813783 0.259341302245245 0.119387781711862 0.255292270060423 0.26612367784464
0.113799412244638 0.350764023456869 0.214578029114203 0.0158881843886932 0.304970350795596
0.349019686668088 0.289062350724203 0.101541308610917 0.189474724241527 0.0709019297552649
0.0358961242862576 0.33472120928532 0.506105485972572 0.0820076886152931 0.0412694918405571
0.732252111125249 0.128728932963556 0.113361786344134 0.0205448836112306 0.00511228595583038
0.0984959051437522 0.322655040434387 0.0175323103395423 0.199189184316809 0.36212755976551
0.288380938810952 0.0622637492543932 0.190635551591209 0.31481201211136 0.143907748232086
0.248299383016139 2.81890836236936e-05 0.340948745676403 0.374624594241706 0.0360990879821286
0.199822764775252 0.0537247905696178 0.245804768380025 0.243818828484355 0.25682884779075
0.0313304675883931 0.0803808255584747 0.517035620389233 0.21152591738414 0.15972716907976
0.355775829410898 0.00777302845472261 0.398051500796963 0.209863422903864 0.0285362184335513
0.0236160975003963 0.311151402663633 0.111454351477384 0.196128856878066 0.357649291480521
0.185336925920436 0.106117590778384 0.0419533871822546 0.37568172893604 0.290910367182885
0.251138465704292 0.254190655849569 0.292999071911423 0.0639166819830804 0.137755124551635
0.286771846450268 0.0567025101123258 0.168696469839559 0.227944070737659 0.259885102860189
0.157423506993418 0.186000151736663 0.22641377697278 0.198620606233922 0.231541958063216
0.253505999194665 0.182572142935173 0.100441207690436 0.214630830510076 0.248849819669651
0.00648084342435411 0.239061011133517 0.223530013411642 0.255874673707157 0.27505345832333
0.289160483158731 0.158777175499555 0.230392017151088 0.218368011353298 0.103302312837328
0.238361464595832 0.277567120045209 0.16789229934711 0.241922000387554 0.0742571156242944
0.112511623964804 0.236992048874235 0.437714149275745 0.0989380517969098 0.113844126088307
0.239731107307507 0.171647319929042 0.21775548539498 0.248538675461261 0.122327411907211
0.108701310485512 0.296746229437634 0.302341982808821 0.258529286355046 0.0336811909129873
0.555195083147851 0.0197981509285692 0.280808179986073 0.022844851726076 0.121353734211431
0.000158370311063169 0.333168799555987 0.0246059580058299 0.290387131236601 0.351679740890519
0.375376798442159 0.0214348068727933 0.463286146846061 0.107071102988859 0.0328311448501282
0.421373611768454 0.281721932784891 0.0659785389890356 0.174132173169739 0.05679374328788
0.306273051560625 0.0705882224725613 0.338183571922075 0.0941949567358712 0.190760197308867
0.22853233784394 0.0128519259685633 0.271665020420964 0.281913235216732 0.205037480549801
0.231412456525213 0.2329023800293 0.264477943229892 0.10409585600155 0.167111364214045
0.404019138983242 0.0255548061396794 0.0253880575206745 0.421792453421009 0.123245543935396
0.163847715207161 0.235009616064188 0.202074947235489 0.197339505987253 0.201728215505908
0.342700719954368 0.101838471889809 0.140575271398449 0.255263151104184 0.159622385653189
0.431176342970618 0.0479516146834552 0.221392605781376 0.174541764323303 0.124937672241247
0.214153462980515 0.0998702564975429 0.230315065188211 0.269439452086776 0.186221763246955
0.264101268027832 0.254296621190149 0.277275305925855 0.0879116005036784 0.116415204352486
0.116522099390837 0.353564024472653 0.114524662890824 0.0641407070821592 0.351248506163527
0.17594140523741 0.313630862835092 0.0908958000069308 0.244277303490294 0.175254628430274
0.182087586739238 0.305198203762668 0.279775522054571 0.123820607358461 0.109118080085061
0.148488946038615 0.128613211931302 0.267021074447424 0.181647085023424 0.274229682559235
0.325125890553381 0.199207242001245 0.26952857184514 0.167972887343173 0.038165408257061
0.154621872890759 0.13108306815176 0.0304062012327358 0.50853740265404 0.175351455070705
0.382199770903463 0.245417163294495 0.0965050976953184 0.0858333201971694 0.190044647909554
0.260285145178872 0.196346292666202 0.149923056573466 0.246871884737094 0.146573620844366
0.0245915707530565 0.230042966747009 0.126735242455268 0.337830990959424 0.280799229085242
0.339830643532725 0.0193096009647729 0.372954755354218 0.0625150528861375 0.205389947262147
0.0700248279001058 0.32433381745357 0.0499602629202759 0.265290016121091 0.290391075604957
0.259620786868947 0.156064941892964 0.0707099451057812 0.313385654784923 0.200218671347385
0.143625697783519 0.117416528859645 0.188781350647661 0.48092822036233 0.0692482023468451
0.0959380410951005 0.124909123394947 0.288037063625331 0.248633409934636 0.242482361949986
0.348166278850263 0.0468653088964866 0.258758301326269 0.232030081521021 0.11418002940596
0.371347801039818 0.146179901124316 0.23534486818338 0.147138110565923 0.0999893190865632
0.0495058138939192 0.180093274717884 0.341874323064165 0.39718667935248 0.0313399089715515
0.349554143178168 0.309657885832617 0.100852806665377 0.20809216146313 0.0318430028607084
0.202302016099456 0.130431544880222 0.205560694139819 0.205690635597468 0.256015109283035
0.149471457138011 0.269635706305941 0.142111250488773 0.284808012217498 0.153973573849778
0.21123299765682 0.131030913485497 0.315012611101182 0.0751858814553669 0.267537596301134
0.109488430277063 0.160465357884041 0.191823316345763 0.212135504258519 0.326087391234615
0.205428866031134 0.149543132121295 0.220965548947758 0.0907524506652162 0.333310002234598
0.0682390946522211 0.258987447750769 0.158860026788941 0.235712839276032 0.278200591532037
0.00125130453663559 0.137215956221602 0.383094482083808 0.294363309594204 0.184074947563751
0.248135011255711 0.142009761295988 0.157417059848033 0.251758363411251 0.200679804189018
0.32864698577358 0.0682555846901944 0.524785993747571 0.0343779096744093 0.043933526114245
0.198643242997926 0.280100365575974 0.195676855515348 0.129725750840123 0.195853785070629
0.0370695650298709 0.180556189984557 0.226772152194835 0.292469344265965 0.263132748524772
0.0504934249121023 0.114815019534822 0.160646867067738 0.439384565951559 0.234660122533779
0.0473664677487374 0.105753020283797 0.11387905071823 0.380715229687388 0.352286231561847
0.264691949991695 0.220787969462269 0.136993976376946 0.261181886164783 0.116344218004307
0.296662400132047 0.180638183739841 0.21180644052406 0.273013700511983 0.0378792750920693
0.45007199494383 0.0620323724655866 0.349776740649358 0.0589786616371978 0.0791402303040267
0.240768541141904 0.139670624771737 0.150078874265774 0.206239533436333 0.263242426384253
0.111606628226877 0.304435708483253 0.201019748954575 0.278544131047387 0.104393783287907
0.047868834173855 0.21006467317962 0.239965075766094 0.144444381541095 0.357657035339336
0.177843485226772 0.0765819100876129 0.379769761807616 0.137781474900597 0.228023367977403
0.173862704692774 0.0196244251731331 0.161793074249589 0.329286445785426 0.315433350099077
0.23938267184082 0.0862198013779484 0.09192828903441 0.283635445903124 0.298833791843697
0.455282074410372 0.186188504694487 0.00495446949876152 0.182434382750375 0.171140568646004
0.141063344193912 0.0149252146168403 0.529090909417738 0.0108999598926119 0.304020571878898
0.159885087178979 0.164461994915743 0.287870885320939 0.278773880309559 0.10900815227478
0.0990858082951015 0.192857365916791 0.318432959040264 0.295538745871703 0.0940851208761406
0.366049199639909 0.264592183181984 0.123884597248651 0.18507452366672 0.0603994962627356
0.00831606276115597 0.263405678434112 0.231460227983719 0.295036651646523 0.20178137917449
0.200600454024832 0.10135616646667 0.191578695314758 0.311901145143568 0.194563539050172
0.335656958033361 0.0715146381798705 0.0631271663821198 0.383199991905548 0.1465012454991
0.274459845475887 0.0566377913148303 0.221937883151282 0.306101928218727 0.140862551839274
0.325900188886116 0.164790136380926 0.0876063098309118 0.034871218191046 0.386832146711
0.221336722945499 0.144498887184549 0.205390966638156 0.073737650802501 0.355035772429295
0.222445354548952 0.280143119940748 0.0733417188214802 0.170943818199238 0.253125988489581
0.151385874809092 0.197145502199277 0.0707804925212261 0.310887458487512 0.269800671982893
0.175632514322432 0.0534057986249359 0.111318746190254 0.0782635623708918 0.581379378491486
0.315961814751882 0.150767413975118 0.305423710611615 0.162120146977048 0.0657269136843369
0.3368367722448 0.18522478661116 0.165308007474471 0.100194689441713 0.212435744227856
0.191733206929653 0.165230009186022 0.141831826989935 0.273096972334417 0.228107984559974
0.332366098515234 0.108090835626614 0.124118397627734 0.199252762622361 0.236171905608057
0.28556264346989 0.025889271690582 0.275402795243812 0.268923417715871 0.144221871879845
0.189089332593138 0.0808480103346597 0.157100927204969 0.336517899321264 0.236443830545969
0.235738001737479 0.198962897279264 0.152278176255631 0.194804691157041 0.218216233570584
0.383961272014725 0.306489422487322 0.0261081584257009 0.235225696425919 0.0482154506463331
0.0517443853986504 0.409716238648476 0.350212001878151 0.146280159603571 0.0420472144711507
0.340706095832475 0.0625500149401652 0.171389974164569 0.353757216672693 0.071596698390098
0.0565145203802255 0.247920511976099 0.306740167096705 0.324639141032784 0.0641856595141872
0.14437056457287 0.076441841947014 0.280285813992528 0.211561954831989 0.2873398246556
0.0288116257549736 0.268000877098583 0.0360409206357294 0.471568016942376 0.195578559568338
0.121552296728766 0.470440768384566 0.159891454089088 0.179827133115715 0.068288347681865
0.232216907186958 0.242670992361589 0.0805368500287367 0.16404604288054 0.280529207542177
0.164707840421688 0.0797109267232243 0.202158264190392 0.342327278705097 0.211095689959598
0.0599294966791134 0.329150390918543 0.202017977857582 0.361200404529153 0.0477017300156091
0.0509833438846044 0.345932979933105 0.412669492252196 0.0910309123705854 0.099383271559509
0.0694998523009728 0.0955552410346104 0.306096311369093 0.19508169770975 0.333766897585574
0.0956501835031043 0.126374177242866 0.294285034966596 0.179549421299014 0.30414118298842
0.175868263656655 0.0385080329634797 0.452002232564749 0.256476553998306 0.0771449168168098
0.0560580242504253 0.178761695668178 0.295785722484987 0.175369035526906 0.294025522069505
0.317284125271802 0.153559579925476 0.227021857419764 0.157545614821445 0.144588822561513
0.00754733106398186 0.0526705465274715 0.307622524277923 0.375133772637731 0.257025825492893
0.0604291643238512 0.282128458952412 0.283415027242965 0.106495936067042 0.26753141341373
0.0132245613749011 0.0106230828084093 0.462242261970368 0.210773844132146 0.303136249714176
0.17997814257863 0.251300536884934 0.23396535106112 0.150256106172906 0.184499863302409
0.147598622134887 0.135917156265127 0.159653217810427 0.481954720711154 0.0748762830784053
0.117464468748698 0.233155300834442 0.177483192539967 0.161285316188116 0.310611721688778
0.123050061988195 0.435225603170347 0.211241039337672 0.126253868712786 0.104229426791001
0.304050024139735 0.330842257561425 0.151416145957851 0.191387205035522 0.0223043673054664
0.22701588466314 0.0377926348290286 0.216188633696742 0.16531662914024 0.353686217670849
0.223804679403292 0.0158135181460517 0.0344386854184539 0.34138238861382 0.384560728418382
0.193637386195262 0.46915179021941 0.156690686573719 0.0927063312661904 0.0878138057454181
0.278105125434556 0.114357915382525 0.310349968922714 0.210029098490195 0.0871578917700104
0.260494035522167 0.25542647064015 0.34987075522355 0.123263041642134 0.010945696971999
0.342387546283954 0.112587550052641 0.131629119392929 0.370256864936 0.0431389193344765
0.0977154255281561 0.340525965349708 0.0549062719098912 0.466170889958971 0.0406814472532734
0.256255610794 0.00912650457343276 0.0377880478549328 0.249182234950702 0.447647601826932
0.259582600526244 0.245647949245692 0.110559874119043 0.0738787514022263 0.310330824706795
0.181894058795379 0.21947782255163 0.15773565550227 0.162637080108015 0.278255383042706
0.192680407256257 0.355411088598368 0.0406506714999161 0.272529805661349 0.13872802698411
0.143684609137306 0.190810850324611 0.0454976093241937 0.343021751972123 0.276985179241765
0.4298901518037 0.15143612301133 0.228230977991295 0.0823939282272148 0.108048818966461
0.0751214771634882 0.124520790994993 0.380831040491113 0.338674362471652 0.0808523288787541
0.0615772032825742 0.264517507158918 0.110744323919388 0.209015052803439 0.354145912835681
0.298151367351003 0.0912234670412365 0.0629300527262951 0.112652644315259 0.435042468566206
0.233172425435106 0.150106781449619 0.349609143174875 0.168639234294912 0.0984724156454874
0.134085454439865 0.248861231166429 0.187248919817103 0.192619027057616 0.237185367518987
0.353419927716763 0.0510652682901594 0.0102343991205012 0.364894258348634 0.220386146523942
0.261610866799855 0.0868785232956282 0.260909805766331 0.231467122215423 0.159133681922763
0.0924093941782524 0.299411475759563 0.164113518361431 0.330036716162054 0.1140288955387
0.264765274674627 0.15864652969049 0.32599349965726 0.149991588082125 0.100603107895497
0.0917039285028173 0.298781081116635 0.0199616081232113 0.245929538975281 0.343623843282056
0.283903134565674 0.214075934831113 0.152356887156385 0.292211590223895 0.0574524532229329
0.16128487346867 0.0444967526738212 0.421542088341781 0.101651474923097 0.27102481059263
0.28894590045831 0.164125217727943 0.287536407055896 0.255650973032437 0.00374150172541411
0.0114965278075626 0.258500096255601 0.36535981407807 0.24827001120248 0.116373550656287
0.176229258073157 0.0470038733752676 0.113880212353285 0.44527794630831 0.21760870988998
0.177004129425465 0.240512207307827 0.13193366436256 0.263040409054157 0.187509589849991
0.226863941593275 0.227432371030166 0.210132651039154 0.163219673521058 0.172351362816346
0.399224115086498 0.243625799848109 0.0768808345437424 0.0473197596902702 0.23294949083138
0.142325799885466 0.0264337587608638 0.559078641828456 0.231902424004547 0.0402593755206675
0.238325705829435 0.310908586901782 0.0345481228693205 0.0606981555273618 0.3555194288721
0.193503771071902 0.310465475057082 0.409778891106816 0.0615716929674527 0.0246801697967472
0.159194093552997 0.00225492371846441 0.232062576571496 0.265416051548742 0.3410723546083
0.15884223487449 0.24167229718999 0.32401406041801 0.162375313743204 0.113096093774305
0.0394469294541215 0.128925635516992 0.204365532361278 0.273460779529881 0.353801123137727
0.10848300833577 0.173213472163678 0.249061595985969 0.243319817462519 0.225922106052065
0.218388029486722 0.318885557118686 0.190143798844521 0.158583531681246 0.113999082868825
0.0345947328034309 0.152252118676621 0.286519134019993 0.359497173017353 0.167136841482602
0.148783135447986 0.144498012750489 0.291602196582785 0.15833652215015 0.25678013306859
0.257371947262739 0.123372861973573 0.307112807334239 0.084452074324115 0.227690309105333
0.112235131298849 0.308586923606058 0.198272469102819 0.20272550470127 0.178179971291005
0.0639777372096296 0.173277037666689 0.296630752758868 0.281619847420827 0.184494624943987
0.295097607791352 0.141071680291984 0.0325110977663566 0.352552053207566 0.178767560942741
0.00388895064490215 0.43812752178718 0.045555720223903 0.195847903743824 0.316579903600191
0.303903918182104 0.115361470463044 0.427888347925164 0.0183897683530006 0.134456495076687
0.25048449581634 0.263265580165517 0.174205895915243 0.23527411426137 0.0767699138415295
0.0367993928593085 0.357425010054536 0.0642955775225344 0.435607207705591 0.105872811858031
0.215038936298707 0.265171230277681 0.233793738206607 0.245400581096053 0.0405955141209523
0.0587679102352484 0.247795006029691 0.250117664436696 0.364369033192786 0.0789503861055783
0.193073047696992 0.310611174412088 0.305761349409561 0.137345281455916 0.0532091470254433
0.312619782326933 0.124224805653879 0.13739045601485 0.332228021289722 0.093536934714616
0.288662483768281 0.0842626325163477 0.0979830010358858 0.247025126941195 0.282066755738291
0.317564610887164 0.185026514311749 0.188533085898432 0.0749603397689089 0.233915449133746
0.145311877646115 0.0527517723876709 0.256479673865718 0.236589452419789 0.308867223680707
0.110838902876349 0.13892788073316 0.0861350835416914 0.0610665872613802 0.60303154558742
0.0397015844482152 0.13840822121687 0.00215579308089551 0.405826255889391 0.413908145364628
0.0349070321951658 0.235497397330842 0.288843594124423 0.205213339704836 0.235538636644733
0.0460056458145782 0.262062115126117 0.375344569500962 0.242402617538534 0.0741850520198092
0.390461997932875 0.0300406748131044 0.111694763876152 0.383145754340075 0.0846568090377934
0.194282573234109 0.0832010964387856 0.221020494314006 0.290592559004373 0.210903277008726
0.181131064431378 0.244724122131823 0.223072509650046 0.0971786989524987 0.253893604834254
0.293817180612242 0.280939043708304 0.0190695720477896 0.342543859121802 0.0636303445098628
0.164739144271237 0.261580899929264 0.265424528289482 0.279096734899523 0.0291586926104941
0.0160967001560346 0.355988241918428 0.192207667721356 0.299821884176398 0.135885506027783
0.0847845194444533 0.283721344446687 0.0287888478228457 0.340407685590485 0.262297602695529
0.0635007117944359 0.488830447623757 0.272139725437532 0.0657350487503779 0.109794066393898
0.208172682617538 0.189252003375469 0.341893917085727 0.0408644732391376 0.219816923682129
0.167666389688743 0.290246458530455 0.0419681334179007 0.446388845462957 0.0537301728999447
0.000347149519392808 0.221523436411311 0.316085787604638 0.231333732608243 0.230709893856415
0.346625550794312 0.283492899183737 0.0217148393883048 0.257635751171046 0.0905309594626002
0.384764285808986 0.299167496877592 0.0177039880309224 0.285402566275314 0.0129616630071853
0.196709910626409 0.162487228614929 0.14252510872996 0.157493667119521 0.340784084909181
0.305521171254853 0.0460549505620087 0.403377831003612 0.240325527123149 0.00472052005637748
0.0350672783511697 0.330139859331123 0.216792083757265 0.377261460673979 0.040739317886463
0.319205899227468 0.325754171507116 0.0597067904763356 0.235587555621624 0.0597455831674562
0.190527014732635 0.272142722810654 0.3139761495424 0.0704323167629579 0.152921796151352
0.164600494457652 0.0081171572660743 0.530259007892094 0.273419407136986 0.0236039332471926
0.0867459770556776 0.324191149233721 0.157285178666006 0.0494305895992518 0.382347105445343
0.215228688248094 0.119196037845663 0.195037141911827 0.329122805202761 0.141415326791656
0.355681137058702 0.231723127356246 0.0180546813850875 0.120306222788294 0.27423483141167
0.125768109828485 0.296363004138415 0.338100221804771 0.135689980231594 0.104078683996734
0.186257640526615 0.116797879892755 0.251880795245459 0.239468704222638 0.205594980112533
0.229668513231038 0.0360515766612553 0.0657636951917434 0.160833919377415 0.507682295538549
0.21731791795264 0.0722339159178467 0.110521369850343 0.227651062673016 0.372275733606154
0.0238206060403355 0.158931330831571 0.237669149635638 0.106571625011097 0.473007288481358
0.255951315848075 0.185528949368096 0.190588426389238 0.0341496496645751 0.333781658730016
0.100776186826736 0.016548984343698 0.22481778885008 0.551809843956351 0.106047196023135
0.0257098846074624 0.298113417434503 0.277189936285218 0.092406105374878 0.306580656297938
0.216860493560012 0.144519672443877 0.228115088680114 0.107723215275134 0.302781530040862
0.222574376751528 0.1204961590684 0.232117343319916 0.202255643660824 0.222556477199332
0.350562054043418 0.321804600027027 0.0722601945997127 0.093425854737396 0.161947296592447
0.17351810394577 0.0547263364873655 0.219781347719245 0.270265440202823 0.281708771644797
0.218788824252575 0.208465228397311 0.159191479277589 0.169768403864302 0.243786064208224
0.360653277724257 0.351873872508812 0.02012645140597 0.249501896915167 0.0178445014457936
0.173090117356174 0.290471739013898 0.275420341435871 0.0703459805688546 0.190671821625203
0.168754409905892 0.182660098026671 0.0990677372651523 0.126233177555992 0.423284577246292
0.255198511818538 0.0544610364873747 0.292383429059811 0.158636614028105 0.239320408606172
0.141494688899242 0.362727372918026 0.245562855643574 0.0856813548437168 0.164533727695441
0.29272680587128 0.164197541361632 0.179353606621249 0.207661755003639 0.156060291142201
0.265234951483925 0.0160367837577818 0.272478963038787 0.351647450429682 0.0946018512898238
0.163353142063766 0.172878203955545 0.235829508283384 0.261191317710516 0.166747827986789
0.175846401868504 0.201848132411657 0.00393821022258224 0.309402747074328 0.308964508422929
0.299450711871476 0.0347870222854174 0.297082535957978 0.0845063164502065 0.284173413434922
0.114462436508911 0.37488307964375 0.158925691994554 0.0040329666802199 0.347695825172565
0.248935188257412 0.261409003027042 0.142209667244799 0.300566282816671 0.0468798586540761
0.0763485669725457 0.352552084727393 0.1046883027983 0.132641901983893 0.33376914351787
0.100544418525781 0.1442315614754 0.157742020297967 0.285840397340395 0.311641602360457
0.296611088826733 0.238145077382147 0.137886881946409 0.146821070082309 0.180535881762401
0.354070076373902 0.225920103278058 0.077318748071367 0.30214803780318 0.0405430344734931
0.302700231513964 0.000960868861068792 0.305439967111461 0.123985649321176 0.266913283192331
0.203428593759697 0.0583367272696603 0.302298980226611 0.3079190906739 0.128016608070133
0.122164774720075 0.385325544231238 0.0908863422852255 0.0343676850554622 0.367255653708
0.392982056470629 0.230974862625778 0.0487081220018812 0.239451851672399 0.0878831072293128
0.2930197431962 0.307545451546555 0.274446877750789 0.0819503540244727 0.0430375734819838
0.254274334634704 0.15172855351672 0.176635024289024 0.149563289461079 0.267798798098473
0.174955404018678 0.0221400331276121 0.299811461550377 0.132469174443667 0.370623926859666
0.284975436051334 0.31322146257019 0.0923589114104505 0.203886877266432 0.105557312701593
0.174518578186647 0.401072466293328 0.0424251005766539 0.212828928992332 0.169154925951039
0.0163858528553836 0.296847496242998 0.204734108267265 0.26994984521241 0.212082697421943
0.141659087281276 0.157099251138087 0.328327019353845 0.0396175872217224 0.33329705500507
0.243565478158707 0.20129948320217 0.259369588059822 0.0247697776451766 0.270995672934124
0.37034335955166 0.108191780258285 0.120404530659998 0.367353732195189 0.0337065973348686
0.0978756623945353 0.237083285543117 0.274229280065886 0.193289237388917 0.197522534607545
0.192855742984497 0.148869061991599 0.0780157776437432 0.0667045008762525 0.513554916503909
0.234266992886974 0.293802299956817 0.0749422858759233 0.222386587857415 0.17460183342287
0.340654875589695 0.014008135818875 0.303207788151136 0.168203924739266 0.173925275701028
0.22822743374938 0.0518383465675899 0.171207690255858 0.397979608267606 0.150746921159566
0.634525774285391 0.086177018534899 0.0610202502179709 0.023823877239814 0.194453079721925
0.00486250823301972 0.140684334571199 0.389908783720958 0.331176577885028 0.133367795589795
0.259024255200235 0.261644830419354 0.15328062229804 0.119733258040287 0.206317034042085
0.0840653428172533 0.282756990608664 0.183079455891254 0.203064213926334 0.247033996756495
0.248819980666261 0.0843320878653807 0.16645440681327 0.280460211426158 0.21993331322893
0.0221558229842917 0.355956362133629 0.284882823650969 0.231694200680854 0.105310790550256
