0.0814120136767827 0.205381591640974 0.142271012020223 0.0939606444658416 0.134344797203187 0.0274801964899109 0.154756795920909 0.134624710185685 0.0257682383964869
0.176827724679926 0.0446821236463346 0.0703637268129077 0.126360041716026 0.0433651273527029 0.139669044149403 0.212882155593578 0.110537598673115 0.0753124573760078
0.0434451867725373 0.138680397969826 0.146889060822265 0.0631902400584711 0.216728885122183 0.13155167210948 0.0327749258514237 0.147414791242458 0.0793248400513555
0.0775511147950852 0.0110729172785172 0.0799497956268842 0.200746512855607 0.0441783129864134 0.199414304992351 0.187622146365992 0.0653014612375037 0.134163433861647
0.155028360438791 0.128860555284548 0.154251519786508 0.0131536188593927 0.160633265679826 0.159657430043108 0.0957795277693232 0.0442233796085029 0.0884123425300005
0.0360824839444847 0.0114053599767253 0.183082019024288 0.0868485054503647 0.130102801836735 0.0939280436491143 0.178724196751872 0.0907913533146864 0.189035236051729
0.160096626357006 0.098203155699366 0.0274655726122749 0.0835381115423051 0.190578949885642 0.0985702495777137 0.00146234669382117 0.198882726995575 0.141202260636296
0.153768578732242 0.0370601042443388 0.137546038620875 0.149371289790199 0.107355920545859 0.110903758360085 0.123647776800724 0.00113517090626767 0.179211361999409
0.10874672785365 0.159920396971976 0.0461849771917023 0.0577260187472615 0.0135807402782404 0.0899800634619063 0.188343353050973 0.138877765940439 0.196639956503851
0.0812733864176632 0.0375712267633208 0.166555197776931 0.0523344245287903 0.136593259567233 0.159916528584608 0.102752952278803 0.128140364639129 0.134862659443522
0.115281480067852 0.122099386680979 0.14105372159302 0.162328807704695 0.160679743958375 0.141692515055165 0.0819571549358755 0.00991156190986154 0.0649956280941769
0.0187127310435764 0.184558025465297 0.146478581573557 0.0638764531850487 0.0660615689918486 0.0615470639615735 0.135570592480373 0.162054122447951 0.161140860850775
0.0311564163246904 0.172113617206736 0.121265613571125 0.126274445457229 0.157539865741693 0.144517714550757 0.093887934534936 0.0437805829214295 0.109463809691404
0.116131314234797 0.186561841999125 0.127673365514945 0.0202103364064352 0.0450374141221545 0.181631469569331 0.167243345039365 0.00799041651968484 0.147520496594162
0.14584832130058 0.13901932606074 0.150580199449114 0.0743901650652119 0.0530968708565616 0.138276928201115 0.16970891763598 0.105223553613732 0.0238557178169658
0.0388363046939481 0.0808968740417224 0.0226395144902194 0.00200922168098674 0.166677197680955 0.251551822499402 0.0446666402283209 0.376364119274447 0.0163583054099976
0.0188483191508277 0.092920911364801 0.181707937628168 0.106183559784514 0.158211114861232 0.0664491143175446 0.0581102710827815 0.188478958979673 0.129089812830458
0.203359127824875 0.0831927620849152 0.0274981350954622 0.1511020929447 0.199799591742776 0.00928240030117993 0.219652568145772 0.00588941511520675 0.100223906745114
0.137133736829659 0.0092630034017756 0.0292476976755665 0.127852415728845 0.0991953511975697 0.0814164677588003 0.148448950884427 0.165536957003862 0.201905419519494
0.122719406155105 0.136685439810657 0.19883510678723 0.033057375587021 0.015724200839048 0.125003433603863 0.0709899153766222 0.106272685228182 0.190712436612272
0.141268383323537 0.003041321748064 0.156444718634357 0.11997949244608 0.0137483499874784 0.154370351806476 0.106247100308954 0.174113573670116 0.130786708074937
0.100353757861682 0.144484652383746 0.115486317099256 0.148262352309481 0.132657386246799 0.176150559073561 0.0544872118688034 0.124282262476718 0.00383550067995357
0.0831052489216983 0.00938269339237089 0.0557043551998496 0.130520292943007 0.0212765826155748 0.199660453103436 0.184442556495282 0.109306583792245 0.206601233536537
0.200264098366953 0.19985285011432 0.129880202047782 0.0779428850269315 0.0883355808620105 0.0413853942230089 0.126524641339366 0.109089063540163 0.0267252844794664
0.0347771043814686 0.15047525398739 0.179682071636438 0.112562868154516 0.156848878411056 0.0306378983104864 0.163963948810311 0.0200382284877027 0.151013747820631
0.0465149138685231 0.048239895227983 0.235004214378426 0.0386282429097533 0.246287243229495 0.0273211021113164 0.0515956865318252 0.163076095796695 0.143332605945982
0.1009808623372 0.0636438954351499 0.15626831573089 0.0598620865692373 0.171679964313281 0.0896497280908215 0.0789044627875068 0.215296293461459 0.0637143912744546
0.0779590049071063 0.038034007990041 0.130425203929725 0.00482111879786156 0.00633587276420118 0.10269362509565 0.151975782100808 0.22421538810898 0.263539996305627
0.12811487296194 0.147374649014458 0.104259988090392 0.100537651875811 0.135084097051717 0.102816805716531 0.179687943041096 0.0637304577909886 0.0383935344570657
0.170114794894884 0.11705326323868 0.163205339146006 0.0454195613169561 0.109462378958026 0.0322326492744015 0.126415203177659 0.0625409781981991 0.173555831795188
0.0269922014210982 0.208056306738658 0.0759625743293563 0.217871336919663 0.067035978394468 0.0622860809023232 0.153098131396439 0.124589271194102 0.0641081187038928
0.170438254478428 0.161439864912384 0.0894337946510271 0.0413129167296464 0.0100770239869394 0.181088807798607 0.114670901841689 0.165277779641501 0.0662606559597776
0.0156335211912452 0.222461871393867 0.0538997992545502 0.140570189237103 0.2489212287079 0.00663898055834835 0.164717436830915 0.119148898364261 0.0280080744618099
0.0423749256829141 0.162504077175672 0.124050779654524 0.109953913090477 0.00635839946005095 0.0503511781720501 0.181816441696333 0.126523081972005 0.196067203095974
0.128666590469489 0.0571859356647701 0.0441664677013276 0.0969256021711195 0.131041701412411 0.0788025136007993 0.180779210611756 0.183101021531425 0.0993309568369019
0.0110915439247262 0.0587675165629179 0.112544912851315 0.0548874346014039 0.11354374424685 0.0379084014714097 0.201635437930513 0.201982866000837 0.207638142410028
0.152157034747524 0.125495574489723 0.118826231926706 0.0778018930078702 0.153169643823828 0.0109641142488741 0.0960179836347917 0.123567463952219 0.142000060168465
0.135908908335451 0.218975787619028 0.103826158090896 0.0594263750461306 0.0125405892092139 0.216218348515487 0.0749933358331819 0.075565674917853 0.10254482243276
0.110199793472839 0.0418774749467468 0.21440535009796 0.117952322957976 0.20132688642449 0.109528352552962 0.148146705096089 0.0466972837125429 0.00986583073839425
0.113010666429136 0.258945712312 0.134919427322543 0.0238180549270345 0.150485257414559 0.0522655262091131 0.0739357589920134 0.0515736561376476 0.141045940255953
0.0448668146685058 0.0963150097537021 0.133428669790839 0.0808119854750252 0.109671637733051 0.0713320333912546 0.153935554883353 0.129322761998507 0.180315532305762
0.0319557596364193 0.219347542131615 0.00516887744836845 0.182905630270708 0.19779780215062 0.0389990880827452 0.0946818053019838 0.134314744202091 0.0948287507754491
0.0933118061326643 0.152916275261544 0.153012287631799 0.161561841551208 0.153456513028236 0.0865719906529992 0.11997035964785 0.0473321601653646 0.0318667659283356
0.133511343022385 0.0417870545586401 0.0559289137014129 0.131203876940733 0.0514169776557989 0.178394914950486 0.169765486328629 0.101135102900692 0.136856329941224
0.0560149350288315 0.183942877028576 0.213318833818352 0.040303373174161 0.0599186259119723 0.14555579130778 0.0852609974238798 0.0448157424729306 0.170868823833517
0.103611092545897 0.125472243304533 0.0788850088569114 0.173872520786279 0.049354291212383 0.0236015636187228 0.122833995237035 0.205441546946289 0.11692773749195
0.191851145383118 0.0203895508563735 0.033389477909466 0.208076768166888 0.161799161064976 0.212024143177143 0.124374158127554 0.00871622742764245 0.0393793678868387
0.126318825717773 0.00537176914915657 0.031702739668705 0.132559940681657 0.139905798917821 0.166793604187168 0.0517184380551713 0.194200545080446 0.151428338542101
0.18388010280217 0.181003041450059 0.136231345782442 0.151041195598957 0.0645708589359062 0.00614767089956193 0.0766030616796629 0.10278771930638 0.097735003544861
0.112745472218206 0.106561008371937 0.156422392410785 0.140548914808757 0.0655805966311417 0.0875407078622299 0.164506068676017 0.0848919581513791 0.0812028808695474
0.104672912535255 0.0534614217581663 0.166004799164936 0.136248773958005 0.177414355624092 0.0544026214900749 0.171908238878394 0.0525022905503764 0.0833845860406996
0.121184522965328 0.0870844587611249 0.0160166104958599 0.166386174110603 0.0709171706813755 0.156223368424112 0.180194953503514 0.0208832782862052 0.181109462771877
0.17640607827123 0.17171102988281 0.0907211355365729 0.0799221002407783 0.153326155981322 0.10800651826875 0.119980517836556 0.0455353051099368 0.0543911588720433
0.0588488527969223 0.177040543727254 0.0727767870677029 0.0578208693905317 0.124826635005388 0.142228621403276 0.147783341623181 0.0432509244903059 0.175423424495437
0.126203858445157 0.215292257344584 0.0360288835189761 0.145559573093539 0.021256859793543 0.0890687873029867 0.12553921823877 0.161855557836342 0.0791950044261016
0.209487243422845 0.108393919848032 0.162081838421332 0.145156632606758 0.0534205133125829 0.138724026292201 0.116299490693114 0.0554193216445036 0.0110170137586308
0.157163636198195 0.0184716816549231 0.180102970113444 0.13030532394429 0.036549460686041 0.189989785538848 0.00166105880544058 0.176657414310821 0.109098668747997
0.0689610655475268 0.0291501068505717 0.169063596812706 0.0521442069866076 0.257705931443485 0.129092860100994 0.0632747931587183 0.0260561304698963 0.204551308629494
0.149666624453986 0.0228536009875363 0.0173913101943872 0.0543268124612287 0.218736798621578 0.134555435065793 0.0957577618982328 0.233441917016435 0.0732697393008231
0.0711680185388685 0.0729656967002872 0.0988020538678412 0.164870007300132 0.174114581787938 0.179241754828693 0.156897667012581 0.0152826598271538 0.0666575601365057
0.239697149668582 0.0125827771827785 0.171865963322225 0.113672109721361 0.0355005478519643 0.0904966327382202 0.0661781924960236 0.233323283133903 0.0366833438849415
0.144734785599059 0.0822446781559001 0.17346743888512 0.169663317955051 0.0833631519846019 0.0842208927433207 0.0953839202167167 0.0439244107963099 0.122997403663921
0.118732701211354 0.15252792374453 0.0101573802951082 0.148574576111057 0.0179752940530199 0.134069916691184 0.107246361698691 0.141389951712341 0.169325894482715
0.165388914584817 0.164104317144836 0.0659688044657905 0.143850704612799 0.0649588759658117 0.0227110689403698 0.161438117939022 0.180928725425047 0.0306504709215073
0.206404013481803 0.039737548945474 0.0503176433026111 0.0148111543731423 0.125943472727195 0.0827829981639233 0.212523834020398 0.099963106730705 0.167516228254748
0.205831516826155 0.0799023835766229 0.218965051508266 0.0146355800800667 0.0172005191886362 0.0507392257652641 0.206669205588234 0.0847052469569892 0.121351270509766
0.201561425505107 0.0792494714145379 0.202372122338581 0.0114286963057725 0.0966505005801104 0.057919112594414 0.151691266991436 0.0783784927495287 0.120748911520513
0.109256443369656 0.275414538686791 0.00162813983235364 0.24783840586491 0.0389288520586222 0.137938084750206 0.0488861686742191 0.0499786987744773 0.0901306679887652
0.0958456034186393 0.110771524496836 0.122960401312121 0.0783041431701724 0.164621143932409 0.141029002842335 0.130530199484959 0.100663978262229 0.0552740030803002
0.0726301074605395 0.0245545651985483 0.199404738139765 0.275372784775541 0.0233327072456204 0.0147274724097778 0.122420570969429 0.137477296415921 0.130079757384858
0.193690436827916 0.00130179517436364 0.145295991824588 0.00269313276409111 0.152329308990126 0.0321389751622364 0.204345388051915 0.161446121098277 0.106758850106487
0.169145285200157 0.131016406147133 0.1839532474555 0.184957703507519 0.17569975501255 0.038990733777309 0.0249705822650249 0.0307414607015313 0.060524825933276
0.069523008828756 0.0140974690795024 0.069078309615271 0.0760810093246556 0.284429327289958 0.0218687767775835 0.238795258344884 0.154568669700001 0.0715581710393886
0.203345690899407 0.113980543842592 0.226063247347198 0.195701035334197 0.0886782116905542 0.0251513332249873 0.0100394065527298 0.11555072666072 0.0214898044476134
0.19541604801197 0.00223407360214903 0.0343506380974381 0.11764392084936 0.168105367354072 0.189221460119668 0.167826418911222 0.0199047987896891 0.105297274264432
0.0626842052004446 0.161491848275528 0.18148035556697 0.156171679289717 0.0975275093008799 0.0332831673692281 0.168482559183467 0.0149329070054486 0.123945768808318
0.0442178377806721 0.130583300741651 0.149871187511678 0.0514991913479819 0.130387774484509 0.113249853614246 0.235208442001619 0.0142694514038677 0.130712961113777
0.184687436149546 0.118001857433307 0.0969311371884107 0.132067960295356 0.0834606086224056 0.013559056723443 0.0336152610163423 0.18425032530388 0.153426357267309
0.0999502664118812 0.100006110734847 0.0910205448698764 0.173370093253329 0.129465379120855 0.0506905951352616 0.1288993291067 0.0728120157941962 0.153785665573052
0.21243701810359 0.0259416726168049 0.194533645211706 0.0249244236435996 0.00144480837479194 0.150557985296493 0.158082356815427 0.0487408158055322 0.183337274132056
0.0438309757179617 0.190820082612437 0.0518095568985272 0.0424853881358268 0.172526457379025 0.105381800238189 0.166788740385942 0.0967887470587744 0.129568251573317
0.00447878520280916 0.119580830618144 0.126062720120344 0.0447704429664849 0.137451911474006 0.178687584606706 0.0984384294206215 0.216989663023271 0.0735396325676137
0.143124883452353 0.108995514801049 0.0933491984634403 0.0928825887197835 0.14472208806273 0.127425578772315 0.0422001988420167 0.143850555781281 0.103449393105033
0.123286178656617 0.196211763627831 0.0142812467703665 0.0112301086248628 0.0109683221874848 0.0490935619848127 0.171339549322159 0.210859884584461 0.212729384241405
0.0836280058345745 0.114334638573891 0.170324801454236 0.0403125392426585 0.105017649722634 0.0663499237807067 0.154539447816528 0.135272870460185 0.130220123114586
0.16547144175453 0.0451986478176002 0.181184698527348 0.113506225933621 0.0761528696109808 0.200917770625649 0.045329615692395 0.0770968028095651 0.0951419272283107
0.166355672529977 0.0820135542436046 0.0764867698142027 0.0439971573672668 0.169462854792174 0.143604864281917 0.163750883095435 0.0369192938849205 0.117408949990502
0.0576191876560269 0.109822930240527 0.100106645912279 0.108585601173146 0.129663971074549 0.12028001048782 0.179432565887884 0.185364555835449 0.00912453173231763
0.0294160573753115 0.113062345247225 0.0643476833639309 0.169858890830249 0.131774946690666 0.0273725438428667 0.179020660792881 0.177696421679537 0.107450450177332
0.163645626460677 0.105045535720793 0.0167825716864273 0.0792708363055949 0.131819809023734 0.233569642949101 0.0210963721271982 0.0633283476181093 0.185441258108366
0.0177347599909731 0.154333640003899 0.00990767752698525 0.170721906937989 0.128933248569718 0.15121048971665 0.074844159260555 0.170794303912491 0.12151981408074
0.0213736260146486 0.0877469648591888 0.0665144960216491 0.18656832489095 0.0342463575089394 0.201916995965555 0.0915649776722709 0.241266195815057 0.0688020612517412
0.152180397574061 0.135849841116765 0.1148996981524 0.153737981358477 0.111953254931487 0.129185940082995 0.025437011622922 0.16338680071576 0.013369074445133
0.107991086775894 0.0337426552634514 0.0640174064411149 0.112317233731577 0.203525380886838 0.156585962060543 0.196242320574238 0.0444532482440121 0.0811247060223309
0.184750941745008 0.079094314410186 0.0730515166248864 0.169706336353651 0.0862937190241748 0.152284075023628 0.0471818416710675 0.019088563460406 0.188548691686991
0.210047766022259 0.156196297930675 0.180680876029514 0.0447773608186329 0.115795330614923 0.0219893083150234 0.0466781139742801 0.0575295016549109 0.166305444639782
0.133753103700047 0.103208541030329 0.190263237210092 0.0698256795848244 0.0138130353361653 0.199778602652931 0.0304401981057514 0.0461751202366265 0.212742482143233
0.00391428478431276 0.196083266060316 0.0568888950957982 0.0566000770397661 0.0690703484942072 0.164431639022389 0.20603096732094 0.0788850319047314 0.168095490277539
0.133649867134786 0.0196659137359402 0.0143894236544199 0.142810042803684 0.152968952577765 0.219880917944196 0.0364222400002275 0.119641503173325 0.160571138975657
0.0187656925684672 0.0337880476285876 0.023407593401974 0.188339052402898 0.136824956025265 0.181983512640671 0.100883303260117 0.127110330062992 0.188897512009029
0.0865842740062336 0.0487012948319925 0.0647279409686015 0.0152771724621112 0.181572239897008 0.210180134934469 0.11160124626795 0.157151209887514 0.12420448674412
0.121207518556149 0.222558122142342 0.265318303162808 0.0269917668448374 0.0455130524273608 0.0341048033131339 0.068820284956264 0.0693171913722004 0.146168957224904
0.12755917263189 0.0701103013661448 0.137073904062129 0.146225304813876 0.18560034080266 0.00536531488699452 0.0866636178766085 0.0851608038534052 0.156241239706292
0.051505564860557 0.219410471025256 0.06374753494453 0.0886953727183958 0.144831796257452 0.163147974750317 0.0823266078639657 0.18322904785924 0.00310562972028662
0.0668911262977999 0.0898410104543161 0.190291739157704 0.0938049726648359 0.134530260628127 0.124137256202178 0.130004231603152 0.0336872249843112 0.136812178007575
0.178162286317924 0.0665565074981276 0.0866782736771993 0.219115545369425 0.0342260883177471 0.0937267640462221 0.0279354325741606 0.125931856269293 0.167667245929902
0.11413917066473 0.160913365297751 0.104321189796634 0.0594635945208689 0.0908307517403088 0.222880722238131 0.0456097695307371 0.0637491913836106 0.138092244827228
0.203313853587299 0.0999206848117198 0.0220862198619948 0.0424975796101923 0.0480888824818533 0.259210650105351 0.0094028402784398 0.131385363093182 0.184093926169968
0.157534776583034 0.188518218226063 0.0182968024740621 0.0301481222421795 0.162389251567943 0.137450246999352 0.0886041119534 0.0047509179109192 0.212307552043047
0.059971094178862 0.0248112480448134 0.198365502036395 0.0594150220987211 0.0687895422624818 0.241158764417155 0.146059566004986 0.134124180082459 0.0673050808741274
0.150318510188697 0.160573157589457 0.00404565224066684 0.231127166230607 0.0445724902566423 0.21613067330309 0.0872036874603653 0.0971419007321387 0.00888676199833566
0.150166981046762 0.0102199207375197 0.105364791195733 0.167271615605608 0.100256789409365 0.012298406291874 0.187562035972484 0.142681901642196 0.124177558098459
0.185667087884898 0.231791788648451 0.187323396654149 0.0682955600221155 0.000349472837352284 0.102880734678388 0.0275608619103718 0.0176796205382052 0.17845147682607
0.107549589783066 0.15565202345142 0.0491881177445663 0.197842309486809 0.0419581666926689 0.0709683441424829 0.0531401192656149 0.157316576930396 0.166384752502975
0.112703542580022 0.244818226072626 0.218508411144304 0.0960651399335794 0.129282758296885 0.0541060280340233 0.0268411077536424 0.0271860479550812 0.0904887382298359
0.0751241302054759 0.0918316201643099 0.218941272225917 0.135121551361021 0.0523082164368011 0.078548270501139 0.117628239416812 0.153281031544909 0.077215668143615
0.161844823412621 0.169237673594837 0.192124125203077 0.0365625522540143 0.180887462978643 0.0880576452573145 0.0918853160519008 0.0388339692742892 0.0405664319733026
0.21120724341945 0.13435212779519 0.0562117828799022 0.319288214147205 0.0296064220999244 0.0460924491223889 0.156526758007669 0.0270136626757348 0.0197013398525357
0.227518382267872 0.0474969866980203 0.0654711339004569 0.0543816886467593 0.0112276201279391 0.222618048174384 0.0234107200143448 0.158802257976602 0.189073162193621
0.133618501100137 0.0044752971952301 0.168844210234409 0.138044780295889 0.198957711365099 0.204156797577495 0.0164335375998253 0.050561131742728 0.0849080328891873
0.16320171067554 0.13195941665915 0.0267866194181114 0.0893895872326679 0.158777395871798 0.0894451733560986 0.00389840491242998 0.174824943866741 0.161716748007463
0.147469398529302 0.044366734451873 0.10580894839576 0.021920569095078 0.0712851499258406 0.136649815976699 0.138508730505046 0.150337887587091 0.18365276553331
0.031726940691831 0.0372530960356354 0.145090962217381 0.161055190250812 0.159799796649764 0.0649586108742318 0.0451332469502749 0.069064574964822 0.285917581365248
0.235450470894023 0.0150186410435292 0.0168317556480523 0.0619357181115742 0.0393289070101147 0.227931658879969 0.195075290723719 0.0415239222965912 0.166903635392427
0.0650246898866218 0.177969397613417 0.0816902825994706 0.131027804563181 0.0949684836297926 0.183392727228811 0.136422258281748 0.0741312056165526 0.0553731505804051
0.105358948853283 0.118027850245508 0.0823825268943095 0.189810947409647 0.182032670089837 0.0989394715355937 0.1205872110802 0.0273609086416982 0.0754994652499239
0.12929991662457 0.0678634147225515 0.196933982679086 0.195907671522981 0.0436572506846961 0.167558804095745 0.00473002906131108 0.00770673848882283 0.186342192120237
0.0407274483660618 0.015344511068786 0.0449048878219258 0.0395227483481673 0.121172758900048 0.211800220440582 0.206849227785281 0.133788383086358 0.185889814182789
0.115148291051873 0.0465395068239506 0.177971120205814 0.152852282341101 0.128054574353017 0.192130942015096 0.0540314233732805 0.0873952217630921 0.0458766380727759
0.133286964588259 0.044387660325719 0.0413400271097166 0.239169087922022 0.0262287986775144 0.0992653562871784 0.107799909118011 0.2278555282795 0.0806666676920803
0.103627093979936 0.120709963480546 0.114385365761842 0.0479885401817827 0.194869177293617 0.0266232929061617 0.144249452472769 0.0912010288252011 0.156346085098144
0.215623081457343 0.0557775556753042 0.247186343618413 0.0448624083582684 0.0108040090263601 0.179647291354488 0.111366744228508 0.0661987019906238 0.068533864290691
0.148834753727171 0.0522762034496889 0.20813916225676 0.113228856786515 0.204392312360134 0.0513991353960567 0.1313805055898 0.0840602988838748 0.00628877155000064
0.181717539326152 0.142821199199496 0.199372326207812 0.158708194634497 0.224879992712056 0.0100294610132961 0.0196681405214015 0.00692780246130762 0.055875343923982
0.0141348273335723 0.115586773264612 0.151332650973144 0.156755150334735 0.0902101014812241 0.201945680800387 0.110440789978474 0.0789532567299671 0.0806407691038841
0.0596094976889638 0.15242246961168 0.109682096326402 0.0944870290359057 0.115168212352397 0.0483512986626275 0.162287835680057 0.0503825823014151 0.207608978340551
0.247596667369341 0.0200477892165269 0.0520030241844094 0.0102982332061413 0.06340996743852 0.115600129112591 0.172536380143236 0.243633937944145 0.0748738713850896
0.0929538726058177 0.0999068153600225 0.0414538853475588 0.176908284233211 0.0650826249740615 0.107329615960967 0.0891479909422561 0.199146978977008 0.128069931599098
0.0881632076825093 0.0751893830266208 0.145782505032507 0.0272840509936685 0.0840149824448924 0.141359114860293 0.110193228345278 0.16162827227029 0.166385255343942
0.0314842050739392 0.0735252084920395 0.0284518970476031 0.25491670089364 0.0852420844211037 0.181831044383634 0.0154833934335685 0.0970903814809532 0.231975084773519
0.134335045918814 0.0990273298473541 0.124172317265751 0.0917797685442334 0.173131402465465 0.0192872714711519 0.190189448042037 0.0450811061853585 0.122996310259835
0.182945346513938 0.117135180840737 0.114573916996401 0.0199518034818104 0.0908313498492801 0.103646687164939 0.115080222527231 0.172754076448329 0.0830814161773336
0.162040494268112 0.150218883141948 0.0483157653007356 0.155116386867242 0.055310061876603 0.0975569439381377 0.179344143002553 0.117402886310859 0.0346944352938098
0.159174686763161 0.115806428467822 0.124382290328516 0.124286195663069 0.078203868483579 0.000758285226826818 0.10620668528692 0.125768515007856 0.16541304477225
0.242596015205558 0.0855409704237458 0.204021692053332 0.00675432669540927 0.0966468911811836 0.0149834643949391 0.137317154185075 0.136710266246445 0.0754292196143125
0.0635842966455136 0.0614523436015658 0.11724036295165 0.0435981953477627 0.243858696887802 0.182964629750831 0.061103022832195 0.195162933798914 0.0310355181837663
0.0407063972893187 0.185936206351318 0.0863925276215862 0.0143553776835715 0.157073422443496 0.0468364773315991 0.0639157600907089 0.135314688922148 0.269469142266253
0.16379187599389 0.175747138123881 0.0569107723174676 0.0603373439136813 0.124020035222698 0.172674925836501 0.10400287346801 0.0548366945153567 0.0876783406085138
0.00317007072969512 0.0960703217771801 0.184147739164193 0.16207661279446 0.0652932803955666 0.0356572616154563 0.163709187605606 0.164189726107791 0.125685799810052
0.19701735792198 0.15274630825638 0.0353613280647171 0.166926566815756 0.0752447096128621 0.0917656954688392 0.030487804920535 0.0972969360949311 0.153153292843999
0.135223981917666 0.0669175613054386 0.197855147819922 0.0102607745205473 0.233689597178487 0.139486755641788 0.0220778230886164 0.0306855112793758 0.163802847248159
0.107584157824217 0.114438036737051 0.0630601048813774 0.124582973976336 0.11772719216853 0.142680004598366 0.100730499859411 0.179884550042732 0.0493124799119799
0.055147234309592 0.114862010703033 0.0992776392984967 0.116252434282465 0.101704587684726 0.160281656113097 0.0689402487644786 0.230241312297313 0.053292876546799
0.0615584544480651 0.154713996446973 0.175564267346915 0.0414952784936406 0.129556711398446 0.172977791842759 0.0357317693245903 0.151815563032567 0.0765861676660448
0.015966298082192 0.141399452564654 0.114681146668981 0.157561886961944 0.0960479508371469 0.161808672611395 0.0708654152085988 0.131264891622924 0.110404285442164
0.1172098880224 0.151270354075803 0.0856854782490637 0.129785724554098 0.105370947352668 0.158250334103832 0.03001214622921 0.172905740626957 0.0495093867859679
0.0955420619886168 0.258368334284159 0.177219208091707 0.0448010051661239 0.144859731869112 0.0295792817226136 0.0605031526390698 0.138643025428994 0.0504841988096039
0.161748416259015 0.103022332245361 0.00834467542282481 0.111732197187311 0.166352726150588 0.00131145630880028 0.189077087982604 0.204542684284618 0.0538684241588776
0.0458919273135049 0.162950561246579 0.142475083114847 0.211382029686027 0.0977514767266534 0.0101883910096892 0.0665100899685334 0.0967915465974748 0.166058894336692
0.0822877432617973 0.0860740373031635 0.0587761893507955 0.181818046881413 0.1126182084593 0.127163660534498 0.0746910107666386 0.10282315305189 0.173747950390504
0.164754418560662 0.141637411505677 0.0305282296039794 0.149551186976079 0.100023892822337 0.0942791558109051 0.137647721741557 0.00819542636468358 0.17338255661412
0.152707733088911 0.135909513158841 0.000167952805638793 0.109183128535335 0.140980411432488 0.138822747859199 0.118210392378981 0.06154802361235 0.142470097128256
0.24944215679048 0.0858790984249166 0.0597357888021927 0.0914454676841668 0.0705588271999933 0.173094538443086 0.034817019321496 0.0702381234044662 0.164788979929203
0.13699227408151 0.126352979874999 0.145239640217828 0.0708126954102096 0.151401342985878 0.110967748005414 0.0527547422557663 0.158420450828311 0.0470581263400846
0.157228359034493 0.148006074448966 0.0543476678100364 0.137533325037716 0.0781911195720932 0.0830950135722505 0.154883690615807 0.123312155931503 0.0634025939771354
0.116240774134344 0.0998162834437297 0.0655680490728907 0.216521877434532 0.123150005356991 0.0921521066634201 0.0815341184899841 0.143048197589659 0.0619685878144486
0.0303359413810638 0.233802237906544 0.131296659496868 0.0400940394484367 0.224457780243009 0.0431454243904289 0.00624235469521387 0.237020880387706 0.0536046820507293
0.145074895209823 0.0654119237243278 0.219984029517084 0.0253725943386889 0.141177202906454 0.112597574324482 0.0862090696788074 0.0518008825799809 0.152371827720352
0.160348920214628 0.133314750880735 0.0138164695894021 0.0424396964205166 0.19610619116405 0.113583743380623 0.205212317582461 0.0934293335442451 0.0417485772233399
0.179307569605699 0.150450726953751 0.183960017393711 0.162391622913374 0.100298977309332 0.00448978011612182 0.033677338052363 0.0939104137715923 0.0915135538840572
0.154640855558628 0.082069042396031 0.0317555380932437 0.0431932508853906 0.115276014407384 0.197286752992608 0.127856878437093 0.0532236543799542 0.194698012849667
0.17775750581669 0.116129758779308 0.0289434585611745 0.0892770883317038 0.127656706169503 0.04421040000968 0.00876462693161121 0.214204436466631 0.193056018933698
0.129854616093005 0.025792501865799 0.137943673809178 0.152037020292301 0.13199014697165 0.16746393490313 0.0380101228858329 0.118682218283641 0.0982257648954634
0.0938507951371206 0.0119032169147531 0.14962157870284 0.161771502858387 0.101059018694606 0.00986426244697738 0.128881557624283 0.154942166340248 0.188105901280784
0.0514198140105591 0.321415547878801 0.318608529535938 0.122216489173101 0.0799158002493309 0.00115863722249782 0.00686763091082034 0.0656140838729199 0.032783467146032
0.159016959260139 0.0702565484448997 0.167435758239506 0.0338227695855619 0.136497537814628 0.187428492573469 0.153173640890157 0.015969097614972 0.0763991955766669
0.00762729164769441 0.0146225858925702 0.181661074212481 0.176943246992902 0.0809871833371015 0.10817114743627 0.118080135314782 0.176938991799674 0.134968343366525
0.0410717763158323 0.0104300730989825 0.0807592088664886 0.176463096072515 0.172531298585848 0.197112732863222 0.0278483615739285 0.164432338454022 0.12935111416916
0.122965941527771 0.137727942686649 0.166895590556185 0.0998339920194661 0.197918520333605 0.0472952840310568 0.0451335614628535 0.0797554652234035 0.102473702159009
0.160007603361119 0.0521982518546976 0.0475292464147946 0.0885539670923188 0.207763893714674 0.223770315206372 0.0428897786358408 0.0179172715941311 0.159369672126052
0.00430975421571021 0.00399743218550206 0.185383312862727 0.153500339747511 0.0875560526888344 0.169570721807571 0.0524562154079027 0.161447925484059 0.181778245600183
0.127586748183297 0.0378294893941119 0.146757453248079 0.145212954785589 0.131584711010854 0.0566230515116539 0.0836735117492493 0.128417550987184 0.142314529129982
0.0185038460020211 0.183420738459375 0.000862075570217064 0.209927724456699 0.174399348750757 0.00377902282944971 0.0277367915765422 0.0889328761347991 0.29243757622014
0.193399045856699 0.0330560109992666 0.139294697606102 0.0998137426756752 0.0168904696496126 0.205516923505132 0.184138797901691 0.112983503621 0.0149068081848216
0.188975080780299 0.00656259958325051 0.149582629873702 0.17473442632499 0.0381775323951093 0.245936213412203 0.0530436546669804 0.0517941041242206 0.0911937588392455
0.0546926060677329 0.19152429526996 0.151535671325789 0.0643295696171135 0.2015167204118 0.175800789227122 0.0456637711351718 0.0634021562958189 0.0515344206494916
0.1850686836294 0.0863766721134482 0.153332832194622 0.0726395042717838 0.0383024577956321 0.138699571670736 0.123952416541377 0.133793076983393 0.0678347847996079
0.0331897468349669 0.12599967847156 0.146886924872199 0.0460105148002616 0.112334551558221 0.170899864879353 0.154593277112104 0.155834460686061 0.0542509807852735
0.143647327012454 0.122588243726711 0.0606505896236559 0.130221712160692 0.11618815743203 0.00552014703142388 0.149933392341022 0.144196321816678 0.127054108855333
0.118220799558369 0.0987846374411187 0.106793823700796 0.121660434750081 0.0999347011255119 0.149205647885396 0.16224832651902 0.0769271319280236 0.0662244970916833
0.196563263080971 0.200749098353839 0.259219043635192 0.0958832025078338 0.120060703873107 0.0199895975702404 0.0644368373983408 0.032285231094518 0.0108130224859591
0.140289055165568 0.0102030627549247 0.216372060852925 0.0263099467755646 0.162603742555028 0.0791100911454183 0.12392444487096 0.207806312424063 0.0333812834555478
0.0855925495808916 0.0982404747570065 0.111116023639636 0.105798522954752 0.198822153843395 0.0676353471475073 0.051093329931564 0.181953244829576 0.0997483533156717
0.00475616404641221 0.0590679067598931 0.0840326697855935 0.191126242923232 0.0970285579785617 0.0815031615303374 0.232344944897416 0.190565454450504 0.0595748976280493
0.142568818937942 0.0843816101793073 0.244489586940416 0.120124049129559 0.0181358203826446 0.228624595251463 0.043815511893355 0.043586842442724 0.0742731648425892
0.0782145393000823 0.0885335377377498 0.100190103464694 0.0525003688557246 0.160405783898215 0.114019000665732 0.151628660461349 0.135934859992174 0.118573145624279
0.0399808788948884 0.206649849903275 0.243222011881412 0.0131675592255173 0.0178613493675733 0.158345717430132 0.0517193927126501 0.0610009232303122 0.20805231735424
0.169056995941118 0.0576392454190815 0.229230738474058 0.0198229010644858 0.148747345322618 0.0208618581441104 0.00252691409073671 0.173530008179444 0.178583993364347
0.163776796571 0.0241416988409349 0.166169818630952 0.135690521097984 0.147802337486362 0.0751897643953794 0.103733248315584 0.160177655797818 0.0233181588639855
0.217560561410112 0.110717820391604 0.238140539140267 0.0734845128551393 0.0791315563230727 0.0705589835474704 0.0701458130433263 0.0426038232503677 0.0976563900386405
0.17361711251927 0.0843388883007171 0.120727978340456 0.0526077840000617 0.112245961845657 0.00740115845996175 0.073736012490882 0.187053671494251 0.188271432548744
0.0689119276957911 0.0980387690029446 0.0766637567564699 0.162409931876288 0.0340086923355022 0.105907898320086 0.0631767720228415 0.236697593081811 0.154184658908265
0.146239332326515 0.0872862023718559 0.131278623129575 0.0075109022451568 0.19204339797527 0.0525610860004091 0.181175944183095 0.0869271543024395 0.114977357465684
0.0947281600075071 0.162015077981561 0.192464168918373 0.0837460101077538 0.176888744307813 0.198455369235376 0.00453614167733677 0.0617676042899736 0.0253987234743063
0.168111540397185 0.06798272442369 0.0580466005477247 0.156679700946942 0.148318072902881 0.0166069407993242 0.150825467773583 0.161331763959216 0.0720971882494535
0.0495382609317887 0.0489634957084566 0.00561964741905112 0.106475566211644 0.160002239149463 0.324991468018349 0.114414877903759 0.0953273310217571 0.094667113635731
0.136510077396349 0.073737770973295 0.228537929920297 0.0351169258737856 0.00243389670944206 0.00829120664695988 0.104167682694387 0.133629878810364 0.277574630975121
0.106863553863836 0.0106091393902255 0.146281230371275 0.156467888914545 0.138924080281515 0.159111857055 0.0369572548678134 0.0959305582596374 0.148854436996153
0.0242367103917565 0.0714574099615722 0.300645722520447 0.0180330344897807 0.0118660957601893 0.0489969112247862 0.0653381963808263 0.266603294763613 0.192822624507028
0.100567343906918 0.0521565440787335 0.0100436457424361 0.0704245990493505 0.128709287186531 0.179664907854254 0.16708693487313 0.175724464759328 0.115622272549319
0.119317779078771 0.204272377684331 0.182905992714278 0.020456711866721 0.0965590026009434 0.102997858487242 0.0801303107658456 0.187437644369256 0.00592232243261169
0.0828013307212531 0.0387850423563636 0.104228540626572 0.0351636044181597 0.194138061524218 0.117606127191095 0.0600746691564721 0.132277719497134 0.234924904508732
0.0196686412280714 0.19593742581439 0.125806048774084 0.128816808062251 0.0126934353987816 0.166780168455132 0.14601749852585 0.167635470709042 0.0366445030323979
0.150880152678284 0.158662267951727 0.0249420523278233 0.0447815648252178 0.191318583686699 0.190929525782488 0.167221849171693 0.053671022145101 0.0175929814309669
0.0397843278436485 0.0384966470196838 0.0652221562402869 0.230129349436944 0.252968528880651 0.186233932752794 0.0368562245539073 0.0080917651462862 0.142217068125799
0.158325620550219 0.00859053730963122 0.0575600806423839 0.289677302405392 0.0359896040783897 0.169148966786943 0.0418767092928692 0.0108245257313178 0.228006653202854
0.0874657034722754 0.0361927713382154 0.0673117780441728 0.117425221617064 0.143188276982816 0.0177007642107902 0.152035300568156 0.188062683518669 0.190617500247841
0.249839292815902 0.157264565899981 0.112091336200658 0.14081538962336 0.0810894660926258 0.0982934017962203 0.0142382068333075 0.0416892928734453 0.1046790478645
0.13436933226513 0.0532735171123485 0.196162721849732 0.0656102359214332 0.230221484387188 0.125911834674436 0.0928781846778902 0.0722472104562742 0.0293254786555683
0.0637481702799589 0.029101538480075 0.141591811605271 0.0313917530611406 0.128095005051523 0.0357688368532622 0.183050771579215 0.141464408931529 0.245787704158025
0.0184352482498988 0.113834777794053 0.034839360425396 0.036357305361758 0.27147115928589 0.154482424229994 0.191893293722481 0.0698304007619662 0.108856030168563
0.00393086523777522 0.17494404182663 0.19488110767284 0.0115303573754255 0.187333614006526 0.0740422653147941 0.139582394510915 0.154030853038994 0.0597245010161013
0.195363965960923 0.112292831616317 0.0580359575579623 0.119883153096639 0.144823603983449 0.187142021498617 0.0109112934335437 0.104475912501587 0.0670712603509625
0.146143412492103 0.0495902614236112 0.0371834007557215 0.200515715613423 0.0601897869200317 0.233540924456084 0.0120440251940487 0.045126482069266 0.215665991075711
0.163730343387849 0.00882626866672255 0.0476396791385592 0.121564126818783 0.0816370322948764 0.158368558676654 0.162687032282398 0.159605928508994 0.0959410302251637
0.111900351713672 0.157538108440437 0.036197268238452 0.146697821965171 0.154355097349266 0.0430031664071535 0.086255230645324 0.11405293967888 0.150000015561645
0.140583070533816 0.210447935240291 0.0115667239391948 0.173235732809706 0.0164946113301546 0.0515019963564207 0.213718312288829 0.0807672343867465 0.101684383114841
0.00552251532792513 0.0220309591300027 0.00728755590562002 0.0841972112840537 0.193310485361863 0.256022475334379 0.275520370537356 0.121092039813227 0.0350163873055732
0.152037423718021 0.0218982385011782 0.194984303841893 0.048170810231117 0.127327826768231 0.188255186058244 0.025726884478742 0.0445659413159231 0.197033385086651
0.0122175545850093 0.142217917131276 0.158768490160536 0.0531015308692233 0.154809045873289 0.144995869541203 0.133513501744542 0.0739647251767199 0.126411364918201
0.0346474014940572 0.185222278280277 0.209124973803331 0.00971363422039305 0.0446003996480918 0.0607765158652519 0.23356660940672 0.036163743283878 0.186184443997999
0.117584558661631 0.092358503076831 0.207119114671333 0.0945011603373362 0.130938245050306 0.103433790961836 0.0866493198702459 0.114542157779512 0.0528731495909695
0.0370827175448413 0.165252739536447 0.0810822534928981 0.0677112621505616 0.209716328130293 0.136477299835004 0.00861974138974607 0.246246799126971 0.047810858793238
0.199643721369265 0.138741052542172 0.0594571915551475 0.0839694940199743 0.105624616054259 0.138524100076766 0.176482676038879 0.0633011903005609 0.0342559580429758
0.00381697253107195 0.188391293342279 0.0584561436275476 0.0879156469791608 0.205358593474377 0.075054323685641 0.161774801594575 0.0663950983749138 0.152837126390435
0.0715329581359121 0.189404481740464 0.202527099682214 0.147733902614299 0.161131380611938 0.0461443113343766 0.121572953856431 0.0291911450215686 0.030761767002798
0.165507856842838 0.146470260836898 0.0668106273708732 0.142830266253575 0.111232740612821 0.00318530111943813 0.15324026088573 0.0436123285183666 0.167110357559459
0.0995550177124678 0.0653094017241767 0.274128612013467 0.112464916518682 0.0732089024372364 0.111765921917348 0.125468457746414 0.00628526646829408 0.131813503461914
0.0501953350990215 0.246778248773177 0.0564018849116449 0.0231493358373729 0.130223986229376 0.0218487971135042 0.196678931933953 0.0483861879564015 0.22633729214555
0.0574608737752702 0.00461772005494504 0.0250575449936425 0.114734497578573 0.191925992653459 0.275891808920976 0.0613691403767555 0.216563631998811 0.0523787896475681
0.199852623323604 0.120887125407654 0.000171697478521649 0.0759539277561604 0.0527434410622405 0.222276795153462 0.0056107457879152 0.203603421153523 0.11890022287692
