0.163964525789827 0.135894562532535 0.0884506928620078 0.0454527679622472 0.101689804676611 0.105306531638789 0.17282953179544 0.0256741320327677 0.160737450709775
0.0857375949270175 0.0432733218706546 0.0278558895426695 0.0639417122524239 0.195379664775934 0.159701663543421 0.168233977634749 0.209132754706288 0.0467434207468433
0.0113757797640494 0.172329016391048 0.246331653638855 0.13585004386527 0.0516469344667972 0.0166371756938495 0.198329187506942 0.0493741900654054 0.118126018607783
0.0190613314214865 0.0924766417119122 0.0303820199460882 0.10883659933298 0.132512379843869 0.0981784057517272 0.207711421234531 0.254436421320295 0.0564047794371107
0.183188931266207 0.186569381319037 0.0652671202432929 0.0507728147812029 0.0436276777101523 0.140321448554026 0.0343985771466067 0.196678221376903 0.099175827602572
0.223050117701395 0.0506690857367238 0.143512938697525 0.26046888648695 0.0281512173279691 0.181559949667523 0.0271986559638692 0.0176076896506262 0.0677814587674185
0.0479859300780756 0.225362474373292 0.122822878131979 0.0131123263759751 0.0166706564206426 0.124860823511874 0.043062881330612 0.213835247895088 0.192286781882462
0.0801235511031017 0.184177654538804 0.127258396778335 0.126980281684382 0.061361055931276 0.23687199308662 0.0195755832014391 0.0564187255826458 0.107232758093397
0.08091032122624 0.147974244454615 0.0303284954017362 0.165901230042128 0.00320863317788933 0.197951138756629 0.114132192720822 0.076975569541056 0.182618174678884
0.169074356318931 0.0592441024001235 0.0497905499172985 0.20228092713102 0.0696935238824177 0.165838762785766 0.0205397764048377 0.10844563446225 0.155092366697356
0.13279830895067 0.170971810487273 0.104617725083423 0.0168650498717472 0.0878691773076797 0.260224181593485 0.0765279743064879 0.100623348907043 0.0495024234921917
0.0454051955244363 0.183675787315818 0.0202009451163388 0.125560774346212 0.0549793891165597 0.0710164769235651 0.195539519923772 0.15666555097343 0.146956360759868
0.17962542828105 0.0942091812416288 0.00888499590968312 0.0725303436855996 0.0985384587493975 0.00599725507812512 0.121834019435473 0.197020290866837 0.221360026752206
0.195310736377983 0.0770000557325286 0.0690730659100935 0.165844939971465 0.152164582696659 0.00727749622099599 0.204217346851823 0.0663542758879949 0.0627575003504576
0.00642044210106904 0.109929311557531 0.0396091948305068 0.245469720669623 0.12177131069444 0.257322104208182 0.0120467852905174 0.111358859976138 0.0960722706719921
0.0432472779129924 0.117674678622725 0.110830270763784 0.137156469757847 0.175400066289384 0.137890069324556 0.0926873704576301 0.0417759180674426 0.143337878803639
0.128632688267103 0.0742254942880677 0.194153483696345 0.111340620767744 0.101927173688227 0.0239130234593776 0.03864597549111 0.0982719522206606 0.228889588121364
0.00195247782278155 0.291955141673063 0.189469950155427 0.118606163093547 0.0050956136613169 0.00773748152093727 0.05378726398802 0.330467955217298 0.000927952867610133
0.181891703611266 0.0114571075201796 0.133811531772442 0.100595460316053 0.0950043988657183 0.143714097269821 0.125501758011881 0.0761043592823889 0.131919583350249
0.164952580271185 0.0794461266864281 0.0515127628609718 0.122279902655892 0.166280867493798 0.122112858485547 0.144978468039621 0.0994470962766659 0.0489893372298911
0.186263667361909 0.185078867693491 0.131160866102865 0.170848096783126 0.147033250162043 0.0601428914688093 0.0162171352088413 0.0923023848251567 0.010952840393759
0.0211570307280454 0.0751219835864945 0.13835087210666 0.12324955674703 0.122740322761562 0.180079126730369 0.158607987937506 0.144336515693629 0.0363566037087042
0.0622546962481549 0.00678335730605113 0.0120431230394114 0.0682307948375399 0.183195095306598 0.0712144426307476 0.191149250324764 0.200671694153775 0.204457546152958
0.119670071606795 0.131137076286685 0.10294376954366 0.160646833268575 0.139313494225592 0.159616563945963 0.028394621730867 0.14712356247304 0.0111540069188228
0.106853262281262 0.0978506110754791 0.0401529110869286 0.191147026318633 0.0788563123497823 0.100613446685625 0.0619245858499314 0.15178642474134 0.170815419611019
0.0362570607759978 0.0489934779387691 0.155563535720856 0.160692368856269 0.181168675015433 0.108548590112784 0.0350946057398512 0.257162998877535 0.0165186869625042
0.00772813856594227 0.0751405659120171 0.105794548949348 0.153711043425951 0.143727113510839 0.0879464593510901 0.17224315574301 0.128841023126007 0.124867951415796
0.16179373797234 0.0412840635445346 0.0401149204949419 0.0747561328568999 0.231733090865802 0.215658018045564 0.0641785775007268 0.134692041880621 0.0357894168385691
0.0892771927872337 0.0109562403642116 0.068479663305438 0.00913287488188738 0.156248856491231 0.173536470647292 0.0364701593504679 0.285814446923105 0.170084095249134
0.130816982475481 0.156896036631065 0.149457732389032 0.0567445575922047 0.0917337615717564 0.166681439010245 0.034953594204626 0.128285092719327 0.084430803406263
0.165283224760376 0.0498614645789275 0.123448608972332 0.196883810661617 0.0753009196561613 0.193417832519177 0.0215533249737998 0.117044636141173 0.0572061777364358
0.0368117197376143 0.276547560398645 0.138541946366383 0.0490634562818962 0.259325609913481 0.0790238198167572 0.0557633752977065 0.0765630347935932 0.0283594773939237
0.127068130177297 0.105127477156044 0.0767765350041563 0.191606341014925 0.132960194792735 0.148699750101105 0.0811272415064087 0.0917158221441502 0.0449185081031787
0.155743124148533 0.0845472805279269 0.170157844176169 0.169796517488054 0.136306518276993 0.152687522011637 0.0685862194574093 0.0202583841167176 0.0419165897965597
0.100079027430912 0.0894846035532761 0.197722158058858 0.12854079087835 0.187925689197185 0.0386746428997621 0.0585896337144428 0.12291065800003 0.0760727962671832
0.0271510745607056 0.00996460648873715 0.178335659961086 0.176965501779652 0.106521631470272 0.143915038424796 0.126940940498298 0.0770705420209407 0.153135004795513
0.193190474698707 0.182189417467748 0.0107984509295941 0.215818200236738 0.102725677238267 0.122251930097163 0.0801285622591692 0.0179777243798509 0.0749195626927619
0.134164346429925 0.0143865411357574 0.0571732300584685 0.00892950268603639 0.21272804467762 0.0542063065094516 0.170923256541824 0.123309106336937 0.224179665623981
0.212219773835457 0.0669034591747276 0.0312059643874947 0.0775659547172448 0.0606435444565677 0.153120856559796 0.0463236057426614 0.282481884304888 0.069534956821162
0.022308437003716 0.0148673884849392 0.018038167467233 0.109194999470662 0.232882399282901 0.182474316312569 0.177613758214558 0.0612148223788964 0.181405711384525
0.0957268240214672 0.179552981901775 0.132136498143148 0.0925408602759645 0.0168073777697333 0.155763738061264 0.125948836201242 0.0558889358577085 0.145633947767697
0.051458004482986 0.176432578439627 0.117471989481745 0.0119369060174517 0.0259750708389654 0.148097935284254 0.156855142519836 0.197746259281034 0.1140261136541
0.0988470754912582 0.137348089708706 0.118840889862459 0.125736077158759 0.101867877350856 0.112604616294083 0.0819102736910189 0.170382828165953 0.0524622722769069
0.226671831369319 0.0759036874245401 0.115642220928462 0.0776252854710751 0.23422644288726 0.121068634146673 0.000980965251892662 0.101305322643008 0.04657560987777
0.0365705351183785 0.044689152034886 0.170145965707277 0.269971078704476 0.0725021468833723 0.143382010539606 0.240179227319787 0.00508781070456628 0.0174720729876515
0.121958874738999 0.173929639908283 0.0478343343633663 0.212121631393796 0.0883100179760917 0.0357086653214228 0.0646026987558243 0.142240548162791 0.113293589379426
0.0725064404267531 0.175420083998457 0.110335174860297 0.193405289843546 0.120319656460623 0.0348497569074726 0.0443093424258709 0.180151116896223 0.0687031381807574
0.138467787181143 0.185851876557891 0.16524361321997 0.0335255380063618 0.0886981421736066 0.0332150754485833 0.131339638032238 0.0584058881618827 0.165252441218323
0.24827484192561 0.12620768843082 0.157141540744165 0.19692548836448 0.0199634746685079 0.217133842352643 0.0111898045916779 0.0155600566105674 0.00760326231152944
0.0508727857908145 0.0283121598481882 0.0406672314814538 0.182939096082998 0.222759339253229 0.0570044120111638 0.0460685935594281 0.162372478109638 0.209003903863087
0.079392211860679 0.166002677538042 0.192208299143056 0.0112117598010904 0.0914761562099306 0.0293975363688101 0.216475096677997 0.00410989916312926 0.209726363237265
0.23319108500072 0.0709174688070165 0.160739996151668 0.0382788462797801 0.135337909400909 0.0358715704725442 0.0813094403651377 0.229483148168356 0.0148705353538683
0.200164679703208 0.214152614318013 0.0319794227939023 0.14141058423774 0.0292091102309271 0.134012930761523 0.227875453098872 0.0211446011073906 5.06037484251042e-05
0.101763139714872 0.221985576727761 0.0331869487201565 0.027685889095629 0.161660974982665 0.133917951580944 0.0721429361604539 0.102187010339338 0.145469572678182
0.0809186309355937 0.139774644553314 0.0309795010435649 0.0890701030611034 0.0158333545406426 0.0739102943686701 0.200808365550096 0.161785837285921 0.206919268661093
0.132395083390385 0.162603603198104 0.143141454370578 0.00487087650977858 0.123587631296339 0.0620331065196969 0.0895080799674942 0.148526262584663 0.133333902162962
0.171754781345358 0.194024590522206 0.0301945589181114 0.0130933101944912 0.0726144603929104 0.196071104179545 0.0767204184592401 0.0544217434750922 0.191105032513045
0.125908690784154 0.107251170438314 0.134154891305065 0.149008191801444 0.121974148729252 0.0126868968782631 0.129747226915266 0.153710004426493 0.0655587787217493
0.142601249513666 0.0214335267202185 0.0642304093894397 0.178652257124155 0.188074255790612 0.0849832201514376 0.0966877458927886 0.13618799877519 0.0871493366424921
0.106830907784809 0.0319623505194035 0.159330344310398 0.082515607354017 0.0818226627476814 0.087583509015368 0.13621609684719 0.148004576926624 0.165733944494509
0.072131286073543 0.0857059810883044 0.162747310428259 0.0686389773968258 0.183714345899195 0.206858534811834 0.0347038169850885 0.0532751446153549 0.132224602701595
0.196918821299942 0.0784149561904833 0.0352077495817615 0.0912250180143385 0.0778687075744677 0.0513072489623237 0.142891630143175 0.161640608018114 0.164525260215394
0.163344512090768 0.126607761565202 0.0342859177223667 0.130803050760993 0.00495805488837104 0.170952933072662 0.161267383067013 0.18042094284327 0.0273594439893541
0.0885843756600537 0.0775877562474478 0.0939132578301712 0.115505161244498 0.19606868035747 0.0959072907856963 0.149990818702813 0.120669590861961 0.0617730683098888
0.0224446054458656 0.163829898855383 0.157230869482126 0.148699293928795 0.0750841386793215 0.105360500389981 0.0497645036366823 0.120535069184977 0.157051120396868
0.208730932282007 0.0862964425318543 0.235108617213945 0.0605583184398757 0.123155757097392 0.0215155107536481 0.000507866755239617 0.200577306245895 0.0635492486801417
0.0340581373374542 0.135451753991704 0.0390993492074957 0.186045949300674 0.1393555889136 0.244330337758639 0.0912430480842157 0.0494595859484703 0.080956249457747
0.147014363073796 0.0751493780674319 0.16872240325787 0.0802391889080171 0.0820615265883323 0.140302840537238 0.172732150097397 0.0340715080800274 0.0997066413898904
0.0957110877702597 0.0194163454837709 0.174641110089435 0.00421564975670354 0.200025831205764 0.0375577773817079 0.111025438642669 0.183348851720979 0.17405790794871
0.157502411861162 0.181366500488564 0.093173693103474 0.104191842134758 0.174835137357653 0.0336390557306968 0.00831733892583253 0.0592122776535733 0.187761742744286
0.136307801694144 0.0515687658348218 0.0398962212284649 0.201498005850784 0.00586422508352216 0.205717599182333 0.198285098831413 0.0477183573333715 0.113143924961146
0.0878893671844422 0.139108977366627 0.142604047114975 0.0441673413109119 0.106759123196874 0.123925187397828 0.184656744907381 0.145470589547373 0.0254186219735879
0.108025431371838 0.140614235901721 0.194537863279512 0.215581629936842 0.0640516915852856 0.0231907079027721 0.119573401055473 0.0145604108534272 0.119864628113129
0.123916195900962 0.172964277206396 0.0613909507142526 0.152730668932469 0.0595605148643158 0.163445765741325 0.0790570639963283 0.124500608643821 0.062433954000131
0.00487037665099282 0.174116793517309 0.133235901407535 0.0510609576054141 0.152189645735812 0.166366947866244 0.165809163578249 0.0157266765597918 0.136623537078653
0.00728168964848382 0.0964735533550172 0.103851742382476 0.134041542811157 0.0956796941603745 0.128411202616809 0.116217402710064 0.151865365653284 0.166177806662335
0.12244405017979 0.147234055182808 0.169201420478747 0.0681092290166645 0.0517832608947758 0.0167414364376386 0.162025352721816 0.13571298667195 0.126748208415811
0.10995150093191 0.180570523775508 0.028202873736927 0.106207850974716 0.152893693399401 0.0859699544547907 0.0455816486006173 0.153525236909311 0.137096717216818
0.165548804173871 0.154525242831202 0.0241347137385801 0.0115596345964864 0.0365249172233754 0.0563266563142496 0.163719169914997 0.217674041678073 0.169986819529165
0.189330174410675 0.263821109965732 0.213652370131322 0.0248286927393383 0.0679868654127431 0.0163458396868255 0.0132382886663823 0.0412787766489247 0.169517882338057
0.193640554870327 0.080870305391518 0.0786920929663844 0.177353638055342 0.121986010888234 0.16413137993113 0.0539720576103463 0.00662414432316029 0.122729815963558
0.114207374627815 0.0271214962631445 0.0800219210680246 0.113760496804882 0.0572263224035404 0.162363395975882 0.142499143177747 0.158188493328446 0.144611356350518
0.0604087596093503 0.0953204198898018 0.0295048627857799 0.0416766535710227 0.200763691866713 0.177539785471037 0.116933188008466 0.210903019042653 0.0669496197551762
0.154466312726382 0.155671564378347 0.101899897444987 0.0984957211296929 0.0182305771365874 0.0664120173994446 0.192582247253684 0.0268539720881049 0.18538769044277
0.00346557354499522 0.0397015134405859 0.22347395793815 0.211012143652643 0.126712670922581 0.000487996115330594 0.167158745960933 0.17092304300384 0.0570643554209424
0.161446732522378 0.0851759687737814 0.143877189707836 0.0739062190174268 0.167160841544008 0.0156660723210205 0.137241479275789 0.0802299034481693 0.135295593389591
0.145964726457978 0.0900758751785126 0.210498469987823 0.0141897918294919 0.132661644836329 0.300317159881074 8.49243932462107e-06 0.0589392407673097 0.0473445986221572
0.188308438466686 0.0882308814787304 0.0288977715580216 0.0541109749712342 0.121695021002875 0.159312109769097 0.134249057375432 0.0662057194660681 0.158990025911855
0.167112485975747 0.094128412602934 0.175430122149617 0.0316192722456155 0.193319967021472 0.0325771660901809 0.125207505547241 0.166632905321066 0.013972163046126
0.110980248161414 0.14007000616942 0.0755574760292203 0.0839554623282935 0.160632911615855 0.117257382089305 0.0304124211798531 0.228047375376265 0.0530867170503737
0.135965072770426 0.13804043684695 0.0291122115141082 0.0196479852441424 0.188621878888245 0.0948706579549472 0.0837872638535166 0.0758697505377019 0.234084742389963
0.00951836520155839 0.193706262883155 0.126766066398046 0.134092943358976 0.228346238415089 0.015120355883288 0.0147492597044993 0.0884294503701645 0.189271057785224
0.0699666163593104 0.020404492940518 0.154824010000109 0.121106088712263 0.0284894733083557 0.153285599049192 0.081577669954373 0.217930902727517 0.152415146948362
0.08765575153434 0.14969988398535 0.0670868916870491 0.160337087611953 0.108828086523248 0.0241358796712161 0.0677964546454103 0.194341932635359 0.140118031706076
0.182490838031307 0.101142415131795 0.0931006327428162 0.0347870167626109 0.178081044016225 0.0953502687123256 0.0724241288365491 0.172849443368112 0.0697742123982585
0.00398143573707799 0.181787388188975 0.00174180946242749 0.209915723878424 0.206723850097802 0.307122218648947 0.0313472499911049 0.00225115167505309 0.0551291723201885
0.164321539398267 0.0896910819857267 0.0447521250844799 0.0424386116656393 0.129990469984376 0.145458839351997 0.150023583677317 0.126488968705823 0.106834780146375
0.175626474973246 0.0175827994170508 0.0496479501277817 0.108363916862723 0.162544332311354 0.0228029487774002 0.122551779770484 0.153887769777722 0.186992027982238
0.180881845045938 0.0375770905377384 0.256902835379881 0.00875535088337788 0.127975082117811 0.0895071050779547 0.149971982684217 0.117865169537918 0.0305635387351637
0.190070900123845 0.111076605271529 0.146102037470923 0.0394348828836774 0.0547454186649573 0.198412603696608 0.0583135245105045 0.179830041650729 0.0220139857272267
0.0630699505732112 0.0407911868247039 0.0768777604165216 0.114368427840738 0.156333312024554 0.214673959014734 0.153030744484446 0.0919894531921708 0.08886520562892
0.13897523457242 0.0303532572384851 0.0264146339384897 0.207149590827924 0.214803901317036 0.133330214745365 0.0691183341804019 0.0919584969805504 0.0878963361993279
0.0151984667243754 0.145713759504787 0.133421121311386 0.171972714347524 0.179407630466658 0.0488628827690053 0.122524970083603 0.0948163571226604 0.0880820976700005
0.202296024874486 0.0108703661830996 0.0500257345937757 0.0847407300254007 0.0386727331006451 0.105709104261415 0.159447500119062 0.185295536375412 0.162942270466703
0.0722687926545117 0.180707230182065 0.132012797149345 0.0980029456700897 0.0922053788689081 0.166012556623852 0.158659985342098 0.00792486054911392 0.0922054529600174
0.0395383348183087 0.117452069819959 0.155182149695552 0.0661086690297261 0.10639355614838 0.152824132402026 0.147803715732679 0.04869882077702 0.165998551576349
0.10439711785484 0.161198250127773 0.111776547224896 0.000355978296379648 0.12260085280956 0.153901562598257 0.120905198090531 0.163302460057443 0.0615620329403207
0.114692555280551 0.161802663442415 0.134831704150067 0.0529153310639338 0.0908212887949184 0.0093773672722884 0.218706510640027 0.0692008111686611 0.147651768187139
0.184317106005562 0.108152860672855 0.0833231703325871 0.14127271770621 0.0457371710428188 0.0965487111647338 0.140104924974138 0.0324371666379826 0.168106171463112
0.125390692407071 0.187025746898624 0.124148604819092 0.0803610289724137 0.136683276505976 0.0786533867112413 0.0512746708513077 0.147131273130885 0.0693313197033894
0.120169961833537 0.00202110692768844 0.182997148995913 0.139185236284642 0.210334200947151 0.174327586726345 0.101093668445726 0.0175584804194398 0.0523126094195577
0.0438291960036806 0.0177846723233346 0.317878428476463 0.078956372709594 0.12384380633374 0.0329979929406804 0.00939952566292488 0.365961919360803 0.00934808618877959
0.133753536271773 0.0840431279416959 0.00576381837253419 0.0928195561872825 0.193674908745424 0.0690901898193939 0.209636283334133 0.145208541954953 0.0660100373728112
0.120971579992617 0.00786935854562375 0.124816970020127 0.102292825090409 0.0900851957318515 0.0352773147649461 0.233425774530913 0.0514838629448309 0.233777118378681
0.123720347215039 0.150795527142848 0.0026012154234962 0.00800305065238382 0.00611407044782181 0.235373498123366 0.158613603839562 0.210277059490788 0.104501627664696
0.183492836103577 0.0727150297136205 0.0147459759326696 0.0234656232497096 0.175681085164916 0.116336913636006 0.176924362522639 0.0974079718466365 0.139230201830225
0.120165849183869 0.232708752993321 0.22281407575211 0.05484407134818 0.100721618496591 0.111840163239616 0.0100236651553211 0.0224289083518943 0.124452895479097
0.00135721285043256 0.197552315120387 0.109123960035023 0.141777937488943 0.147307248800395 0.0766811734359791 0.205616381195477 0.0206522739266675 0.0999314971466965
0.218441093919035 0.0895946625989097 0.147832780721309 0.0127900869326052 0.140931665512571 0.0625647800108011 0.170309685760083 0.0348814591475454 0.12265378539714
0.164380484442669 0.0104481601805227 0.0320011849382669 0.156180692640301 0.129404294551955 0.0788669291711753 0.134697183306364 0.145142259581462 0.148878811187284
0.1297960881184 0.119056137071515 0.149195556840582 0.116543852572519 0.154538839199981 0.027356979120931 0.0532734804933646 0.102024986715778 0.148214079866929
0.00270193415909021 0.183791550593427 0.0892992570068466 0.170273816540558 0.113380199685493 0.108199885815027 0.0965278418582487 0.0689305920687885 0.16689492227252
0.121044387881538 0.0448883860993688 0.135306079785543 0.0951636546892212 0.105630254046275 0.191210487676191 0.0499928839757493 0.215753633087903 0.0410102327582105
0.159758605168596 0.104713012450288 0.187237409196811 0.0425796028682812 0.158017493650864 0.00630845042859482 0.123851249254611 0.194292285056482 0.0232418919254721
0.0286403893015746 0.12537351717828 0.0402851887295201 0.123982853356007 0.179680818034155 0.170039090367094 0.158864799213472 0.111804662091853 0.0613286817280448
0.183079031537208 0.0322038022769241 0.105177319164578 0.165280685658883 0.0280975656893128 0.15477048249714 0.138764481363327 0.158003744692251 0.0346228871203771
0.124660213231124 0.0853702049450904 0.0974671019321578 0.164728073488579 0.0862697788263029 0.177761785345241 0.0170505539622121 0.0865745966722601 0.160117691597033
0.123693820183928 0.00761212911374889 0.1727469953922 0.174562263850206 0.0121648489024623 0.0560747148094082 0.150407439573623 0.129908345361317 0.172829442813106
0.0255681626432883 0.0520617438319973 0.0857197864420525 0.0866278390145035 0.163859363832452 0.0750597877502403 0.239913297363004 0.218715468516062 0.0524745506064006
0.175489847937336 0.121087366936489 0.0583360137350156 0.00693583097974527 0.157635182303176 0.148589096353876 0.133869303536862 0.0399545064171548 0.158102851800346
0.0233299860301613 0.0408929301442753 0.117840820402519 0.20940692974343 0.107594697009632 0.209584193559435 0.0743838485772026 0.0331530136712095 0.183813580862135
0.0161674157808064 0.118111192349887 0.0688671102641863 0.167401557209989 0.037274097953416 0.168989889770578 0.172732159239265 0.070006159611603 0.180450417820269
0.0710433604438958 0.176598993972542 0.090964218382475 0.0482579291072989 0.20989297266154 0.00567074851975182 0.139442172906476 0.0517925608460363 0.206337043159985
0.210479156377937 0.149715042736519 0.0544415641529115 0.165017994037355 0.0139577310166433 0.134994158605419 0.189361694730812 0.0469378622101751 0.0350947961322289
0.0885419798917614 0.169664265154496 0.049851033899214 0.00439937498914003 0.189083572250796 0.0638219945408376 0.203704317211919 0.188102044082441 0.0428314179793943
0.0827375887766015 0.123557770323374 0.290438910842084 0.0336009509747944 0.0784818896014886 0.0489189628748357 0.137751238186998 0.139153518619662 0.0653591698001614
0.131511407361306 0.181090888257232 0.052076057814706 0.109619257651202 0.103233002598176 0.131317481639556 0.116348361104459 0.089572917239701 0.0852306263336632
0.0418678789652737 0.143312061294476 0.167607064695801 0.0736923763149667 0.186293494591569 0.209383138518509 0.125395165013281 0.00304800195613063 0.0494008186499936
0.0174537922398142 0.164892956515987 0.0472093228764745 0.0638453768077674 0.161701759950339 0.0953291698708123 0.185656589643121 0.176203150397992 0.0877078816976923
0.129188474765393 0.13216767441479 0.102740937889394 0.071509924385709 0.148833046111571 0.168496881148299 0.00582727761757552 0.121367999946615 0.119867783720653
0.0479130844265907 0.199469690967847 0.153257515030698 0.0407850171331258 0.134388617087358 0.267717594186974 0.00710898801073364 0.0346426141934285 0.114716878963243
0.133476222491568 0.156118106226078 0.039918315027477 0.128379946764743 0.0754654437838193 0.133363705518344 0.0770242746532012 0.149951971494852 0.106302014039918
0.171105775443787 0.0556777188418993 0.0195026335682916 0.119763314854862 0.0588467298205192 0.169129329091078 0.177484381372614 0.110384288968843 0.118105828038106
0.140245024333992 0.0319774237740948 0.0169601845762758 0.184885443624895 0.00988970325951926 0.209685703847496 0.190775288337258 0.0657801940886938 0.149801034157776
0.171479392897533 0.116219364485692 0.117810584559185 0.0890531531019784 0.153949783384452 0.16412179544059 0.0585606238720759 0.122248447365198 0.00655685489329611
0.104139116735699 0.150346591875984 0.0886772437515954 0.139547001108491 0.174109994355071 0.120404760120846 0.0826484653605913 0.122346737599542 0.0177800890921803
0.087209555618355 0.188747932583347 0.000299584566681752 0.0747285278353359 0.126233492361375 0.111646726393196 0.0437221027337579 0.18351140667533 0.183900671232621
0.130283785605367 0.0651338460004166 0.186514733966678 0.146546051984475 0.138036737592089 0.0793862120440493 0.0341639039555709 0.0503843901555127 0.169550338695841
0.15682399411506 0.0275865962365784 0.167832223906117 0.102718209787835 0.0118864078980648 0.198716243416837 0.125395774829351 0.136818382688835 0.0722221671213228
0.0349953593401757 0.191231157778163 0.0336255425045589 0.128216053013502 0.190535667303808 0.207648041783427 0.0253252585088515 0.134135127613357 0.0542877921541578
0.131405231242757 0.102571187658409 0.0740792773721694 0.1182787246619 0.133212764409369 0.0354956670017557 0.134666974964758 0.1752407607809 0.095049411907981
0.0300617421198328 0.151956560712233 0.0929187876521229 0.101736688768667 0.0990725920641649 0.167276933793837 0.136495865604409 0.0611946334362328 0.159286195848501
0.157168353128276 0.00415842263308824 0.0491044666212887 0.0548507999455668 0.116783800435522 0.108046505942657 0.194882763635158 0.163611653344502 0.15139323431394
0.147814389796219 0.114697387646599 0.175326236262068 0.10250503232971 0.106768052182936 0.156147492573791 0.0720826446897759 0.101759179329896 0.0228995851890055
0.14366116935989 0.144765121690471 0.0415198347545904 0.121491489021588 0.058420846530256 0.0994244261595252 0.143437795183123 0.1151089190995 0.132170398201057
0.0218327322247506 0.183000759339463 0.214682928091242 0.0720320282651362 0.0158851188431847 0.12807947473391 0.103686449013235 0.171871311938367 0.0889291975507124
0.170344152540322 0.00498586163720061 0.229315793556927 0.137901513780726 0.0166336752340288 0.103229154866335 0.0049391210244442 0.212460738965914 0.120189988394103
0.131236831037114 0.0557786343977165 0.0169839710758683 0.127358240420541 0.247081171540486 0.237208254905994 0.00866558575651427 0.126392406097904 0.0492949047678631
0.148644275574498 0.270694420630039 0.0716048633388538 0.110105781561268 0.194501113351717 0.13501902068567 0.0212771075791169 0.0359589441685268 0.0121944731103104
0.190196982699176 0.0450955424541805 0.211575995592215 0.104482651360034 0.162022910876853 0.0482487886103407 0.0998718981488012 0.0675901161235827 0.0709151141348163
0.105374800669529 0.0849392415900608 0.0941539940388143 0.0597170793370363 0.13571230728486 0.161224443029273 0.0439439833771545 0.152386217777355 0.162547932895917
0.179987094937799 0.0506720313771906 0.169973329404018 0.0970924212327497 0.0702190731370261 0.0585180877577013 0.0601392558359244 0.163383128677963 0.150015577639627
0.173585675033335 0.0154238328112479 0.00258685363460592 0.0163984254279203 0.190651608136919 0.0270110990046859 0.0590370113794776 0.244137012025993 0.271168482545815
0.151753183472015 0.100466276113948 0.102405882962409 0.175213605530889 0.0795147072548744 0.0192281015526329 0.174353745208587 0.124633517632371 0.0724309802722728
0.00139173698828624 0.0389134051577342 0.18039100573157 0.0873870112263068 0.154928448549141 0.0946759342571861 0.129318093869235 0.239743780153947 0.0732505840665941
0.131356544570225 0.190744938095443 0.0624063306210218 0.0645040739310689 0.19695861622174 0.168286901754409 0.155172133208348 0.0019147268327067 0.0286557347650374
0.0763684956692694 0.218492878835731 0.00127757198408628 0.206525913848939 0.166806468860592 0.168364448892297 0.0320464150729769 0.10458856447089 0.0255292423652187
0.19967801224214 0.00354696031686725 0.0235073315784233 0.170218780063268 0.0715672391624741 0.132509909502701 0.120313101743153 0.0449954082230732 0.2336632571679
0.023253230581277 0.0440808876852101 0.211206690170801 0.206491173711374 0.173766312102848 0.161088134052389 0.0509497409547802 0.062933498758422 0.0662303319828989
0.0329411115674244 0.144878591370306 0.202176683369737 0.0574005061307993 0.0525568263456256 0.0677528140336583 0.194024040693125 0.125746026313342 0.122523400175982
0.174585573857211 0.0553984122265102 0.170512287479637 0.027091635794642 0.0723615660988991 0.183487500829282 0.125822469156252 0.184535198210027 0.00620535634753995
0.150317506462542 0.0754545080563332 0.171313979295493 0.0962294189260338 0.0904944375327925 0.0779605221942933 0.111774749854353 0.0453156831893598 0.181139194488798
0.21350821855523 0.0552213498881877 0.0542729369089602 0.0421043360350037 0.160909799436266 0.161082420152595 0.166108744823812 0.000257150769277118 0.146535043430668
0.0573563585089953 0.11172322569341 0.123206870825402 0.0728307628181203 0.155724287367244 0.183620517323747 0.0863208030972612 0.0813300283074007 0.12788714605842
0.156881117620742 0.0763338875972687 0.0629197229273156 0.127745937830055 0.0665568032562656 0.171982113849933 0.151202977184925 0.16022703527189 0.0261504044616053
0.0357383149461689 0.0367395067566598 0.0512486232533037 0.106299751725505 0.164253954790169 0.0776849556762078 0.140653943233715 0.2120393633541 0.175341586264171
0.0956850053847128 0.0001178860991782 0.186019074619478 0.0889575586234037 0.192039653734099 0.00524726698116192 0.142324077964989 0.0297857863869353 0.259823690206042
0.0975925480205851 0.195166743844096 0.190968105074134 0.028415105433519 0.0535643588648028 0.0333796087812727 0.0224549548353768 0.224209185676176 0.154249389470038
0.176179565200426 0.0868126713368636 0.0288237712772316 0.0869677654466936 0.164231680074247 0.152119167978294 0.0673812315657923 0.164396345629062 0.073087801491391
0.170543239821858 0.180056206704713 0.0737957437735084 0.187561344468065 0.0241524459806206 0.174670509246213 0.00502314807951845 0.109575580748533 0.0746217811769712
0.143564931167787 0.0671355277431687 0.107179743813793 0.0571616386457788 0.170556358851192 0.00600196211295928 0.148824851931832 0.0664273624927514 0.233147623240738
0.115349290430044 0.0689876257664621 0.153394805109366 0.202357050475488 0.229380758521523 0.000526019165445761 0.0515001569018999 0.0560255663404441 0.122478727289327
0.0930550071208074 0.163563037150228 0.11535454864279 0.0149994273816187 0.132229898586154 0.0499764427147911 0.00516702014485243 0.186265487527967 0.239389130730791
0.154560776266399 0.014167235615196 0.0205009438663422 0.120644557125558 0.0583413771438531 0.18663242138625 0.247183689095529 0.164541303013563 0.0334276964873094
0.126048556622965 0.0761120852654711 0.130689257151445 0.150201445910941 0.0422026214445074 0.123421749178275 0.149702711186032 0.126193288885476 0.0754282843548878
0.144849125409206 0.111673351313366 0.0903026723156945 0.0744925637466763 0.13995999351336 0.123635149149225 0.120700266529873 0.0735109199564775 0.120875958066121
0.0679031462437206 0.0980488345797831 0.0381144694424188 0.0443822829965818 0.166355231368924 0.144316943484309 0.158614771629474 0.124673118721827 0.157591201532962
0.05001088537797 0.150505331474381 0.0122151284491239 0.138152548956418 0.166812369093587 0.158823546524942 0.0353845373681429 0.138293303710528 0.149802349044907
0.0711808715110638 0.0415228634338151 0.0153256520066035 0.101660650949194 0.294123117865006 0.127912189356846 0.269686331796547 0.0752775706335307 0.00331075244739396
0.160933749262966 0.177361623736164 0.112016823658035 0.126405774853892 0.0237143563495113 0.186756045298792 0.0957000841080436 0.0111047706453063 0.106006772087289
0.121730473541594 0.0907055418407822 0.0994000811051363 0.0372310176501719 0.184133384634977 0.00508772556485755 0.165228570692184 0.20040023546369 0.0960829695066073
0.175288921626955 0.101071656446206 0.155056592660928 0.0402656009127743 0.0722303478321641 0.142391015043072 0.0925846876590243 0.133467709994047 0.0876434678248293
0.180075452965894 0.156206131467414 0.00518851188555194 0.116239012700501 0.0938767903595562 0.178942294126149 0.0307666906184955 0.0662861456340178 0.17241897024242
0.0496368504466985 0.138755503404864 0.156972469432485 0.120798572505769 0.116398466541262 0.164682858357194 0.0859901527464997 0.0537289887223149 0.113036137842913
0.000947192325956963 0.0494878012318145 0.0973169659728596 0.21156862218034 0.235031525010359 0.0831627444202519 0.0966187457182707 0.0531582133444148 0.172708189795733
0.211633084861627 0.00560142787436282 0.176356720650175 0.0496055395150089 0.0580262247710429 0.0580640019632071 0.205876688371554 0.166229159827218 0.0686071521658039
0.11300993673114 0.0511427059717912 0.044432221227953 0.196661923301029 0.180928658204832 0.0651999936374969 0.132279218762384 0.153532660731817 0.0628126814315562
0.177940409153633 0.162275738505961 0.0466376604895539 0.0760238496961029 0.0457302438558894 0.205220708245118 0.20274672534795 0.0640964235986968 0.0193282411070946
0.178401206153607 0.151037338988707 0.0811043683140031 0.0968724515639827 0.046470695395541 0.142767240450259 0.0843796913347517 0.211248276524135 0.00771873127501407
0.0857134956541792 0.143922795148037 0.151291266635065 0.0668370986108 0.153929335365402 0.0534167824022773 0.14797185858987 0.0618708744308908 0.135046493163478
