0.22730731070082 0.223976558282419 0.0978818926418173 0.151269650022568 0.299564588352375
0.108077006042304 0.336244281445504 0.175570531081371 0.106364110930934 0.273744070499886
0.0552373210550388 0.249216490698909 0.0516267282006628 0.379820932471139 0.26409852757425
0.0564852267875581 0.139812562622067 0.355536371813055 0.0833894350624343 0.364776403714885
0.0618275052421589 0.329543087195602 0.308964247195793 0.024551107610086 0.27511405275636
0.179854342165192 0.256355641366031 0.03927725777908 0.254171276444312 0.270341482245386
0.250377968917231 0.13436358542348 0.16085430441206 0.281626465783507 0.172777675463722
0.0108328467375177 0.130656320823424 0.324034475073117 0.15074260801877 0.383733749347171
0.273392341948722 0.246571214349292 0.168003552887877 0.249642904807268 0.0623899860068414
0.298766672689938 0.315857859694754 0.007220901555615 0.0426609890653008 0.335493576994393
0.0893000361411733 0.269439367127006 0.120328020717679 0.210550130293606 0.310382445720536
0.047200635459208 0.0239597682022849 0.162329620098604 0.466620908088444 0.299889068151459
0.389431180707787 0.353738682681773 0.00960852142869109 0.0576089598615957 0.189612655320153
0.232988791115789 0.213906003753107 0.0742559176019018 0.13196296625477 0.346886321274432
0.175083069305563 0.0912080004803289 0.153051172626749 0.216946649635028 0.363711107952331
0.0910841620310656 0.109488916195639 0.240468619646246 0.364946321036037 0.194011981091012
0.227308008656678 0.393048559087657 0.0915968570041221 0.225399273369222 0.0626473018823212
0.190752819816418 0.276764823334453 0.108346834752025 0.139516800927745 0.284618721169359
0.442335921703532 0.0701532554051621 0.405130902066673 0.0741975637258832 0.00818235709874978
0.210909111337139 0.125239637477107 0.212845685935918 0.274038609537358 0.176966955712477
0.0869514957738445 0.0464100759838436 0.245868557457895 0.287298731521592 0.333471139262825
0.195749142924841 0.031826566813658 0.28755882961872 0.280710291833439 0.204155168809342
0.111029639275762 0.192901785728451 0.198668588004123 0.246498696170412 0.250901290821251
0.300655319905075 0.0763634584656663 0.0992962373252 0.254773947211942 0.268911037092117
0.361328043435503 0.109774030354706 0.110856108779377 0.337785843322995 0.0802559741074189
0.266395840009124 0.320072870649598 0.0243995729768152 0.0516706731555537 0.33746104320891
0.150795185636645 0.237167660888206 0.208959295844397 0.111468620058485 0.291609237572268
0.578821278091293 0.241197979193432 0.149191133905166 0.0111331023633537 0.0196565064467549
0.042934242400619 0.247735034194159 0.308949307769892 0.274761286026587 0.125620129608744
0.0518718789737466 0.221718708806563 0.321143290767097 0.108709940537901 0.296556180914692
0.153962263337851 0.249746697880182 0.0889582477309675 0.251254800598026 0.256077990452974
0.0813956143306839 0.321925284355732 0.120296695865639 0.0748400776377688 0.401542327810176
0.300739070845898 0.3236113282089 0.103868287755996 0.0191672891389345 0.252614024050272
0.0635464490817172 0.270996889917593 0.0828690437887687 0.247421296027965 0.335166321183956
0.174276694235702 0.150039988391745 0.344692920749147 0.233497331673338 0.0974930649500685
0.109802045361913 0.169009364733055 0.322327943580798 0.0317374089686184 0.367123237355617
0.177952045200591 0.0529844416332739 0.342639426435879 0.0875482633933282 0.338875823336928
0.275755065938923 0.146810882259175 0.0805519511914376 0.220667281697149 0.276214818913316
0.259923347218303 0.26113032464128 0.0668160649255101 0.251735235453777 0.160395027761129
0.206933376482293 0.345071616952372 0.183950189433325 0.204532569318224 0.0595122478137864
0.124148167780903 0.303188650423703 0.185259564994946 0.0749850567372387 0.312418560063209
0.32292312354144 0.152556008471343 0.418447949141253 0.0752357992833113 0.0308371195626524
0.423549926823972 0.279544836905671 0.163899157098698 0.099803496369548 0.0332025828021101
0.255738323376875 0.159546737965338 0.208895103140593 0.170340706190942 0.205479129326253
0.268636407784953 0.230945818023014 0.0857207108581694 0.314061638993326 0.100635424340538
0.363535159933313 0.400264739656605 0.137628445681433 0.0698122389206638 0.0287594158079859
0.0714705090217668 0.180440392290005 0.0801846641646988 0.308950919108736 0.358953515414793
0.150933025356253 0.405776006453263 0.133054444488603 0.277854618033189 0.0323819056686931
0.0198641841921414 0.343445877675683 0.169757727167913 0.133697724228239 0.333234486736023
0.288537312820542 0.140276327074227 0.0722408730084455 0.23782074824541 0.261124738851375
0.297705437589559 0.0899401046186316 0.167524992359598 0.111721531552848 0.333107933879363
0.263570554057463 0.0724972135048004 0.103881720852587 0.347120976276335 0.212929535308815
0.255828317161439 0.138174133399273 0.188341669540806 0.253620703688671 0.164035176209811
0.200594781978312 0.0986069285013036 0.236598783129179 0.416798824994327 0.0474006813968794
0.312828005538357 0.275538317852091 0.129210246452852 0.0615531607911256 0.220870269365574
0.32067983543845 0.191554720354073 0.13561959015203 0.298515804690724 0.0536300493647233
0.0676521471562245 0.194351978806672 0.255488676317932 0.256972138937451 0.225535058781722
0.180532536882117 0.26937705252185 0.17458156081293 0.0838099574159214 0.291698892367181
0.239825883928354 0.00525454206510648 0.0353419545870165 0.480120251296353 0.23945736812317
0.244688735967942 0.107178591922902 0.177942322788383 0.197366845751017 0.272823503569755
0.0117842096005009 0.218744053948909 0.229253929170732 0.250276220391615 0.289941586888243
0.151285004674098 0.317244319164568 0.127011686998665 0.295086876471644 0.109372112691025
0.107398404680004 0.22791832658546 0.23641429987751 0.261851228168583 0.166417740688443
0.157169892122871 0.0511400304234695 0.122389854703957 0.4326877441069 0.236612478642802
0.236104139648614 0.469069394934006 0.134126211778525 0.00396949201814715 0.156730761620708
0.15959838524827 0.200617057767657 0.337046166316766 0.130004563214597 0.17273382745271
0.285067867462769 0.297639831059605 0.0235441280803544 0.151333858864905 0.242414314532367
0.272768089837791 0.0590266292670196 0.1405002306914 0.078539321802792 0.449165728400997
0.29115666658125 0.176572042778015 0.154747928899101 0.1786932465291 0.198830115212534
0.141164965375213 0.366902945332185 0.141341549928667 0.214052966090867 0.136537573273068
0.206661188322511 0.136230143409935 0.0763353138415557 0.253195460362749 0.327577894063249
0.0611360556248408 0.148286959146016 0.402474373425497 0.112618996935914 0.275483614867733
0.351155946760899 0.254711872921081 0.0510129376454413 0.117084907630784 0.226034335041795
0.189014867772203 0.172402428457968 0.260912479344647 0.163311197872188 0.214359026552994
0.192088244744605 0.107087708611976 0.134914686528464 0.462105259056416 0.103804101058539
0.281511583886956 0.0473650870188389 0.302239886920449 0.287181949507354 0.0817014926664019
0.0645077106506395 0.419543955755029 0.179546644797091 0.178433203737728 0.157968485059512
0.250583406063127 0.0882172890954931 0.0844066492411312 0.224970326872232 0.351822328728017
0.312484896416371 0.0425900871165834 0.241792116088748 0.156789727678714 0.246343172699583
0.0223073491232755 0.363285723184415 0.272929390534636 0.310182635438271 0.0312949017194018
0.325695670672093 0.0580292181767841 0.0126628360946693 0.293206796183675 0.310405478872778
0.0621003933047723 0.209329875681402 0.283041850882571 0.0958651129538129 0.349662767177442
0.219390224713577 0.180708671848232 0.236491361149958 0.136114623723648 0.227295118564585
0.270649852087162 0.0902630727728959 0.330675684752952 0.0653533741293755 0.243058016257615
0.0821148843345944 0.0562605799145029 0.421390065969942 0.150149874883838 0.290084594897122
0.21567395517632 0.350977826707 0.0987008703559144 0.0327803591932482 0.301866988567517
0.0194610756353474 0.398475263451807 0.0714537196873903 0.301916708251363 0.208693232974093
0.227567983159777 0.191668138485432 0.149717683482873 0.299905654096276 0.131140540775642
0.0513349453036581 0.235121534453104 0.0557831985634158 0.520105806638536 0.137654515041286
0.193278800473806 0.296076622104783 0.291326120721966 0.0823035490022187 0.137014907697226
0.23229730683089 0.146449718588776 0.234770570507775 0.284207526933751 0.102274877138808
0.293377576630663 0.383432533722793 0.171269060608548 0.0629076555127427 0.0890131735252531
0.0548192506333251 0.201124131449094 0.468287405402398 0.12172311450965 0.154046098005532
0.295960487902367 0.182855003809 0.246082263661096 0.0756105561222082 0.199491688505329
0.118951003986578 0.31733122601872 0.0738225062242276 0.436222663966247 0.0536725998042273
0.226060856091304 0.00245551044907078 0.332135279733031 0.252759531923909 0.186588821802684
0.273020677704104 0.171862010978225 0.184430074919057 0.147003388049127 0.223683848349486
0.208511206663856 0.0382836860998641 0.260365072239764 0.281772985667489 0.211067049329027
0.0384829436048168 0.331652849509506 0.16489497775611 0.234978635630467 0.2299905934991
0.249673172945559 0.233257745404213 0.00330697036780044 0.332150100308354 0.181612010974073
