0.466102420478949 0.202470668550659 0.0215375848361924 0.309889326134199
0.136724972687372 0.320653747890951 0.221157105121952 0.321464174299725
0.341597356518244 0.232149738857441 0.116675856892644 0.309577047731671
0.227243666725768 0.19065948460433 0.117659573156232 0.464437275513671
0.124221795060356 0.182603895666419 0.331888870564064 0.361285438709161
0.155384747993647 0.125208719788794 0.491300205446701 0.228106326770858
0.217642586560948 0.308217288685207 0.401925554053537 0.0722145707003087
0.00613962419529069 0.35719681360521 0.491200233389023 0.145463328810476
0.118705519100468 0.25204891125336 0.502903910578193 0.126341659067979
0.134767614507678 0.125712274368802 0.659428408347229 0.0800917027762902
0.184545441027472 0.156776495308927 0.601488793235268 0.0571892704283329
0.269632564204206 0.306425311003013 0.201902765789748 0.222039359003033
0.0678200042864261 0.424071726181104 0.408079153228494 0.100029116303976
0.430182638274931 0.0491491939005218 0.120266697471779 0.400401470352768
0.0822919962352091 0.248733586738288 0.35837126664393 0.310603150382573
0.168729373041664 0.373226590851847 0.193553966524756 0.264490069581734
0.459796025234527 0.101950832567169 0.0475531593578945 0.39069998284041
0.168740771730194 0.325136411118592 0.113670989100734 0.392451828050481
0.32049519914576 0.156698944929108 0.287304023485428 0.235501832439703
0.270837739529748 0.179090016488892 0.250927606092815 0.299144637888545
0.251067916976561 0.154881998118901 0.325424566981785 0.268625517922753
0.234460478255771 0.402904703713551 0.299655842942084 0.0629789750885936
0.329686362364455 0.34805839648672 0.092571426164142 0.229683814984683
0.372626488351276 0.0841723339069818 0.337661678929009 0.205539498812733
0.188170475721983 0.188853292508596 0.0530069227813289 0.569969308988092
0.319174995574722 0.503924975488647 0.0280767004152234 0.148823328521407
0.234408339336509 0.24201292920594 0.335336548942736 0.188242182514816
0.41044692452595 0.106714393883922 0.284669880160764 0.198168801429363
0.319862052297597 0.241317943438536 0.257610395469766 0.1812096087941
0.392907991983457 0.370979352358131 0.180970271602458 0.0551423840559541
0.276787520156686 0.00446453232247222 0.303283838084367 0.415464109436475
0.186083731170534 0.371934138568681 0.249286934847426 0.19269519541336
0.380575124817364 0.320491332109936 0.0873290816504711 0.211604461422229
0.326864890571842 0.163975274395607 0.11174593680675 0.397413898225801
0.426048874299716 0.0870713357281253 0.115660143754225 0.371219646217934
0.0454908837707466 0.122830028657178 0.420768244190466 0.410910843381609
0.34872930458871 0.294839791431688 0.193603646000552 0.16282725797905
0.0714526677879853 0.502421497083332 0.0128830281573381 0.413242806971344
0.387980783987955 0.290122249993245 0.168938700060319 0.15295826595848
0.313981941300422 0.0345399598352702 0.325702917989235 0.325775180875072
0.280956005752634 0.322635676886106 0.0202190320192331 0.376189285342027
0.14936503061724 0.110170680725798 0.399820846382589 0.340643442274373
0.218687805547365 0.190881395341918 0.265876604199162 0.324554194911555
0.239702775536738 0.303837156565325 0.26879918502225 0.187660882875687
0.282076860450949 0.240742560426204 0.23558397666682 0.241596602456027
0.324259416307611 0.308403539585226 0.26956821347968 0.0977688306274834
0.356293496450276 0.364388739700696 0.0418267986076851 0.237490965241342
0.352212022329782 0.147411648282217 0.271233703895984 0.229142625492017
0.450180505321518 0.455274267925604 0.0452811627230385 0.0492640640298397
0.256644493418289 0.317401890704943 0.285954054761422 0.139999561115347
0.202130372411267 0.344249882203737 0.260828576405422 0.192791168979574
0.160772406013757 0.265526388396762 0.167927793805553 0.405773411783928
0.069633416119656 0.0456179751049255 0.481107106716269 0.403641502059149
0.0691032921958965 0.365167455955807 0.312461502766893 0.253267749081403
0.249452142866891 0.242786557909174 0.252583144268396 0.25517815495554
0.314553370896383 0.389050547349544 0.171017505909368 0.125378575844705
0.381376335185747 0.222715574207514 0.257927991940021 0.137980098666718
0.111860757242524 0.511063229227507 0.12039012811031 0.25668588541966
0.498037945096585 0.0693723716332096 0.0667667982492469 0.365822885020958
0.207628366535093 0.578609488680281 0.049371709190897 0.164390435593728
0.386256869773381 0.241813660399533 0.298425103857447 0.0735043659696386
0.147492891061831 0.257267330098669 0.546035084351149 0.0492046944883515
0.180202026609373 0.373816644768735 0.177421571841581 0.268559756780311
0.143592862629558 0.396970801711786 0.240254374401209 0.219181961257448
0.29080294002138 0.370049214171876 0.0346543788944738 0.30449346691227
0.0293613146754003 0.527091972727087 0.233674755805755 0.209871956791758
0.275326808394702 0.0396269660495765 0.287461428376007 0.397584797179714
0.0208403741461964 0.485678565567142 0.463970139415206 0.0295109208714556
0.334234060728245 0.279173281663439 0.102560143494122 0.284032514114194
0.347513029169965 0.247734912472602 0.222428534999445 0.182323523357987
0.347099538091264 0.189842856981882 0.358093696304983 0.104963908621871
0.341572588162251 0.410177523580386 0.19439921612569 0.0538506721316737
0.408337337713736 0.157995725116105 0.3727542814151 0.0609126557550597
0.175313851092014 0.495981045834035 0.210302788302984 0.118402314770967
0.330506873857576 0.174450616558533 0.193792480339823 0.301250029244068
0.303399748169645 0.388475947977443 0.0279799731922935 0.280144330660619
0.199400709285025 0.214051627652273 0.213879110098367 0.372668552964335
0.416866855483213 0.0839866512809273 0.214952663416748 0.284193829819112
0.448463590582462 0.385176662322266 0.145245681153449 0.0211140659418236
0.205494899027011 0.498194725550329 0.290677096023758 0.00563327939890194
0.264391866994817 0.254381120309646 0.14006872445387 0.341158288241667
0.193309261589487 0.04597299256077 0.0590175405192982 0.701700205330445
0.295134747573119 0.0435535370292793 0.335144262515826 0.326167452881775
0.281291907449718 0.342066599966023 0.337085798473649 0.0395556941106099
0.0238931966345207 0.329705320036144 0.00943605158754673 0.636965431741788
0.169850191490668 0.43128676949506 0.139058451697847 0.259804587316425
0.233062860410456 0.417699760999593 0.08530573837975 0.263931640210202
0.181492674699951 0.3065874863633 0.313213476311494 0.198706362625255
0.262576479679633 0.391136695340541 0.0348589314777755 0.31142789350205
0.41057932894816 0.253111283401732 0.202126574792745 0.134182812857362
0.305778597066258 0.362879754658213 0.121000889812304 0.210340758463225
0.393131515224816 0.494572321105426 0.027318874780032 0.0849772888897264
0.0989406583143809 0.350938639530206 0.0657914830981926 0.48432921905722
0.232030818256563 0.218366623989253 0.147426723335088 0.402175834419096
0.0989120603909619 0.119588281402777 0.469810986128856 0.311688672077406
0.365639693023728 0.368881641973105 0.235889131124197 0.0295895338789699
0.292350139683458 0.200308041792204 0.283133130802165 0.224208687722173
0.34535789924208 0.455562552122434 0.17078466858171 0.0282948800537756
0.0112208211499496 0.549046403396777 0.3634003738757 0.0763324015775738
0.0250007638708491 0.219428451333101 0.261141527710862 0.494429257085188
0.370253829688222 0.136780203532338 0.199285093730858 0.293680873048582
0.196207437079264 0.610256204820201 0.150504224772857 0.0430321333276786
0.0359692986343427 0.146770489569805 0.697189541114345 0.120070670681508
0.234449775332529 0.231480860058804 0.281535339531585 0.252534025077082
0.196290619886511 0.108898156799463 0.522848656057452 0.171962567256574
0.277421880763352 0.161263896411434 0.286867863876884 0.27444635894833
0.221384678270631 0.332160651943254 0.162831992845156 0.283622676940958
0.249580770495074 0.362278404947867 0.334173521805274 0.0539673027517845
0.330366947392992 0.0508578154478033 0.247212689713042 0.371562547446163
0.3151095603158 0.297777988782419 0.375579374456267 0.0115330764455139
0.093474943114213 0.164140139955809 0.383338997830154 0.359045919099825
0.198462016571306 0.0797160792714495 0.552152339543443 0.169669564613801
0.300154677313813 0.00208157353509258 0.380831081440537 0.316932667710558
0.419421652090619 0.363040630158895 0.204695104442715 0.0128426133077711
0.316253750433554 0.514048640227498 0.0714186676906069 0.0982789416483415
0.245721358847372 0.0976645111449369 0.328115268599538 0.328498861408153
0.336887678386136 0.295541316498711 0.00738186606284622 0.360189139052307
0.35598716692955 0.284583120538669 0.109364060360492 0.250065652171289
0.240409180503914 0.226598469835818 0.377369508276791 0.155622841383477
0.441597433240082 0.0551249429117257 0.361676354602648 0.141601269245544
0.179980825661864 0.544694082146093 0.0834096818633755 0.191915410328668
0.0567816382922734 0.435383681009534 0.439783406289361 0.0680512744088322
0.0224013855044064 0.0267387883184356 0.161922703268279 0.788937122908879
0.354854446700863 0.000332133950335019 0.350792499602004 0.294020919746798
0.114812065104757 0.366004814711919 0.208163700473607 0.311019419709717
0.440501562348826 0.184978516251059 0.250761690810991 0.123758230589124
0.0187686102687836 0.0858318731826141 0.671266399648231 0.224133116900372
0.126187021779007 0.23112678388445 0.463783800946862 0.178902393389681
0.466665995674722 0.179021559939933 0.287106294282389 0.0672061501029569
0.1417111591721 0.372047314699635 0.358161656378571 0.128079869749695
0.448390536245926 0.0789658928884911 0.181492347292462 0.291151223573122
0.1430447056359 0.117588562616253 0.176159485237872 0.563207246509975
0.0667639028781714 0.0357677017585393 0.27081790036679 0.6266504949965
0.155080557907501 0.240829620354403 0.247865783389284 0.356224038348812
0.0661357854202507 0.192658987737006 0.240747858841109 0.500457368001635
0.308790347699913 0.324327901097951 0.0398419878062127 0.327039763395923
0.213854202874895 0.27059680770802 0.208701785562403 0.306847203854683
0.325051854492571 0.155974922603438 0.349069663675268 0.169903559228723
0.344878123772871 0.221913452651863 0.103869410529079 0.329339013046188
0.18254448214861 0.480270780850949 0.252522897339136 0.0846618396613046
0.299025671023874 0.185049040805879 0.23449460629073 0.281430681879516
0.256491714506486 0.240128173261318 0.266415379819902 0.236964732412294
0.0131785279127687 0.444083227095929 0.10387876644753 0.438859478543772
0.275130321540601 0.197554815065754 0.305278857408112 0.222036005985533
0.168973314399007 0.455414200405514 0.33808306087967 0.0375294243158099
0.347829041680946 0.400374948649189 0.195427535650228 0.0563684740196368
0.29240983613369 0.30706495895087 0.0891408973768663 0.311384307538573
0.389254068694075 0.379205997054934 0.140886985177805 0.0906529490731865
0.164033639556743 0.471000845884615 0.0604537638479907 0.304511750710651
0.439072688194019 0.125091949771467 0.37610695205121 0.0597284099833031
0.2315555550881 0.164912641319522 0.214554417566258 0.38897738602612
0.257173315291103 0.434377878408134 0.308149562155169 0.000299244145592722
0.286750187319823 0.215956866255166 0.192027986744177 0.305264959680834
0.265206916169233 0.172011871176289 0.184596285537296 0.378184927117182
0.251896500582555 0.142871470593832 0.52844534966058 0.0767866791630328
0.192834584233087 0.501079207125774 0.238521225310739 0.0675649833304006
0.0849321959278352 0.330769306796483 0.241559757061212 0.34273874021447
0.340720990560128 0.236027520190877 0.0552602060936106 0.367991283155384
0.432827623072743 0.159949290936521 0.0229700417051428 0.384253044285594
0.298927573811977 0.195851223112053 0.39939611837571 0.10582508470026
0.187819263764356 0.405582596381326 0.194050904990206 0.212547234864112
0.33735033334492 0.185197281738813 0.211063616777799 0.266388768138468
0.406201984936372 0.328044181308386 0.0466459375330053 0.219107896222236
0.43217491923329 0.0334128347352084 0.383349694168738 0.151062551862764
0.239698491016439 0.367139335605867 0.278683720775242 0.114478452602453
0.142143579654335 0.299830802301973 0.183878815846015 0.374146802197676
0.25598046508546 0.285382880965896 0.263869135543732 0.194767518404912
0.0783990416266808 0.0468739259149836 0.26560291872234 0.609124113735995
0.516173717125626 0.0801947233168509 0.0819614479854142 0.321670111572109
0.124033553605067 0.394569003650939 0.330869426975826 0.150528015768167
0.0492409887256788 0.288848005004886 0.51391014922171 0.148000857047725
0.0496393674804309 0.701813713492054 0.121498583817951 0.127048335209564
0.194121747417016 0.204784448614619 0.282992046065832 0.318101757902533
0.0647756452612407 0.306221145311291 0.222943992061907 0.406059217365562
0.128436413336631 0.248160300931498 0.316222237802884 0.307181047928986
0.345157017476739 0.442180535365818 0.142173409641537 0.0704890375159051
0.0557663265788187 0.347883660404826 0.227237726679753 0.369112286336602
0.48484928606801 0.0891510740194565 0.12555904096249 0.300440598950044
0.110330376645753 0.261978390015904 0.373603456451886 0.254087776886457
0.387368755549163 0.341204484709692 0.175258772629206 0.0961679871119397
0.305946102461213 0.32131638170347 0.338438361655715 0.0342991541796015
0.136274223693215 0.313734870156771 0.300331095216997 0.249659810933017
0.238143752299718 0.197900337800751 0.296729649796404 0.267226260103126
0.396296785328905 0.33571745647979 0.0792630269965887 0.188722731194717
0.142917840800418 0.385930291643185 0.00849936407818557 0.462652503478211
0.421369256525193 0.443559387265708 0.0453259697405054 0.0897453864685939
0.231510520472573 0.00693129611236515 0.335102758961326 0.426455424453736
0.352475990693022 0.0206674921368527 0.404531734218766 0.222324782951359
0.299510481711852 0.197626906582488 0.291347747170784 0.211514864534875
0.644382170052445 0.156053872011193 0.0239220640902569 0.175641893846106
0.16638053427389 0.13496736693007 0.18446693995045 0.51418515884559
0.71251716063288 0.0320506341477484 0.204035945377973 0.0513962598413983
0.105977131769899 0.14498300148832 0.431404647386249 0.317635219355532
0.315449682225874 0.266089561276862 0.293007484039173 0.125453272458091
0.167082078685904 0.0884566422067209 0.32480052964122 0.419660749466156
0.190339482292492 0.228970507841859 0.229895001463617 0.350795008402032
0.568519135035513 0.0494428942214904 0.0730956968916382 0.308942273851359
0.090199618483052 0.528526841257148 0.281986301682254 0.0992872385775459
0.298030132920103 0.176838358302983 0.200116549953059 0.325014958823856
0.394640964942926 0.229200879217452 0.288210700661568 0.0879474551780538
0.0306136777817421 0.296778746014498 0.401243771126209 0.271363805077551
0.257148462960716 0.254925351966028 0.230040874828258 0.257885310244998
0.300518974803699 0.240404709520946 0.218406028897293 0.240670286778062
0.278749734488177 0.11282233055236 0.303622278271443 0.30480565668802
0.180318510858196 0.458826852165977 0.203883985088353 0.156970651887475
0.306036748595959 0.413255227946773 0.105944715788405 0.174763307668863
0.381562830852544 0.149829515169381 0.0640814340436249 0.404526219934451
0.459092762957613 0.309642090515114 0.0672540922814927 0.16401105424578
0.251915585240363 0.00928971684438499 0.287866952697358 0.450927745217894
0.306006234576489 0.255136083665374 0.365613561685698 0.0732441200724381
0.140671905102628 0.326121159965343 0.298724422782668 0.234482512149361
0.524735820437691 0.047866983417209 0.0286663208632789 0.398730875281821
0.313625187225137 0.186355542932752 0.188816405198476 0.311202864643635
0.27769275477661 0.201379491084791 0.118448122224094 0.402479631914505
0.274320688153601 0.491847054465629 0.0382849817206758 0.195547275660095
0.356232400821221 0.372559277416368 0.228002598432073 0.0432057233303379
0.120356871787713 0.313355417198814 0.239644528525551 0.326643182487922
0.223243680973796 0.313142050748841 0.247343392079465 0.216270876197898
0.320185452073007 0.307507912584692 0.0245153036263834 0.347791331715918
0.39749004632323 0.122979726408042 0.253799825222527 0.225730402046201
0.556194501803698 0.00119018697275053 0.0823260239685983 0.360289287254953
0.401998556998011 0.213836745136377 0.223511361254255 0.160653336611357
0.449295939477525 0.266813752376678 0.217937038609566 0.0659532695362307
0.27707373991049 0.103916862987764 0.243039308657868 0.375970088443878
0.103096883228113 0.308720148451605 0.327386210598291 0.26079675772199
0.525124173415174 0.120780274398911 0.168650906813601 0.185444645372314
0.397720186766459 0.182262745003457 0.111431970699814 0.308585097530269
0.202968999776786 0.137728111133559 0.179494174330861 0.479808714758793
0.17919562818122 0.595793284538011 0.00173114470349845 0.223279942577271
0.173308872767648 0.291020654547459 0.235505962488698 0.300164510196194
0.321669230176672 0.16704064768451 0.0392078121328967 0.472082310005921
0.361653135939339 0.132830698892706 0.16096640105951 0.344549764108445
0.129873833012822 0.48882476133889 0.25740942703548 0.123891978612807
0.0890705483775439 0.0909894498479918 0.575206831147198 0.244733170627267
0.182507259851096 0.159885542114232 0.209652264409586 0.447954933625085
0.171614611375296 0.0042682835404394 0.273864802682543 0.550252302401722
0.04890819061531 0.135827796458976 0.339257473588355 0.476006539337359
0.32957282003007 0.332493611413365 0.295848628726638 0.0420849398299262
0.384011278337574 0.227980837020972 0.082929670836161 0.305078213805293
0.176155039105466 0.253334795899156 0.245673629058569 0.324836535936809
0.0944826961065884 0.451084325184975 0.316050934398465 0.138382044309971
0.115325320901293 0.568819667131968 0.105402114909708 0.210452897057031
0.231494121143763 0.179708905681523 0.309429632346293 0.279367340828421
0.364551194722876 0.0186567257729672 0.220973128326696 0.395818951177461
0.170418559248527 0.220658080122954 0.487639847715799 0.121283512912721
0.299992214237239 0.296237481071555 0.277622847112885 0.126147457578321
0.392857310939205 0.0332139433244172 0.352533196058827 0.221395549677551
0.184343138455159 0.574153629025607 0.100931163934322 0.140572068584912
0.318865268632212 0.183723719568991 0.164197183160698 0.333213828638099
0.313586459699041 0.237236991131697 0.336474275097009 0.112702274072253
0.0028311355592797 0.0843586111469712 0.606955808932575 0.305854444361174
0.423777337013239 0.0229992834668314 0.466869018981729 0.0863543605382
0.179073916379506 0.194411807346491 0.278282848414929 0.348231427859074
0.307333549206779 0.245028063305711 0.155736367135892 0.291902020351618
0.268510448107126 0.38260638332637 0.147945201387511 0.200937967178993
0.30151237459383 0.448577103340146 0.0686411281608936 0.18126939390513
0.0870114974908423 0.36472899537348 0.0524180342486765 0.495841472887001
0.412114198283853 0.119563098027053 0.0265659292692729 0.441756774419821
0.0192837180983873 0.24890478187416 0.537600300294846 0.194211199732606
0.28066030205999 0.268032726382073 0.436279924384501 0.0150270471734355
0.122905924178953 0.447586445159251 0.0403945161439023 0.389113114517893
0.216927883584585 0.296226400155481 0.292437606201366 0.194408110058568
0.171965778526516 0.182200365181616 0.539760358887644 0.106073497404224
0.332618744158015 0.106569696257693 0.136477489244788 0.424334070339504
0.262414494287233 0.162504687110316 0.500305079094936 0.0747757395075146
0.262637575138564 0.369001432899443 0.0568100334448716 0.311550958517122
0.117352012445984 0.423208884341003 0.398031055847362 0.0614080473656499
0.434778266187633 0.375459716005499 0.110228312937774 0.0795337048690934
0.289800069377223 0.400623675103862 0.148501731183367 0.161074524335548
0.297464602274127 0.0516093898562739 0.291736691446775 0.359189316422824
0.134920307364676 0.324899071150848 0.352009941421013 0.188170680063464
0.440022283798667 0.0835911175928056 0.455581423749667 0.0208051748588607
0.145869722638705 0.259968492498113 0.356635167448109 0.237526617415072
0.343931956708902 0.0867187240291824 0.376610408259153 0.192738911002762
0.326717717247678 0.441728672627041 0.00137496213423631 0.230178647991045
0.0797009433504181 0.340739115262459 0.21737338440882 0.362186556978303
0.298137798124962 0.088824137770484 0.0866682080886989 0.526369856015855
0.257097513433215 0.16904815808277 0.499944381359345 0.0739099471246708
0.251225499591284 0.248667129715937 0.316036483171486 0.184070887521293
0.293275613263148 0.231331768360954 0.310168408176145 0.165224210199754
0.173729697568676 0.327546296302762 0.37972618371623 0.118997822412333
0.303250704598643 0.379687909588513 0.0148397164986337 0.30222166931421
0.473741050538495 0.170658728800022 0.0558594042019188 0.299740816459565
0.196204305914932 0.295714751003406 0.048469047610724 0.459611895470939
0.167761774846204 0.374765818780601 0.413745921663059 0.0437264847101364
0.202743617800192 0.150957777547196 0.323335714357156 0.322962890295456
0.0484617083435796 0.501433248599517 0.0302247517359498 0.419880291320954
0.374449161746221 0.290575990648065 0.0326063344275489 0.302368513178165
0.383153203176761 0.159980064276886 0.414197619786272 0.0426691127600819
0.030194527620936 0.337427039104057 0.0671515149693683 0.565226918305639
0.172763994602153 0.324987103190526 0.320185994611888 0.182062907595433
0.0665789970517261 0.340125808456125 0.412177326340486 0.181117868151662
0.49337125186954 0.443445481957105 0.0219368148905274 0.0412464512828271
0.106042834594172 0.306733532644763 0.0756563743992301 0.511567258361835
0.223527583410907 0.208503238210433 0.260440683529161 0.307528494849499
0.164592921858516 0.0251367441401332 0.360095561426077 0.450174772575275
0.05638335788251 0.0710572143743686 0.362247584814986 0.510311842928135
0.23376647352291 0.0678999599079487 0.429664399684831 0.26866916688431
0.117729221464439 0.388086274502594 0.30170238763181 0.192482116401157
0.115876020095622 0.122821587662636 0.181705299680453 0.579597092561289
0.137149899843269 0.119886213626351 0.545612472096932 0.197351414433448
0.319046190348991 0.349300297549069 0.2810561015572 0.0505974105447398
0.425084243264061 0.353579043542633 0.0493992558677523 0.171937457325554
0.336404068245772 0.289678557527625 0.277117512418436 0.0967998618081669
0.0541047020676539 0.182726379974325 0.37482424615967 0.38834467179835
0.236833820716078 0.199244336278079 0.248593386480376 0.315328456525467
0.126004527361294 0.384879641055951 0.26637998464619 0.222735846936565
0.451895447156951 0.127440989828896 0.0211708154514566 0.399492747562696
0.153794527656741 0.256557366303903 0.399899577423226 0.18974852861613
0.358088649137473 0.175615426635902 0.436830808384451 0.0294651158421734
0.40901768744438 0.105267932689898 0.198401306494625 0.287313073371097
0.0568743929013292 0.266767660590962 0.542472844668981 0.133885101838728
0.221138664447024 0.372085159221415 0.400541511281824 0.00623466504973773
0.0131225929391004 0.26321045958155 0.125345194718636 0.598321752760713
0.169866101259189 0.131000314418422 0.287349046450367 0.411784537872022
0.430520644384754 0.316625455024453 0.129932424769558 0.122921475821235
0.0501216564592399 0.363710784328091 0.256918025205783 0.329249534006886
0.264672502777373 0.309048783002126 0.19984390399614 0.226434810224361
0.101275131204101 0.295866085910356 0.321939288345605 0.280919494539937
0.309744230657543 0.169199922540505 0.197220615007357 0.323835231794595
0.360444533411901 0.14622781955594 0.104787582138839 0.388540064893321
0.40701409860492 0.405430185943148 0.105076559008078 0.0824791564438535
0.394963608145565 0.240123957525214 0.050707095336031 0.31420533899319
0.05206938024724 0.261808775101205 0.34632821808076 0.339793626570794
0.251627271380879 0.209066020249966 0.0740395314511356 0.465267176918019
0.208969911760607 0.321147646546676 0.117498326312327 0.35238411538039
0.194847036956814 0.265154827867512 0.416171643174708 0.123826492000966
0.230791996807748 0.246374584570226 0.20995596051167 0.312877458110356
0.106715932778218 0.193046412673653 0.36793386529865 0.33230378924948
0.310601884787037 0.349079449044963 0.179895053633593 0.160423612534408
0.37993569202157 0.103167277274914 0.431062694405132 0.0858343362983843
0.087211055128491 0.347530384693739 0.239647448206795 0.325611111970975
0.211714766798604 0.0630672611421733 0.479232914777029 0.245985057282194
0.45175695937305 0.196614770608324 0.171839794916102 0.179788475102525
0.214754732020956 0.0170380651219523 0.379677724154671 0.388529478702421
0.0645332847774592 0.394577667087383 0.131077926760855 0.409811121374303
0.222998791042574 0.289963346679004 0.238190387002484 0.248847475275938
0.129169527391963 0.295495133536901 0.282940487841758 0.292394851229378
0.40569591255634 0.157305476742378 0.31243253976887 0.124566070932413
0.365498609976332 0.117471427203103 0.0798121243248257 0.437217838495739
0.105064039163004 0.341052654569879 0.135682621412999 0.418200684854118
0.353447449322961 0.094730909098863 0.168460218041235 0.383361423536941
0.350084935285847 0.0460178994939999 0.376641982075351 0.227255183144802
0.234483919260034 0.172361375728059 0.229049460264272 0.364105244747635
0.0140616308327875 0.289784456611319 0.476547009044522 0.219606903511372
0.381653499565196 0.042884018374736 0.0673078746347478 0.50815460742532
0.237565414941534 0.306484652664398 0.175065684534958 0.28088424785911
0.157968105730256 0.197017723053697 0.339761861094975 0.305252310121072
0.443401589849872 0.18532690255004 0.361975967270123 0.00929554032996535
0.324376057977665 0.296779918992182 0.110683749167389 0.268160273862763
0.893095868498453 0.0051847271358313 0.0406529732414807 0.0610664311242355
0.535848426866129 0.02263234033125 0.076648500698509 0.364870732104112
0.270984825221299 0.369237156663314 0.277500650925985 0.0822773671894021
0.430984502091161 0.129830034445822 0.0311160955599017 0.408069367903114
0.207261644788918 0.313768522657149 0.274108185112202 0.204861647441731
0.0265870398853275 0.557509610376328 0.254669164312118 0.161234185426227
0.1089655427282 0.32020047120351 0.292440321700401 0.278393664367889
0.125984580709881 0.209858918810277 0.334548275236656 0.329608225243186
0.085597049770032 0.104275526334117 0.426333647024075 0.383793776871776
0.0380820908067462 0.461045624105346 0.116559871959977 0.384312413127931
0.349259347179431 0.308901250315007 0.155010920912547 0.186828481593016
0.307653712130625 0.337888490971069 0.188676085608465 0.16578171128984
0.45974692516771 0.376195577704487 0.11718689010615 0.0468706070216518
0.226568040820192 0.357937068855697 0.151132408176388 0.264362482147723
0.30799555748976 0.382111830760078 0.153722546292184 0.156170065457977
0.328780376777116 0.108520848977855 0.221274895452283 0.341423878792746
0.129426218412246 0.363170828237999 0.334011670460821 0.173391282888933
0.276631572361085 0.317368179569112 0.341852189342274 0.064148058727529
0.0351561820600364 0.478581159618379 0.0659161950672657 0.420346463254319
0.40849996001386 0.0725988072822873 0.134868139726427 0.384033092977426
0.324700065472173 0.0428830049163689 0.48290545468156 0.149511474929898
0.438583476334189 0.0246556823201556 0.366011601220561 0.170749240125094
0.262695692873239 0.147010219570672 0.162938781607508 0.427355305948581
0.0615519035678263 0.020631196009104 0.409073181641697 0.508743718781373
0.323686870896158 0.493188580265102 0.075463203957663 0.107661344881077
0.206086314274595 0.147095543566411 0.16804053895113 0.478777603207864
0.395720011673704 0.475585151071693 0.0542249998923812 0.0744698373622218
0.0974017366974601 0.341865000066995 0.243398880735278 0.317334382500267
0.372646396727308 0.206348130145481 0.358903339918339 0.0621021332088714
0.235422262808532 0.160395251459954 0.275928264326035 0.328254221405479
0.39381055647875 0.442514328011173 0.120377401125641 0.0432977143844364
0.0999389896953862 0.391281818229653 0.284293734655175 0.224485457419785
0.215987335420502 0.410674161595474 0.232893067810761 0.140445435173262
0.14808031682855 0.253989551833011 0.348644248964918 0.249285882373521
0.380687785442209 0.255589545595399 0.250654688445354 0.113067980517037
0.319464114622128 0.0596051921337481 0.0908987577479289 0.530031935496195
0.326723980292484 0.313231811304046 0.0460421339908952 0.314002074412574
0.240868667371842 0.242692308616572 0.392459361846666 0.12397966216492
0.109724008451332 0.121624212482225 0.342546255146507 0.426105523919936
0.271802559190877 0.34255595294289 0.0121187846210599 0.373522703245173
0.264873040950957 0.0059032603250448 0.23425591560126 0.494967783122738
0.278287746758604 0.076694929375471 0.103407951880381 0.541609371985544
0.386525577702374 0.450060307395626 0.157537327757049 0.00587678714495235
0.329027803194146 0.490135502804121 0.0542291293661778 0.126607564635554
0.123036610861415 0.414395930453045 0.0526678823919078 0.409899576293632
0.530377754619052 0.423390541835905 0.01476757995528 0.0314641235897626
0.31707340300866 0.190172325659769 0.154322977318526 0.338431294013045
0.0823441456097059 0.202208982373709 0.364925680727935 0.350521191288651
0.142142501369382 0.397167904086004 0.185195346569197 0.275494247975417
0.105606821828046 0.343953719378534 0.351502617440707 0.198936841352713
0.303064880705739 0.206398227452418 0.190150982597606 0.300385909244237
0.028501009692308 0.238340658116993 0.119337548892797 0.613820783297902
0.273663401420859 0.242548092031078 0.201963188841018 0.281825317707046
0.33189563927506 0.296501876957139 0.205483694117805 0.166118789649996
0.267097599725477 0.259346058565249 0.277523410092733 0.196032931616542
0.0621490828109301 0.41291382880895 0.317215217683186 0.207721870696933
0.266317000770785 0.176854444420996 0.0407682117041149 0.516060343104105
0.0575057363175315 0.350781863201061 0.345806211239427 0.245906189241981
0.160943850186164 0.114424452451859 0.338045452069179 0.386586245292798
0.422042434484307 0.00307827168245541 0.117240908723025 0.457638385110213
0.328413036221058 0.279817818811957 0.354872128264418 0.036897016702567
0.343868291570873 0.00573548393511325 0.552558029950991 0.0978381945430228
0.121383042882236 0.342396287341325 0.519046451256233 0.0171742185202058
0.227995875866119 0.476164181379872 0.0186398139132655 0.277200128840744
0.113084272752083 0.34620209239512 0.263656698180713 0.277056936672085
0.0974107687972455 0.54810745850748 0.343755026909392 0.010726745785883
0.297690776354805 0.224624284924726 0.177316576235362 0.300368362485107
0.212591327952453 0.334629392045904 0.328689049675713 0.12409023032593
0.141342813868973 0.224314087723813 0.290837824568982 0.343505273838232
0.305288629431703 0.209979676296928 0.239287875502258 0.24544381876911
0.300089614745671 0.0459650918756246 0.269137753888827 0.384807539489877
0.255713376741032 0.260108881595347 0.397307927616865 0.0868698140467562
0.121163184155385 0.432576155039855 0.261044926096406 0.185215734708355
0.230655094295716 0.387718072313697 0.178402980566796 0.203223852823791
0.0119145229123491 0.0908180412881748 0.452483135798241 0.444784300001235
0.0207489754696204 0.405894761537832 0.454923868808722 0.118432394183826
0.103107680936214 0.0468531477447195 0.544102715143053 0.305936456176014
0.181564065378509 0.27814903451422 0.298446153376249 0.241840746731022
0.413641620225883 0.000297567860816564 0.555090773647208 0.0309700382660926
0.335585207926101 0.198288496606084 0.326863110176848 0.139263185290967
0.323216034672212 0.134724341695437 0.228162539834978 0.313897083797372
0.197451044848528 0.12358018604135 0.451128740252941 0.227840028857181
0.382505190441438 0.413099635823635 0.129523306371004 0.0748718673639227
0.325743511381936 0.223402869704421 0.419033827821785 0.0318197910918578
0.350724469794729 0.29529875683802 0.336073727484253 0.0179030458829973
0.190284720211757 0.323196105758594 0.405196056732175 0.0813231172974734
0.230115437314245 0.140833556988167 0.086362662657841 0.542688343039747
0.42238610669458 0.48711315457278 0.0232658562721349 0.0672348824605057
0.0192882543531017 0.265472703018285 0.62644858900347 0.0887904536251431
0.316427558536679 0.297106307039164 0.167750380122503 0.218715754301655
0.18666631680179 0.345679712002705 0.0180530501880858 0.449600921007419
0.39116319563968 0.267484129273923 0.271978219525553 0.0693744555608439
0.274076474764991 0.280884851986887 0.0769643319031163 0.368074341345006
0.419162504668952 0.00512677424718488 0.131719133425798 0.443991587658066
0.189035817182984 0.20111828872775 0.345596682273775 0.264249211815491
0.186165180380338 0.275134495735631 0.409904986176586 0.128795337707446
0.0448550648421746 0.00635114395404409 0.465882066643048 0.482911724560734
0.0278216742806146 0.287810953712778 0.440574342079447 0.24379302992716
0.326395367902712 0.248191629184589 0.253620732450156 0.171792270462543
0.270210182027486 0.118618206200975 0.282231887469125 0.328939724302415
0.287560791136186 0.408979242609606 0.295097700024939 0.00836226622926985
0.0405067623986762 0.588234724720291 0.348919856897052 0.0223386559839811
0.269489358722971 0.337311959409634 0.280670673492831 0.112528008374565
0.507550305138276 0.0946111008927943 0.295675254474607 0.102163339494323
0.354365216657617 0.0353750522760285 0.293492615058773 0.316767116007582
0.105335219260564 0.193469147506913 0.594459183725992 0.106736449506531
0.327398750752644 0.314484869995089 0.292957508698244 0.0651588705540222
0.402953965726745 0.187963789396886 0.107238163041423 0.301844081834946
0.459188536216946 0.177934026559093 0.212848886757387 0.150028550466575
0.280431558204261 0.166336339900365 0.298040705265975 0.2551913966294
0.40835607669936 0.198237997898531 0.207633867745286 0.185772057656822
0.298823849070717 0.247229633259198 0.396640128137232 0.0573063895328524
0.0511526861759933 0.131559575554145 0.341147021603456 0.476140716666405
0.442934111931253 0.210938925763439 0.0756066360063558 0.270520326298952
0.119762626534463 0.341711310811239 0.111813186542229 0.426712876112069
0.065517193198008 0.369307072833029 0.258058311845643 0.30711742212332
0.113974551017935 0.65786388448382 0.00358420596072564 0.22457735853752
0.36765325311695 0.18149110884872 0.0952605800134677 0.355595058020862
0.413521406886476 0.143481011379485 0.313465779779191 0.129531801954848
0.365340843235382 0.224426479271199 0.398891837714084 0.0113408397793343
0.00716272104993407 0.803672702062542 0.0387688799405922 0.150395696946931
0.00411329805642386 0.461342095240005 0.513552682541089 0.0209919241624821
0.157316358455412 0.401044085339653 0.097526388018182 0.344113168186753
0.237882879454228 0.166758431992269 0.490084298880963 0.10527438967254
0.114967361161966 0.250021868984998 0.278991462596264 0.356019307256772
0.469497810144408 0.0083743419189352 0.447983085495508 0.0741447624411491
0.258368203168474 0.360117047695509 0.238463619807945 0.143051129328072
0.246254980820118 0.483123157395639 0.224103908685272 0.0465179530989718
0.254583603312757 0.480606865017412 0.245076385535345 0.0197331461344863
0.396841410995804 0.399316950810969 0.175142204785089 0.0286994334081387
0.128967878272377 0.18698615366978 0.369455855691216 0.314590112366627
0.222151475879085 0.312548161861512 0.192391356266496 0.272909005992907
0.0445195537472464 0.0364565841656717 0.736708849450637 0.182315012636445
0.265175023526657 0.352515408427808 0.158454391485614 0.223855176559921
0.049456136373221 0.563632895241201 0.278965806938562 0.107945161447016
0.263355238108654 0.200224201632921 0.328569488992198 0.207851071266227
0.167585695461802 0.196905826186083 0.166488911576781 0.469019566775334
0.134555134643336 0.331285753475815 0.348667284300283 0.185491827580566
0.238507549172502 0.484245005509963 0.243562626037719 0.0336848192798162
0.261481329694982 0.302430577853401 0.361609537245755 0.0744785552058624
0.000783990199531685 0.312866877837421 0.256107674901796 0.430241457061251
0.451941206737157 0.0521491755774265 0.225116879979775 0.270792737705641
0.546429081878033 0.204598549441116 0.151588463107572 0.0973839055732798
0.374140123007574 0.0567049968451575 0.269939170332214 0.299215709815054
0.421878865119979 0.392234388163991 0.0537232500309892 0.132163496685041
0.0101632516331375 0.497510496042256 0.366639012391128 0.125687239933479
0.314443955968958 0.322663648007338 0.188398648321205 0.174493747702499
0.051163251994732 0.498647021517506 0.410456840268825 0.0397328862189372
0.388724879916469 0.178220276891639 0.217348712129582 0.21570613106231
0.432940462445297 0.348499648609215 0.150814487418239 0.0677454015272487
0.381634621295859 0.221563493735201 0.0187673603695141 0.378034524599426
0.432093518557755 0.167674337050771 0.183977151490178 0.216254992901296
0.139141921817943 0.139715616816859 0.276803445879813 0.444339015485384
0.221306925188394 0.563262225322508 0.025786498241151 0.189644351247946
0.0207561994732764 0.271286596421755 0.601932560268471 0.106024643836498
0.255748005328369 0.1825525188255 0.076965009082826 0.484734466763305
0.142510556381171 0.316247988777171 0.282215669512562 0.259025785329096
0.371732308645332 0.276652609892454 0.135816032992192 0.215799048470022
0.0938471271006626 0.480622972046767 0.057625211669756 0.367904689182814
0.222903154279008 0.260693257859369 0.290210360750276 0.226193227111347
0.140292759913944 0.404278631394288 0.450227735253675 0.00520087343809361
0.141504312082032 0.269142938649232 0.202253827840809 0.387098921427927
0.277439861364682 0.295416532596847 0.28726015425874 0.139883451779731
0.273350474083139 0.478360936696087 0.140552658447821 0.107735930772953
0.305300724473173 0.244080534517324 0.174749638824841 0.275869102184662
0.323628084881984 0.265710995162104 0.060062645538495 0.350598274417418
0.127462712186701 0.238224431953305 0.409807917057586 0.224504938802409
0.466400101954383 0.448830607430617 0.0695966805093576 0.015172610105642
0.407598149741697 0.356927690071533 0.00865994757935988 0.22681421260741
0.156391716742836 0.221274240383093 0.32539216707894 0.296941875795131
0.291039757405928 0.103568716501007 0.588143250940741 0.0172482751523243
0.222596497224498 0.269373138981255 0.410146410553734 0.0978839532405121
0.369105612835959 0.221198105578953 0.245555548481594 0.164140733103494
0.112129105049684 0.280710090088231 0.380754157527216 0.226406647334869
0.225797253107499 0.156281382252901 0.281435005235073 0.336486359404527
0.447465380320097 0.0576984677960003 0.0808484746078702 0.413987677276032
0.337744114235202 0.338659275671951 0.113430398389682 0.210166211703165
0.203382052443767 0.433771663171225 0.215100851354234 0.147745433030775
0.806694099053648 0.0095984755245621 0.0264890128909533 0.157218412530836
0.0634945953947206 0.48438922437848 0.0841060089874145 0.368010171239385
0.0811783450738987 0.411890131865537 0.409300187332173 0.0976313357283917
0.132237034254864 0.403416315574705 0.00940322213921404 0.454943428031216
0.253873701893121 0.349455906413308 0.190696035917486 0.205974355776085
0.0955071159691864 0.473960572697434 0.0131405112090877 0.417391800124292
0.395699280008198 0.119557817734261 0.078155193528938 0.406587708728603
0.0666506905314651 0.364989048918316 0.120435969831838 0.447924290718381
0.271163575235687 0.201317024516611 0.17857936423216 0.348940036015543
0.0147719586023008 0.422636674723069 0.18245231671761 0.38013904995702
0.243573253146146 0.230908859952903 0.0586007354979703 0.466917151402981
0.0191624093437865 0.0514791111416784 0.486869542304096 0.442488937210439
0.0308735999232786 0.313351420841082 0.385625838109273 0.270149141126366
0.270370374460352 0.0156529308990201 0.415198998493601 0.298777696147026
0.407170321583544 0.287850877960986 0.136160009451765 0.168818791003706
0.235006123903363 0.261684061475098 0.379331583621183 0.123978231000357
0.227397800846937 0.284490657880026 0.31401030614844 0.174101235124597
0.245242696102612 0.185261076422087 0.325051967925663 0.244444259549639
0.165436166624163 0.613236509296358 0.147549171828879 0.0737781522505999
0.0679129249277639 0.0177048539767946 0.0666145665356587 0.847767654559783
0.312123254431639 0.254804220360116 0.228198165931775 0.20487435927647
0.367920897199311 0.157430496169169 0.0748693313816537 0.399779275249866
0.257228111669196 0.215596418054353 0.436835840443615 0.0903396298328359
0.420748829326918 0.0461105148290369 0.177885007988139 0.355255647855907
0.129076069530929 0.00015680218469961 0.44978238316351 0.420984745120862
