0.200344264985385 0.0522777142413669 0.17184474319145 0.174275948023539 0.178441330355783 0.0164545624867694 0.116765383202183 0.0895960535135239
0.178648864948336 0.179280757436403 0.130595273132337 0.074828393319713 0.00303438475490493 0.116635527904691 0.172512029216815 0.1444647692868
0.162787133533815 0.330781678512195 0.0820320986631716 0.0346152982286048 0.182838556482554 0.0449369999611948 0.060048985213869 0.101959249404596
0.056232596155373 0.130210624849245 0.0998050724197031 0.18554862832111 0.132619294844342 0.193929977791915 0.0320342931020728 0.169619512516239
0.0449228512033406 0.213884054081063 0.203704958810181 0.0391281855010273 0.131666811620786 0.0164787775444697 0.14823539784239 0.201978963396743
0.111158932714382 0.11938648439662 0.215021832286026 0.216393381618441 0.14967373481634 0.144545460501607 0.0316478363066556 0.0121723373599282
0.167243482357 0.0411687161464006 0.0329079010977328 0.174768430047571 0.145518133553124 0.225024714907444 0.148534447337888 0.0648341745528395
0.201535496891795 0.128783524655421 0.0160823274676146 0.119003551530814 0.185950080419132 0.107472918622922 0.129626943638903 0.111545156773399
0.165464152040238 0.158319363792749 0.109773745692702 0.190858772531375 0.114022506740782 0.122053038721393 0.017472437863067 0.122035982617694
0.0709212790571829 0.00430215984823116 0.143750156011582 0.100011960407832 0.0480070908130136 0.185913293719407 0.263561560228711 0.183532499914039
0.0437807702252841 0.0404306341866521 0.116626322399424 0.176314224779812 0.152165832441619 0.165061191661619 0.162342717489906 0.143278306815683
0.0145691571305691 0.325995793573356 0.142302196317882 0.0284654571178708 0.0772337996954239 0.107798499497963 0.175104931769146 0.128530164897788
0.213383069812422 0.158753173000353 0.0334964471414533 0.168520051969988 0.14951688781914 0.00872417380479197 0.0967802056235444 0.170825990828306
0.191937214339089 0.0197005269816569 0.161671215841612 0.0909084077273104 0.196796038052191 0.158299351288002 0.0240940639061583 0.15659318186398
0.207264104988854 0.155926715403413 0.167228870085327 0.187283594804969 0.0644520522302672 0.0342494508259587 0.175163420361598 0.00843179129961285
0.180164388398768 0.0447961032580136 0.100835025244604 0.179301048507647 0.0605504126784367 0.0843155459935407 0.20543901765939 0.1445984582596
0.160331748244246 0.105690036915406 0.0166940088982955 0.0819164952613235 0.168597939547628 0.230542943839389 0.0300866674230097 0.206140159870702
0.213206549077523 0.132927435956413 0.00719425071060457 0.157680238482295 0.0485198982635284 0.116724077535303 0.173550998813583 0.15019655116075
0.177879906011427 0.0208887965625341 0.231592289643254 0.0411244595321917 0.18029889474351 0.150940349312025 0.193852889571245 0.00342241462381265
0.244747887462982 0.152011264198037 0.00718708889110068 0.0542067293089156 0.244282202532576 0.0691501416102589 0.164393479016433 0.0640212069796969
0.126240719571689 0.120785591101506 0.0176505337026353 0.133891311684669 0.239008709898909 0.228648652245689 0.120154470528874 0.0136200112660294
0.142100718686072 0.214327421559225 0.16964101111135 0.0418433660686979 0.159719847662214 0.0852792440573527 0.176451158697443 0.0106372321576459
0.0032515940562944 0.103759698142434 0.11803251290475 0.138399439244993 0.204964242933193 0.204074138135293 0.20873158018833 0.0187867943947136
0.206933882145506 0.238718929720873 0.196129277036444 0.164823048600073 0.0266461282067962 0.094243309062421 0.0514740679955535 0.0210313572323327
0.0471847677041773 0.215352463811223 0.301165156923443 0.0933819793572655 0.0415618498874066 0.0403283366274492 0.0554853738011245 0.20554007188791
0.17241193267517 0.0674085609814707 0.075294722304715 0.0234841823828534 0.184569250002779 0.261660729776064 0.0508979357473458 0.164272686129603
0.00615775945871109 0.259717003119986 0.101203144596893 0.0829705006767973 0.102738012173089 0.0976046189271349 0.213653500943748 0.135955460103641
0.0982216097537488 0.171695916306174 0.112453614037237 0.176489773469843 0.181498216708663 0.0234968333012722 0.103870948002539 0.132273088420523
0.0449409634830642 0.0533390445217371 0.125254785351562 0.198569906127762 0.116005698576206 0.205297420513977 0.0667771338323022 0.189815047593389
0.153279243659198 0.0321843829674376 0.121251769033329 0.251118311253633 0.0136008372610385 0.126685994741168 0.0687560909195344 0.233123370164662
0.240021041440261 0.182106531336981 0.00488560819768734 0.1154924047214 0.106839726113558 0.150342969209507 0.0337011235069738 0.166610595473631
0.109349911928608 0.129826885307025 0.0430210112650364 0.0576897692885367 0.0269690155800144 0.215361340597211 0.130111736426073 0.287670329607496
0.230973413928833 0.0335960438646718 0.230916268336652 0.074877362044856 0.0730514265314408 0.186320730908704 0.0371077260935132 0.13315702829133
0.033372029794791 0.204835258763865 0.107718359774997 0.0608435773957006 0.0585132872055886 0.18847326927783 0.165839053271741 0.180405164515487
0.0805569658945096 0.180301530381536 0.0162764365829178 0.252325981179367 0.0097461223571933 0.182951531178584 0.174079645806763 0.10376178661913
0.183873123065265 0.11798604070777 0.121991570103993 0.0596174618786822 0.0272497258948672 0.159040526682443 0.213265666491977 0.116975885175003
0.13873952610214 0.130134968171133 0.183887467170368 0.0159439578160154 0.194023835249141 0.0669398446485948 0.190697765673756 0.079632635168852
0.202425956687995 0.219570280413006 0.0270157758393813 0.195393795552864 0.0495752254178188 0.205260959381749 0.0136442310840956 0.0871137756230908
0.0152640208050268 0.0330991468709928 0.156424489904919 0.222358448256267 0.1553783910553 0.18963727035716 0.199618170893728 0.0282200618566064
0.0789722790625582 0.206567855005054 0.104526587243267 0.172759591466638 0.182106135674231 0.0041343485619079 0.126329210332368 0.124603992653976
0.101199996920018 0.152164449518365 0.214878818734559 0.00512177980684323 0.203973580301679 0.176724193280571 0.0241117478583117 0.121825433579653
0.189397518605282 0.122010410754822 0.127139098577883 0.116147086270731 0.0803399791148285 0.15966573473105 0.162860750003931 0.0424394219414711
0.242051884395566 0.0563481050647664 0.0759350898797028 0.142576901197891 0.242352047654479 0.0562393301264749 0.0339864275688088 0.150510214112311
0.0158195490486964 0.0306079944122733 0.101786214199178 0.150762268673304 0.12509572731112 0.198832243897851 0.220794323307285 0.156301679150293
0.160065300936839 0.193928580427112 0.193539316975354 0.0663763107623842 0.116419260093007 0.191676601303325 0.0432751297409181 0.0347194997610617
0.134217770642831 0.0897835305372647 0.022146485580254 0.0655709444807401 0.0220295183465669 0.245213970860834 0.234642281709619 0.186395497841891
0.0556689743902229 0.157190169248801 0.118693404558377 0.151864950476795 0.103214990693236 0.174361048379681 0.138318004768843 0.100688457484044
0.179336051912088 0.136018150252018 0.0933998427012167 0.162114137815388 0.210900875258334 0.0555596060884826 0.106114224544949 0.0565571114275231
0.131814934195331 0.222525984338741 0.037653122667855 0.111835021645909 0.258113245532386 0.0346983394635733 0.160606306944224 0.0427530452119805
0.195740534528663 0.0729284262126732 0.115150742538263 0.128170222896668 0.0950792441231297 0.18658265286771 0.0643615183561935 0.141986658476699
0.230211169866227 0.160464665103922 0.132496239693184 0.194264004227292 0.0698184352074664 0.184935875165302 0.0249006991549369 0.00290891158166899
0.163945249690412 0.117246201065393 0.016506188877586 0.217256604168005 0.297610356376249 0.0161843266674081 0.0303103025417791 0.140940770613167
0.129674801016737 0.14305053649011 0.126275688276651 0.147275194368181 0.163197343432693 0.149139662282021 0.0924371062554529 0.0489496678781558
0.070776633286623 0.199053696507418 0.0321190268751192 0.172603407145749 0.222023061233417 0.191233886205539 0.0118382645464863 0.100352024199649
0.0146681090969683 0.188954360277662 0.152620273296716 0.105029568890886 0.0266285282419567 0.102607332729624 0.179033014351069 0.230458813115118
0.0182649361595641 0.283106598699576 0.0732799673189499 0.109110286925986 0.23013632636583 0.0204073315565398 0.106312748491868 0.159381804481686
0.186040849496255 0.107878633876854 0.123269003555716 0.203664405882275 0.112312945805119 0.137437236992984 0.0770316750789053 0.0523652493118924
0.173356077024365 0.143356827988059 0.144106396907166 0.156139834524043 0.12067254382989 0.0827577641224632 0.171394886557282 0.00821566904673276
0.193971335754652 0.029447014148872 0.142550170348544 0.14180251223755 0.111699948309185 0.186809010062622 0.139048201783324 0.0546718073552514
0.092747839253681 0.274780963036087 0.106864170172915 0.0196790710601981 0.166247238109836 0.131977273372907 0.122272105019648 0.0854313399747278
0.156614107829605 0.00103542622826831 0.136319071193658 0.17334781968035 0.186192656415093 0.129793850364248 0.173741682934132 0.0429553853546462
0.106318044706723 0.00922989016942923 0.205261743059455 0.304761863984747 0.152719314006689 0.0334664761223783 0.160807858306926 0.0274348096436526
0.10315549200302 0.130749775925876 0.164686614868024 0.103158885587025 0.110510809594636 0.14500082974844 0.0292530922218627 0.213484500051117
0.165060004037034 0.114696108939289 0.188587287918585 0.101465265895055 0.0267108431232785 0.131336893081502 0.0632818044225318 0.208861792582724
0.000194189158910801 0.0701110896211175 0.164874163828746 0.237416906525684 0.17979053863715 0.217058312638898 0.0727607151948529 0.0577940843946398
0.145291713612452 0.15171364181072 0.0725895271032042 0.0905099166909329 0.239652037514008 0.0406580382385393 0.105305218426124 0.154279906604019
0.0947730976513719 0.252438123693054 0.13081904793218 0.00669617649842028 0.388250714216816 0.0108721242271183 0.0249619781621351 0.091188737618905
0.108248563505059 0.00952362106015941 0.144449422914707 0.290255644410559 0.177869722399858 0.191800732456716 0.00815046383235027 0.0697018294205928
0.0186575907399442 0.0622132137793192 0.111423805843861 0.0173199214378671 0.237289280469111 0.165974063381349 0.207109401636794 0.180012722711754
0.192650395703033 0.0147253363773478 0.19550827959479 0.0559140036299259 0.165734324009516 0.196463769659717 0.069875902880167 0.109127988145504
0.00577591826193616 0.0661404435283353 0.12319692796109 0.194202519014054 0.101364438484922 0.186529919100295 0.191417198836753 0.131372634812615
0.220278549431078 0.11428109460071 0.204215966674277 0.16020350133258 0.137130188376905 0.0617990613391052 0.0556449391362883 0.0464466991090571
0.209989784006786 0.0953463073177608 0.112027126532223 0.18289980601184 0.104559991608381 0.0719188742987224 0.057240797835616 0.16601731238867
0.0850083736495731 0.223801444229223 0.0792140966050368 0.278732217426675 0.089833567529014 0.119250823988263 0.107241927850956 0.0169175487212594
0.221115391488802 0.0161563441409235 0.0593327167453664 0.0812515920721043 0.233276038267802 0.125936770807228 0.235233575487588 0.0276975709901863
0.194243402584959 0.0106933610656043 0.112000286049859 0.182676857763457 0.0516562544808335 0.102001326509277 0.109489430131945 0.237239081414066
0.151616728612954 0.0250645638717338 0.243065294399516 0.00201236828319014 0.141636972926106 0.221964773595121 0.0907267475140402 0.123912550797338
0.159450583737182 0.215477707935808 0.0235462464499261 0.161634892262635 0.120833905833846 0.208516880676222 0.0455670699382165 0.0649727131661648
0.0625464427602264 0.0905034687907071 0.198252408832975 0.137094904435447 0.171332294062854 0.0742789256816991 0.0587493653492156 0.207242190086875
0.188617557688259 0.191854805993078 0.0868141060101471 0.0664599417906983 0.180888072655189 0.0911055739666747 0.0394254418763353 0.154834500019619
0.158594459828225 0.112665066596577 0.197423436360589 0.2057410094504 0.0409726232741275 0.0254324722118225 0.166921741850793 0.0922491904274661
0.218692490924172 0.00358885979762323 0.182338354525568 0.236524456265049 0.0637740036555191 0.0657078151228643 0.0843324290785411 0.145041590630664
0.00369362208899363 0.15234828002569 0.281037801490499 0.248390157026953 0.0232538254262931 0.194064061015914 0.0315201579224549 0.065692095003202
0.167068143079019 0.0544475194957996 0.133907637947812 0.126582751378308 0.18771073857159 0.0210610909902319 0.111915775430006 0.197306343107234
0.152939416169855 0.167636185535867 0.0762566878485711 0.182771978884225 0.060366735891538 0.120829387288589 0.167711924435735 0.0714876839456189
0.13262875108668 0.216742583752941 0.154076047501843 0.0747253725892374 0.0215459687890328 0.184062250145687 0.0525237628409798 0.163695263293599
0.195587013605192 0.0267315415943912 0.0176921050590331 0.0833409079338857 0.270419770432035 0.0878956442880054 0.097474453994967 0.220858563092491
0.058869249802504 0.0257775710110225 0.176283505333524 0.224864562479901 0.181555661634561 0.196783980890656 0.0655759097446648 0.0702895591031667
0.186918691430044 0.115098135106832 0.0237764019752709 0.276477593597941 0.0435542680751548 0.019617511251675 0.219856049941199 0.114701348621883
0.0802253328035325 0.250868775078731 0.0238322440520908 0.21517455946841 0.0641693579303531 0.133901138643337 0.0269291797286594 0.204899412294886
0.0914167990728015 0.128380395431775 0.0892011991344547 0.160048637062063 0.0562472418877918 0.183534368984213 0.149145024228492 0.142026334198408
0.139222666850046 0.103978949327324 0.0257435049065659 0.0265147302398309 0.144457848544992 0.118397380842322 0.181409342495961 0.260275576792958
0.0697970324697385 0.27258887593408 0.00560397120919185 0.069059737889244 0.00659146363498125 0.384977991479784 0.115898419199838 0.0754825081831427
0.0577662039928159 0.115666824181538 0.173372385616876 0.0504650407571326 0.141399487054502 0.00667661502009417 0.252441867497728 0.202211575879314
0.194868046827388 0.126571415124572 0.110548360865737 0.164082718465036 0.115682062333132 0.119069919089279 0.059098567026538 0.110078910268318
0.152966802048928 0.142618637187442 0.00693112859322972 0.172334101935426 0.0854051441040517 0.174738906943075 0.240698121418091 0.0243071577697566
0.185313854293407 0.12648217516432 0.110459053504175 0.160332261452571 0.178312762270511 0.12054122319635 0.0666512657706197 0.051907404348047
0.117298824572516 0.211496052104955 0.218631510677391 0.0652866210176566 0.17440407287053 0.1252064926492 0.0433066280713702 0.0443697980363827
0.182697465445369 0.15601949762824 0.0971113836659265 0.0981511029445773 0.0841944742134918 0.190763656062159 0.0675632608459108 0.123499159194326
0.0610061307406872 0.136826127294904 0.0886689780918477 0.170600603673381 0.206090158023733 0.0606327833210021 0.037412265723756 0.23876295313069
0.104440922506414 0.121508846642405 0.150862732988632 0.113746574931312 0.112418905631831 0.0626229053349392 0.149408672766226 0.184990439198241
0.168712217535225 0.173389811667627 0.0718654614723488 0.12914963335314 0.110170320889109 0.134184876649289 0.0441199398437892 0.168407738589473
0.20782510857686 0.234759014519303 0.172006660175443 0.0160732315253075 0.0649387060128684 0.15367521804483 0.0558597609269418 0.0948623002184454
0.126725773823459 0.141696320567535 0.178386152229036 0.0253384178200809 0.137601918169322 0.0995403580554393 0.133064472990104 0.157646586345025
0.149115780490316 0.137945545508372 0.0948233612891681 0.126605010653013 0.143309614188665 0.121320739620276 0.0771207685880445 0.149759179662146
0.000489160508252347 0.234812847091377 0.044138546089892 0.243864376227946 0.120308347656442 0.20488207388738 0.1266524898487 0.0248521586900106
0.239283362212842 0.207108320468237 0.0719188090526506 0.0764737517256879 0.131484213753956 0.041649572650401 0.126779450661388 0.105302519474838
0.0870993138445242 0.0940007052489016 0.178707263709839 0.222958841760682 0.0795901592002375 0.058667944295184 0.138496677631352 0.140479094309281
0.0915577992348508 0.135963669197924 0.152646195954568 0.0626357032199294 0.171329529591284 0.142379884779316 0.061633644857439 0.181853573164688
0.0727932697288429 0.149418562526936 0.0411980914902894 0.213869426100214 0.222844187565167 0.236335061346434 0.0425429384965686 0.020998462745548
0.223712385549739 0.135241118068163 0.215637153952731 0.0630608441872797 0.11662555678893 0.115004291104552 0.0846903005831936 0.0460283497654113
0.0490331571803519 0.197783968575349 0.123436136261226 0.111213550100096 0.0756659398096868 0.126215632856293 0.141656836750785 0.174994778466211
0.140281788557382 0.170272226409049 0.149239846849749 0.0925337202868293 0.0302656354696362 0.0657725571877127 0.147807956657827 0.203826268581815
0.163314419926791 0.0226303717350964 0.156745523401259 0.206730776394702 0.0504460471379956 0.239253059059052 0.159915945829215 0.000963856515888513
0.0219953021262187 0.23003057969615 0.0647493972271401 0.0148238287908889 0.126368571304431 0.168173861167165 0.0371048264015283 0.336753633286479
0.0821331026275739 0.227725891653635 0.23943119917172 0.0680001958050984 0.00455539418981798 0.125641987312343 0.133744100747046 0.118768128492765
0.268273846090843 0.108908159087847 0.220119527819211 0.0588758871245365 0.100415916548786 0.0467820684316471 0.0366534626998136 0.159971132197316
0.231784826290837 0.191693535411563 0.106111134774866 0.0712172953695693 0.0114974915308143 0.213042240951661 0.0153289275661993 0.15932454810449
0.0346752147928186 0.118567449773128 0.166725585461414 0.193497790563235 0.0289011944274391 0.194150862950654 0.104657749771042 0.158824152260269
0.177653687491877 0.144280091676331 0.205017844521831 0.0801030495169623 0.0343835446460138 0.096391586537663 0.168763951359009 0.0934062442503124
0.0369136675227214 0.153806540846824 0.0107629128003019 0.0240578295861537 0.276144921871523 0.198764107511513 0.159470955862679 0.140079063998284
0.128583388625721 0.21782101677948 0.069021519688566 0.00519045415101488 0.104323742565033 0.203919140346239 0.150916005813586 0.12022473203036
0.132946248887863 0.108185554964057 0.0640722007342609 0.0734140932967952 0.210964551734881 0.0258932025424805 0.264139373911922 0.12038477392774
0.0355951138255784 0.211050220159177 0.0316584904447535 0.0238693014447929 0.193648825877386 0.215236653396399 0.198951016831314 0.0899903780205988
0.125219038652634 0.115185817600852 0.152998858742837 0.0491441841805356 0.160772493354788 0.110960102900514 0.162461726811216 0.123257777756624
0.246302586541675 0.000556588674265955 0.150909410184386 0.150281307404724 0.0621252108406141 0.252970883109569 0.0153833375349189 0.121470675709847
0.195067134363068 0.0849823723270352 0.0539658943503805 0.212206953698102 0.00895703442161244 0.133635682097984 0.239493461842003 0.0716914668998143
0.132473019691781 0.218411747699331 0.0585524897034861 0.142233702457367 0.194071539415565 0.018080641814924 0.186683038918079 0.0494938202994657
0.0545792350676707 0.222302787380057 0.0455289024372155 0.119130821759775 0.264016982112021 0.183787591880768 0.0176479998960182 0.0930056794664738
0.00582039306978249 0.198893478521562 0.175370074346144 0.089729373229382 0.143295014836991 0.154236144142652 0.128129318738719 0.104526203114767
0.185674812719061 0.176261234107669 0.0935844986559758 0.0170365543827649 0.208456103005291 0.129962980994457 0.139045833514128 0.0499779826206529
0.230989963714992 0.180129952825302 0.00290681290147695 0.0274991369769422 0.196600211716804 0.184443774365977 0.0615993259676619 0.115830821530843
0.0767006259400321 0.126902923999148 0.0718575937227686 0.223290566780685 0.165669469456524 0.21051707211802 0.095021257145568 0.0300404908372541
0.222360359765336 0.212711157233304 0.165020758192403 0.0119561045605005 0.18769902196002 0.027791606729202 0.117790961745042 0.0546700298141917
0.12052079603106 0.107564642150024 0.252355207670485 0.0486682338365227 0.0975654841430171 0.0225642642189206 0.159507118224134 0.191254253725836
0.164438129970984 0.321257169215797 0.0378771326808414 0.00795409008048939 0.0205465042240049 0.0524127090354389 0.1537288259577 0.241785438834744
0.210160587927759 0.0763932032576765 0.0226807548511047 0.149154053107921 0.183423576719467 0.0505928796980768 0.234747217348374 0.0728477270896203
0.190742967897264 0.191715021873197 0.0757574667733045 0.116170433768144 0.0664251715462 0.170856484388537 0.0172449337703231 0.171087519983031
0.197435865907762 0.0729791979786195 0.265054112550913 0.0118379531846006 0.198601085208026 0.0874980373305303 0.0579853325658587 0.10860841527369
0.258787114599369 0.235378848676917 0.0463109320062838 0.0289597716265185 0.0135247428907479 0.115773440798741 0.250687633176823 0.0505775162245986
0.105268521595308 0.130315498359147 0.172254485373232 0.15782865789208 0.104506404061377 0.125912916965382 0.118513592282929 0.0853999234705455
0.120496832375156 0.0254155240463419 0.183534539693235 0.174378210612897 0.0757163851533741 0.14329541576532 0.153201245893724 0.123961846459952
0.0945802829800469 0.212578750569027 0.135715357394038 0.0146450058930808 0.0920786431356021 0.29921208938014 0.0582257513625757 0.0929641192854902
0.0446309553937506 0.216186021693322 0.00680263016940225 0.0700646902453677 0.181429314335114 0.116259882210174 0.243281355554926 0.121345150397943
0.065520832360562 0.189936389458108 0.218997351271582 0.0240347419223095 0.122506386874127 0.174846966946723 0.112274190713269 0.0918831404533201
0.0998010176934952 0.0809560336156329 0.00951109363612116 0.1930352352015 0.1557809167693 0.202607082965829 0.19795227583908 0.0603563442790414
0.0601718481400435 0.00719922556187821 0.0264574004483249 0.304510804723339 0.0997338628811341 0.142628394490772 0.314379774812403 0.0449186889421048
0.0726672903565142 0.105093064992462 0.0571047810646183 0.168231810521501 0.205969999105432 0.198762426930025 0.137003682168916 0.055166944860532
0.0152760364648334 0.238090029031582 0.0244137713528036 0.0919369363931703 0.253949553829424 0.143044200094241 0.184111087415426 0.0491783854185192
0.198910518681904 0.0714589521609633 0.22675910055741 0.0695303011387234 0.18426660839809 0.112711011194678 0.0933449714470228 0.0430185364212088
0.0942437548877072 0.127474428714266 0.161109494984154 0.0466904655246116 0.164510759492989 0.194257954830189 0.0597080560429135 0.15200508552317
0.133134421035596 0.127825630923312 0.0586697176645536 0.242503819885966 0.175069402128622 0.0639595943601247 0.0753996782124075 0.123437735789419
0.116457059114987 0.00277050656849623 0.381403331973346 0.22471543008448 0.0446608589039978 0.0338732939151169 0.131904531295745 0.0642149881438312
0.185206022840579 0.214032635502223 0.0577790197539989 0.215070908467044 0.0729260979303246 0.0591570799663512 0.0706197410635592 0.12520849447592
0.166731961442378 0.0551820440017053 0.136688622666023 0.17508336669098 0.0535845446223935 0.122638746464498 0.133615405031796 0.156475309080226
0.0272639110469391 0.197224266147323 0.122845615581808 0.0962857847212866 0.00110687609912679 0.314047438926721 0.193040980754578 0.0481851267222181
0.180579773712913 0.13608908183511 0.0948577300717053 0.154026410546107 0.11772444911576 0.0689301388915847 0.12209187330449 0.125700542522331
0.0247414538511724 0.205408086787894 0.17282524040758 0.151348372908315 0.0285401721988054 0.255327782502586 0.0852044002711557 0.0766044910724919
0.164375673340042 0.0988329526090229 0.169827481579585 0.0647874232505841 0.119894742031186 0.0726261046845291 0.139085046834998 0.170570575670053
0.180148568962381 0.0822563735773631 0.121145441747583 0.200977857458437 0.114854660335355 0.044973070297381 0.183281569727376 0.0723624578941238
0.131492420045589 0.164592828091304 0.11816674978907 0.158930281005848 0.161409697127681 0.122173223346364 0.102375717647221 0.0408590829469232
0.153768637649275 0.21246925430484 0.02165432204744 0.0534325940332953 0.0125839846580241 0.123548972224576 0.231136515948032 0.191405719134517
0.319141905037822 0.160460058817471 0.126279142929209 0.0949960577198459 0.107148374772759 0.122235948595217 0.0626602547174637 0.00707825741021177
0.212960081532792 0.0942339713557196 0.0965941190735362 0.235569815792513 0.0929407378843168 0.161379691686904 0.0146271471191975 0.091694435555021
0.191122483093108 0.193370059185821 0.113233026118124 0.19721438052631 0.012649721925727 0.0589297998813857 0.196810447619778 0.0366700816497467
0.321834869911278 0.0145009147928286 0.0986705670618725 0.246907430086271 0.182596535171725 0.0388985462406444 0.0498037025086185 0.0467874342267623
0.14506594247276 0.029171084141742 0.136358185008496 0.166438342590252 0.0900308359483245 0.0695906407456287 0.156530748969398 0.206814220123398
0.118196540867322 0.234988986866924 0.23332349883139 0.031443303634182 0.0885173711360802 0.0963757305162578 0.0451417918974271 0.152012776250416
0.0155014966125294 0.113885475475246 0.0174033907553398 0.224537212172977 0.17058348448657 0.199060706433451 0.110820585001434 0.148207649062453
0.0293850540607426 0.1349417504287 0.0904124697925389 0.0473804598158841 0.1218342146217 0.179479824335397 0.204738749733241 0.191827477211796
0.0516562634230278 0.205018973125311 0.00312476223662 0.20280222980527 0.0722878680209955 0.133810411765001 0.159997052511742 0.171302439112032
0.039636726428641 0.388890172215181 0.026020033674729 0.0148375058399612 0.219988328874784 0.0592692092974934 0.14724390464174 0.104114119027471
0.0741149434397067 0.0882200667202563 0.216284638617046 0.33295138428547 0.00544750991515285 0.0835240707263627 0.00124140500827326 0.198215981287732
0.0918422499359127 0.0456505630892174 0.206583449148535 0.181971318662829 0.0385638582337086 0.152048109336705 0.170854658084435 0.112485793508657
0.0199588166918584 0.181211111243282 0.0741352303153233 0.022775200453679 0.220951975494024 0.130285653765602 0.150510746793634 0.200171265242597
0.211347836964734 0.0473918757112172 0.0326028983193519 0.229916479404139 0.222841549546078 0.00652365055366791 0.0169088949982979 0.232466814502514
0.0408625365966484 0.0408408974621988 0.212005780006125 0.137103505691653 0.172370640108363 0.127963552672794 0.227140866736287 0.0417122207259307
0.138600562488574 0.0934484334948275 0.00638591240000387 0.123796052849528 0.257783947861311 0.19931847319726 0.0420561615960038 0.138610456112492
0.0635378528664049 0.00844321519578959 0.0809475514217996 0.267553056566608 0.137975388793114 0.0874171035475478 0.211028753657525 0.143097077951211
0.201468718358641 0.123109106282611 0.042899077944731 0.112699644917589 0.0871329925527927 0.0555152082824988 0.176077895169166 0.20109735649197
0.278843886101315 0.115008025110997 0.0937352306031678 0.148505830677192 0.0376032959236959 0.175488960833013 0.0807654710511331 0.0700492996994864
0.125516267734572 0.186341202917393 0.195319603924208 0.016788311942844 0.201752949190725 0.0336624982167729 0.144154309398759 0.0964648566747258
0.289235020666284 0.0669767547841687 0.00407761902056997 0.00942036899907671 0.179039299704696 0.209839786721394 0.0863819271594253 0.155029222944385
0.00472528546007752 0.214318644192078 0.16043651103403 0.0961146956752061 0.0172933420665366 0.0290370568627652 0.219636585157951 0.258437879551356
0.118859986131845 0.101586305367831 0.0551269372386263 0.0583718592406402 0.162624057572521 0.147811535226831 0.185405071007538 0.170214248214167
0.034661374251678 0.0588822515768998 0.234069527527404 0.170582137026906 0.241297506093346 0.188685758677678 0.029320898804598 0.0425005460414898
0.0386838254324426 0.170116932288473 0.157580240991379 0.117527521090344 0.111579171785963 0.191453443380215 0.0256018855117322 0.187456979519451
0.14291451113767 0.167494270046 0.0938480894399266 0.129478498453939 0.14089263181737 0.135326899226476 0.0552771838742185 0.1347679160044
0.159721629324916 0.139530225290036 0.157894800628468 0.134711939125003 0.101061260575278 0.0739385123682734 0.121516560331858 0.111625072356169
0.170446802670128 0.260737360131538 0.00950185370361582 0.0993735810177498 0.107128973224263 0.0346883813418262 0.104020047339344 0.214103000571536
0.151554316956041 0.167057868714147 0.162446697613878 0.132032836602135 0.229194116580167 0.0242537038637676 0.0673107574176658 0.0661497022521992
0.179857197418049 0.17717444062133 0.0167478392173887 0.024718270788106 0.0726621955067961 0.173095951472408 0.173819460970402 0.181924644005521
0.193523894574894 0.00507553807326088 0.229942838982524 0.0133269067281558 0.133250184792012 0.275632810840107 0.0146291768716898 0.134618649137356
0.113568868149995 0.109509509297917 0.164523505043563 0.0964022421939581 0.161092833229342 0.171036665588678 0.118418245405908 0.0654481310906396
0.102489336836682 0.156243366733626 0.182451518083892 0.18606817791202 0.118645887010599 0.056529527038124 0.00724645152707712 0.19032573485798
0.215017642312098 0.0985432661495712 0.108432705920121 0.145384974022537 0.0446096910425904 0.183787792877463 0.0703654509168967 0.133858476758724
0.152953040480806 0.0730847389758055 0.147226586476027 0.154061715585447 0.14978577839411 0.0403598134220275 0.133373552915847 0.14915477374993
0.132248746356009 0.19988715472087 0.104413922553622 0.242540358780976 0.0264548203673678 0.00173447996714552 0.167895405984745 0.124825111269264
0.197650467719021 0.00328967456785859 0.0731592553836292 0.0813597274692855 0.00349965548748358 0.249132711389903 0.213190409916345 0.178718098066474
0.110046636533852 0.0202806740607188 0.0962183704605241 0.00678169748330677 0.167804902614643 0.296306786589737 0.274453156430973 0.0281077758262458
0.00766982566335436 0.236750298185603 0.102006923487878 0.14440061760997 0.0640829415681893 0.0295929396726393 0.191905083599013 0.223591370213353
0.0955929248819605 0.117577584134792 0.177624871442106 0.0298773521671706 0.0641359806295249 0.0135457560617737 0.234353088794192 0.267292441888481
0.135463198044356 0.107056070785782 0.107706710543445 0.0958976331288074 0.136966585088435 0.0943091585830775 0.163414131675697 0.1591865121504
0.229034930486746 0.120144796129131 0.100407003265416 0.110535343905221 0.145299185370621 0.0666537209553262 0.0641360299586813 0.163788989928856
0.108708514015535 0.171499109653791 0.00171750443639422 0.214797301482693 0.130339141552689 0.06946075730803 0.277300903499622 0.0261767680512467
0.156511538591326 0.22886814214148 0.0317410399549359 0.0615000436685938 0.274331461215287 0.0771134258346583 0.0430039853429271 0.126930363250792
0.0121981019784946 0.14496477951648 0.188144322070582 0.130493452004677 0.12652022832576 0.0834048133436899 0.0777876081050329 0.236486694655283
0.117980910166528 0.166447782930981 0.0121069444628889 0.0929860028131254 0.0796971130989689 0.191359726423959 0.175258299207955 0.164163220895594
0.217776654513751 0.0915343891475837 0.0340741493022527 0.297022675658016 0.0348322258129345 0.194057595566699 0.0552071993642502 0.0754951106345135
0.0217943261869105 0.0325713949699061 0.012463492812291 0.180090189818681 0.112679543453414 0.247703779339999 0.203491845200909 0.18920542821789
0.00919387164000907 0.114085557988204 0.0470904009775516 0.243788009086636 0.0380313428468288 0.144168308979719 0.160616615334741 0.24302589314631
0.0889099759357432 0.191809119520191 0.0043773552678567 0.206966120579576 0.0582249773135928 0.126961172111109 0.121253954352732 0.201497324919199
0.107300536724735 0.274040279513754 0.139384394548459 0.0368794138086282 0.0865101218183674 0.0222789013591515 0.0311982903917144 0.302408061835191
0.182795541679788 0.102135817997685 0.159401423451644 0.00847285171746674 0.171068948415219 0.144900953090404 0.0221161152091811 0.209108348438612
0.0504326551907341 0.139891900346512 0.0249756222265115 0.188202995278804 0.258551896479935 0.0821965464958128 0.000168328023604817 0.255580055958086
0.1237429869806 0.0359468941883515 0.0110382904054309 0.246690112927255 0.187143021977704 0.164056655518607 0.0593384788341833 0.172043559167868
0.104619119939408 0.169566496212912 0.14852352083241 0.084082448029585 0.167095261290922 0.071519079044693 0.153358702130297 0.101235372519773
0.00353544263377311 0.110541677924438 0.122698101263686 0.208691473110203 0.0891360730844285 0.171559900744404 0.0977040101886179 0.196133321050451
0.133543641873237 0.220638423309855 0.117063499715791 0.0907714747184714 0.0274694854776202 0.218535208772925 0.191319406531791 0.000658859600310334
0.00959949353342741 0.0281887093942674 0.196925125267 0.149485066325871 0.0438982531891836 0.266418789470161 0.0622198751635567 0.243264687656532
0.00584843178515935 0.128693322192075 0.0150898815023844 0.10764421585463 0.148612577988164 0.25128510603959 0.0757397488306265 0.26708671580737
0.0515460129711499 0.215483438761527 0.266500226502252 0.144583316685804 0.0510127186864052 0.0416012273820425 0.161919645073162 0.0673534139376585
0.176695474642599 0.143741291991354 0.179363459675396 0.0406711223510955 0.161900035400854 0.0691112407105468 0.206117634922631 0.0223997403055254
0.00357842564100238 0.224339117613796 0.168569607682202 0.138398277466926 0.0779035532357153 0.147563213674961 0.217439119984336 0.0222086847010615
0.0221238569075381 0.168111241848877 0.261998030857729 0.16951896068215 0.246271340441322 0.0210817131016339 0.0246780982398127 0.0862167579209373
0.336886279612587 0.0849930869839554 0.0733232674567866 0.118480660926961 0.0239103908077602 0.0968158277212817 0.0371097705210667 0.228480715969602
0.393666392032201 0.0316327605214392 0.0541174529254454 0.168486785597571 0.0723382027323163 0.184014468020663 0.056388757856653 0.0393551803137106
0.048109398211318 0.194238962670232 0.118439141834223 0.184647391181671 0.154930982797365 0.10355682670784 0.13265727463653 0.0634200219608202
0.095386549707914 0.0706968576800351 0.178194163528322 0.172579768766148 0.165076751448839 0.143002922271931 0.162205523075456 0.0128574635213546
0.0696599191882196 0.200786891508533 0.152563037822411 0.142692737060085 0.195152597979437 0.0880248481923512 0.0211662948152024 0.129953673433761
0.148381123103165 0.118900353903225 0.174855695585339 0.149921199366379 0.144591547686547 0.0226066537693083 0.162813834902149 0.0779295916838874
0.0889102550619993 0.227227043630823 0.00718442588125642 0.000642021011858532 0.107728766908936 0.26214908938149 0.105651131079099 0.200507267044538
0.0574497873391949 0.185809418592534 0.0528119559504625 0.173180719463531 0.14958466981974 0.175238662555829 0.0829432790699479 0.12298150720876
0.0459955368198204 0.238060031306773 0.0709310096800098 0.0443251736214941 0.20614951110054 0.036887470276071 0.202096392634307 0.155554874560984
0.178072891519022 0.0830025466184215 0.191649168552382 0.0413484843549887 0.177600828177518 0.140758964003545 0.0952742892942854 0.0922928274798378
0.0583387447498718 0.0521410285389133 0.162378677675374 0.107071560027307 0.154828737562596 0.123526888398468 0.171078779043028 0.170635584004442
0.0444706445765162 0.0119118930218717 0.0988721843382623 0.215888774361689 0.0480380038179554 0.133410260166271 0.00419780674029032 0.443210432977143
0.00104604052023622 0.0550014700525697 0.201596748572346 0.133682114689278 0.208326492076714 0.0273527416750768 0.355630964257812 0.0173634281559678
0.00239771275016976 0.0619059793825877 0.13666303137965 0.183234386541178 0.191116650465067 0.119424881156028 0.22520741422507 0.0800499441002496
0.310516920235949 0.0699692330262348 0.118808633190468 0.117975775756667 0.059366703795569 0.0736165540750372 0.13135095248469 0.118395227435385
0.182254057775644 0.0403805240059528 0.243956997145061 0.26266867455319 0.00156951603265016 0.062411136588184 0.0630151547405709 0.143743939158748
0.0113342939790086 0.131322907288349 0.247640954291153 0.13416070306068 0.0179780643468682 0.157650404836975 0.188146683502052 0.111765988694914
0.0220113909615167 0.200289788884562 0.0267371721068098 0.248570171557411 0.0945589368730371 0.251538432943816 0.0132920797887051 0.143002026884142
0.0864362295126609 0.116857734176182 0.150485333999705 0.0414374395303007 0.168935075706258 0.174171604064551 0.0614687084527667 0.200207874557576
0.0718193685439373 0.0873148922106082 0.250289899575583 0.136863673965933 0.110878901063537 0.173384023545443 0.0511140776281479 0.11833516346681
0.0302201808260461 0.0819812872669612 0.250368080948122 0.0554648444213691 0.233605878391735 0.0324347802409624 0.0867223345170969 0.229202613387707
0.0998660345092621 0.170549904928952 0.189510971343874 0.0759423797628886 0.0304848412207239 0.171421614026976 0.152121201518118 0.110103052689206
0.0925690341508161 0.204787250213555 0.0571077119122387 0.107186624654851 0.0898349719954 0.228058723937411 0.0577686831147517 0.162687000020977
0.154190306383135 0.315275922284006 0.0625523607497613 0.0734940153235889 0.0296730259140537 0.278943627135238 0.00149641039360021 0.0843743318166169
0.196397514664673 0.0685999335674705 0.0531869276706598 0.208824150280461 0.0984319107975509 0.0144714929532594 0.200715025894736 0.159373044171189
0.0708490543381501 0.198774837776498 0.0957891671221967 0.226927551941442 0.0022000531496867 0.130829094159309 0.117433305616974 0.157196935895742
0.13781105554824 0.109827930396802 0.0980185251907695 0.143059795145759 0.204854691146392 0.197471182741395 0.0453039155426245 0.0636529042880171
0.134551919738988 0.0213959560119564 0.084139011115093 0.121392257579724 0.0775942991574856 0.111234299919807 0.420261066920018 0.0294311895569269
0.130662838450079 0.159990530789861 0.0923854734496231 0.106969245478458 0.0915902987171829 0.142969954534234 0.138207755539419 0.137223903041143
0.225583150514548 0.000313133409041263 0.211515134451016 0.157569678182976 0.115224795188535 0.0599562447894385 0.00354017953516225 0.226297683929284
0.0709832037042453 0.234520666410181 0.211009268707538 0.11954933155699 0.228891854061867 0.00252579589842326 0.127655510813524 0.00486436884723169
0.185834043237079 0.107802927303581 0.160888540078206 0.171057455942189 0.0937782628696176 0.0907210289087067 0.0681341529723193 0.121783588688301
0.170966290040648 0.0603872539869922 0.126433325286805 0.116482953880088 0.0947425051342133 0.231596986180953 0.14807403378494 0.0513166517053599
0.0163375259150425 0.0250868509761441 0.197676893275799 0.0169004251400307 0.220639560179867 0.154061423062556 0.18689077501359 0.18240654643697
0.179713657714165 0.174117007167255 0.0908033250427866 0.0790873315078652 0.0706966487748932 0.0569132037097878 0.302338433555291 0.046330392527956
0.0125841542183258 0.151161518901838 0.156160365658579 0.119904924217398 0.17125487190457 0.197178897101134 0.0795158983963307 0.112239369601825
0.123673921639764 0.275994581620532 0.0592352497019812 0.00181993501035638 0.163244850089673 4.76672872645843e-05 0.252776252471059 0.12320754217937
0.116515740379793 0.152696930293504 0.121309004463484 0.22682796410832 0.0866043186035874 0.0358278888282018 0.0934586450754332 0.166759508247677
0.15115390814474 0.0551798169667129 0.0565305004967342 0.138389579368484 0.0933558007871419 0.165286648367599 0.191183025491775 0.148920720376813
0.0570204254695839 0.263964589849725 0.00364798745022352 0.118620979792889 0.14009744118678 0.278482327476198 5.34211991044425e-05 0.138112827575496
0.221398048482816 0.0603198936582071 0.236465157813468 0.0697975716296504 0.0419621367779166 0.186639839963931 0.0418909452683976 0.141526406405614
0.225892886881287 0.269514836154612 0.0831408928372925 0.166590584184882 0.038959882580897 0.0403079682421396 0.0743948014232592 0.101198147695631
0.100199126310335 0.0333660886441346 0.14939352045486 0.0814074186206003 0.21539660172633 0.212388040152856 0.109342614522653 0.0985065895682309
0.122285178184946 0.132012031566567 0.0870048615123601 0.145485565205464 0.0654608074268657 0.175072114983058 0.0734493851371773 0.199230055983562
0.112080910249181 0.180658284828448 0.187600741638321 0.105439232264836 0.253199406044527 0.00155991962036585 0.0691111233994926 0.090350381954828
0.165849619436302 0.111413514929782 0.192545848628175 0.0746953276332088 0.104220090113329 0.178901861865024 0.11523973296814 0.0571340044260404
0.0526009579280809 0.277003108194299 0.059258342740226 0.000119071850384662 0.0709922218898832 0.102074796921798 0.177403287205065 0.260548213270263
0.0698960986422837 0.239079688511317 0.0799836027814203 0.0810725668467441 0.00172190965947345 0.19417891172021 0.115238222086991 0.218828999751561
