0.354033989701299 0.204886897574101 0.363664540959864 0.0774145717647358
0.243458603719015 0.247254391540349 0.295482854704167 0.213804150036468
0.147680119381703 0.389702834551247 0.0404913005160152 0.422125745551035
0.0592847416738596 0.275258594751296 0.330887030533954 0.33456963304089
0.0560088916752841 0.0695813365828869 0.476643371834968 0.397766399906861
0.157550214850999 0.274158788965644 0.0635706104979527 0.504720385685404
0.247277072881283 0.276506428913817 0.241164679928817 0.235051818276083
0.27024244981714 0.435369319803633 0.114582329803536 0.179805900575691
0.355273304004488 0.0851111576770368 0.284678578257458 0.274936960061017
0.664716811158263 0.308416665606941 0.00503936252127298 0.0218271607135225
0.289133815125474 0.315096023975998 0.20163524689371 0.194134914004818
0.60768774100833 0.063239575951989 0.0596479840279219 0.269424699011759
0.242129058868116 0.389563847258078 0.145904381230082 0.222402712643724
0.358586285055717 0.248297321400728 0.0575708015075398 0.335545592036015
0.49981173291583 0.210717378894651 0.0172513945273977 0.272219493662121
0.302875755007469 0.266514782731012 0.152998670784914 0.277610791476604
0.304480963712191 0.270729102731408 0.188098180450603 0.236691753105798
0.466080541851553 0.0141709946285687 0.259197626735326 0.260550836784553
0.16705870241007 0.29305155318749 0.259170668545267 0.280719075857173
0.17769979847012 0.139531170492145 0.336264621574543 0.346504409463192
0.189391059648858 0.52347876511741 0.134426711580577 0.152703463653155
0.30391196960158 0.0269673757296307 0.176295910975748 0.492824743693041
0.267073753824353 0.375005861554157 0.219218669646931 0.138701714974558
0.4200830171266 0.264867444575517 0.127681624569762 0.18736791372812
0.307231233886204 0.0891460950437008 0.435367421773777 0.168255249296318
0.309539681090056 0.188481637348545 0.16485506682895 0.337123614732449
0.310164645029935 0.239988304702439 0.334804399267507 0.115042651000119
0.297978047411262 0.262214596781989 0.149665098790717 0.290142257016032
0.255614745496481 0.298275906682513 0.363565787466986 0.0825435603540199
0.0832231935015736 0.444385254690748 0.376827374626362 0.0955641771813159
0.233482458222798 0.361308816542883 0.355883285185589 0.0493254400487298
0.338447927753191 0.0299544533533211 0.302832037711761 0.328765581181727
0.234914071238156 0.284067142350335 0.206355030344622 0.274663756066886
0.218269332803236 0.215397182668337 0.139312444805955 0.427021039722472
0.336599031752261 0.275048843185824 0.0625385736228214 0.325813551439093
0.302094709873851 0.290523586594932 0.286736666156073 0.120645037375144
0.341870427383342 0.138092263820181 0.0266487002467244 0.493388608549752
0.367133666226927 0.225492524472685 0.10494368199876 0.302430127301628
0.252360587058721 0.234150941008598 0.225260046849239 0.288228425083441
0.225435513025311 0.289115084965173 0.0895980728547768 0.395851329154739
0.107245184712773 0.48021845100473 0.359075283056919 0.0534610812255776
0.112614203935802 0.30349816221156 0.418769592511279 0.16511804134136
0.221524291652481 0.19506498300424 0.317693876051027 0.265716849292252
0.309387736976632 0.368358433949263 0.0701730162261752 0.252080812847929
0.0975668507328219 0.261782866114567 0.388382729858114 0.252267553294497
0.414508147311754 0.346552343731692 0.128028535664871 0.110910973291682
0.266615810198615 0.151452681092427 0.32559009956959 0.256341409139369
0.24283598484981 0.241506761961103 0.269289544210395 0.246367708978692
0.47872080119325 0.341168822198167 0.0911415546968406 0.0889688219117427
0.220794611063463 0.336823882601562 0.297185444110235 0.14519606222474
0.36541503019327 0.0166654212512671 0.344675621267227 0.273243927288236
0.472742438989968 0.132779651645427 0.102722900179351 0.291755009185253
0.280554493042178 0.170810188899126 0.238661388325657 0.309973929733038
0.548626764559771 0.0116157658099164 0.129471754328936 0.310285715301377
0.0121662438764699 0.214246422996118 0.570929347838213 0.202657985289199
0.187686504389493 0.396582444435443 0.282500329918485 0.133230721256578
0.392793084566988 0.292758002244546 0.261050048958651 0.0533988642298153
0.39092890943303 0.00940923176552012 0.262655631724655 0.337006227076795
0.227732189696968 0.230411580111345 0.533013933277151 0.00884229691453643
0.359050677692513 0.17659095275183 0.208102800071065 0.256255569484592
0.163941422467654 0.228547758122505 0.271839657268682 0.335671162141159
0.401462689803118 0.170216327172074 0.227184162303907 0.201136820720902
0.0493409224902259 0.877756117931243 0.0719780052621714 0.00092495431635971
0.269663138326269 0.390315081290426 0.245883556484196 0.09413822389911
0.32842196012355 0.213187571850091 0.371960526960785 0.0864299410655746
0.391668079455956 0.133581239430042 0.270002613933323 0.204748067180678
0.273261284563541 0.370103216123901 0.22382170170116 0.132813797611398
0.331100365013223 0.103116909968759 0.283720043369014 0.282062681649003
0.321315514249405 0.162937158540109 0.333666191081534 0.182081136128952
0.197276279966581 0.208060567464289 0.292233006377269 0.302430146191862
0.110799415667039 0.21334094915397 0.228094088010708 0.447765547168283
0.111566538881623 0.731417952462204 0.149361062622313 0.00765444603385949
0.292652154549181 0.23990227080477 0.366880939271494 0.100564635374556
0.342456516847744 0.128878826036668 0.41295304191385 0.115711615201738
0.37235201240524 0.344346681023239 0.141210630796259 0.142090675775263
0.159102603551626 0.350574464128752 0.29931322033146 0.191009711988162
0.366670861332381 0.280987466323831 0.160591614714876 0.191750057628911
0.261644008239135 0.311176765166689 0.18494546876796 0.242233757826216
0.0835505617913506 0.368048009957013 0.264772280797487 0.283629147454149
0.1684640076094 0.106792983850787 0.0769834145230553 0.647759594016758
0.259860444734486 0.264014280107061 0.390913784064752 0.0852114910937008
0.676202084110816 0.249131085468509 0.0494411203744682 0.0252257100462069
0.42162904594437 0.0576119870552181 0.377566995435996 0.143191971564416
0.30311309204726 0.0279111548020846 0.00323846115606608 0.66573729199459
0.125195275878875 0.0723468259034611 0.348335105979327 0.454122792238337
0.472359862116014 0.306094396335963 0.178462643557479 0.0430830979905445
0.230360253762126 0.301648612081749 0.0440928484503301 0.423898285705795
0.277864522946374 0.092244101301362 0.0029649253367901 0.626926450415474
0.184096435240059 0.248399692617329 0.264356805982331 0.303147066160281
0.299435205602777 0.288705594408684 0.0322990311210754 0.379560168867464
0.145521317278679 0.285178109714861 0.227708557941515 0.341592015064944
0.247551945845038 0.452003976092001 0.144491018921088 0.155953059141874
0.350504469543731 0.236462410142473 0.276775312713473 0.136257807600323
0.0287555054945825 0.254849444747541 0.32795874410369 0.388436305654187
0.612006597713682 0.336584973034415 0.0508443093490706 0.000564119902832184
0.210145331404714 0.133013571921303 0.578544881339792 0.07829621533419
0.270073384790093 0.193574783231848 0.346184840049344 0.190166991928715
0.581817736996567 0.041721257931345 0.175028924201893 0.201432080870195
0.460762812000425 0.353207344034356 0.142894277279216 0.0431355666860027
0.417229696068879 0.405411138297366 0.153854330504062 0.0235048351296927
0.196180433144222 0.32702081409386 0.143657703332045 0.333141049429873
0.278393926589599 0.0653816154909111 0.413937667812783 0.242286790106707
0.270435899274743 0.24965456266318 0.194479412704633 0.285430125357444
0.118808236952631 0.315198162337825 0.391450175961786 0.174543424747758
0.195338853488622 0.168908860406514 0.271484894289069 0.364267391815794
0.361657618273818 0.564132978504879 0.0405718200946474 0.033637583126655
0.16260450489347 0.194957596059287 0.396196979724313 0.24624091932293
0.413904303287591 0.0687889370305203 0.330250574690109 0.18705618499178
0.237834615078765 0.289088064956605 0.163228533800257 0.309848786164374
0.632499638136075 0.0321700554666863 0.28012328432032 0.0552070220769186
0.100055262934436 0.431060173605661 0.185880842303467 0.283003721156436
0.231642854702098 0.267322008086959 0.125925983623852 0.375109153587091
0.278652130830185 0.261920735561988 0.141085632611031 0.318341500996796
0.315578218643567 0.226706611743606 0.356819714448905 0.100895455163922
0.14707400317181 0.335525734121617 0.0603239007665268 0.457076361940047
0.543739781671031 0.00537223934696523 0.320310567663379 0.130577411318625
0.331584119385854 0.241611357136342 0.183093437756802 0.243711085721001
0.0948027193006944 0.470920957371213 0.160556491879643 0.27371983144845
0.346846731497151 0.405671928035926 0.0562692570466021 0.191212083420321
0.424340290379348 0.376626989821084 0.050203537117843 0.148829182681724
0.277120775529707 0.28008366873075 0.160361436510605 0.282434119228937
0.270764623027628 0.207098080014975 0.119882996362674 0.402254300594723
0.394319842302251 0.226719273624792 0.322881178893548 0.0560797051794087
0.12739811577644 0.540928034340518 0.195554741416333 0.136119108466708
0.281385364866205 0.329668345219128 0.00868603738458771 0.380260252530079
0.0661350184510727 0.141200531737419 0.389061275267715 0.403603174543794
0.344204445697159 0.269644411403251 0.0613545157591129 0.324796627140477
0.133604159869302 0.50411185565598 0.303614018081632 0.0586699663930855
0.11632546961295 0.0620366906557602 0.463156648443681 0.358481191287609
0.705934184065121 0.119366792667456 0.0213420428749544 0.153356980392469
0.451145603601077 0.206881620478763 0.0705885890009615 0.271384186919198
0.287544745037115 0.223389436617074 0.222445304952328 0.266620513393483
0.0696922792956509 0.246485620243435 0.320059711902289 0.363762388558626
0.251243492108944 0.139644339535961 0.347171591126417 0.261940577228677
0.136457621575985 0.336663064750267 0.157717358487133 0.369161955186616
0.0991451438882766 0.163470614114134 0.446860920784693 0.290523321212897
0.0896339869553284 0.187983964914294 0.420316437040873 0.302065611089505
0.330686852682553 0.368297590994177 0.275020145522637 0.0259954108006321
0.191207223479219 0.491668310104895 0.201224003405291 0.115900463010595
0.247745082582925 0.174109563601924 0.275892159510228 0.302253194304923
0.337787046207153 0.182034643373474 0.166494403246596 0.313683907172777
0.387684599473313 0.00608171488420257 0.0415266576241382 0.564707028018346
0.183743533524154 0.259921310782373 0.245136935708124 0.311198219985349
0.0995765278602529 0.403102615537965 0.0713672365231446 0.425953620078638
0.263301163511782 0.0320485953435897 0.309119767136132 0.395530474008496
0.152701350348722 0.196515026199253 0.30673483766382 0.344048785788205
0.0721358367690115 0.511151327325703 0.144873565206363 0.271839270698922
0.283320066709516 0.220195474354039 0.327757556371405 0.168726902565039
0.136844091033746 0.510533003365178 0.159263360430982 0.193359545170093
0.19350022608968 0.385768457532575 0.070671270819489 0.350060045558255
0.345986368097825 0.36323583976419 0.237289729720302 0.0534880624176839
0.324676474356261 0.13577607806072 0.497579427462238 0.0419680201207804
0.451538417453377 0.0509658884131214 0.0484754672310773 0.449020226902424
0.653841528425097 0.088544129330762 0.24646953417936 0.0111448080647807
0.196723018540953 0.279123634888219 0.286309049535234 0.237844297035594
0.221764222006095 0.275955852465574 0.245484885806483 0.256795039721848
0.251658139120891 0.0633725287799014 0.397147731027238 0.28782160107197
0.380719420098623 0.0639623541106077 0.138290516707882 0.417027709082886
0.279218600888532 0.175729239925119 0.2179174544532 0.327134704733149
0.408392373740334 0.333195491969765 0.22129079130251 0.0371213429873903
0.245673794976526 0.0559230960094468 0.305163584225309 0.393239524788719
0.313023139886494 0.34106989203959 0.343283368925872 0.00262359914804423
0.689707329139483 0.0870442037037286 0.211120051602809 0.0121284155539801
0.366134790132603 0.393847597541557 0.134646640371757 0.105370971954083
0.040998220138316 0.464527078953162 0.0955688145978597 0.398905886310662
0.278970826927186 0.123755202311795 0.0433717676184789 0.55390220314254
0.235876212042586 0.331938616228045 0.216383941834768 0.215801229894601
0.270277523162357 0.0603855249363919 0.322922192642363 0.346414759258889
0.0804714867562253 0.303064260196468 0.388877102482975 0.227587150564332
0.0712047479010667 0.339778755126852 0.427390192865412 0.16162630410667
0.603912987435622 0.139266940214014 0.122988334894734 0.133831737455629
0.0784277016427538 0.283730090298265 0.224485799381776 0.413356408677205
0.375451882806058 0.00959703516712958 0.323326563117686 0.291624518909126
0.0931272752064756 0.320746603674685 0.212862406821739 0.373263714297101
0.720525506595705 0.204256093818368 0.0708958550111773 0.00432254457474987
0.00386444475962055 0.0503271603061682 0.498919717374898 0.446888677559313
0.214036250996078 0.157021795956958 0.431085449234843 0.197856503812121
0.353240824442623 0.309419529192554 0.286592012465274 0.0507476338995485
0.216531067060852 0.282304433555695 0.211018569578879 0.290145929804574
0.413325785021604 0.0222175640749506 0.184844952903881 0.379611697999564
0.156930456429396 0.374676146507783 0.0442604091735998 0.424132987889221
0.369464180716105 0.329454278546718 0.217140516369546 0.0839410243676306
0.306703818806948 0.278244848982395 0.18920790268226 0.225843429528398
0.106138502270914 0.323392048042956 0.255378000451338 0.315091449234792
0.037922269499773 0.375181109390898 0.515131175977983 0.0717654451313465
0.614003148663387 0.0226211803434565 0.114538358155584 0.248837312837573
0.40712365717312 0.272089177575287 0.312279182469022 0.00850798278257132
0.289498578146877 0.0625907984425622 0.292652872714505 0.355257750696056
0.0246635979338144 0.351560525013469 0.186337372649465 0.437438504403251
0.0382777324909189 0.556156019184641 0.324913315409928 0.0806529329145119
0.351206330720806 0.283808088898498 0.290667282006366 0.0743182983743295
0.052636811559164 0.151193001207123 0.161612180224501 0.634558007009212
0.00250930213022392 0.448507163300128 0.371418200374469 0.177565334195178
0.369246679754217 0.524424364342761 0.0934945979231268 0.012834357979896
0.108569273161284 0.0303786353683921 0.515779727693844 0.34527236377648
0.217286380877732 0.342333175286072 0.438357256645525 0.00202318719067068
0.100768160798061 0.432491276331566 0.409576880913149 0.0571636819572238
0.349983328187765 0.0372045300117816 0.0949648441001649 0.517847297700289
0.142880814883478 0.142369500597372 0.383882078517849 0.330867606001301
0.0334574782645674 0.736473484304853 0.0433530057031042 0.186716031727476
0.00428851180860484 0.372093972683202 0.365848452582751 0.257769062925442
0.274638621436409 0.269842039150592 0.254028445439678 0.201490893973321
0.149601458676162 0.0481551834658447 0.298093458373033 0.504149899484961
0.147202649561721 0.186398992683987 0.347407183718825 0.318991174035467
0.522636950255226 0.0245318678956631 0.178714165819423 0.274117016029688
0.343287727742628 0.361256394047073 0.163357780321251 0.132098097889047
0.526259287523468 0.0519426014561371 0.142221621572591 0.279576489447803
0.290811402548362 0.346882410972505 0.215152670331873 0.147153516147259
0.335881996940548 0.161941188559938 0.465054013707021 0.0371228007924925
0.484791908783999 0.111001633438218 0.368991394777824 0.0352150629999593
0.398588419333435 0.0644718272715438 0.0505876974307692 0.486352055964252
0.193633853644691 0.5352013373304 0.0438470130558616 0.227317795969048
0.63861613217346 0.0488754300261758 0.0961211801332896 0.216387257667074
0.287253442824998 0.329449765577923 0.354094611991919 0.0292021796051599
0.0581062885087759 0.46082117663831 0.0121615190591851 0.468911015793729
0.375036192444706 0.280369071812138 0.0651044831421104 0.279490252601045
0.3858805892109 0.226205189914574 0.147709114370929 0.240205106503597
0.284321497511485 0.127635876285097 0.247331656549187 0.340710969654231
0.568817323534863 0.324464250087113 0.0515705927927717 0.0551478335852525
0.385385467153378 0.261288982999075 0.236457671182254 0.116867878665293
0.11783547279934 0.154280852665018 0.343076884609126 0.384806789926516
0.152985366026902 0.264408511277154 0.31639768831916 0.266208434376784
0.425269174675955 0.26719033233109 0.199491614599948 0.108048878393007
0.248467616334804 0.24589620414522 0.151029135783756 0.35460704373622
0.252528988520997 0.35127107831964 0.1685033431188 0.227696590040563
0.39135248119979 0.347645546473884 0.00199057494827123 0.259011397378055
0.0484584899555114 0.185173450600236 0.645689340385386 0.120678719058866
0.145820330012999 0.343651923636015 0.0545216440917379 0.456006102259249
0.527046131146243 0.340383264525121 0.0703514578892821 0.0622191464393534
0.409142239456886 0.345019385239303 0.0319673672508192 0.213871008052992
0.301303615149868 0.0415586763943167 0.49491988993832 0.162217818517495
0.299278760493808 0.40761573122518 0.0555029808634908 0.237602527417521
0.163572336884836 0.119904836256348 0.274125392507379 0.442397434351437
0.403915866979255 0.218786178493643 0.302322556042626 0.0749753984844772
0.328666370805639 0.179151482120829 0.238721276248652 0.25346087082488
0.371900752256551 0.355165422527761 0.0482781576359334 0.224655667579755
0.334085629647757 0.106607962754849 0.177529874353781 0.381776533243613
0.296486386352747 0.3150869004707 0.206392856338023 0.182033856838529
0.415251147813397 0.159555887413837 0.166129368128937 0.259063596643829
0.351541330992236 0.0888134812410988 0.484243973628379 0.0754012141382857
0.289616543290567 0.264340492057512 0.15634806229018 0.289694902361742
0.358137499728965 0.281533264460649 0.219143758239327 0.141185477571059
0.0128812076174416 0.232605868780944 0.300375380361073 0.454137543240542
0.120839532809205 0.278941915373488 0.141209511398026 0.459009040419282
0.166371016826095 0.423760913046954 0.0688063334012594 0.341061736725691
0.296863744599972 0.0205148606379974 0.609740447240415 0.0728809475216158
0.213931277940694 0.321000305917579 0.140511918423838 0.324556497717888
0.0837922596191783 0.201063487061509 0.341378779727706 0.373765473591606
0.254906604695418 0.402136436074389 0.325787946371728 0.0171690128584655
0.0540868643704189 0.488773642145383 0.00113831094655707 0.456001182537641
0.283235630072632 0.172028987765715 0.366156827764098 0.178578554397555
0.294625912837226 0.305943768940442 0.288098618205486 0.111331700016846
0.416775142041127 0.105886588916837 0.333600619881725 0.143737649160311
0.0127948675645386 0.599317984052255 0.0438543617466362 0.34403278663657
0.40991421693521 0.293376739115164 0.0284283285742433 0.268280715375383
0.308162324864145 0.226703491788647 0.439921137019156 0.0252130463280515
0.292198443669221 0.169269806124587 0.423291396985226 0.115240353220965
0.459168383179459 0.0194171244563751 0.461054758595086 0.0603597337690802
0.495670960119617 0.135600770764598 0.120796262496036 0.247932006619748
0.549496921573794 0.120765187560456 0.272507095734974 0.0572307951307756
0.207081110220309 0.320655348685863 0.282803325458128 0.1894602156357
0.252393572771389 0.212151052465789 0.230787799831636 0.304667574931186
0.302768094505503 0.121279050676578 0.173290702979833 0.402662151838087
0.283624416668882 0.0357572571937648 0.353466068047977 0.327152258089376
0.00415110354518353 0.289629029519997 0.428098848037158 0.278121018897661
0.464658195363844 0.304600648434287 0.0718114155234582 0.15892974067841
0.276586253064383 0.176072162573578 0.35821430497009 0.189127279391949
0.267902036292167 0.23550625793561 0.111441538435757 0.385150167336466
0.249268320505126 0.108412577715431 0.252254019781666 0.390065081997777
0.151832188970057 0.283101567665001 0.149451092400363 0.41561515096458
0.233355632823789 0.301035953878744 0.254074430308415 0.211533982989052
0.34875960697563 0.280314298173592 0.305194320964516 0.0657317738862614
0.270402347794901 0.130613411399228 0.31610756848224 0.282876672323631
0.0971970652341491 0.546934800690854 0.307709659002978 0.0481584750720189
0.0696297804976618 0.343738062903721 0.345207249336831 0.241424907261786
0.0984639032761685 0.233040688320023 0.356978062061339 0.311517346342469
0.151089495396355 0.404991313164511 0.381060993206515 0.0628581982326188
0.36881862353841 0.0735747045016951 0.189164782742836 0.368441889217059
0.156128325718395 0.381299567183988 0.189714217205604 0.272857889892013
0.388509508117835 0.329175355622007 0.234277436202057 0.0480377000581011
0.334283180592578 0.119268126786624 0.17433295474538 0.372115737875418
0.0805464605666501 0.315684860939205 0.354657910316745 0.2491107681774
0.42818529291651 0.257898463084743 0.0258954800918772 0.288020763906871
0.0927704234444331 0.434253313831649 0.114001305864759 0.358974956859158
0.215904008335334 0.323695378510799 0.222389829022501 0.238010784131365
0.00685467323052838 0.190052994758251 0.276359768641092 0.526732563370128
0.324108225010559 0.187213614033256 0.224776264434019 0.263901896522167
0.262845018620341 0.341051601240369 0.102707837794453 0.293395542344837
0.172984101640012 0.191897074707828 0.184099216914367 0.451019606737793
0.03741206747532 0.364480961473019 0.387251766142776 0.210855204908885
0.0526305564946242 0.107718097140834 0.359743820679762 0.47990752568478
0.239518922989215 0.203029540958566 0.320074891620074 0.237376644432145
0.392992048302197 0.2416781919281 0.155920218477791 0.209409541291912
0.205636805186014 0.0171763377833097 0.31214318094959 0.465043676081086
0.294464964669875 0.0206694853441303 0.483125452138349 0.201740097847646
0.320916016111145 0.283835161260195 0.120005991539813 0.275242831088846
0.297657453448791 0.303968081223409 0.375583993419775 0.0227904719080252
0.327769669094787 0.304237462028704 0.269732981129239 0.0982598877472707
0.338884674364899 0.0975991522751672 0.210037248010253 0.353478925349681
0.212459930142391 0.0160834704001616 0.116009310924362 0.655447288533086
0.385629066800695 0.126775617497875 0.476643371996032 0.0109519437053976
0.179029447631107 0.247868458964102 0.33094897143305 0.24215312197174
0.125342664770367 0.301742284160138 0.199428624761376 0.373486426308119
0.160797600239174 0.434483225849898 0.352844105448876 0.0518750684620512
0.0532594704746647 0.341931291855601 0.379119645906077 0.225689591763657
0.334225861160221 0.274984522595497 0.193626035955521 0.197163580288762
0.227227857829865 0.22845104694636 0.253492682882572 0.290828412341203
0.141699475679197 0.0982393054533357 0.0464008203948459 0.713660398472621
0.00263040230035815 0.171692798330347 0.75406269693335 0.0716141024359453
0.379207846157204 0.0483848200896294 0.0316384593635021 0.540768874389664
0.301478314952202 0.383025879110848 0.00561834548990568 0.309877460447045
0.327767654275601 0.147886249736918 0.203351297482023 0.320994798505458
0.43695479173877 0.0141250742897235 0.346744566207436 0.20217556776407
0.329888822718489 0.11767879242454 0.333126737371592 0.219305647485379
0.233501303511473 0.213687024236318 0.252235243234221 0.300576429017987
0.355246750903598 0.478841804307211 0.0556753398228588 0.110236104966332
0.260418813895573 0.168038739495905 0.283662094073678 0.287880352534845
0.403805855498876 0.194637527326532 0.0256455834650874 0.375911033709505
0.0344929624473839 0.76612585009068 0.114211905457932 0.0851692820040039
0.271388127746838 0.413078521656981 0.252056044885434 0.0634773057107479
0.270426071890172 0.299391477536351 0.171151219259545 0.259031231313932
0.420191613573296 0.350377011905673 0.210764155724755 0.0186672187962765
0.264672643178436 0.18476065486834 0.0623915478682221 0.488175154085002
0.00206656420687512 0.262426286882921 0.649978346084037 0.0855288028261672
0.271055774749609 0.0263560631917493 0.366961958280259 0.335626203778383
0.270877626714445 0.442262098174414 0.192929984060714 0.0939302910504283
0.212639144094945 0.406269917129906 0.276438526202292 0.104652412572857
0.229108898655559 0.218263261090439 0.197249616250057 0.355378224003945
0.477526331551092 0.38802495430605 0.0335393398875742 0.100909374255283
0.282082446792817 0.154403289545261 0.295210556100175 0.268303707561746
0.398159972338039 0.224490869019879 0.126681570640608 0.250667588001474
0.359380485402718 0.344810400676147 0.245792299364575 0.0500168145565596
0.193807050728773 0.427823584616231 0.155080323896498 0.223289040758497
0.110090478566509 0.272133835159605 0.299276180819959 0.318499505453927
0.0375495108891014 0.583363189132882 0.0119645087155778 0.367122791262439
0.402858716323456 0.0744730834920465 0.312742424452605 0.209925775731892
0.0961703841602242 0.354836820482801 0.198063886618558 0.350928908738417
0.292356303186064 0.208197553426247 0.0992504020109183 0.40019574137677
0.0375335307300125 0.316559590817097 0.330456726807548 0.315450151645342
0.272095909150346 0.118624509563288 0.267329452547921 0.341950128738445
0.239348858989603 0.343493158581711 0.388616301507634 0.0285416809210515
0.142185778067886 0.211076351135758 0.275515517154576 0.371222353641779
0.129993200590862 0.150321115106359 0.190818210484712 0.528867473818066
0.228673360458501 0.219683744020684 0.103724609208374 0.44791828631244
0.266529943257124 0.322500905740918 0.343635568391424 0.0673335826105343
0.0679256250234335 0.375629909315263 0.244887621489103 0.3115568441722
0.309511146762414 0.302010193921724 0.273970818934555 0.114507840381307
0.264726763998488 0.152189578874447 0.289234111032117 0.293849546094948
0.0769488687325925 0.268143762953509 0.571024560788246 0.083882807525653
0.418385477084111 0.292703293345868 0.0960759275084784 0.192835302061542
0.244552463032458 0.00367270366173744 0.702762025260681 0.0490128080451232
0.350432114328677 0.0670268390888739 0.0937914203726814 0.488749626209768
0.272206750583611 0.177108190811549 0.33964383936452 0.21104121924032
0.281567348472952 0.367978384877143 0.306830759038294 0.0436235076116114
0.212780186439586 0.531807979526937 0.0839701174941357 0.171441716539341
0.159037271253922 0.308321597318891 0.496947666416629 0.0356934650105577
0.0171930511171872 0.5413954904262 0.146362644385568 0.295048814071045
0.141019895215603 0.16677309304161 0.0580474260686614 0.634159585674126
0.00854532720943942 0.139969380041946 0.257922523030743 0.593562769717872
0.00605102505402126 0.609586086390017 0.282169945607837 0.102192942948125
0.0513758287830482 0.250550001868582 0.0844347731413665 0.613639396207004
0.540803211319209 0.255320006020928 0.154510629279515 0.0493661533803478
0.158305011784749 0.00570667090970176 0.363459795847274 0.472528521458276
0.258116676466821 0.26590425595389 0.214963945114654 0.261015122464635
0.355870399988509 0.173009098847012 0.252231803898565 0.218888697265914
0.368592419505992 0.0758118989288356 0.388307179049546 0.167288502515626
0.232413851461561 0.15417334341823 0.421944319717393 0.191468485402816
0.341422240752671 0.294164405405659 0.202370631359996 0.162042722481674
0.0584682149594628 0.208737080348575 0.167428010781513 0.565366693910449
0.0187806065283185 0.323104950892715 0.313609316551147 0.344505126027819
0.0847138312871729 0.222387134882426 0.423810788382079 0.269088245448323
0.131321908938448 0.15645720385472 0.369914497770489 0.342306389436343
0.341110215487052 0.209210075105894 0.344654646034126 0.105025063372928
0.36842232798526 0.148816847063206 0.295427426939949 0.187333398011585
0.103569463563696 0.393322523110321 0.0194116366425859 0.483696376683397
0.270490956183527 0.143740466962891 0.286445426855149 0.299323149998433
0.27005650978028 0.272233304297823 0.0160801181543699 0.441630067767527
0.115691016023937 0.151088592716352 0.456074465753919 0.277145925505791
0.193321610565271 0.568274131423377 0.231445215610108 0.00695904240124318
0.155786383956824 0.2632887792811 0.271412134393029 0.309512702369047
0.296030437813177 0.315158148007862 0.0461086221979594 0.342702791981002
0.261629994299674 0.186658169429324 0.152651256209209 0.399060580061793
0.0772552398068026 0.0543541481206405 0.845826539523264 0.0225640725492927
0.451338898568738 0.0485707398375401 0.449997571073394 0.0500927905203282
0.25912234545452 0.287010036067039 0.263823435940972 0.190044182537469
0.540237576174942 0.169656322026409 0.13880403336968 0.151302068428969
0.313946781917364 0.199360662950567 0.214758554038194 0.271934001093875
0.132595969480962 0.328019186571886 0.228289014402005 0.311095829545147
0.274384979093574 0.117823438485583 0.247777463322441 0.360014119098402
0.141000789198116 0.268106856738651 0.297812773987689 0.293079580075544
0.433487950105148 0.0213133367925194 0.542549622068646 0.00264909103368668
0.462799604843529 0.0709385610977843 0.192789335569828 0.273472498488859
0.120032563762941 0.0545379837294295 0.508379236946789 0.317050215560841
0.23512970694366 0.393217356205795 0.298561300988867 0.073091635861678
0.110456502737904 0.487811448767564 0.0458915251761891 0.355840523318343
0.440870007981545 0.229259111880888 0.0519659431792793 0.277904936958287
0.319681119887406 0.175539937146657 0.184608380858206 0.32017056210773
0.348744165458551 0.265680928252763 0.124453719950652 0.261121186338033
0.421210303659123 0.148672604107416 0.220864225472053 0.209252866761408
0.173613831952791 0.409109780182868 0.0764076845000689 0.340868703364272
0.275518603311546 0.0848244420026343 0.408901383714266 0.230755570971554
0.336942470962619 0.0822596451408287 0.28819495575198 0.292602928144573
0.371557291968011 0.0836877088968104 0.300257440215583 0.244497558919596
0.289884354006414 0.312328477341157 0.0729555420127043 0.324831626639725
0.34499855876917 0.0754288453718161 0.374088782792001 0.205483813067014
0.159288484622445 0.358654143440153 0.099535105048813 0.382522266888589
0.24517936530391 0.377598571700998 0.287796900654442 0.0894251623406504
0.457914956987528 0.0151595675142535 0.519336263970556 0.00758921152766289
0.194816573937892 0.320908950722129 0.225695492057808 0.258578983282171
0.276437761473998 0.229248247444527 0.177288711415607 0.317025279665868
0.13327877298898 0.570199574944816 0.111952866096771 0.184568785969432
0.0222982814889915 0.265248334600215 0.432394477213335 0.280058906697459
0.157007566091731 0.358154961136255 0.212766247003954 0.27207122576806
0.366333413144466 0.175264296449967 0.0900712879252964 0.368331002480271
0.247331727267038 0.0827833815666216 0.312007207639743 0.357877683526597
0.264158518870967 0.159701458040432 0.293924285343541 0.28221573774506
0.222573857254669 0.175325530541345 0.304897037605544 0.297203574598441
0.171562984384194 0.319138351655777 0.266025125135133 0.243273538824895
0.131233688880289 0.391609261866851 0.248106555767459 0.229050493485401
0.369202598530873 0.186430400942487 0.0500656299618847 0.394301370564755
0.765890319501024 0.129249877485405 0.00197286768225361 0.102886935331317
0.385482779000018 0.2268351889275 0.373730101284397 0.0139519307880856
0.16038921756236 0.157242756722843 0.348137246846348 0.334230778868449
0.394049477274991 0.0831954372199914 0.426669451750495 0.0960856337545236
0.507668716286278 0.231704918415576 0.206126458258173 0.0544999070399736
0.228067464054825 0.252509556211289 0.20724281773058 0.312180162003306
0.258441348163388 0.100037292401623 0.292761586953776 0.348759772481213
0.327840319202197 0.408695694097583 0.20980654395881 0.05365744274141
0.319353654706995 0.0507914745821727 0.183762355486752 0.44609251522408
0.218016369305063 0.382192691703572 0.178309728011053 0.221481210980312
0.279992799661333 0.340964476920804 0.0525008993103326 0.32654182410753
0.273718145854699 0.396171690623849 0.158936898947961 0.171173264573491
0.38414444761042 0.188043219071825 0.399806213248326 0.0280061200694279
0.509230335560941 0.0649863574411584 0.0910471706729059 0.334736136324995
0.00450448279470691 0.0733548533997139 0.265274622605819 0.65686604119976
0.402661698079102 0.0657814519600161 0.113816462262749 0.417740387698133
0.238691177832652 0.264395277063731 0.222981688376217 0.273931856727399
0.337134747009098 0.154726766399586 0.204692359946716 0.3034461266446
0.257151914248149 0.381068224090282 0.0662858425141812 0.295494019147388
0.344671437833991 0.348991807374494 0.238818246307807 0.0675185084837074
0.331010997050849 0.270217726211372 0.254430380642269 0.144340896095509
0.631957498703421 0.199612637858454 0.105869369977762 0.0625604934603628
0.274835873947605 0.549140420113852 0.0780448052536483 0.0979789006848948
0.247985377545363 0.323046316501444 0.185877776419752 0.243090529533441
0.369835336941658 0.133747328396413 0.385755854793173 0.110661479868757
0.404429788421511 0.0655506139907248 0.320681734211374 0.20933786337639
0.182915596647898 0.37324881163556 0.420074071303755 0.0237615204127874
0.142162211245502 0.143347627549386 0.490775737817254 0.223714423387857
0.304707984978771 0.311554648206697 0.28926114760713 0.0944762192074024
0.505317156797981 0.117452874778633 0.0752104876368894 0.302019480786496
0.15444696265041 0.61870943615596 0.0797928931736161 0.147050708020014
0.254102121299589 0.133497878024753 0.216348331924138 0.39605166875152
0.384340546538982 0.195097341999385 0.34936153494471 0.0712005765169229
0.13987538475587 0.343727283444536 0.397390811617892 0.119006520181702
0.138414559784566 0.210430575436258 0.133189080947555 0.517965783831621
0.442552244625161 0.46657114935357 0.0876974434116963 0.00317916260957257
0.243934578267286 0.321888937170349 0.242626541797806 0.191549942764559
0.0520110101508472 0.258620097962079 0.391513205665453 0.297855686221621
0.0734640570292946 0.333126589225361 0.314298457461762 0.279110896283582
0.152554031828476 0.376264018088435 0.110503627670907 0.360678322412182
0.198033939639678 0.327762638406141 0.346057627719784 0.128145794234396
0.163265222574102 0.194847769952854 0.553156176818788 0.0887308306542559
0.0373149252379354 0.533056360871034 0.369909234906901 0.0597194789841294
0.420710046556812 0.336881417612746 0.0133088147456901 0.229099721084753
0.136723070004959 0.145901866964176 0.587423835868962 0.129951227161904
0.25531897396729 0.258781787915682 0.228428223305944 0.257471014811084
0.277015963850184 0.251983933233524 0.236309837087138 0.234690265829154
0.280611295119963 0.250008092287756 0.27236753105269 0.197013081539591
0.353013590822556 0.0989333597945944 0.238405255225945 0.309647794156905
0.328781009833396 0.361736314205161 0.099036580264726 0.210446095696717
0.36925555463076 0.00266506689483007 0.238548792954918 0.389530585519491
0.279059354179167 0.0151299556587631 0.409040393116391 0.296770297045679
0.109231795217663 0.00430021992675568 0.749528541409295 0.136939443446286
0.6091059823345 0.115256820194595 0.165372479449086 0.11026471802182
0.394041776309792 0.3302589950337 0.196493996974606 0.079205231681902
0.0744546879725523 0.00584331692975459 0.552380416043945 0.367321579053748
0.237278467627399 0.136577361403569 0.250439230780917 0.375704940188115
0.0602748183095312 0.71245746157606 0.0222186310442035 0.205049089070205
0.336074004964888 0.274537696596735 0.0418579962499626 0.347530302188414
0.254831629922591 0.250798043369296 0.244450871312941 0.249919455395172
0.070359097233383 0.344729932092956 0.167148230659092 0.417762740014569
0.117501397522057 0.366205173156647 0.191168234562927 0.325125194758369
0.12502231023081 0.425196323328234 0.425956206078707 0.0238251603622487
0.516395122072477 0.0398032034512544 0.406582662921961 0.0372190115543081
0.149924833651613 0.651384783779795 0.00802329396065114 0.19066708860794
0.195907327854688 0.361170509950462 0.175978013389174 0.266944148805675
0.141749717500291 0.308633015896473 0.31144474279066 0.238172523812575
0.0776711326270552 0.240562946080705 0.360450359221919 0.32131556207032
0.277255806113123 0.42424817965046 0.00790048012277451 0.290595534113643
0.453743297568684 0.0699003372161831 0.0172522612698859 0.459104103945247
0.0720896226191778 0.295727597149068 0.228916605022261 0.403266175209494
0.364959529973739 0.246595228259371 0.00490933157771995 0.38353591018917
0.314208530021514 0.243838625231624 0.256965411266973 0.184987433479888
0.236102779024317 0.0785790867311859 0.336250996647845 0.349067137596652
0.071997312313596 0.421621513423222 0.2407568078667 0.265624366396483
0.153456893126096 0.191798691344716 0.146152172786274 0.508592242742914
0.136087582317854 0.0780441270052118 0.514235917576201 0.271632373100734
0.430053945804563 0.138937186111976 0.153403584238314 0.277605283845147
0.454445581875936 0.303808417817595 0.154505833951458 0.0872401663550109
0.038297841278018 0.428354066403787 0.44954001748986 0.0838080748283348
0.190483162447433 0.488383184326086 0.210968354278438 0.110165298948044
0.0165407548295863 0.492927145288966 0.252579889051299 0.237952210830149
0.690096330525253 0.0370212131629211 0.0648998596143431 0.207982596697483
0.0820009183889672 0.136818705609406 0.31852080113837 0.462659574863257
0.194952270501385 0.252756798988056 0.251232867137041 0.301058063373518
0.239364588411378 0.273225645841385 0.293778396577025 0.193631369170213
0.343338096279111 0.272361415124817 0.356755825194141 0.0275446634019317
0.0380737057735791 0.14197727169 0.566888515296314 0.253060507240107
0.205451105249955 0.210849421840028 0.254867044185989 0.328832428724028
0.297900253715964 0.160802247552074 0.410399999173996 0.130897499557966
0.312301260863974 0.305822385374262 0.101729941865698 0.280146411896066
0.255706797215232 0.286425601422348 0.146906402286909 0.310961199075511
0.36245167765224 0.19304947208892 0.0797347983403863 0.364764051918454
0.280211523416435 0.516041595430644 0.198898736743741 0.00484814440917984
0.166029694583637 0.455419185809623 0.112925194550776 0.265625925055964
0.364247561317639 0.128549133015332 0.497676993122849 0.00952631254417897
0.26564339865965 0.336614668718271 0.145789972077499 0.251951960544579
0.377719253122446 0.190712563759238 0.187730316856603 0.243837866261713
0.47155168251194 0.154655787157348 0.163304809773305 0.210487720557408
0.273558653619638 0.220529535528719 0.286935091646434 0.218976719205208
0.121445779064075 0.509984429202913 0.137530891372434 0.231038900360577
0.285344488072108 0.48220738713291 0.000259654474580414 0.232188470320402
0.342506210379113 0.102456126907489 0.346886347274996 0.208151315438402
0.345740980864649 0.194192105766638 0.125941765320471 0.334125148048243
0.23947321489212 0.220613957362164 0.212278383561612 0.327634444184103
0.360137178827909 0.268720389105448 0.243758709119488 0.127383722947155
0.27758794360364 0.24273887276832 0.318887139666375 0.160786043961665
0.0379721284439174 0.147677340706109 0.0860353605909338 0.72831517025904
0.189400579082695 0.0716856152261644 0.250742691687412 0.488171114003729
0.188673671511455 0.282072308571307 0.330250550526707 0.19900346939053
0.366946860573187 0.0402479833922404 0.333353616049051 0.259451539985522
0.35475907329314 0.040485345075579 0.133815296231822 0.470940285399459
0.306640539851585 0.308111330381596 0.223970357451341 0.161277772315478
0.290264785318891 0.362035557211702 0.0704808492283273 0.277218808241079
0.284474316719409 0.318317068917733 0.26269981517992 0.134508799182938
0.35309560559056 0.108248755655695 0.139830724164079 0.398824914589667
0.301454723709007 0.252828301239884 0.239169514347173 0.206547460703936
0.117679883907638 0.00605839380588751 0.257133142078749 0.619128580207725
0.101301074597747 0.482887028448572 0.0237178651527682 0.392094031800913
0.575185330373195 0.219501515000171 0.0542744082484237 0.151038746378211
0.27028019023526 0.0526536054889766 0.0698587020249081 0.607207502250855
0.301289429167235 0.198942425976678 0.417165927381361 0.0826022174747273
0.166999746809341 0.361949246188058 0.409155139855647 0.0618958671469542
0.250585382942628 0.178631599681459 0.368824261634425 0.201958755741487
0.276487795901276 0.193145256423253 0.37011712944935 0.16024981822612
0.387774932055274 0.203653434755073 0.288762587891745 0.119809045297908
0.207877461989934 0.290853678853855 0.375536089566179 0.125732769590033
0.470978719470284 0.0852762677672888 0.00567176318453904 0.438073249577888
0.38829067934403 0.0907581587559576 0.452118618100554 0.068832543799459
0.251074136367934 0.16590083393851 0.42098031944812 0.162044710245437
0.136137391871557 0.289487396097035 0.176665262717905 0.397709949313502
0.0766838885426664 0.460452261740932 0.0168621706143267 0.446001679102075
