0.123484011233164 0.267250786887124 0.104989142283993 0.124867365459583 0.110953800862543 0.268454893273594
0.134066265644218 0.155620066002971 0.25243809792838 0.150378140626785 0.0970879462290696 0.210409483568576
0.278061632325108 0.140256229082247 0.0944379752612279 0.149476361571869 0.1983860301958 0.139381771563748
0.226512609424854 0.166176213927216 0.00955041558850707 0.19108680467725 0.262842000814505 0.143831955567668
0.133700350076028 0.0316161381247857 0.18161965930126 0.148289277853846 0.311036780927992 0.193737793716089
0.00603660831101353 0.251294792830928 0.251882260620049 0.141272524800193 0.228735421622897 0.120778391814919
0.242805485167513 0.206665409157329 0.109099035999084 0.212133288476537 0.172230220987828 0.0570665602117089
0.0649090396791597 0.250298969512387 0.127413503099994 0.0451234519964404 0.174958506639469 0.33729652907255
0.282535883887331 0.111971458230341 0.181258967535414 0.202530915268948 0.17723248040442 0.0444702946735458
0.050812780451052 0.0244517290896548 0.345705347207907 0.0406085043761331 0.0649796018698551 0.473442037005398
0.361977054738413 0.0803875860823918 0.00662029731529066 0.0105793858805531 0.438576730150315 0.101858945833036
0.0273122454538664 0.0937986919409276 0.140879479313493 0.0219963146916416 0.356682160138245 0.359331108461826
0.0687358809679855 0.318789049961635 0.178347936731348 0.239992059044826 0.0365943001199562 0.15754077317425
0.264848466021292 0.165489192147442 0.044579180563314 0.162586140833725 0.315946263226275 0.0465507572079522
0.159918468692 0.28588557329664 0.196212185029734 0.185308330485607 0.0207953398435994 0.15188010265242
0.205776093352524 0.256983172207363 0.101618225733704 0.00381070563616748 0.254103800617318 0.177708002452923
0.1650657392974 0.0753236161375911 0.129929690105143 0.2224900617227 0.1822146441416 0.224976248595566
0.206418164753441 0.0225767728667822 0.338884385159432 0.0718947334144174 0.345739720537415 0.0144862232685133
0.253752786609924 0.109044066765612 0.0667577755987498 0.167462548862648 0.122115665710611 0.280867156452455
0.0760394358567502 0.201900463757115 0.172489646605385 0.180769693526236 0.230831829559093 0.137968930695421
0.175265027133954 0.192955064543036 0.198904382774974 0.00734991273185042 0.321787281819974 0.103738330996211
0.220073012613549 0.193878333305616 0.17562152382315 0.167653285590862 0.186953427847232 0.0558204168195912
0.113328755669654 0.374779425868029 0.183668303343943 0.00646599444121575 0.107152866614999 0.214604654062159
0.283441548271388 0.123116334214876 0.0306030261376619 0.245455563006986 0.221403506002292 0.0959800223667961
0.18164011430328 0.188187192297207 0.196054298667391 0.000199637393958329 0.164585349838187 0.269333407499977
0.171277817521897 0.194728177741782 0.0259607837981467 0.222647984002956 0.221223288983264 0.164161947951955
0.133661362102065 0.298448719407784 0.0253253307794812 0.238302363578917 0.134466104242139 0.169796119889613
0.229401779829189 0.123566996150931 0.114791446986789 0.0520344051514565 0.245307054316352 0.234898317565284
0.354065727628446 0.0784473634121694 0.305883149448246 0.101418950145868 0.0570033997944172 0.103181409570854
0.266294018710053 0.0684062356710928 0.230041099171264 0.128701762328715 0.273665336276796 0.0328915478420795
0.0528840982756769 0.296859216511924 0.0693982544399483 0.189748313611644 0.145620641188772 0.245489475972035
0.23884268995774 0.207969894152495 0.190492500861949 0.0581295874448487 0.296876172899336 0.00768915468363111
0.380380092547383 0.284356206789805 0.0901324661872498 0.167523503290672 0.0206106042703954 0.056997126914496
0.13966473651594 0.0425180930396591 0.200391099961488 0.293194053278252 0.228463714701394 0.0957683025032664
0.120236690074633 0.130973735701409 0.126418130546062 0.183577382023124 0.26000338422617 0.178790677428602
0.181864233506276 0.251361781627195 0.229896676627711 0.257197796608641 0.0682634360907185 0.0114160755394582
0.0275083580196457 0.296902254789232 0.0936347074244381 0.115190761224344 0.197341689113072 0.269422229429268
0.184925125124264 0.234254816896737 0.200969308663334 0.0315022611666802 0.155575944694419 0.192772543454566
0.345781798471944 0.14309663480689 0.206444918821352 0.174433677555633 0.0161485105598142 0.114094459784367
0.137627227755057 0.118717581326471 0.102182229597695 0.23981549511354 0.261046814585349 0.140610651621888
0.162995521179173 0.11726329712168 0.344284585504519 0.0536668880495105 0.148992534410951 0.172797173734167
0.172477820869453 0.150929571827287 0.171832966606011 0.203656226064851 0.0902749427178423 0.210828471914555
0.393404980283509 0.186506596683057 0.0191008477003823 0.0414587802178879 0.107703430151547 0.251825364963616
0.254409639376497 0.196302031436842 0.254849124978093 0.0490870996098568 0.00208819020704129 0.243263914391669
0.0886394254237105 0.342984297194374 0.320663869084956 0.00882297691939978 0.14096419663799 0.09792523473957
0.227579506911524 0.158070789085891 0.282071810483486 0.170944546201875 0.0726493362187662 0.0886840110984568
0.152780342687467 0.0237957664391995 0.276633913275302 0.157284746194166 0.256362413539852 0.133142817864014
0.300819723562914 0.0357144830017219 0.0205935595821055 0.239833318889835 0.225269966154234 0.177768948809189
0.0436999325924906 0.161090090044759 0.0726829798929813 0.290062246921124 0.378572967510693 0.0538917830379519
0.163134729140045 0.000541321173230991 0.10151105528322 0.294147401847425 0.155681991046609 0.28498350150947
0.211745421717506 0.131353366906117 0.0778866779509632 0.209282483327467 0.214098991124246 0.155633058973702
0.072386181518915 0.173353164944602 0.236490595094835 0.22621337721359 0.228071315499161 0.0634853657288964
0.0413079827358215 0.195888364224305 0.238327984906346 0.220126354919684 0.0874989069327545 0.216850406281088
0.552386991670795 0.00344364619919652 0.038135714925681 0.0120504781667922 0.0782639156812343 0.315719253356301
0.0369252914260027 0.196378246050388 0.117440044295946 0.383674622109126 0.232005823535255 0.0335759725832825
0.231801623399918 0.253998307005947 0.143159019936814 0.207852452984878 0.0962296329470102 0.0669589637254331
0.19713678316621 0.236525490977694 0.131654722014776 0.118420709403977 0.212903125174395 0.103359169262948
0.0860453308286846 0.317157608491795 0.137854875708988 0.0374286679758359 0.0255707391160397 0.395942777878657
0.166766797705575 0.28119676843423 0.108584264301075 0.161640650185491 0.24541345214056 0.0363980672330688
0.359127686974182 0.12638518417976 0.125405558465632 0.244528168681202 0.10366571795256 0.040887683746665
0.174484758278252 0.220906769687124 0.203206361805152 0.0967179429362431 0.134301267279929 0.1703829000133
0.0513559551058882 0.0798310530498189 0.235382090653713 0.268005207438458 0.120753941880198 0.244671751871924
0.132811065855429 0.263300672865425 0.0215766580174761 0.138405857398605 0.169877348156864 0.274028397706201
0.0510717602942156 0.0424525130931431 0.130176637313754 0.198909229573323 0.284346034538776 0.293043825186789
0.152267091560739 0.201858507345066 0.160118796429027 0.139718547536587 0.212042266724732 0.133994790403848
0.0650637364539912 0.227875970172775 0.230996055009426 0.11445950992711 0.214819066335506 0.146785662101191
0.193389298105606 0.164452287093945 0.0182126302289058 0.202386043929058 0.246572146469591 0.174987594172894
0.0106050098544195 0.140673348463359 0.366059136200831 0.161502733002898 0.163273827113983 0.15788594536451
0.264683611184253 0.222598436954454 0.109425442423638 0.0414299775901686 0.253096605832428 0.108765926015058
0.229404351544273 0.145878552279596 0.192882548313406 0.140905348654258 0.144571868451737 0.14635733075673
0.00601531266945791 0.321892555556969 0.259128201672099 0.243307421228721 0.0546732235374895 0.114983285335265
0.309940764760297 0.026113834095012 0.0974309396346637 0.163771680002395 0.0008435508725799 0.401899230635053
0.274436554228802 0.122160560086128 0.127236890933056 0.213353990166066 0.00826413581851427 0.254547868767433
0.301043834055239 0.066331651780133 0.137055857603718 0.145546333868208 0.180533452294799 0.169488870397904
0.086745611253106 0.00983184171290811 0.259501196823149 0.149996578946593 0.214318520625268 0.279606250638976
0.0565659038174879 0.135732885430545 0.306498223913507 0.0308374700585407 0.225732738462345 0.244632778317575
0.0776730493181506 0.203675057832314 0.0253727537632321 0.280246999029942 0.27696932993465 0.136062810121711
0.22951227053608 0.136692715976218 0.00457115259794392 0.327620901921955 0.112206534611647 0.189396424356156
0.134537386523133 0.150910831681625 0.243287720766524 0.169634783885477 0.193813902849113 0.107815374294128
0.273196273530848 0.162225359313484 0.155830745648786 0.0777267123382523 0.234232603587487 0.0967883055811423
0.183327518313179 0.122068045487046 0.204068991686984 0.110747808614962 0.20956096448117 0.170226671416658
0.180396630984279 0.196195519150519 0.168574256545633 0.13079850115904 0.176687284683917 0.147347807476612
0.0619836200624084 0.245020681582526 0.107778648007691 0.272909606314629 0.106126530584176 0.206180913448569
0.0192780087103612 0.132993708132152 0.0329158465178829 0.0937261137084184 0.336374809801781 0.384711513129405
0.24627016259696 0.0354325560061497 0.200919334528285 0.25874118221529 0.253334974991041 0.0053017896622736
0.209800667732141 0.136791545386394 0.267376955155678 0.159084401388338 0.0255837570872736 0.201362673250176
0.207754067852388 0.271674398294979 0.262231850842292 0.0613267622829613 0.19494875872116 0.00206416200622025
0.238369615291162 0.287693143169793 0.120181299828627 0.0299596194911487 0.249226132680298 0.074570189538971
0.0428334817619077 0.236752357991143 0.260920768030244 0.138359266436885 0.31410798899375 0.00702613678607099
0.155794007256951 0.249053055561098 0.0777802525532808 0.139447319631563 0.272077528860849 0.105847836136258
0.101736807235939 0.2372977507059 0.106337747580518 0.201401529180245 0.05843189960258 0.294794265694818
0.3095157049317 0.0803418272767894 0.0534183920359279 0.305069901553984 0.0922800462793668 0.159374127922232
0.219179249178378 0.251431847245758 0.090500467657288 0.189226603583393 0.238675372826954 0.0109864595082292
0.114057982254906 0.363603958878966 0.122898662908009 0.0249168975217246 0.216896214991635 0.157626283444759
0.220885863679533 0.285904915722332 0.022981788582223 0.163769781318147 0.173450094478994 0.133007556218771
0.035745939324256 0.241277312278571 0.343158439135718 0.149371696416813 0.058980686474676 0.171465926369966
0.302339969517109 0.117423597873605 0.216677481477046 0.222305448359782 0.0109857816818377 0.130267721090621
0.0134054644720641 0.312118111563552 0.189418820380375 0.224911229954964 0.0558189561385114 0.204327417490533
0.266289468749853 0.094192848720482 0.167424874093071 0.295111547961839 0.0597099613478459 0.117271299126909
0.137618590983798 0.0344932548221299 0.412394665979971 0.140689304277996 0.085317389202378 0.189486794733727
0.0973547611923873 0.16336489843902 0.216283750963822 0.180860593252557 0.239464442405842 0.102671553746372
0.164643216629911 0.205760985796048 0.157963151535365 0.108051277941271 0.116609227017365 0.24697214108004
0.137886910261584 0.183552957567394 0.0748878303924546 0.246655883431875 0.228727436140768 0.128288982205925
0.0247262485750783 0.340282828943019 0.0844894094734643 0.25886848761475 0.0515653510397504 0.240067674353938
0.182895644868085 0.0160378958605615 0.204009545643555 0.186462861478196 0.244885932092919 0.165708120056684
0.150216249381274 0.0854492243118427 0.0636081473329052 0.353194618593117 0.294426123695847 0.0531056366850142
0.1902489515322 0.224377858306026 0.0328729917107494 0.140104495016423 0.324692282362314 0.0877034210722872
0.0873368038421481 0.175068210053446 0.149957341783131 0.223130569800033 0.181657346383555 0.182849728137687
0.317244222998654 0.0468996280731375 0.0245530308677293 0.385001743589333 0.0838060705971636 0.142495303873982
0.0483134436744007 0.224391324492743 0.23947240099883 0.145237017468468 0.172721509752829 0.169864303612729
0.277567569353222 0.23917287435206 0.157897116385301 0.0247046649145487 0.177077588614187 0.12358018638068
0.0870081461405253 0.0286291878584229 0.177494715808042 0.312412784624467 0.309388799551791 0.0850663660167506
0.0104466163973872 0.0844122663330436 0.180901449464907 0.188642650639248 0.275477145317291 0.260119871848123
0.1408903707177 0.00511155868736796 0.207859270032558 0.0518565688425292 0.177179409020685 0.41710282269916
0.256413539674425 0.0838830187402192 0.225741875196818 0.135860296453548 0.115239656164132 0.182861613770857
0.192141539521768 0.324508804542388 0.0241503014104737 0.318962220906796 0.117301305921452 0.022935827697122
0.141348860904276 0.193850124510754 0.129486801568991 0.203418090092953 0.160665740381568 0.171230382541459
0.227076925732122 0.224631173023434 0.141342503008929 0.208468435137751 0.00193205463894209 0.196548908458822
0.233619424555344 0.236565786888858 0.00149819100570177 0.206505839815583 0.132038757615287 0.189772000119226
0.0521399417158771 0.144110317336835 0.0630713119116443 0.0726871997117795 0.323988900028925 0.344002329294938
0.289679311830789 0.0469166477516393 0.246350576265361 0.2606529937502 0.115739399731253 0.0406610706707577
0.303582452696243 0.0681738007320232 0.199485925715902 0.307328439797343 0.0888457535850075 0.0325836274734817
0.197715507925088 0.212361594923424 0.314157564008529 0.112920257526842 0.116736425494616 0.0461086501215016
0.175635929050941 0.163421800265898 0.0506035175664445 0.166788849746523 0.246133173576132 0.197416729794062
0.252582249265767 0.23762638196241 0.179314348419882 0.129124490361769 0.0902125440267501 0.111139985963423
0.0109067392986492 0.153389070688559 0.254234543620742 0.0980547535185536 0.210555768257684 0.272859124615813
0.131174109446382 0.0397198624029255 0.215262446183534 0.16502410473678 0.248097795487077 0.200721681743301
0.00605555411515901 0.218957586537583 0.206320144906166 0.128088452413598 0.244374612655424 0.196203649372071
0.186810633568474 0.0285833963347119 0.15280676633264 0.151544471704848 0.247911572617665 0.232343159441661
0.248869439569686 0.203750436423203 0.219693853568322 0.130504490983578 0.039912807644619 0.157268971810591
0.277655019010258 0.0845158895156385 0.086201207821199 0.242566426846433 0.056807608836467 0.252253847970004
0.167630852910792 0.156376441600976 0.179195723453425 0.161383105178919 0.0592717997257765 0.276142077130111
0.0421490971444575 0.270732720949055 0.38274226395242 0.0975180985541558 0.0678582423153034 0.138999577084608
0.483224539883743 0.145510440765114 0.161015206253977 0.0226718939533646 0.0738808775731369 0.113697041570664
0.120832926249729 0.212943009584768 0.247662941269693 0.0949896170517846 0.0742520494984827 0.249319456345543
0.390751611899481 0.130350639812329 0.265284219133848 0.0327675336149639 0.0251972345745666 0.155648760964811
0.220861560144137 0.0177209582560101 0.0696479970115269 0.24554096285745 0.231604373313782 0.214624148417094
0.170796521671634 0.19395580368989 0.162851792055663 0.155944563299257 0.159060598107959 0.157390721175597
0.111151511753355 0.245125951942255 0.145417421963298 0.124162870661967 0.0607545786990779 0.313387664980047
0.201643552801583 0.116807619185289 0.228754361648579 0.0081140417682726 0.283370240829562 0.161310183766715
0.103711226819374 0.272053255842936 0.164454464560204 0.169526146872362 0.00524721152645487 0.285007694378669
0.0840516168826852 0.145322922677494 0.175683760837795 0.0333311956741349 0.112756752223299 0.448853751704591
0.32531309397093 0.33769581649834 0.0839811944773888 0.0816030079362231 0.113835289219783 0.0575715978973351
0.263789482845868 0.0238983698106814 0.118317435916714 0.233378895316837 0.206381415885313 0.154234400224586
0.385262461579355 0.200905128877769 0.0230628325179899 0.212723975417755 0.033109447011966 0.144936154595166
0.143390931116969 0.109845776489195 0.233480086179195 0.0814931641827834 0.22446841494318 0.207321627088678
0.224875968426206 0.211359817167639 0.116451577889884 0.375369451815904 0.0403699982712159 0.0315731864291503
0.352252130917407 0.14018318960366 0.16005082539269 0.0757430988619447 0.0106159673784993 0.261154787845799
0.301933693259911 0.0542834231758277 0.0602740926142233 0.0726827684166931 0.272148145710473 0.238677876822872
0.273446006273726 0.142336279033375 0.14894997052141 0.0418737114534686 0.297340416868729 0.0960536158492914
0.215517904575169 0.2153315191135 0.212940122927076 0.234632672612198 0.0840552063016377 0.0375225744704194
0.236174067694281 0.237314228233309 0.171419907879083 0.19617689790437 0.061090872320975 0.0978240259679833
0.297140477780396 0.137442877982198 0.120540515185866 0.176729550552929 0.124014828464771 0.144131750033841
0.0936194715752947 0.267264605861019 0.182990076821874 0.236324772202952 0.208609388937859 0.011191684601002
0.00641516111774031 0.121052285735567 0.241959765592116 0.267714668947178 0.136127535553339 0.226730583054061
0.18422421003014 0.182877068294562 0.17767596089907 0.152764898327018 0.0964566069664885 0.20600125548272
0.307924598808922 0.00107266394833636 0.0593761217904523 0.266991074232259 0.1496368669822 0.214998674237831
0.16495816173618 0.286154797930734 0.271552152194472 0.113902967586323 0.135629612738977 0.0278023078133131
0.204704244650019 0.165139435385766 0.254450116088703 0.201618105132486 0.027048688676256 0.14703941006677
0.0232383098318173 0.108865551721383 0.210029042058537 0.424801541727641 0.223976025758592 0.0090895289020291
0.103585632892571 0.0917130646077716 0.125439831509545 0.224489749667927 0.22724393028403 0.227527791038156
0.0529785112564739 0.121879130868478 0.222364555056474 0.357761499168521 0.0432846318606119 0.201731671789442
0.246798631672047 0.140209935048064 0.239284815379562 0.0833215307163769 0.127754985690558 0.162630101493392
0.019372446047594 0.477557367472972 0.219377259022046 0.0491949215245732 0.0679785704385462 0.166519435494268
0.108462414554897 0.0710429961844189 0.0652539532293695 0.327462479449808 0.193690338647106 0.2340878179344
0.00760142001337745 0.238568012882145 0.143347434496571 0.189107938087362 0.251382981195955 0.16999221332459
0.123081849377301 0.229073612811047 0.214697669140675 0.180246117706876 0.0232596056070752 0.229641145357025
0.139034854744328 0.159036723341811 0.177008309074246 0.231119559040268 0.17897013790099 0.114830415898356
0.225437351356128 0.119806980869296 0.195483115691545 0.123867525512792 0.157937083674865 0.177467942895374
0.0910770688719526 0.320996655475773 0.105230309173859 0.1381309518978 0.192677039557929 0.151887975022687
0.248143818548338 0.0574019803900274 0.271826393586106 0.136168008308692 0.236184645452022 0.0502751537148147
0.101238848745688 0.0205020383089986 0.136842406920524 0.24609933011725 0.251375058073191 0.243942317834348
0.102858422010804 0.243168771252226 0.187231560971362 0.301405839125686 0.0653181790912622 0.10001722754866
0.264881699946312 0.164054746952221 0.0731698503291245 0.190853303432474 0.0989605868036276 0.20807981253624
0.159861477552883 0.24170652424787 0.14444637189779 0.0550522777334073 0.0333022310122651 0.365631117555785
0.266013197797191 0.214124067257855 0.272410808852983 0.0051368535841974 0.209148064929505 0.0331670075782675
0.153006348013247 0.163135526772941 0.28609123180632 0.266504808389605 0.0567156188438178 0.0745464661740692
0.0996752715564141 0.107017340126687 0.0504266138957845 0.250661146538797 0.225790516834123 0.266429111048194
0.202306530934781 0.221468259730457 0.17720152631508 0.0684652227491543 0.117187558564395 0.213370901706132
0.0439466143223163 0.0719819706958424 0.295714803633701 0.00284385441137576 0.227231575667712 0.358281181269052
0.19506138027902 0.11680462671934 0.159783136423946 0.274352293916598 0.141961536642819 0.112037026018278
0.242433196951234 0.274852333838178 0.0383631293596869 0.132905462093803 0.231482827243651 0.0799630505134476
0.198915132419597 0.146900209278476 0.154160136324944 0.188705674919707 0.24481575939271 0.0665030876645669
0.0435990356376282 0.0934238442018802 0.285743297968012 0.247886841284164 0.304667833519757 0.0246791473885587
0.00404365965198702 0.21743840603449 0.378415108546924 0.142884895962547 0.246021697698756 0.0111962321052962
0.191716565445908 0.176882327899779 0.136717051737313 0.194597981629625 0.134773039384099 0.165313033903276
0.432300734418646 0.113221851700219 0.0910744447458849 0.149536137128977 0.080188823903157 0.133678008103116
0.246699774031353 0.245547189722718 0.146573348462781 0.134161603970416 0.024830302139886 0.202187781672846
0.0992884930963995 0.152575348701325 0.175151800242372 0.259778890635905 0.217476551813528 0.0957289155104709
0.17074631772711 0.23749692381674 0.269847739556079 0.0281458544534311 0.0717568985595585 0.222006265887082
0.191405982768694 0.300645427290074 0.0399477450029234 0.139422478603437 0.251904344489344 0.0766740218455279
0.318078087773698 0.00475479578903262 0.258976434264892 0.0403230086136192 0.288913211129499 0.0889544624292581
0.00948511502039224 0.36502858829418 0.133507868192244 0.162042885602694 0.043753247363978 0.286182295526512
0.295116027840813 0.0601227852136101 0.318763792838692 0.0224873701572349 0.178101234383551 0.125408789566098
0.290204183597455 0.00715681711326757 0.169915582636482 0.115229871842011 0.234455496680499 0.183038048130285
0.196480270604041 0.165842097745966 0.153243704319944 0.190537417995256 0.175507450710992 0.1183890586238
0.238648812208791 0.199907607548751 0.0983896756664824 0.0939638063737877 0.176736520691417 0.19235357751077
0.227416487234876 0.177296527313766 0.0949368597158617 0.137933786236003 0.174444268934961 0.187972070564533
0.016665350565553 0.117282304694721 0.267494086219179 0.1852667913491 0.146150765409177 0.26714070176227
0.212066955469672 0.0844329056019505 0.19708122963512 0.335188572500927 0.00270903535459302 0.168521301437737
0.0233788472274565 0.110972887007414 0.34170447142336 0.260619562477653 0.121842633577521 0.141481598286595
0.120219432689672 0.0588900877633436 0.310296903774774 0.164443188475411 0.237412141489602 0.108738245807198
0.125763032321656 0.143197791391332 0.144023565637631 0.151799410667873 0.257686542314605 0.177529657666902
0.0171370220516857 0.221818117446958 0.199583083470711 0.217398590074696 0.137872565786185 0.206190621169765
0.460799023497498 0.00398698497007019 0.241184307210204 0.2743868957833 0.0119449109989415 0.00769787753998649
0.172996585962571 0.171457653740527 0.045816576939585 0.215265562835529 0.197571983635975 0.196891636885813
0.240562230133907 0.276202903723744 0.314302200570983 0.0639999742435383 0.0774635506674258 0.027469140660402
0.16546883009659 0.137922067550206 0.358840211637559 0.142064797163445 0.138210354240427 0.0574937393117727
0.042968336224941 0.0745259083381548 0.0998052871290153 0.23255854730174 0.242048557058452 0.308093363947697
0.146216893281364 0.0302030521263442 0.195513476730915 0.162953754307008 0.201186340583385 0.263926482970983
0.254083901989987 0.306640977144855 0.0025741999357769 0.103368375348185 0.0656294587027871 0.267703086878409
0.326794381579136 0.237821188188057 0.291455879308409 0.0572667218667046 0.053620337050865 0.0330414920068285
0.202254796251722 0.156902036190574 0.0390668163257297 0.238785232360325 0.0381089187990848 0.324882200072565
0.134899961628129 0.175448033693958 0.155928785936348 0.0602728849412783 0.127319555271657 0.34613077852863
0.0532795710882997 0.335001332379483 0.158009718992096 0.186320801723398 0.252339568225784 0.0150490075909386
0.245672162552618 0.240209492193083 0.175646612040552 0.0202555676404139 0.246270605140205 0.0719455604331277
0.170137560648101 0.13808513043231 0.151038675558841 0.192243546390012 0.144494434548768 0.204000652421967
0.0262795745445979 0.367711345753439 0.255210290366807 0.0212688799417086 0.0510476073939989 0.278482301999449
0.0576198122612452 0.222258851016573 0.223055836917303 0.168121829473154 0.108799042814215 0.22014462751751
0.217839994837372 0.0722970604639144 0.122825375696039 0.211528090700484 0.0676006896247593 0.307908788677432
0.17593412276078 0.134510401004773 0.237983149460877 0.208936014062498 0.111125632779522 0.131510679931549
0.0304594179187 0.231620985614569 0.150238781037466 0.110097974606842 0.231227566783443 0.246355274038981
0.0115890519692682 0.180331662868058 0.296944969927459 0.0483930984287762 0.167617932028864 0.295123284777574
0.268580611801365 0.212973240202514 0.00164986849957134 0.179771892788294 0.19552495603562 0.141499430672636
0.17515966543302 0.150507384805426 0.188043542220868 0.0928725004253113 0.163047595635312 0.230369311480063
0.121964578029171 0.105741133422777 0.25658309506392 0.1859017730887 0.099976178552423 0.229833241843008
0.203564037507911 0.186718146708829 0.190335507480673 0.203338168658808 0.197150674003398 0.0188934656403809
0.213597949291666 0.0626678234949789 0.258733903998033 0.134225403254245 0.0300769114349121 0.300698008526165
0.252178907399431 0.190842367270713 0.17595605048045 0.320025795798474 0.0347244959822876 0.0262723830686438
0.27049871745533 0.197884270446456 0.0336415088323756 0.225817829722086 0.0426976740773344 0.229459999466418
0.00213085911895195 0.119190517726367 0.302941401250838 0.0918733353139819 0.310345877882634 0.173518008707228
0.2731899210238 0.12439865545871 0.0214717291728898 0.273360220933487 0.0724021503945525 0.23517732301656
0.253091684951992 0.205313471313683 0.101818932926286 0.041541614206703 0.127726991418102 0.270507305183233
0.222455874013908 0.286788438406613 0.216155493486115 0.114110009703004 0.0968325812724655 0.0636576031178936
0.208610751338873 0.185050695291475 0.155470468564458 0.261756626093371 0.0154962811845539 0.17361517752727
0.332947775881789 0.127445932216622 0.143850882256334 0.151407094023593 0.0739041336737447 0.170444181947918
0.104179504837313 0.0419458285800167 0.401922531370542 0.142875645651639 0.0639437317630852 0.245132757797404
0.00303825615976284 0.205674383117462 0.0188915214868625 0.174495066946913 0.069715016043103 0.528185756245897
0.1902005607099 0.138392260706504 0.146696321789183 0.250456389207231 0.0735499872810216 0.200704480306161
0.155857938215199 0.198553035785783 0.0334120414892278 0.166543989448112 0.2357604828784 0.209872512183278
0.108590205407325 0.0317384773289248 0.237479748049756 0.0692554611777859 0.468984932866757 0.0839511751694516
0.0141803043784045 0.217555443482513 0.230490359524701 0.204618086747338 0.138267494661059 0.194888311205985
0.0812424278035173 0.128667522301698 0.246911120080861 0.181109219525709 0.220137447962805 0.141932262325409
0.105669428482826 0.259136883185293 0.186382094246188 0.0304781609595189 0.369205934636527 0.049127498489647
0.248259972354063 0.0970165870353926 0.0247187488569011 0.187513228824917 0.125198375258794 0.317293087669933
0.154102779858598 0.0801280650292487 0.181476501068328 0.0590023851358661 0.166033984910785 0.359256283997174
0.27412799504605 0.097628744483658 0.22585582734486 0.0845041887749242 0.229882426759304 0.0880008175912037
0.0912596240714309 0.285568917228932 0.0498155368755394 0.14241596964653 0.110784830145014 0.320155122032554
0.125136317425603 0.080168918166119 0.202241665468511 0.149180351220299 0.290283690779291 0.152989056940177
0.00820519033075157 0.398266886748892 0.134964139442534 0.0330598204811931 0.304594536571718 0.120909426424911
0.0140685513976963 0.192269527848327 0.249514416340012 0.246526104724827 0.0662033859873141 0.231418013701823
0.185205787912706 0.0941475097385664 0.0761869576242379 0.144431286345136 0.278867618616563 0.221160839762792
0.0500744046954671 0.00203887243278469 0.196802471516528 0.0923993105949254 0.306586297963667 0.352098642796628
0.237033995431431 0.245255314850234 0.245939782629084 0.0546702827318802 0.00332986752343501 0.213770756833936
0.183470096140173 0.280001983778169 0.136610794162655 0.0157543306125522 0.299078671674776 0.0850841236316743
0.131662628689942 0.131196444603645 0.198101668366445 0.104259841127372 0.23372250049288 0.201056916719716
0.0383410194093996 0.0514941774173259 0.245035141708293 0.126578209216865 0.270338027880622 0.268213424367495
0.194682143876374 0.0600764189774908 0.0905831595107552 0.131765858292545 0.386624726439716 0.136267692903118
0.179025892095225 0.0110648816837109 0.0424177303996074 0.139349971500805 0.375751072947611 0.252390451373041
0.0147180487705203 0.373658681401146 0.270860627477419 0.296470187262883 0.0199953887790333 0.0242970663089978
0.178569454565412 0.077429883815686 0.204203363556432 0.208196654278951 0.082428355085887 0.249172288697632
0.20090068996866 0.145711690578244 0.187110814960737 0.216882212938059 0.230318787705173 0.0190758038491286
0.33188055708087 0.0980243218280783 0.175082963501237 0.0903740326867693 0.146409686198592 0.158228438704452
0.211545293590254 0.327988217146311 0.0469327640888316 0.220498780528617 0.0290851804338164 0.16394976421217
0.17824007238333 0.233864068478209 0.270832395761277 0.0262053509468116 0.0545052500369256 0.236352862393446
0.175265049288657 0.173948390290259 0.0523397470895911 0.204416178278316 0.221358679099366 0.172671955953811
0.300687311963804 0.123564102678446 0.105413661794673 0.0368114206056066 0.343365318661226 0.0901581842962445
0.217489055637899 0.121148627683597 0.035117996447785 0.309771678649638 0.118715192056146 0.197757449524935
0.327495395090498 0.0645688251356508 0.17238975929568 0.126445704579402 0.00685726253978811 0.30224305335898
0.075034564956605 0.0828271649540997 0.164718344130712 0.314362431968403 0.0513871521052411 0.31167034188494
0.140860211563894 0.150881585184088 0.210698513256286 0.101154447689624 0.110776751350537 0.28562849095557
0.144027825335622 0.104093615505185 0.0927496188628167 0.130011203835715 0.214029344727494 0.315088391733167
0.0962571130873367 0.0685690427441714 0.175994531699043 0.249961826951441 0.139590517320942 0.269626968197066
0.161829045023761 0.240617143271866 0.240556444061461 0.0111736924436829 0.261658464078156 0.0841652111210728
0.121706606529972 0.268015760225173 0.00229449746149701 0.269306166849751 0.240511099563907 0.0981658693697007
0.216356819463283 0.179166069360738 0.366252105616369 0.0180250625944076 0.0051002966005884 0.215099646364614
0.119978977896737 0.0529702067946636 0.274994361139946 0.272543274503147 0.0119746137865885 0.267538565878919
0.0515058956760348 0.22459358120489 0.133348885715415 0.209580824723595 0.191022633913666 0.1899481787664
0.243566117183409 0.362942179816505 0.0709206947074339 0.144200101205763 0.158198462770464 0.0201724443164254
0.00720192670778887 0.103522432332166 0.291291161316573 0.0387426604166851 0.345201267058625 0.214040552168162
0.278859146485487 0.285047193967445 0.0200882777653059 0.101126269811045 0.093341067786771 0.221538044183946
0.220150077513795 0.0929013285900891 0.308815314952707 0.150839427390339 0.0925573654710906 0.13473648608198
0.0870011952881501 0.302683510386203 0.188236928364436 0.215780036988094 0.156792925954184 0.0495054030189335
0.186470113888974 0.080492169349203 0.233771726985654 0.239430189253142 0.209883991101487 0.0499518094215399
0.0357370090231001 0.201266925342752 0.27169936890579 0.0138141264661449 0.2221258707035 0.255356699558713
0.197938425637071 0.161254946144533 0.106505743978521 0.143759060488989 0.27921721300824 0.111324610742647
0.146194399161718 0.133083813032058 0.214184677537248 0.199626010773325 0.257150042421478 0.0497610570741724
0.0111361268028288 0.242597938385869 0.290411915182831 0.112240726963407 0.092038416358758 0.251574876306306
0.0526015547618079 0.0922221810338522 0.122869060948793 0.349917389092609 0.323454436858337 0.0589353773046004
0.36074663747083 0.23022056821981 0.058887961423953 0.289925622238844 0.0503880510511524 0.00983115959541149
0.299464362304899 0.0784115742851911 0.185406391323328 0.0387453406601643 0.0951810777715317 0.302791253654885
0.304092291232662 0.286657414070382 0.0396613701874725 0.0402271409071489 0.0136637626504882 0.315698020951847
0.100388634561874 0.259021388570888 0.229978381293863 0.108238355422101 0.254522143205407 0.0478510969458666
0.0301031249287061 0.157660534200951 0.43827814919911 0.049570665136382 0.205760150026995 0.118627376507856
0.0379113026681902 0.287338542470979 0.109567014992126 0.290405651691094 0.0121528716661909 0.262624616511419
0.26166656620996 0.00687083000601389 0.374227260240366 0.0136268074299998 0.255853880417324 0.0877546556963369
0.150294679328735 0.29493594763536 0.184716266918689 0.153997727628491 0.116179133499845 0.0998762449888813
0.125681007247568 0.339145922746186 0.163936406551832 0.176471130272073 0.141552415318705 0.0532131178636367
0.103917921868928 0.15074194479613 0.160790918470133 0.231956301429653 0.130153586126071 0.222439327309086
0.197640187734096 0.124825778932345 0.205579912536278 0.193146327941863 0.201277300573713 0.0775304922817049
0.150358210350275 0.153921162607618 0.213350889474236 0.237123842247107 0.202529307181218 0.0427165881395441
0.238327142998417 0.169311441760868 0.172302816287082 0.211661154589234 0.180496988104922 0.0279004562594775
0.210591832110259 0.218559861385212 0.124618087456407 0.259876428506338 0.0642267145680552 0.122127075973729
0.202522423805397 0.132298935175825 0.366982449473627 0.055243855555722 0.0265233249120172 0.216429011077411
0.200514463087555 0.15612108583916 0.118458871573831 0.180088910443766 0.0578849499917082 0.286931719063981
0.0494451201319818 0.131565781933582 0.0191484435032638 0.0401913316108755 0.523840958220826 0.235808364599471
0.195431222127524 0.0158877011215138 0.238487205461198 0.210393268179434 0.190288812936708 0.149511790173623
0.125065051069941 0.0616573617684087 0.144057727420695 0.164617768031182 0.287974819185952 0.216627272523822
0.320292543157674 0.0578941813165596 0.0637308351105892 0.230915047281605 0.105316516588952 0.221850876544621
0.0224331318958669 0.213329660273095 0.404261919695676 0.149580202518217 0.000289149857122195 0.210105935760023
0.0785271234591879 0.104151403271117 0.279099136539152 0.272851446710232 0.101704838119585 0.163666051900725
0.176584976100997 0.107547692239823 0.173240954028941 0.398356875273391 0.0945054771086458 0.0497640252482012
0.23599037682244 0.201146585902029 0.244464990169512 0.0916636385756919 0.0919304139880118 0.134803994542315
0.225875136174187 0.321739342453067 0.00878535358101769 0.140575608631171 0.299031038763452 0.00399352039710612
0.17651773037772 0.185856341018871 0.159274267794736 0.132029314088983 0.17412069486841 0.17220165185128
0.131932945083972 0.195450531529637 0.225049350540802 0.158185435932331 0.223355407210377 0.0660263297028812
0.126523131253762 0.184998295023715 0.0481235574759663 0.261180028010528 0.184688874385783 0.194486113850245
0.285499843183144 0.155226265719637 0.205257238577024 0.101794241478343 0.240672980244547 0.0115494307973061
0.208176228999989 0.234672947562244 0.145264127767295 0.105970523839345 0.246318218681729 0.0595979531493981
0.129428305759515 0.0995892245753343 0.00168585892300835 0.174101316985184 0.390845403549349 0.204349890207609
0.280031481723259 0.0972005867728031 0.0374117192966705 0.20637583559162 0.212529042570586 0.166451334045062
0.0110677076785205 0.279439321014496 0.186629405515962 0.0932991284233423 0.240223110887353 0.189341326480326
0.281095902450236 0.280061045849457 0.0609186835740512 0.0690194216896891 0.096211741312558 0.212693205124009
0.203918825552015 0.0160913936750728 0.237505486207853 0.00756118222494037 0.137644288241233 0.397278824098886
0.0739167776578184 0.191193609231693 0.574585448339645 0.0502280095350486 0.0932842336837312 0.016791921552064
0.183457384796352 0.209426818256908 0.251462616004205 0.231118106749797 0.0141460713877387 0.110389002804999
0.361098408381965 0.270450482575852 0.0912522483419205 0.0950649055122646 0.0511263624131582 0.13100759277484
0.0579352243471823 0.141041122334153 0.0874153609634838 0.213005125611319 0.221044798875576 0.279558367868286
0.150257175164084 0.456733300663107 0.0143261675813628 0.189100874320464 0.119561822752163 0.0700206595188187
0.257513569215763 0.0039268094804731 0.242303499636962 0.0450174229005069 0.219359340712752 0.231879358053543
0.0940562948929735 0.108413678626373 0.183781412603996 0.0254593280179451 0.189867628992625 0.398421656866087
0.304982309097999 0.199432528281172 0.0539939115421028 0.209672791990885 0.0798210223460787 0.152097436741763
0.0963919678457278 0.111313564996454 0.00203936241755187 0.435255288864651 0.222539406919613 0.132460408956003
0.069222159857871 0.418788406071342 0.106945213487555 0.0962154255186947 0.174732475890669 0.134096319173867
0.0723446991256913 0.184671207346542 0.173159111695699 0.259921090356201 0.26491424059282 0.0449896508830468
0.140027206295721 0.252984026838937 0.0276791475752716 0.14859826982464 0.268050537107208 0.162660812358223
0.2379605298555 0.100639507704101 0.272160926511109 0.210957349355189 0.127398491508577 0.0508831950655237
0.218944158831337 0.151954194109065 0.084722707561326 0.223193436574503 0.226750709385798 0.0944347935379714
0.343761045160218 0.124878336077843 0.129174475346741 0.257480077745439 0.133168896721674 0.0115371689480849
0.0811705884041066 0.232471313150154 0.25872540830821 0.017537581886685 0.250064792793942 0.160030315456903
0.30331568346548 0.0237218037268911 0.256901930743773 0.210732102722627 0.0852412116918121 0.120087267649416
0.232357755282411 0.268989397768171 0.279449380774254 0.0919583816485534 0.00397369567140896 0.123271388855201
0.432887677297632 0.0142262344513398 0.324438867831613 0.0837805733722958 0.0592060116974207 0.0854606353496987
0.114483275518894 0.245907277734364 0.14159546497915 0.0172160405253131 0.292598795889352 0.188199145352927
0.248028684036962 0.266273333317757 0.0815355391701513 0.11065484861248 0.0903363530594091 0.20317124180324
0.236184358033468 0.127252102871262 0.0964112089803397 0.241768182363122 0.153495356943031 0.144888790808778
0.110652459556824 0.277988121708275 0.157556044924135 0.0692823493091735 0.231898478704672 0.15262254579692
0.00562496224436584 0.27837012647405 0.138605451301471 0.266161042218032 0.169028373616878 0.142210044145204
0.0632668156287584 0.285430070806915 0.27618007800397 0.00315685540527774 0.1211339752631 0.25083220489198
0.262465697725133 0.243549857011993 0.0660916622561777 0.0619693776631689 0.253154858559047 0.11276854678448
0.229222830444954 0.211245822359587 0.153549850953832 0.0108059111323157 0.178802116279444 0.216373468829867
0.128599885612435 0.314526527603008 0.116073596420395 0.0936083751903867 0.0759854891666523 0.271206126007123
0.0457558800167478 0.395261295021823 0.0386336897611142 0.0795261215071477 0.296027980773745 0.144795032919422
0.320677088654474 0.173520102721183 0.00289069606974707 0.214302928489769 0.144594525815392 0.144014658249434
0.0441598641321817 0.0478092413704285 0.195962019352797 0.190219489107712 0.256618942060518 0.265230443976364
0.144116129844135 0.0754148783261245 0.194178471825156 0.334836048792667 0.231296084483542 0.0201583867283758
0.178871414258937 0.147325176511601 0.244470726737143 0.154145366520974 0.0288756446134445 0.246311671357901
0.144939894451087 0.194264090782816 0.147062502347124 0.142046701284909 0.180632487990133 0.19105432314393
0.280780434741105 0.289064526975428 0.091259039817324 0.196637266079634 0.0819038649407716 0.0603548674457371
0.194587723870711 0.16560477556351 0.0890844158516539 0.166894241347352 0.207819086201705 0.176009757165068
0.168171564721451 0.236189708469684 0.104054704559679 0.28062510960813 0.0117314258606974 0.199227486780358
0.244744431379183 0.17321600574169 0.0875799201711655 0.25478333140857 0.00170372002708386 0.237972591272308
0.0539398806746848 0.131580634057825 0.0568248678870799 0.358983449230488 0.388913553021124 0.00975761512879791
0.0690798127950121 0.109103815963321 0.0935555674765994 0.353014575141183 0.120290042477269 0.254956186146616
0.147568957700549 0.254245687651308 0.127659267443917 0.190104754777897 0.153702144817115 0.126719187609215
0.074176060374858 0.0763977182734976 0.255777581760804 0.266403584746634 0.244011052404536 0.0832340024396704
