0.195297037953458 0.0225390606194788 0.0836064086470418 0.163330917711493 0.119314098008278 0.122525658356288 0.156171782219757 0.126179929224114 0.0110351072600921
0.131104773385416 0.0482578246265893 0.135925134406236 0.175065650403352 0.207662400293754 0.0809842581236877 0.0568195443073727 0.124691435013894 0.0394889794396985
0.0622811004745408 0.123410914864024 0.128245581632612 0.106306425460624 0.0850909960081105 0.144524453911226 0.0735827288324507 0.145199984964829 0.131357813851582
0.402796215325453 0.144121228956958 0.0440598020890054 0.00082822031949226 0.0111544344193477 0.0420166015254564 0.153160973044951 0.180405355103922 0.021457169215414
0.129851234041526 0.0984003418426978 0.175218842563777 0.197275264234687 0.190678895899112 0.00669879034532775 0.00506481398663788 0.125833002387196 0.0709788146990395
0.0815897616316393 0.113837551140118 0.117481580714768 0.125792815939002 0.00361768843602569 0.106597817581813 0.149865326118954 0.161665254159289 0.139552204278391
0.141073767249318 0.131759171661217 0.124615774507586 0.19324548463201 0.0137782819820453 0.00851808596157976 0.186252200624692 0.186356198829773 0.0144010345517779
0.0862028831467883 0.143765453312706 0.14537470026166 0.114541275131101 0.100225778081972 0.1330867579397 0.0561140630003728 0.0924123146490792 0.128276774476621
0.0107147758760026 0.234209270860277 0.0771305579644462 0.115890168273111 0.0327254157278229 0.139945497849577 0.208543796776097 0.0659119239337523 0.114928592738913
0.104825828207552 0.0229218688433908 0.214067414921529 0.0244663813266616 0.00947732607167135 0.116606434990021 0.0209880397175887 0.260632825909985 0.226013880011601
0.0658294841712036 0.010636430150971 0.212989589298519 0.263462807264583 0.00720974368623989 0.0596319478787349 0.215431539623169 0.104354403945715 0.0604540539808643
0.0202010263879148 0.107347248348007 0.175467051846311 0.16397224865396 0.0976512254316448 0.104169104065507 0.145647484886861 0.0831673953657645 0.102377215014031
0.134615035318829 0.240152667684746 0.082282031362205 0.0799208463696775 0.127326251243615 0.00181664783994258 0.117199362640036 0.0608297836370465 0.155857373903903
0.150317960779198 0.09515873002607 0.0447412125311005 0.179392445384425 0.0387907746319506 0.087120570605076 0.251365451579071 0.0316479665197099 0.121464887943399
0.162054690499647 0.0352365875664937 0.0133992188870923 0.0672939675754858 0.0668050776371192 0.184518688812093 0.111071740782768 0.169870376669863 0.189749651569439
0.189374280747645 0.079583984494272 0.0260234601620099 0.122487118519078 0.0445668903633459 0.199131705833544 0.104208267315315 0.0897641108704577 0.144860181694332
0.0147677875491271 0.119527239175325 0.0798832187256527 0.116145527686637 0.154000733612489 0.101821977489036 0.0455058823957992 0.165814392028694 0.202533241337241
0.15462389693836 0.0906589795381564 0.137735340465375 0.128767489870314 0.149335559724477 0.14296254913897 0.0986058082983391 0.0457473247629342 0.051563051263074
0.208549734954815 0.17817075095966 0.0719868691734931 0.0211944726019158 0.118619639128733 0.122618916962024 0.0728038102683882 0.0822657940455412 0.12379001190543
0.0215497369284434 0.0702486770270177 0.141930727147338 0.217196366144068 0.166784848226154 0.0877763818849542 0.0541143054738789 0.0966342057849481 0.143764751383198
0.15826639994551 0.14255367471252 0.191796247513617 0.0558308907068118 0.0523359213982896 0.00272072127218133 0.181295633698161 0.0580861375345311 0.157114373218377
0.108984056653555 0.096109461057773 0.110659094960979 0.0960387711603091 0.14757645788018 0.162910299939024 0.0955206119440529 0.0630820786861413 0.119119167717986
0.16800977247236 0.129323386147677 0.11269711237676 0.218882484784688 0.0433880848377037 0.114519064807554 0.0284487746178799 0.0504499648578398 0.134281355097538
0.0661475777309857 0.137190001450698 0.106758218115088 0.151233366045986 0.128216449329796 0.129938272673953 0.00764556403071988 0.0520717642638143 0.22079878635896
0.133620071474947 0.108584470839496 0.124969721310006 0.110730910698994 0.101770229857068 0.130729482829416 0.133111221740871 0.103898407565533 0.0525854836836699
0.127729677489862 0.138806452612845 0.10448090461198 0.0951791755565935 0.0916841763835289 0.111643504505291 0.166674110838733 0.0803289659692463 0.0834730320319209
0.0833910103733939 0.115261869933308 0.127558768478036 0.14489675155993 0.18206251255513 0.132979151226358 0.0247593113772331 0.017969332960627 0.171121291535985
0.00219059199632193 0.167137680867783 0.0951568320549052 0.0430956588560619 0.114081927342872 0.187161338519413 0.16240869787425 0.0945059706759915 0.134261301812402
0.143558745257912 0.135736807220084 0.061670984628202 0.0758538756226478 0.191249582697514 0.0325481868326211 0.17513548469817 0.11662194056199 0.0676243924808584
0.220849050924188 0.148836860059565 0.177088265625325 0.2132425504818 0.0929617827239874 0.0133569713292516 0.0215431526991969 0.0841261347055776 0.0279952314511094
0.048754540517634 0.117303741613684 0.209974929824535 0.164702174297221 0.139647929212003 0.0386004613974004 0.124106606882942 0.0714734691674948 0.0854361470870854
0.0908736093406763 0.11705111219322 0.000291421121777397 0.181965474878532 0.0933486048945706 0.0338203034654681 0.172093724545574 0.124473134167449 0.186082615392732
0.0252815855425793 0.031302451562624 0.0496545476914489 0.146433096461325 0.148812317835427 0.241489627712289 0.0119864715008883 0.245933020810756 0.0991068808826624
0.16067271120185 0.105836254179292 0.0385627558960431 0.0588150055074133 0.0864013865389709 0.112920784985889 0.0823347943279796 0.1765400874571 0.177916219905462
0.157589538580023 0.164878342490357 0.0756698189339481 0.0692640962691172 0.107987608446734 0.137109350341498 0.0925803501936173 0.165590581774545 0.0293303129701603
0.208315198374659 0.013903335816869 0.104273084290008 0.0105970767556628 0.0473840985278584 0.011352429147333 0.208436172218294 0.203102892414074 0.192635712455241
0.125653408444755 0.0505451654045297 0.086762669803856 0.117407383809518 0.115964613896007 0.0178697503182556 0.120403110764927 0.187227314413036 0.178166583145117
0.0420331209506898 0.186308467380622 0.0524703726219879 0.16194414992115 0.0676987832382287 0.16037194032577 0.113515873551873 0.0348705736959702 0.180786718313707
0.0464971848596807 0.166083656384854 0.193569851595138 0.0491241602075327 0.211355777561152 0.00587216997654665 0.0273554789755656 0.163838571474057 0.136303148965473
0.113180178552066 0.0881351712309362 0.106562066446996 0.115318341306665 0.0244964410279191 0.118952068585865 0.146674842180037 0.144501833920804 0.142179056748713
0.191479824174546 0.189873794988957 0.116771019905556 0.13709382462388 0.0492023497208475 0.00898966819453678 0.107806707725663 0.185869693841724 0.0129131168242899
0.178591206118635 0.0345889002696273 0.221433681601943 0.0251017540906276 0.113739656844243 0.12669424069307 0.0118462359457914 0.176808774373189 0.111195550062873
0.169917147058948 0.00464953084943415 0.0838981336496893 0.200014988545811 0.123551902217265 0.0708783435160699 0.178642031065892 0.0848195984848562 0.0836283246120351
0.110749537542045 0.148590588894115 0.0882451711643099 0.0893723681414388 0.0717887505068916 0.153501023730403 0.0841732716305172 0.0982480834958883 0.155331204894391
0.144240591624899 0.0960812197576923 0.119003168865232 0.140284205520693 0.0478717610186558 0.0517739637307427 0.179169512357419 0.175206190855477 0.0463693862691889
0.197958585262304 0.0693113706001761 0.0526841068988685 0.110967812597592 0.063920508157263 0.0475734292545566 0.179092910469622 0.0853519017962372 0.19313937496338
0.0558366184245749 0.117594981504964 0.148278534201848 0.119579423570191 0.161997983911533 0.082730990750394 0.129737384908522 0.139668144740003 0.0445759379879712
0.0100581243552201 0.167574549046083 0.0646651114829488 0.0982578498188767 0.118382854188819 0.161590761897083 0.219802710186327 0.0203746542814055 0.139293384743237
0.0623795219656689 0.159930952809969 0.204783757665614 0.0232133160623653 0.0799273727021703 0.0846030666731728 0.215711227627752 0.0806056984862818 0.0888450860070055
0.219045403261181 0.0434091359256837 0.0619510822443004 0.122593403683747 0.10856429386305 0.0139819021974253 0.22012033170086 0.145985070788643 0.064349376335111
0.0346574973808558 0.0971836176418819 0.17069295313832 0.232122577977986 0.0411082530400805 0.151431180316578 0.209991227018054 0.0172830471161493 0.0455296463700943
0.142798025784752 0.134065138438924 0.141860016540831 0.0981139806501662 0.104744996835545 0.0783829236148129 0.14232493286757 0.0248739315032082 0.132836053764191
0.0627397100096574 0.164998311271053 0.0815780341332926 0.184837196357051 0.195093762856789 0.0660983642307516 0.0805216968095871 0.00460697851563919 0.15952594581618
0.173912732987144 0.124588652557229 0.0211456147374029 0.149505156581838 0.200014127420967 0.0238158752586368 0.122158429228898 0.0836627454168557 0.101196665811029
0.0588759619714393 0.064206966803281 0.114931580825675 0.118486923339123 0.187815093880315 0.0599101153916099 0.16074470231595 0.134536096325362 0.100492559147244
0.254582915176067 0.122849418661871 0.00949713113968736 0.00916010286049049 0.0785921680071352 0.0133063518847254 0.0864070763468469 0.218113966274935 0.207490869648241
0.0146514684453117 0.323153972457281 0.0751523610169301 0.205080547052129 0.0148660620546367 0.181262804299554 0.0362038717818706 0.00286053543639033 0.146768377455897
0.185013104968487 0.190702567470461 0.0438694363933691 0.149310494382725 0.0607496948770995 0.0375855566068179 0.136258451533616 0.0818625449554467 0.114648148811979
0.145578402575279 0.0683041835625303 0.00326580099541128 0.0724379888940781 0.123028587121631 0.0767714371942274 0.171758380863507 0.210022409414234 0.128832809379102
0.173191317070176 0.195116426224216 0.111797936668608 0.0645899994484785 0.0748814890595486 0.0355448636714653 0.0997169143037002 0.0175118437451504 0.227649209808657
0.166748009037279 0.13828919153371 0.114117644640482 0.189375385960902 0.154211702149495 0.00562667470897013 0.00674508752291606 0.15527340415895 0.0696129002872952
0.0414116195285857 0.0580118162685571 0.163526067179695 0.113676334893364 0.070132820827104 0.0433896393020329 0.207450306889525 0.116795848126704 0.185605546984432
0.0941087595175005 0.233546277904402 0.0733750855741263 0.161524520573721 0.0248630323737179 0.0240219713874645 0.118177323060174 0.173513036599527 0.0968699930093659
0.129931238931181 0.0758787930304969 0.0664712480999559 0.0927033222607335 0.162300497911636 0.044810473598665 0.131142976178167 0.284099216106211 0.0126622338829533
0.0979485487004384 0.0364094805173813 0.104680370759899 0.00237556294422498 0.108443364728497 0.133449591452023 0.195374080002199 0.126860769362613 0.194458231532725
0.146849239794967 0.0856884861921093 0.0491375821655989 0.134772686486559 0.143789544666867 0.124319441513795 0.148746666998526 0.0968737331365953 0.0698226190449827
0.0695815715035007 0.144808075399619 0.0677491431921089 0.132332615947883 0.0467748711867795 0.133932764659805 0.131130818692677 0.141407679598345 0.132282459819282
0.0127919202576415 0.135988478311635 0.215604277232708 0.00344319642430863 0.233090843746923 0.0778600488961602 0.059159753995389 0.0828971279127583 0.179164353222477
0.0106014722590195 0.13258907650574 0.0136314193007647 0.0438977039080613 0.207685629885964 0.072916466241527 0.0637446439634688 0.0877418804990566 0.367191707436398
0.130797069652194 0.0909463404828893 0.109181241307106 0.0878514077432896 0.074550578460963 0.142856838899319 0.0713776408817252 0.151843466091402 0.140595416481112
0.0368671324514811 0.150359128306781 0.188887417650911 0.0876287205069708 0.130263407824182 0.000472965541869891 0.191651797167854 0.118190909364139 0.095678521185811
0.0311601032145781 0.185262215339508 0.0284910963681126 0.166274095360333 0.0136798563585645 0.0462326971202906 0.216863017559148 0.244422625681619 0.0676142929978462
0.0453109581859497 0.0760324289217067 0.110894127906793 0.127838887837238 0.178044277729163 0.0205930168752991 0.00855757161757505 0.266852086837432 0.165876644088844
0.159846675772328 0.122044653537168 0.129263569482004 0.193551549024202 0.0132946674397737 0.165983982811719 0.0408349652604121 0.162374516178189 0.0128054204942042
0.173636527678065 0.153145030799614 0.0511499723485319 0.0143596575583615 0.176695873646661 0.138204266122307 0.117008355889818 0.169667318935199 0.00613299702144289
0.194774109779442 0.108911183609591 0.113822629570115 0.221595554475371 0.0475421288366416 0.056603561138976 0.194076805412777 0.00420962066786306 0.0584644065092232
0.0801903742734284 0.0995371111342294 0.138936212413671 0.145804895010248 0.136247292133747 0.102090267129894 0.198600710586278 0.0260926785062453 0.0725004588122589
0.166660222265854 0.0158833072550585 0.0747506056326059 0.178141767135177 0.171423396534198 0.078722235152937 0.134446479116317 0.0157596204545589 0.164212366453294
0.125654164955515 0.0540855460712199 0.131532336686328 0.160663550915082 0.179312371553032 0.127338328342123 0.0346484523090436 0.134486447440939 0.0522788017267188
0.142661219622603 0.066632869950365 0.0743980198409213 0.0925216450144012 0.114053289365468 0.0953147187494715 0.120162771318063 0.136165190005219 0.158090276133488
0.195219276830442 0.136310375841458 0.095752224677614 0.17087578139191 0.105341392944431 0.0740678912205637 0.0819310678337373 0.0479672417927151 0.0925347474671274
0.0753709574824468 0.164771021657976 0.0935523689165524 0.186093800325659 0.0638630919167349 0.0282197391337595 0.181194357884671 0.17056287314121 0.0363717895409915
0.00127817257849834 0.241825505163866 0.0122633500681155 0.11371464133058 0.059081276098719 0.267141900658762 0.0186520728225005 0.0355499551042742 0.250493126174684
0.192170718320559 0.133954743713611 0.22561731426362 0.0872383238201774 0.0736229202452287 0.117351660513374 0.0191178908992218 0.0590730418577668 0.0918533863664417
0.206154341011037 0.0779232326223007 0.0813120669964628 0.0390090653787266 0.0708419579604743 0.144615261766428 0.178560903654218 0.158785876932684 0.0427972936776679
0.109398113357498 0.074331823718728 0.112598094547179 0.189565900207146 0.0163342724316077 0.0633420265737591 0.208274399046005 0.214038714033925 0.0121166560841532
0.0211625959352829 0.183925501778973 0.065335360814618 0.0747880557205996 0.108612770539483 0.209717805541334 0.185235099971847 0.129720378799297 0.0215024308985638
0.101676464112919 0.0256077477876073 0.108409842406944 0.164863939343348 0.133449909341307 0.10438507462703 0.0870534264580423 0.109356661923961 0.16519693399884
0.0153409221602994 0.0394276718755127 0.19844233495016 0.218347300781068 0.189373872877304 0.240174084499558 0.0213225304111422 0.0336276269770421 0.0439436554679139
0.0761489651268979 0.00605077018602058 0.0359281099001077 0.228859296282474 0.0901913009952999 0.187623420082063 0.122668771986914 0.0158219584866542 0.236707406953569
0.0581529106552482 0.0405957979875209 0.127686347583919 0.0636266641213193 0.0404707446267477 0.0212681758151958 0.182925392542903 0.239195588631041 0.226078378036104
0.0461370618082829 0.157893844016348 0.204019934849475 0.0595179579980381 0.144970819140876 0.171834305450538 0.0389672475550009 0.0665692938608915 0.110089535320548
0.000878083940017061 0.255168478028118 0.190325604681706 0.0132926820269302 0.105876136611956 0.147670671538523 0.032763162269342 0.109739456797267 0.144285724106141
0.0459049514353066 0.0543843191979963 0.210948961844116 0.143798415303548 0.191299023158833 0.126115555703898 0.0856613519325921 0.0370900111309051 0.104797410292804
0.00346896020232683 0.158309956434199 0.138804552220036 0.080222462825579 0.103911078298822 0.159009639997254 0.148406599125693 0.16433287551473 0.0435338753813603
0.15532107385934 0.0984892431797687 0.130749439147867 0.101789595207178 0.265404310423738 0.0346608826957247 0.157144498421037 0.0306408524707087 0.0258001045946377
0.151178894251793 0.013016030245234 0.159777268935522 0.072069488039015 0.171392921671791 0.0962976831908351 0.204538255385784 0.0125756264240719 0.119153831855954
0.258867379277841 0.00579064558249266 0.359103217395472 0.0522767411444736 0.0269605978227041 0.0582989029483447 0.0739783562839075 0.0621131108168769 0.102611048727888
0.0819229715432611 0.136920996158196 0.00444451630567748 0.147112478507308 0.149354232159003 0.0718538493345294 0.133314370888887 0.125235765084576 0.149840820018562
0.0432370789589603 0.141503966642756 0.00710512502111281 0.236558516718745 0.0875974986606224 0.0455524893973479 0.222319402389076 0.14485869525285 0.0712672269585286
0.0788441709129002 0.283542020901875 0.107788432803401 0.0113639640765705 0.114486946901538 0.0315401470929596 0.204363974709813 0.0489106130957821 0.119159729505161
0.183078781581399 0.0184718110948372 0.230946010694069 0.0518830277032252 0.0145120045438502 0.0267497124330871 0.0244866863047243 0.15841317534811 0.291458790296698
0.0361632838768885 0.036340848130585 0.137189426465872 0.054792987617566 0.122155860457856 0.163485432645751 0.11879766933649 0.153142858447723 0.177931633021268
0.110830580264872 0.165363667187142 0.0222657117300278 0.0022518846909763 0.191668245779006 0.182487099754317 0.23558315192844 0.0162307049108815 0.0733189537543361
0.12160398486977 0.0264598811444302 0.0668973377460067 0.172437682990508 0.147751689703722 0.0824223377746408 0.108696276236267 0.0409253362896658 0.23280547324499
0.0295834412217052 0.219919548308668 0.220838123193287 0.124808515427683 0.0490189753132631 0.122192081631584 0.184705015438635 0.0279731710868772 0.0209611283782982
0.121496540547358 0.0960582019848616 0.135519655030371 0.0224453368965267 0.230408319856813 0.185881530494499 0.0627375958656035 0.0127067986524986 0.132746020671469
0.145553760886437 0.0515684558375789 0.146194076940665 0.00780462722248433 0.107930496558905 0.136047058955792 0.106891192100717 0.168823630593193 0.129186700904228
0.0479412100783808 0.0737969809829128 0.193581040996823 0.147159306772279 0.111304399034556 0.192219107877539 0.0559006022270399 0.00787313821006227 0.170224213820408
0.235927489437765 0.149290580892635 0.0477385441436219 0.0372330297565164 0.0801043942675118 0.0576997600012941 0.138963907015054 0.137389445577394 0.115652848908208
0.160095371391017 0.0614068780670863 0.12231174720285 0.00122178216081526 0.184503743251518 0.119808655106231 0.0614071816043623 0.120226160913015 0.169018480303105
0.0224183914812089 0.129248650951344 0.176109505491726 0.100927319841767 0.0180680988277387 0.17523752863447 0.0825172506685571 0.173885007099336 0.121588247003853
0.126377017783961 0.0481532984040806 0.130090287625716 0.0755240535663122 0.165988360722342 0.210349405648737 0.0424289198153253 0.168969244973411 0.032119411460115
0.0324906757809884 0.00654524359538614 0.233032656055285 0.230772912200064 0.0212325516652342 0.0264219050193119 0.125567915074925 0.139234740165801 0.184701400443004
0.103993286718863 0.00692053890518593 0.100001612138128 0.0551320369159484 0.189477791549633 0.183761060765364 0.149063849212808 0.0387073713370593 0.17294245245701
0.135526799726162 0.0610039025302211 0.0412100081895501 0.0524672404355993 0.21456787798373 0.193427329984231 0.172974024964272 0.0298358203379609 0.0989869958482746
0.13982503605795 0.145631169599133 0.0893810348115828 0.0912547351621385 0.127681648419935 0.0966484848566817 0.153034885312002 0.0236063993561888 0.132936606424388
0.17625462120616 0.164971394393417 0.0670298513629457 0.0633607048979435 0.157023425465616 0.101341216193853 0.0375870504975401 0.0252853820852658 0.20714635389726
0.0321697111823338 0.0525233808550719 0.0834340280330205 0.108493832257437 0.199497000493612 0.206032797380819 0.221512289396432 0.0917748584648792 0.00456210193639449
0.0604215968746568 0.0549383771565029 0.00419306024105105 0.0809323723734558 0.056608002363739 0.206162548256003 0.183283027107737 0.188383967036837 0.165077048590018
0.149699840193512 0.00409973588622768 0.123775965946511 0.104976808196698 0.122737347546879 0.22344224155097 0.112564329927562 0.0559817748668508 0.102721955884789
0.0593336933990325 0.151707680396648 0.0343429590564397 0.110465259787624 0.103510526806861 0.148031229337452 0.0452453023057838 0.174888562746125 0.172474786164034
0.0166708757474643 0.352384120899003 0.153684608224035 0.23582304528453 0.0311424609324874 0.0159517331023084 0.164379248569224 0.0104356722662394 0.0195282349747089
0.0915257709714302 0.0626331301081833 0.0155761524088014 0.195268094273203 0.25498665379243 0.0413730450632374 0.217445730596176 0.0730319359587672 0.0481594868277717
0.094228441684838 0.0765097744575744 0.191208528110549 0.0173016331079591 0.121284796608886 0.199898188501631 0.15263288068371 0.0895908132655986 0.057344943579254
0.184011445690592 0.0814339628069939 0.171371526857115 0.0526458695399805 0.096186186356292 0.12490655527434 0.0310170474778269 0.194597084126096 0.0638303218707633
0.0609797294620776 0.0221056675693441 0.0291399538875125 0.195016035485949 0.037113718080031 0.276677861406288 0.131295827038262 0.113344665043694 0.134326542026842
0.164047857627528 0.105250804657892 0.0845876807983409 0.174832146365958 0.17108059881761 0.0430923352870974 0.0211965028857649 0.147120426908968 0.0887916466508411
0.144327292101381 0.0376851376073261 0.0820864077299395 0.181317271007917 0.105487062319658 0.0638306147989992 0.119211725051969 0.122273866672524 0.143780622710287
0.0122482229371366 0.0523929353027252 0.0091159986288236 0.185634851449298 0.226044100379133 0.152794383010441 0.141727696239579 0.0952187483731595 0.124823063679704
0.058539598883295 0.0348156441146253 0.179421233810536 0.0789363326024151 0.116292970650108 0.0164855447954416 0.125331144031773 0.221774735209855 0.168402795901951
0.169923884821989 0.0570565793377837 0.0657304773109032 0.183914530752331 0.131365384820985 0.124096443842303 0.082296665160525 0.0296769571263243 0.155939076826855
0.107505589922912 0.0645393184481942 0.142847409950211 0.0854043307001331 0.157923710670286 0.0581709743791451 0.0456192026919796 0.194877418722748 0.143112044514392
0.0839831900296289 0.204046464925985 0.197501676410112 0.0974876217555394 0.0591851315262276 0.154972588507867 0.0976748053797921 0.0750032318439757 0.0301452896208724
0.159805608374655 0.174293258271277 0.135202903127945 0.13879375946309 0.0293457373504204 0.0531449800109282 0.135197916126553 0.0252370578135958 0.148978779461535
0.135746055388484 0.0953576768979961 0.108271691023115 0.175077550956258 0.139380520395084 0.0669435606689902 0.122736334102907 0.143569296247125 0.0129173143200393
0.058376326507764 0.168138978085285 0.129220722535884 0.145939447071643 0.114405993287644 0.0322922313409283 0.0885242593050559 0.155340221050023 0.107761820815773
0.177859965627905 0.159730360514203 0.0872554402070597 0.110345697035339 0.0030887462230382 0.0346932506150852 0.175657472410878 0.172781446142175 0.0785876212243171
0.205744124352558 0.104847087247692 0.208367922781805 0.051317514673184 0.124168247224285 0.0899957452134556 0.0538867724740347 0.140767812900212 0.0209047731327737
0.0946496168803181 0.0289817242253286 0.155009568620314 0.178452374758102 0.156087321561634 0.0298454629887075 0.123312926008853 0.0486929736581604 0.184968031298582
0.0834439606617248 0.0200564305324204 0.100841357332884 0.103733691402281 0.206159662109649 0.103760529903452 0.228597220761693 0.00856092708529628 0.1448462202106
0.0359480941370248 0.174866350667113 0.109486332444176 0.0791222720140531 0.0341803910209421 0.0881203781712345 0.171471426668353 0.0807859102621189 0.226018844614985
0.224287844255398 0.244563277065902 0.0295050676283395 0.0994548129727413 0.132107332139947 0.101654971636429 0.0987991114914917 0.0530549293123979 0.0165726534973533
0.0104646690293219 0.245153744514006 0.124183213734388 0.0194141428771991 0.0290165789058851 0.134897112127949 0.238259146642584 0.0441557861774435 0.154455605991222
0.190576105514476 0.0769034801582889 0.0256131618369402 0.071860725916303 0.0748080919799321 0.136034948334861 0.141297043125403 0.0941964370531236 0.188710006080673
0.0784780167691193 0.138493550041154 0.136776898864515 0.0250765443785513 0.0931988426140902 0.163256336852418 0.147353363900333 0.106368076331862 0.110998370247957
0.0546267153431693 0.188266303521576 0.188489548771141 0.206072407927654 0.0373166004801895 0.137469520118305 0.0195450427985832 0.0805609472986898 0.0876529137406916
0.0592087986910673 0.106386843439931 0.11290415137484 0.192834229085626 0.0806959848794693 0.0519481934497287 0.10575486302169 0.0877524576980747 0.202514478359573
0.109258176535218 0.0083161181045285 0.214708066079577 0.0380874165226581 0.0795552534217374 0.195410128517994 0.140820567927402 0.158512069454895 0.0553322034359892
0.142356681255879 0.053677393987957 0.175150554532343 0.14889809799057 0.178043550442134 0.14155812880407 0.0809744756908463 0.0667516406233782 0.0125894766728217
0.0716667794166804 0.191366392404683 0.103298221760446 0.105667441937704 0.125621430026704 0.121450796162289 0.0246052511783608 0.152098322223578 0.104225364889553
0.090832040535402 0.142843040056449 0.146212575780088 0.113601364337046 0.0690771368903905 0.133699352347312 0.120739163648627 0.0876383406926339 0.095356985712052
0.199952838430758 0.145505338389413 0.123871145290566 0.119759605136223 0.107115365920478 0.0420204369547395 0.11500777601908 0.132765146180066 0.014002347678677
0.110193393605056 0.193563701110404 0.150037784118065 0.0603796380553802 0.0379790369977885 0.0448563287242586 0.160463946567144 0.123498995816643 0.119027175005261
0.00292335397152599 0.177522277657492 0.196968280941892 0.231075372436396 0.00606267426132817 0.109424109677742 0.0826822073995242 0.0200783124470326 0.173263411207067
0.157587693868106 0.160733892602411 0.00934560760175496 0.162805189745728 0.115254313605822 0.170608884980049 0.0848694494468241 0.0966138750454166 0.0421810931038883
0.063150933125914 0.198624291120969 0.134625608437927 0.199883105802553 0.051059690875862 0.0996468710631595 0.0426017392963391 0.03181429823002 0.178593462047256
0.161604831433054 0.139360582812968 0.108047201845582 0.0354407902829638 0.121116384570383 0.165800873317314 0.0592995074948159 0.125844289037024 0.0834855392058943
0.122504718923849 0.0122366590086517 0.0812077297976627 0.0867440872912156 0.202633044862199 0.257117130861199 0.0964225931648407 0.0382810504964266 0.102852985593956
0.0561974120384333 0.204787819840839 0.0094669185099101 0.0338801749630201 0.205233220684777 0.143876761590909 0.132153768551609 0.0310982962444792 0.183305627576022
0.137954522194944 0.0705246413255042 0.141123827784061 0.0358655090894507 0.178256385367869 0.167531335739937 0.155255431642621 0.0298058230988785 0.0836825237567349
0.0570422568302217 0.103215295325662 0.0367986416831982 0.176409228168774 0.2270547707084 0.049635632087577 0.000764626090101801 0.195217887092432 0.153861662013632
0.0834471845116132 0.0119751865095146 0.128608270200923 0.0536651624584323 0.235227777707356 0.0567711899017135 0.121884561154933 0.183262771933527 0.125157895621987
0.001944286153343 0.0909690483171855 0.15229776663816 0.192670052719583 0.0280207660536779 0.201087150598311 0.0274934789980783 0.0955893627868728 0.209928087734788
0.0598009660090204 0.0978556418566899 0.160711970350316 0.159729589313041 0.0700628848225845 0.0371465949554938 0.101836139409832 0.149926623762502 0.162929589520519
0.043462472289286 0.0269435467834481 0.301731730805697 0.067894341874893 0.102711305994569 0.161988970994963 0.0843899564180356 0.117782322229283 0.0930953526098242
0.165457001277439 0.168239713147972 0.0992739100757426 0.071642861644008 0.0486536031823208 0.0290275076703144 0.146577591654534 0.185157144802854 0.0859706665448157
0.188566269367998 0.106180565248965 0.0746647638073269 0.148379576262311 0.124218652873609 0.1006538646706 0.0263861796028504 0.156102279841164 0.0748478483251768
0.133699989665173 0.0770838134963232 0.1569176383491 0.187201043043827 0.0898301403013756 0.114356242309838 0.163875921290921 0.0475806319217842 0.0294545796216583
0.0154721744393469 0.109225698116795 0.136454477926456 0.0811061326766761 0.397328044890416 0.0496520125148173 0.148216617295618 0.00140488410786701 0.0611399580320073
0.178021959697605 0.0801963430929623 0.224788197226856 0.0201942935880367 0.0450557587058689 0.128646959673398 0.068638541665262 0.0328630668892545 0.221594879460756
0.0849242891505477 0.00500148601627729 0.159321393349817 0.118270593437157 0.170847749818907 0.164309569721966 0.125819878620416 0.000981060469981704 0.17052397941493
0.119429630691149 0.149593587042501 0.0237881444356855 0.185633664010038 0.0946066447849156 0.15991594528238 0.134486119729117 0.0904815413591139 0.0420647226651005
0.13287162180972 0.156704764084075 0.155092645232562 0.109302684428585 0.0279093976549954 0.153524009025052 0.10558908332352 0.0059552844783347 0.153050509963157
0.0682182240748433 0.120757015883133 0.110067988782076 0.11511796524377 0.0541828171857273 0.144219784982515 0.0314331481874673 0.149684447779179 0.206318607881289
0.0531297503956761 0.0682393450561534 0.145613810562118 0.0453357227895613 0.177007222442722 0.0449136882449804 0.100813375454657 0.17555882988633 0.189388255167802
0.124292205977546 0.15158485323851 0.00272258275970132 0.106538016784815 0.0532486832516668 0.116245401425345 0.113748046798167 0.20633539561469 0.125284814149559
0.031249118860391 0.215213654887311 0.03692888293291 0.200564928583847 0.0300257870167506 0.15063857805214 0.0679352308134586 0.0980751022696112 0.169368716583581
0.115956171020737 0.156492200469768 0.0685157040706899 0.145610242732146 0.118953364023988 0.167937554096939 0.106952840951112 0.0151600244052015 0.104421898229419
0.163440851264308 0.0156712653329019 0.027408965784021 0.0444755088296545 0.168339733841804 0.14894646468792 0.108491036976283 0.15253498177901 0.170691191504098
0.207702387105944 0.0740608265904602 0.0892206742868957 0.048344386526105 0.0576560811068273 0.129380768803554 0.236095702706451 0.0586480027465273 0.0988911701272355
0.189547145762439 0.200269624558268 0.041476264497077 0.0229503076663202 0.0400322676033728 0.221513426609515 0.103964954359167 0.166081795527323 0.0141642134165179
0.201392835948208 0.206217343202291 0.1219060738375 1.67300193484953e-05 0.109152356443341 0.0381002735046509 0.180973652773412 0.00477029262385524 0.137470441647392
0.00994957991165504 0.0345884018880407 0.28463174041941 0.305468714807109 0.0550084990087037 0.227045333733191 0.0239275837218868 0.0535138684441287 0.00586627806587494
0.0672866909020297 0.0914945677479531 0.131124013237063 0.134664369512396 0.124830538474653 0.138306107482791 0.0929890514117959 0.119294551790087 0.100010109441231
0.110450919734945 0.0309907240654321 0.134531379013621 0.0899714577474831 0.135431194884264 0.0911150343498514 0.102277803815948 0.142866728091535 0.162364758296919
0.0537716097278769 0.125338156975695 0.0583867448876067 0.0732693115332055 0.0783257389056828 0.0651407374943748 0.202424847760642 0.171003774844951 0.172339077869965
0.134397884141684 0.0352378252100755 0.112241794618377 0.124636111179585 0.0117727007431464 0.182685652821024 0.0844007581242663 0.167751088927351 0.146876184234492
0.186824204197885 0.189636061007203 0.00637170782968997 0.0919194794836686 0.0976128923030366 0.0651371546791148 0.0310219221680969 0.134754096056696 0.196722482274609
0.0221449525039674 0.0699152771916448 0.185658805374364 0.168571964002894 0.164511193152461 0.0731890620720599 0.0897090307343582 0.0406083350848858 0.185691379883364
0.137185875244281 0.0250078481719077 0.0361107887968882 0.0798054493186844 0.0744704604634489 0.0490987912691686 0.129856627874821 0.28537768219798 0.18308647666282
0.222137245235346 0.189019047088122 0.0435063878425182 0.0445963608177477 0.0753063528470853 0.0913526907932028 0.0259881497727821 0.0734474975598391 0.234646268043357
0.10117065418115 0.0231115556379247 0.00750529894883593 0.164272610468823 0.200856277800997 0.239578343622113 0.0366021692347468 0.178137036782364 0.0487660533230455
0.217668689234913 0.115143707573747 0.133584765512109 0.173642428872772 0.0517257561077406 0.147217859161095 0.0796417434506148 0.0093584182349871 0.0720166318520215
0.0394859271537021 0.176123085485523 0.0537966498365228 0.0984259827655835 0.137727148815955 0.147506098187232 0.148537961873462 0.173952314789539 0.0244448310924806
0.138250100637516 0.0676891370879118 0.141637481060325 0.0767215279318168 0.198004986671356 0.118405526383503 0.169025428173304 0.0336812931935491 0.0565845188607185
0.0395668726635193 0.191280495061434 0.122640166950912 0.0926659337586433 0.0869497732699077 0.189576448931934 0.0271522929087789 0.102521041160503 0.147646975294367
0.0766449018822722 0.183106748236171 0.138294362727566 0.00907436067667589 0.0535751443448583 0.137828587751337 0.188118512219456 0.0872355124730489 0.126121869688615
0.0175684232127514 0.143373474160356 0.127036079568538 0.214065436668995 0.154799270298832 0.0244824851946893 0.132923208634751 0.170387787344519 0.0153638349165693
0.0936145217143183 0.128139274204164 0.0648059400795794 0.175900191746321 0.0794509560231881 0.142221343411723 0.150224794531741 0.139794132368432 0.0258488459205337
0.167460752572642 0.119463300834473 0.0428617385970414 0.0165886055613602 0.220709155540096 0.157922069192332 0.213068399268767 0.0163147768902541 0.0456112015430345
0.0661290762045858 0.174118672323618 0.0692681693422584 0.0736342085562032 0.0331188733822196 0.0659593791983727 0.18797005886344 0.155657167965073 0.174144394164229
0.00831439242177738 0.159442861632612 0.0793412702349507 0.158524661650076 0.0957530351826986 0.110540529116341 0.102984144551806 0.171270660324635 0.113828444885103
0.208601558142438 0.0934539050227698 0.116030618496776 0.146934972257488 0.043261509770749 0.0729696676411349 0.155734035744331 0.153342110163185 0.00967162276112794
0.153329729689407 0.139180366233881 0.0947507370945093 0.158433722927545 0.120446007582418 0.0789721548605195 0.0138480879034679 0.14767249940673 0.0933666943015218
0.033293633335577 0.105700753967128 0.115587886556443 0.156988371940105 0.139669618936648 0.162958903509293 0.165321702665928 0.0651815939830284 0.0552975351058504
0.145028578001433 0.083923431631037 0.0464768633612647 0.056536950744858 0.0910188966544037 0.109979435688965 0.15592929278041 0.129198744722927 0.181907806414702
0.165110986248357 0.0044118382766063 0.0449335735521588 0.170143369857275 0.0976782067911858 0.179798409234881 0.00700921812177408 0.234466908834017 0.0964474890837448
0.0597286591875984 0.1804560526637 0.129334076147207 0.0965657675494621 0.214231872449809 0.0195721882745415 0.0349370534956609 0.0876947555840461 0.177479574647975
0.0850333954777115 0.102976376890809 0.232710389820101 0.0983050718556605 0.22223017762131 0.000941102317750793 0.051738258149268 0.0504751425792158 0.155590085288174
0.036006856936979 0.035319243426854 0.100446922915573 0.122218994857286 0.242756978512698 0.0565872895697964 0.140706842854021 0.0785584788660904 0.187398392060702
0.168572177137149 0.0607751794608715 0.196978966175952 0.0509853173211207 0.0598584883045397 0.190630279761979 0.172393316426316 0.0127061431330858 0.0871001322789863
0.173795664598644 0.108417290599729 0.162654134375518 0.105101316813798 0.0863203408174423 0.146961503869032 0.148445433276982 0.053786746256112 0.014517569392742
0.094976609812767 0.0669205099122966 0.146987073883231 0.156358880549177 0.152566063067063 0.0906476023379352 0.14241781497474 0.080155487343984 0.0689699581188052
0.151851413201821 0.168346267728521 0.116292161903406 0.0311614641367603 0.033368174081798 0.16718468939305 0.101667064785745 0.100213563986193 0.129915200782706
0.103260347847537 0.00559110561780806 0.161453533389575 0.0476982939945887 0.194185230925775 0.133252149782841 0.144022563700733 0.090183886774269 0.120352887966874
0.0167848031708377 0.14059291725338 0.126171107534852 0.134814002338553 0.19807670030083 0.155050327002974 0.134767404582509 0.0582536451602368 0.0354890926558273
0.17039696788245 0.0366998019293425 0.059955528197985 0.237707828666118 0.177424036770236 0.0460102871382471 0.0128202877134234 0.185278626337851 0.0737066353643479
0.155149827510387 0.126646469796227 0.0421849756670367 0.119255442765971 0.139205788668077 0.135295360158353 0.136479169931048 0.0218483597642905 0.123934605738611
0.102391633766571 0.154718448323146 0.113345801662867 0.0996094898400847 0.057824555741596 0.101833512011881 0.146304623196284 0.0859804196840521 0.137991515773519
0.0878478002950889 0.246374708643312 0.00119323738231648 0.140174453722406 0.238622244235605 0.0122620688249464 0.0826355842626441 0.0933400040425963 0.0975498985910843
0.103661351723065 0.169503592800352 0.0962964888291244 0.0840813600485861 0.203457743780617 0.0273192088182831 0.206588869386016 0.0527539586801472 0.0563374259338105
0.0946828119086424 0.197230633236099 0.0491298198954787 0.170199037206844 0.133016101634369 0.113381434420669 0.0168931792233052 0.118179838020397 0.107287144454195
0.109377830417252 0.137283806525663 0.0367699832154065 0.0652726900202387 0.104961056337157 0.192093659075233 0.133701666418703 0.129303167293205 0.0912361406971414
0.0934067152551433 0.100660409111884 0.116064670268676 0.0674141414324386 0.0488219221642538 0.203276992191365 0.182406840676353 0.170017577035299 0.0179307318645887
0.0554888124022048 0.0878605697707943 0.0113986195683746 0.185918305461466 0.155510896718477 0.105211245064045 0.0514608992652823 0.180720863372728 0.166429788376628
0.180840190420376 0.163200298217094 0.160844161914553 0.0660688986374247 0.0543050749082826 0.123854196057197 0.0492839223874515 0.0825120383256297 0.119091219131991
0.0458805787384168 0.0930075666421289 0.0623004992196201 0.143410320251869 0.176561852960019 0.113449204066556 0.108906337292695 0.0812648746912582 0.175218766137438
0.109837037994243 0.265103262936994 0.0690061043438512 0.0681354065730576 0.082869844925309 0.00810351101117903 0.00258297530035856 0.200433217778784 0.193928639136223
0.196543785345971 0.0864087070916507 0.161143358140811 0.0621533340666025 0.1484035490919 0.121806123326276 0.0996755752087652 0.119563191445239 0.00430237628278454
0.0275144987810907 0.128782251226221 0.221356848216997 0.0928289420770887 0.0419913426431618 0.0666165411306401 0.143148864665213 0.0724072236807109 0.205353487578877
0.0856280187141462 0.146334302581539 0.154356711289216 0.173797919993108 0.109259710655733 0.158287550787349 0.0667337031537617 0.00149241953667974 0.104109663288466
0.254013722091433 0.0138608912154211 0.0289548386377253 0.177691815318706 0.161442712979593 0.153119079127721 0.0495145564872366 0.112134520232249 0.0492678639099155
0.168078781706838 0.208451956804396 0.1686925208037 0.0844397636827443 0.099361476278964 0.0850238929571365 0.0597982836356503 0.0761109713396138 0.0500423527909572
0.075545433551387 0.199111820789281 0.060777715522945 0.110522394792169 0.142575128878494 0.0183485104079977 0.250426992594881 0.109982564400897 0.0327094390619483
0.14391989822975 0.0290382687868149 0.00136790973045263 0.199413836646192 0.0864302001490921 0.196311987285727 0.121458291651377 0.0643430023282744 0.157716605192319
0.0990461189249526 0.138877733913914 0.00310208927105257 0.0820807058033341 0.176701208049194 0.180116320385963 0.075403537303991 0.118665855687338 0.12600643066026
0.173167670491829 0.0797783052431742 0.0678657389710145 0.0679245011291084 0.155178419015982 0.0333538214174828 0.132227447101939 0.174310946759131 0.11619314987034
0.0672980478538294 0.150930552556631 0.0678191765132411 0.139340538424601 0.141397464705365 0.176900745069018 0.0227235901968946 0.0431321693367779 0.190457715343643
0.0577758398151786 0.0713168250644647 0.161474483176509 0.0915088439226297 0.159129490841441 0.137166294848903 0.169882199716241 0.147512770040033 0.00423325257459927
0.180970899869226 0.0530253322635686 0.175345874723452 0.112596962446955 0.0239290867649084 0.0867991772143454 0.171447157699487 0.025326399736695 0.170559109281363
