0.0299574758419814 0.693290856448989 0.081935242375629 0.194816425333401
0.263307943282408 0.338541218506353 0.30374352133882 0.0944073168724195
0.232866374257928 0.172716082542804 0.377083962599895 0.217333580599373
0.319855816854361 0.112052849126094 0.544644681322671 0.0234466526968741
0.0433218948402085 0.543577129253722 0.31272936429117 0.100371611614899
0.0427715788110012 0.140953035324649 0.580608156832212 0.235667229032138
0.232092409190592 0.36685035764212 0.0345884155539254 0.366468817613362
0.253822174902568 0.217554198455879 0.249900358174466 0.278723268467087
0.388392682015798 0.250573602662149 0.28708293243796 0.0739507828840931
0.137452100013702 0.46652491263685 0.0554085912614234 0.340614396088025
0.214602946133025 0.329937505432527 0.0493223872863311 0.406137161148117
0.192227604150811 0.128496209907761 0.483148298766646 0.196127887174781
0.170410783731495 0.0656853203227356 0.533110312811609 0.23079358313416
0.133578625477458 0.387378918051131 0.287860972646878 0.191181483824533
0.287599593480573 0.341038875577714 0.349659380308369 0.0217021506333436
0.013143721520934 0.119075373652928 0.441882920381925 0.425897984444213
0.0920999060334829 0.318349155123069 0.29514738923693 0.294403549606518
0.434782244066081 0.0713863389092733 0.393596900835699 0.100234516188947
0.124307773542504 0.462990581385333 0.0339137798717674 0.378787865200396
0.147619734231677 0.321104718599544 0.284698716766275 0.246576830402504
0.25018244726332 0.287066797568647 0.0389285975176537 0.423822157650379
0.177208633510275 0.288340947110156 0.196150511944029 0.338299907435541
0.339004368902346 0.248338410341294 0.071152989892848 0.341504230863512
0.332067778809089 0.272027198173375 0.169037596983771 0.226867426033765
0.0555760146616195 0.473482602896215 0.16225345414531 0.308687928296856
0.0484245730164602 0.407850812444252 0.146099105171177 0.397625509368111
0.412813973671416 0.324264121502463 0.0619686891783795 0.200953215647741
0.0828609922903318 0.303086006668132 0.198155919083004 0.415897081958532
0.201790347421614 0.258140296863289 0.322720323892854 0.217349031822243
0.410781208810242 0.378193291227264 0.107055602305026 0.103969897657469
0.131741875624986 0.359954105207953 0.28276257245981 0.22554144670725
0.119779534861744 0.461095044041454 0.313181768221177 0.105943652875625
0.203375334525223 0.288559448644377 0.321754042512304 0.186311174318096
0.292638558757111 0.174330845366491 0.235435295296807 0.297595300579592
0.0508977046860265 0.0680213289795068 0.386344870766431 0.494736095568036
0.356647497817417 0.334131608125053 0.0255797182236528 0.283641175833878
0.337004278842451 0.0336865994753137 0.411623585560549 0.217685536121686
0.298697437897508 0.181701339679211 0.212942634275925 0.306658588147355
0.0458540777536297 0.355887514210841 0.497046343221144 0.101212064814386
0.360612378796788 0.107906769630904 0.226405632921804 0.305075218650503
0.415587333883235 0.458743823832158 0.116828802838229 0.00884003944637844
0.227800045803165 0.453676885356735 0.238728071429059 0.0797949974110415
0.381723742525492 0.280406614805878 0.218783136323186 0.119086506345444
0.133244158866587 0.277499704768342 0.392188184473605 0.197067951891465
0.0662097844140148 0.248586179896853 0.359828062252379 0.325375973436753
0.233617854995731 0.0566441022342919 0.0171302120090832 0.692607830760894
0.409430664871539 0.32168400126093 0.158445012891517 0.110440320976015
0.21418001694816 0.234151341946621 0.195904047681305 0.355764593423914
0.140674193217368 0.295270894613264 0.144999522247858 0.419055389921511
0.340263891145221 0.168336623646987 0.250317737231479 0.241081747976313
0.155233560494828 0.507666714865071 0.245874654507769 0.0912250701323323
0.420230102794825 0.338448351282405 0.104279097369244 0.137042448553526
0.67166236331169 0.0771640873732402 0.0199104745261189 0.231263074788951
0.375466457568642 0.359913875645496 0.237058328614146 0.0275613381717166
0.256317683509969 0.135477166208872 0.309906543723312 0.298298606557848
0.336524662103784 0.206635843109961 0.265508192509377 0.191331302276877
0.338827281233272 0.273135580712598 0.218997588131886 0.169039549922244
0.0402494330159154 0.34785345167847 0.59387851343267 0.018018601872945
0.465509700576892 0.299952694371172 0.193626792744024 0.0409108123079121
0.238268770154829 0.16098437838658 0.0409132328727888 0.559833618585802
0.492032528265633 0.37072303945042 0.101078061152663 0.0361663711312853
0.355055893936812 0.343946778274929 0.201870583204798 0.0991267445834618
0.170389029982902 0.030886894708247 0.373156635855809 0.425567439453042
0.0382808799296004 0.329902890582951 0.416958422291984 0.214857807195465
0.082761798307283 0.436845188694841 0.150530014597643 0.329862998400232
0.0264448594564362 0.75652544161472 0.0584014498940042 0.15862824903484
0.044273543419091 0.155096121250306 0.407149727852336 0.393480607478267
0.195559155561038 0.221825779497846 0.295353660629331 0.287261404311785
0.13836776855822 0.353878988408567 0.3177737187107 0.189979524322513
0.0538241827810413 0.0978271117214185 0.354832584288639 0.493516121208901
0.54838823242961 0.103242178829172 0.0918227431286205 0.256546845612597
0.202659196256844 0.282416528458918 0.286288522986221 0.228635752298016
0.232966311818299 0.198344897375758 0.357004481602949 0.211684309202995
0.273400505463903 0.296028571181042 0.22774578565615 0.202825137698905
0.328729968703013 0.191097273637139 0.0851920154937177 0.39498074216613
0.0790921300057811 0.421921743992066 0.068097603718576 0.430888522283577
0.392376300589728 0.115744786856259 0.0315460375859888 0.460332874968025
0.311726243589033 0.0884475761775765 0.227999781899483 0.371826398333907
0.053956206421116 0.315221625821342 0.172688370615012 0.458133797142531
0.469922550683764 0.358969189262889 0.0212847037600857 0.149823556293262
0.332140450699185 0.345642693046337 0.138725276839004 0.183491579415474
0.627568877730697 0.100567768394542 0.158208050957594 0.113655302917166
0.0373142622732315 0.0746982271937005 0.57893325041917 0.309054260113898
0.322581733344749 0.281203597286527 0.264079114294553 0.132135555074171
0.209830540563183 0.0301339050649541 0.368382663197386 0.391652891174477
0.278586797832765 0.354409987989838 0.317020889373906 0.0499823248034917
0.117833025425437 0.383027929907059 0.469999349466912 0.0291396952005929
0.440615158605554 0.156668962326692 0.269417565021419 0.133298314046335
0.368634644344446 0.210853606640543 0.0956312297252221 0.324880519289789
0.376758396034203 0.151943302401519 0.121078978547963 0.350219323016316
0.254848729004053 0.130828716463283 0.342763052409131 0.271559502123533
0.146726845842714 0.306179549115747 0.341634957100664 0.205458647940874
0.0507430564105476 0.0949369548811023 0.368593219738085 0.485726768970265
0.344731947253726 0.30402612452702 0.0461712363772183 0.305070691842036
0.0734391809673179 0.391736812403853 0.327566541254757 0.207257465374072
0.249839811773453 0.249598511188585 0.315304446484425 0.185257230553537
0.33759663817065 0.0318628039303945 0.270651085836492 0.359889472062463
0.256285695121039 0.331979743848477 0.352228177736823 0.0595063832936614
0.328580495923611 0.0522610095456585 0.326673141845927 0.292485352684804
0.277079260473026 0.33806266883738 0.197041759006449 0.187816311683144
0.285307141993275 0.199214215176456 0.253758905456317 0.261719737373952
0.370230502238483 0.16141895634528 0.231240785684254 0.237109755731982
0.251230801626976 0.359087347462002 0.124789435067866 0.264892415843157
0.229614687121225 0.378487951166111 0.202922624575436 0.188974737137228
0.157746424916792 0.190901527348751 0.329941371575266 0.321410676159191
0.0931175686648806 0.42020747871595 0.322737460687511 0.163937491931658
0.157151033914245 0.320053771141984 0.334630020110175 0.188165174833596
0.00550279267881751 0.303018064531619 0.379024888703855 0.312454254085708
0.214034566045624 0.306706174554268 0.346673725934837 0.132585533465271
0.143820850677323 0.282904391965842 0.0786014704629137 0.494673286893922
0.168253458355983 0.394188814508712 0.120808842668931 0.316748884466374
0.0789233396948964 0.463344883331608 0.280140865511231 0.177590911462264
0.284520282596793 0.147533315847192 0.159294387049412 0.408652014506603
0.217622022155343 0.0866110975316027 0.638881858841358 0.0568850214716961
0.016947875632672 0.384045637693082 0.340474304469308 0.258532182204938
0.155562228930691 0.0148398507204919 0.47541702783012 0.354180892518697
0.150449546629419 0.205927795258664 0.292330476298768 0.351292181813149
0.27680378592932 0.122361383628452 0.0939620351077024 0.506872795334525
0.470085836758009 0.192838893091981 0.0233770593882557 0.313698210761754
0.325443159734223 0.0433012664809306 0.31163720069 0.319618373094846
0.472790970104884 0.290112326940177 0.140006799069129 0.0970899038858102
0.292688701705085 0.266201794972647 0.170533547774736 0.270575955547531
0.0108754394031326 0.292702549964776 0.3129747632259 0.383447247406191
0.181015421992817 0.617631254416455 0.0576155226534686 0.143737800937259
0.170928856640948 0.313319674774089 0.22720337122445 0.288548097360512
0.302513962835539 0.086539981300012 0.295477402000779 0.31546865386367
0.260662263093548 0.237464727703722 0.232366031024378 0.269506978178352
0.175434961808518 0.291379667192689 0.215501878333003 0.317683492665789
0.187801097686305 0.371212670108227 0.298387691600724 0.142598540604744
0.217159031661427 0.161681220829677 0.269244016287055 0.351915731221841
0.247924732393196 0.193743548498685 0.127276576740987 0.431055142367132
0.151330814030059 0.206831251742611 0.540902410629551 0.10093552359778
0.313585929208654 0.13028233466574 0.255379031279244 0.300752704846361
0.114731838121 0.0601378765200443 0.423534174583253 0.401596110775704
0.276589940562834 0.320017533116061 0.205015061862026 0.198377464459079
0.137462909259129 0.385894971343275 0.462595446972784 0.0140466724248129
0.209736019851605 0.226903741674191 0.197824396379551 0.365535842094654
0.0905332494125297 0.400491587592028 0.20564159342326 0.303333569572183
0.137716045997158 0.101520587804604 0.54303121694823 0.217732149250008
0.195298195156953 0.26503179892193 0.532145406588352 0.00752459933276554
0.195943195860493 0.2264603421138 0.292692868174662 0.284903593851045
0.405508971160687 0.0408414274908147 0.107019716988721 0.446629884359777
0.423208871978706 0.0909173854418033 0.383060533722033 0.102813208857458
0.188433075101571 0.352884777649851 0.287315610773956 0.171366536474623
0.361535449356743 0.358408559010462 0.115876789940385 0.16417920169241
0.339591098200512 0.347612107342238 0.162047763347097 0.150749031110153
0.250877210863414 0.149316207067423 0.493222703904822 0.106583878164341
0.081567913545251 0.484185051364776 0.359465447658125 0.0747815874318481
0.193352529924804 0.298859879364885 0.331162616819261 0.17662497389105
0.238229244269014 0.416318261685689 0.0691382829285357 0.276314211116761
0.163426468857091 0.191417623730484 0.290798692712378 0.354357214700047
0.533145937255602 0.121287981231711 0.146192378297154 0.199373703215533
0.0125112991127294 0.523549647559747 0.285627205874615 0.178311847452908
0.0579163182458353 0.0069514261401307 0.455488337268423 0.479643918345611
0.261535282978421 0.31590642238323 0.254607965707595 0.167950328930754
0.108151229143652 0.30371002968401 0.337695842648574 0.250442898523764
0.176832489450252 0.193700808405963 0.59330697588646 0.036159726257325
0.336665181834881 0.260740865685294 0.372299221609196 0.030294730870629
0.552686329878559 0.164220643395517 0.0149461682084586 0.268146858517465
0.313768085424889 0.310483497699913 0.22124032477779 0.154508092097408
0.337695071930468 0.225651288882684 0.18323099602169 0.253422643165158
0.0130225606613131 0.465490958714511 0.0665493079871173 0.454937172637059
0.323582199138346 0.171978841751541 0.131988993923056 0.372449965187057
0.499096538593545 0.431901934416426 0.06403494088545 0.00496658610457919
0.0982871134943045 0.493544108566669 0.0854708366015865 0.32269794133744
0.15343309133106 0.0221507711431335 0.284186536785518 0.540229600740288
0.340650285606551 0.24766226283421 0.154989432213182 0.256698019346057
0.122385221993845 0.428891205102998 0.392834839074944 0.0558887338282129
0.226978576726305 0.0574939173754088 0.66520643104825 0.0503210748500358
0.336196214059853 0.0951484787031469 0.204158771558967 0.364496535678032
0.239692919943849 0.247632291512626 0.124650461291809 0.388024327251716
0.215585350603603 0.32768886852463 0.379468690376647 0.0772570904951195
0.165236373873905 0.467357813641207 0.068742858464448 0.298662954020441
0.106588150922745 0.25787146921993 0.334674866567309 0.300865513290016
0.193436168732693 0.401958386239017 0.199288680325963 0.205316764702327
0.0859430072768619 0.0160507701536656 0.738748913187174 0.159257309382299
0.331170504553577 0.226512615750899 0.403575604832683 0.0387412748628409
0.160221105960915 0.359574651654695 0.250572635671318 0.229631606713072
0.1122686214732 0.04982379529581 0.296245291222996 0.541662292007993
0.312080995552626 0.379852188156029 0.0941759374099067 0.213890878881438
0.386920333983932 0.164923396236352 0.413888744206275 0.0342675255734411
0.228274913425629 0.301662732676771 0.323062609707023 0.146999744190578
0.31907218096074 0.234444242240666 0.188663844579592 0.257819732219002
0.273896752334466 0.207924181607899 0.439680285360762 0.0784987806968727
0.199771362401809 0.338374336498138 0.13676966364357 0.325084637456484
0.220745288599611 0.438424210718559 0.28239162168389 0.05843887899794
0.057861783733173 0.388889529746503 0.329836696067291 0.223411990453033
0.312671126414971 0.215212783626261 0.365821297025383 0.106294792933385
0.405946861785063 0.524147021555995 0.0308310126458356 0.0390751040131062
0.53564044927746 0.343416043246122 0.0783165679714752 0.0426269395049428
0.330064544524009 0.120957048299055 0.179136494532438 0.369841912644498
0.223539068847353 0.485545748825363 0.249949322722207 0.0409658596050769
0.322583073043856 0.269577100987209 0.0166953245682653 0.39114450140067
0.15039070124985 0.479856483887039 0.10401083698397 0.26574197787914
0.412862970451944 0.0689956130378075 0.419814994755601 0.0983264217546472
0.248844274265784 0.0776754834997891 0.354862392691012 0.318617849543415
0.229128601652503 0.279653868700651 0.185844986248933 0.305372543397912
0.27403272255663 0.315818427356123 0.0754258521195844 0.334722997967662
0.169699071950962 0.412148457954259 0.230908613948468 0.187243856146312
0.268148581289832 0.38830930248921 0.0222847124910427 0.321257403729915
0.242946346728517 0.228836891936756 0.236387614963559 0.291829146371168
0.430840467251354 0.115594154360264 0.0504500554550364 0.403115322933346
0.356647941175788 0.307533640060345 0.308564786049361 0.0272536327145066
0.133521241041234 0.263943268671108 0.0446230378855307 0.557912452402128
0.4144241456024 0.277068388330023 0.19034051109119 0.118166954976387
0.311325693173119 0.405878345775424 0.200019597424676 0.0827763636267809
0.294872840816692 0.263068602428625 0.242145252824733 0.19991330392995
0.172109183551192 0.276030333492211 0.203080053526782 0.348780429429815
0.308633213643832 0.433609814659747 0.109723547036157 0.148033424660264
0.224433818791309 0.271514342893716 0.182167589612934 0.321884248702041
0.258320173514781 0.186845317797062 0.113283545694827 0.44155096299333
0.0646351877565415 0.182356175203158 0.437737497989217 0.315271139051083
0.474791072444827 0.212582184025553 0.205910588425965 0.106716155103654
0.470979861096754 0.263089019726772 0.168549151473685 0.0973819677027893
0.313595535553929 0.424091908930585 0.0404234823011898 0.221889073214296
0.335039407174004 0.200055532291046 0.083491289121571 0.38141377141338
0.145317518233859 0.27039952091214 0.284382517513258 0.299900443340742
0.173044300580812 0.107131495460382 0.383681197142011 0.336143006816795
0.2913235713333 0.0444210518438655 0.567621858338942 0.0966335184838922
0.13623736447983 0.338224080040693 0.128261441113948 0.397277114365529
0.127688880720712 0.461419905714444 0.0563452979602821 0.354545915604562
0.12456304045291 0.407367901821365 0.421707734785302 0.0463613229404233
0.452299337797614 0.130275775012748 0.207179671875512 0.210245215314127
0.12155882021877 0.309747515973204 0.195518170416905 0.373175493391122
0.361886530390471 0.300017737150093 0.191836015008484 0.146259717450951
0.136146472199474 0.329320503371967 0.428080882899006 0.106452141529552
0.454138230686264 0.32893228430513 0.210749801694177 0.00617968331442903
0.473219829450702 0.221570454737499 0.0391707127554848 0.266039003056315
0.503739658538331 0.249887971008881 0.0165174779684295 0.229854892484359
0.109957195671491 0.0880932889766367 0.740749071233356 0.0612004441185158
0.341603808897819 0.130581988575854 0.234594099271106 0.293220103255221
0.241343631070211 0.0375500760454133 0.372151260783906 0.34895503210047
0.149819517907203 0.301333276988411 0.271374998218112 0.277472206886275
0.129491337407844 0.358572270560035 0.309349605451611 0.202586786580509
0.0350929822457401 0.220639434865937 0.474795498743153 0.269472084145171
0.371185049922915 0.501986558289211 0.052790227464309 0.0740381643235651
0.227154889311081 0.304706756893777 0.260959744220249 0.207178609574894
0.343210570116775 0.395757644657581 0.227564502390782 0.0334672828348616
0.294859606591752 0.0536300142409925 0.612192877446195 0.0393175017210598
0.513485451811633 0.0690661394712829 0.215667576414437 0.201780832302647
0.14529554082504 0.310413501280519 0.230280057549756 0.314010900344685
0.484800372181162 0.215689901454111 0.230273465640765 0.0692362607239626
0.53047557434866 0.0270206087606949 0.193351986865436 0.249151830025209
0.334215828608365 0.198957901450557 0.144623206580323 0.322203063360754
0.346820717764987 0.410899197513596 0.236199857890736 0.00608022683068157
0.293806940425932 1.6312766930285e-06 0.0938100473155094 0.612381380981865
0.33098641913784 0.175879083820064 0.318729138506759 0.174405358535337
0.237408339768686 0.0720468346649565 0.634727064426885 0.0558177611394724
0.366027559441921 0.229971351852165 0.171472250930566 0.232528837775348
0.198742011024295 0.598545498744119 0.0642788575779105 0.138433632653675
0.0273368109040608 0.529655288001945 0.0979565352083359 0.345051365885659
0.121445655329363 0.430028710026528 0.0312477883679391 0.41727784627617
0.0435013746880057 0.340248983034394 0.393092645724398 0.223156996553202
0.32841248515428 0.329759488708943 0.239083465372064 0.102744560764713
0.303370710427183 0.0316730632809184 0.059508803942399 0.605447422349499
0.018359032087693 0.186645762197398 0.395615359877943 0.399379845836966
0.295645133584072 0.345678720705869 0.0291073508067981 0.32956879490326
0.387880626832276 0.082718383051117 0.353994592817265 0.175406397299342
0.550976201602326 0.179195007901193 0.147082567076884 0.122746223419597
0.120054843462567 0.403103135419317 0.456158302311758 0.020683718806359
0.195915437660275 0.225768026011662 0.277343254764548 0.300973281563514
0.0380053465944152 0.297614435805783 0.364298163391122 0.30008205420868
0.243492230647712 0.159353724106239 0.0312095252356679 0.565944520010381
0.0391312322632358 0.304878484864746 0.48390434691188 0.172085935960138
0.164287644418549 0.222195111856582 0.34130935984084 0.272207883884029
0.457308584336418 0.257675739237133 0.220925773238735 0.0640899031877134
0.244353106410084 0.286238235475773 0.121415382986238 0.347993275127905
0.138244028586075 0.311061372329819 0.067638262422021 0.483056336662084
0.201274102769874 0.179395494758124 0.418988060423829 0.200342342048173
0.208006625523739 0.145311728793338 0.311688867089026 0.334992778593897
0.092347947482881 0.0960488728885987 0.48621990350414 0.32538327612438
0.391966669405093 0.214959953931896 0.248131789540592 0.144941587122419
0.232120249136755 0.203864139620547 0.190162984048088 0.37385262719461
0.425728202737122 0.410057981487474 0.159368564379236 0.00484525139616852
0.107630232677131 0.500877138834485 0.189247428200353 0.202245200288031
0.329100221219563 0.239290361525105 0.340330878847416 0.0912785384079151
0.298428061047705 0.107555945377992 0.33936389977598 0.254652093798323
0.313511280363035 0.31289801911331 0.225352251067113 0.148238449456542
0.35338870384916 0.425052180544382 0.140920555794405 0.0806385598120536
0.231128609444924 0.241499995475843 0.271261961082826 0.256109433996407
0.148003587875562 0.348715202454657 0.150738308381952 0.352542901287829
0.0953332660226526 0.370914223735466 0.213670436892046 0.320082073349836
0.218823750764057 0.3953748341021 0.271135578243731 0.114665836890111
0.276904404897696 0.336503584259774 0.149880890480475 0.236711120362055
0.27227575371977 0.248827879214131 0.348420459459031 0.130475907607068
0.2727890598641 0.350779356577159 0.0172394630776154 0.359192120481126
0.296217127378606 0.424097480150889 0.17061209528906 0.109073297181445
0.222432561794736 0.245937258167556 0.282531296230808 0.249098883806899
0.427966531846482 0.144678615725622 0.282270862632049 0.145083989795847
0.220066765261441 0.0933936707866078 0.365097651784924 0.321441912167027
0.15818133257133 0.583795485682306 0.181549597865339 0.0764735838810245
0.312814376846053 0.257518585330935 0.161072918062926 0.268594119760086
0.358289832256562 0.0270656179726162 0.170971039122345 0.443673510648477
0.252814910605476 0.139863307118854 0.329624889897333 0.277696892378337
0.307284999575205 0.315580919033274 0.0965911378651247 0.280542943526397
0.107413946466705 0.469307978340363 0.335677191822015 0.0876008833709169
0.0557121409258208 0.341002354942313 0.332516797811531 0.270768706320335
0.0160648672530462 0.354453796124158 0.176118879492371 0.453362457130425
0.279037971158238 0.109637138242781 0.301377831538226 0.309947059060755
0.498317548214155 0.453614730849174 0.0374144376293694 0.0106532833073018
0.327362132373349 0.278032344494314 0.161111057912406 0.233494465219931
0.193886430024609 0.216732428382785 0.347307593427348 0.242073548165258
0.163618974928173 0.230952593104357 0.344653698331397 0.260774733636073
0.250618468617558 0.201914058387263 0.282287784918695 0.265179688076484
0.181491905831188 0.498977608472878 0.197662713142842 0.121867772553092
0.289551611679396 0.175412588784987 0.504357341679618 0.0306784578559984
0.177592400363485 0.43413440031472 0.0891821223354458 0.299091076986349
0.265765640742611 0.00139350115294975 0.295948976502772 0.436891881601667
0.363491504999765 0.357907946451565 0.123030979222157 0.155569569326513
0.326084050139173 0.227803928688398 0.413961412225902 0.0321506089465265
0.248153422754853 0.0324847398330394 0.35803997827953 0.361321859132578
0.307798843233314 0.335721213302659 0.330403744925503 0.0260761985385241
0.300669508552211 0.262623753719672 0.365410789839321 0.0712959478887964
0.413690297054806 0.113019828531985 0.132026381252631 0.341263493160579
0.248476493968535 0.286771457510983 0.271063071861906 0.193688976658576
0.154018690278434 0.253352583672228 0.342869302555092 0.249759423494246
0.137737231185542 0.100719869413331 0.390878913342527 0.370663986058601
0.500539638336959 0.126470074995871 0.00390781377468969 0.369082472892479
0.266252098706177 0.275078572193147 0.24613990153703 0.212529427563647
0.0767589141715078 0.298292587994308 0.0825081572761771 0.542440340558007
0.118247463250337 0.268034781699329 0.438590096787134 0.1751276582632
0.367092601891634 0.270872052772592 0.0694235609123678 0.292611784423407
0.366189008505991 0.195697527875687 0.0668741627831328 0.37123930083519
0.176318055583313 0.0254835465498981 0.697315616653353 0.100882781213436
0.0677091795448309 0.470769638766936 0.0718297040150785 0.389691477673155
0.2484019488998 0.365148060164672 0.123585728149969 0.262864262785559
0.242494410016031 0.398534250246821 0.34262434113915 0.016346998597999
0.171302710982749 0.470509108168591 0.344772437979002 0.0134157428696571
0.549453493097553 0.0118906412257783 0.252676203583537 0.185979662093132
0.315562879920041 0.213827621313006 0.157188679008035 0.313420819758919
0.324247386661837 0.296147697397432 0.158800048252908 0.220804867687823
0.439138240927541 0.507411809013201 0.0459140240526399 0.00753592600661775
0.233058935980088 0.318223442384129 0.112703033576121 0.336014588059662
0.195938117511594 0.0984823122595657 0.416948200309731 0.288631369919109
0.0727688608428324 0.330853495153784 0.294506164079755 0.301871479923628
0.339278904585438 0.383288709102552 0.0821312562158704 0.19530113009614
0.183587776533922 0.330758606932501 0.305787661197943 0.179865955335634
0.287279114996365 0.0362006919251884 0.432497983228688 0.244022209849759
0.33304507892758 0.181457672410292 0.170267350946687 0.315229897715441
0.0941167367494777 0.0954542424928725 0.414153470338863 0.396275550418787
0.32314160710571 0.29468694896651 0.291134108930593 0.0910373349971871
0.366747571923227 0.03572335839444 0.208828330712175 0.388700738970158
0.308763127253302 0.395856972244827 0.0907974897166536 0.204582410785217
0.22786648307456 0.31946057766633 0.329670379016837 0.123002560242272
0.36431107334708 0.322932163513776 0.120207011301669 0.192549751837475
0.133104088892721 0.0530316308596376 0.301665702043253 0.512198578204388
0.114841146054933 0.346620155977416 0.327444175786442 0.211094522181209
0.218920352360723 0.258001903394801 0.486360945341066 0.0367167989034105
0.257331072253849 0.027765860812362 0.57589671437975 0.139006352554039
0.303674626882211 0.173595810353355 0.0387461916106084 0.483983371153826
0.2514488674909 0.212172921325902 0.303330196314448 0.23304801486875
0.223295091761919 0.0268844489653752 0.309592289228346 0.44022817004436
0.0279725388387496 0.2407986541753 0.31458705522206 0.416641751763891
0.145804826504945 0.479178991730971 0.101173713668555 0.273842468095529
0.308430643296031 0.199809727981646 0.311860839202754 0.179898789519568
0.128780480511239 0.419224759907952 0.354028066930403 0.0979666926504062
0.26507975862937 0.314510652096211 0.286349052785922 0.134060536488497
0.342475831142321 0.345818695482968 0.212196768039854 0.0995087053348565
0.236523313526933 0.162118128389075 0.427190934051998 0.174167624031994
0.370506888858124 0.354731327360838 0.151519007603566 0.123242776177472
0.109927860697318 0.279169495782563 0.544478303065395 0.0664243404547233
0.208468243876866 0.19989729138694 0.321644587787393 0.269989876948801
0.0457698711969707 0.616843860723053 0.169414814463416 0.16797145361656
0.315884073286434 0.349090780461095 0.0143023304571886 0.320722815795283
0.36741438244433 0.242094957676803 0.224146079725264 0.166344580153604
0.160500936945868 0.149588171918189 0.355004085899798 0.334906805236145
0.251701726930056 0.15102367864122 0.26049792815767 0.336776666271054
0.180797561498651 0.277412675839313 0.273948799517626 0.267840963144411
0.436315405240142 0.112784142582558 0.0975526142742926 0.353347837903007
0.385961239059072 0.411589090993814 0.0589932972516192 0.143456372695495
0.357734302134128 0.556910917910985 0.0271795064522035 0.0581752735026833
0.485838811009199 0.214369539767265 0.247547586589543 0.052244062633993
0.213492515921403 0.486988172261123 0.182879089610922 0.116640222206552
0.245592260719204 0.375711746986846 0.350575008777372 0.0281209835165783
0.092429758962065 0.00534153055322844 0.481442783016896 0.42078592746781
0.544186960494535 0.0287116996880375 0.219713465143466 0.207387874673961
0.49618018752813 0.146251955011107 0.222464269420471 0.135103588040291
0.43654544538369 0.0179728302229222 0.30548915467251 0.239992569720877
0.0864360828374982 0.319974663433645 0.308030399780548 0.285558853948308
0.059391055197975 0.367225653822916 0.0220947551949535 0.551288535784155
0.380117503327439 0.372296426946355 0.0951840466386204 0.152402023087585
0.271483593966292 0.253461412362329 0.226679590159548 0.248375403511831
0.0971145429742406 0.0811473798399778 0.383421901511997 0.438316175673784
0.213905732457966 0.331402779302543 0.235122261492793 0.219569226746698
0.136056630697766 0.450657174288544 0.287494399700265 0.125791795313425
0.327890710055129 0.178364831117216 0.345742867593215 0.14800159123444
0.188275498445215 0.111331118948492 0.362993391560553 0.33739999104574
0.436068124321107 0.0825795613027429 0.372794647959514 0.108557666416636
0.204230667484833 0.0718856348769116 0.4123016566089 0.311582041029355
0.0902024931982872 0.245177928141624 0.610093032738844 0.0545265459212447
0.321663139543821 0.292476175334305 0.362514519385881 0.023346165735992
0.509805783207369 0.15150424303676 0.185738838657944 0.152951135097926
0.0140220817226326 0.471703284889667 0.446043091548121 0.0682315418395792
0.372628346029896 0.308213241089257 0.10252266011665 0.216635752764197
0.138384934230928 0.34427332956745 0.258372475217919 0.258969260983703
0.38970636582802 0.357001716524927 0.159746716079616 0.0935452015674378
0.448894700248807 0.0794371347556368 0.452770166241981 0.018897998753575
0.0385343962100041 0.193208746468259 0.383547986411444 0.384708870910293
0.545386726256782 0.15624821832358 0.0461057947178775 0.252259260701761
0.151109604187164 0.435155804590401 0.368785082157344 0.0449495090650915
0.0821162088533947 0.400521002067826 0.262434154141546 0.254928634937233
0.11955399103705 0.174409220723907 0.270450892468492 0.435585895770551
0.171539946746865 0.274930259397129 0.276799196917798 0.276730596938207
0.0271411326876753 0.301589119697099 0.282056602111714 0.389213145503513
0.166812837526807 0.504424854686894 0.288551998628055 0.0402103091582433
0.301837497896525 0.321803586400621 0.318682915365543 0.0576760003373107
0.317730749806221 0.0296218810443888 0.342439659739895 0.310207709409495
0.307799656003303 0.21008562981601 0.146897174807759 0.335217539372928
0.171819673332967 0.320454189841758 0.150007935485705 0.35771820133957
0.18895781194379 0.284589038856461 0.0519704350082873 0.474482714191462
0.368445504706476 0.0387746294231911 0.157284469720944 0.43549539614939
0.291400118855811 0.386792376215856 0.225125700271227 0.0966818046571064
0.151011117154244 0.0999463253698028 0.566673570048481 0.182368987427472
0.479673316835858 0.111356726311804 0.275066209133507 0.133903747718831
0.382173998102683 0.320449878052782 0.0401898418630907 0.257186281981444
0.228749805114023 0.320370262423277 0.373050791528671 0.0778291409340285
0.219847022630988 0.0243289280256933 0.411438413490842 0.344385635852477
0.444842358907895 0.00273051686061598 0.375488725348406 0.176938398883083
0.381421744193057 0.374717709813249 0.0735982941895282 0.170262251804166
0.360353850476015 0.0451921136629717 0.30288578867239 0.291568247188623
0.201841528760317 0.254005350046533 0.444740912603105 0.0994122085900449
0.154956753860869 0.126985856042025 0.249735075798966 0.46832231429814
0.212735952027299 0.149365766225788 0.235593753329556 0.402304528417356
0.204513380805972 0.162901472641011 0.399703786406039 0.232881360146978
0.448452610373945 0.367642824855068 0.111422140989559 0.0724824237814284
0.0478204956239391 0.327776205412818 0.336553012215178 0.287850286748065
0.300206149297285 0.371323241223637 0.134697470653015 0.193773138826063
0.352453875703878 0.256586745792228 0.192446979160691 0.198512399343204
0.310808016427347 0.363912670607778 0.0777462501530054 0.24753306281187
0.0430943115992083 0.271770816827694 0.378674313130596 0.306460558442502
0.0987652739149469 0.443407538317402 0.0696236622726238 0.388203525495028
0.143735490859964 0.508353058116855 0.344922845898993 0.00298860512418902
0.186621020838494 0.200782330191154 0.346406332912463 0.266190316057888
0.512808596404109 0.0493515460546285 0.130187897289126 0.307651960252137
0.0886964697634274 0.407274430402765 0.250622871604537 0.25340622822927
0.198290508143449 0.2642787458933 0.50465315154435 0.032777594418901
0.254834749467586 0.173524510420828 0.253293473571777 0.318347266539809
0.122207770516374 0.462276922323114 0.241881511094427 0.173633796066085
0.177865659680662 0.263894409303203 0.288327949680884 0.269911981335251
0.0960577013796828 0.234956904022034 0.323302620142614 0.345682774455669
0.126255216049583 0.154729391112772 0.442694145263505 0.276321247574139
0.163833017825192 0.235967074271626 0.308360992601137 0.291838915302045
0.104805874162269 0.327318695258998 0.0669286397449654 0.500946790833768
0.379489638526883 0.0667741475166147 0.349458779370354 0.204277434586148
0.338956476154441 0.306773537493444 0.195330852489638 0.158939133862477
0.184055352888983 0.417530686781728 0.0838677489363046 0.314546211392985
0.248914586316274 0.0920101642569991 0.378418594931922 0.280656654494805
0.0185482557595166 0.371678686437436 0.307870229298559 0.301902828504488
0.0764743046213968 0.323118058978332 0.332359232604044 0.268048403796228
0.271426329662131 0.431699998262882 0.243060036450218 0.0538136356247694
0.290954106725087 0.298853249847167 0.251816833268998 0.158375810158749
0.306228572362444 0.200489790333175 0.290711105340272 0.202570531964109
0.0774803022656556 0.385841649038106 0.177596314240013 0.359081734456226
0.19179706218457 0.466218996201612 0.0040448487054713 0.337939092908346
0.294750251815765 0.341649895073169 0.213499463835928 0.150100389275139
0.0886526719241587 0.108682810213939 0.39700050063431 0.405664017227593
0.2073724397908 0.213654444618586 0.097110130097579 0.481862985493036
0.374203737629983 0.186880694326512 0.342561697184242 0.0963538708592631
0.0534611528365767 0.600865301994819 0.0830901946868128 0.262583350481792
0.508898541118135 0.0178006626714977 0.428283603175034 0.045017193035334
0.684486798662532 0.177191919026251 0.0475323156805295 0.090788966630687
0.30880016327422 0.284679857599459 0.0675173290732887 0.339002650053032
0.506418731630892 0.0626843134342513 0.211786358045303 0.219110596889553
0.0415719251212492 0.350169046374527 0.48467976919101 0.123579259313213
0.358555446626692 0.372175425859525 0.183542042657086 0.0857270848566968
0.435832604209596 0.00674094325321618 0.0226843842279903 0.534742068309197
0.187761238151165 0.319899079163592 0.379095550529354 0.113244132155889
0.34723446513263 0.0979097539902127 0.0926003312788087 0.462255449598349
0.287932986784038 0.181184398427855 0.0200475410371476 0.510835073750959
0.14752431114346 0.15344026204686 0.374997049654689 0.324038377154991
0.281313623087019 0.220438197237549 0.00133314530532388 0.496915034370108
0.438832839135289 0.145803135319664 0.366519380640826 0.0488446449042202
0.0312243830952432 0.293276507328897 0.581410449660159 0.0940886599157012
0.265642822702266 0.103754471395105 0.366593204269284 0.264009501633344
0.153220389817726 0.184629892743854 0.0841577680043688 0.577991949434051
0.22215657643037 0.290682305149745 0.323801136004419 0.163359982415466
0.137301211634651 0.168595943802456 0.295886617363856 0.398216227199037
0.244499265779993 0.446959066066738 0.033548894524581 0.274992773628689
0.293463347858795 0.119661169478231 0.269770000235021 0.317105482427952
0.106840426983272 0.0723127413975422 0.769389298930418 0.051457532688767
0.303052572043704 0.315458923191238 0.251288217373764 0.130200287391294
0.204266504191582 0.382445324136533 0.338844269203108 0.0744439024687768
0.704159899453673 0.119807846509608 0.137949936939411 0.0380823170973085
0.337866080607312 0.011784869367464 0.488118495195028 0.162230554830196
0.313380325008725 0.0587430401823976 0.212225077471711 0.415651557337166
0.132483436409866 0.176714290640961 0.407370617106662 0.283431655842511
0.0540154800189623 0.333408675119613 0.228253324410956 0.384322520450468
0.296041051823097 0.274509303131108 0.183958753990799 0.245490891054996
0.112607652934335 0.3144032800188 0.466230544003652 0.106758523043213
0.240158637780581 0.0311963540708607 0.298889889023596 0.429755119124962
0.206765400693992 0.267719921978065 0.409413095617601 0.116101581710341
0.291946070633963 0.299194314874005 0.298145729197428 0.110713885294604
0.295648510171032 0.339708097909684 0.273400543723058 0.0912428481962256
0.406660022250913 0.151980015310723 0.305768343240229 0.135591619198135
0.146592226515859 0.50082573790441 0.29526088299698 0.0573211525827504
0.312841119757192 0.063311682061242 0.420088498462706 0.203758699718861
0.334467162095433 0.334899891413831 0.267693074950941 0.0629398715397946
0.35032146254641 0.133010430474017 0.212641251825037 0.304026855154536
0.330372148564442 0.284729861229308 0.206018391231644 0.178879598974606
0.0922079437293276 0.348421300081259 0.368129048071241 0.191241708118172
0.290040997871282 0.00801495654598787 0.270045604813358 0.431898440769372
0.281427126823706 0.292091065981774 0.157722393583019 0.2687594136115
0.547929759353306 0.045505707957604 0.171256605617607 0.235307927071482
0.0395238672309209 0.266939679489918 0.349965709165441 0.34357074411372
0.48162378965981 0.143490832351892 0.121140918789746 0.253744459198552
0.20466968715664 0.190889935999774 0.325449692156809 0.278990684686777
0.319715393099949 0.157416120370092 0.395581984562649 0.12728650196731
0.261691088973203 0.320006062854169 0.217357307727907 0.200945540444721
0.0403063217271963 0.463672375628302 0.0428948232272233 0.453126479417279
0.188526434278204 0.319010588767162 0.46301380947144 0.0294491674831943
0.400706469509764 0.131607361148955 0.242448571691327 0.225237597649954
0.00780924785650621 0.067003851662437 0.73848332269239 0.186703577788667
0.311222813488317 0.34840619687384 0.160879094043267 0.179491895594576
0.385881188093423 0.229847486456028 0.26885928146862 0.115412043981929
0.429819845452944 0.37190599503166 0.0601089289080862 0.13816523060731
0.0467945227909107 0.10452441578667 0.462844962620453 0.385836098801967
0.178940936198717 0.13332621893558 0.334094731554548 0.353638113311154
0.138839688518499 0.250037257120489 0.237439050099802 0.37368400426121
0.0792811646769458 0.213025873728703 0.206779384731538 0.500913576862812
0.178248224106954 0.140333816108596 0.287177617052044 0.394240342732407
0.0143106553442693 0.0110267249452962 0.156963102382204 0.817699517328231
0.140000470903194 0.348632985031553 0.173849471895211 0.337517072170042
0.227039981518471 0.42082446536383 0.138574835915514 0.213560717202186
0.316911379246433 0.190818071461868 0.243156036703546 0.249114512588153
0.347290801148772 0.225402911065988 0.0892952350539516 0.338011052731289
0.337673705688778 0.0555441209101462 0.404229707823353 0.202552465577723
0.259757539755416 0.192743530437466 0.486799042910075 0.0606998868970432
0.217616989051287 0.0985053622644884 0.412660400981711 0.271217247702513
0.258342068939583 0.31769215071056 0.164189337791756 0.2597764425581
0.418728838232254 0.0382965428023965 0.186683894999868 0.356290723965482
0.288517372300156 0.186611004641386 0.314996641411775 0.209874981646684
0.176462259564322 0.30528780313932 0.325446787542994 0.192803149753364
0.360678111874868 0.274404521075268 0.313847355632217 0.0510700114176476
0.0930645145133939 0.11892465012354 0.396557341083397 0.391453494279668
0.583908082436475 0.0507359235062649 0.047794084819793 0.317561909237467
0.183912268197796 0.311203879483986 0.309560440165277 0.195323412152941
0.140093181294576 0.276975748858246 0.469553288852213 0.113377780994965
0.088980130293948 0.292951426148091 0.393377667767654 0.224690775790307
0.385237176947429 0.128318216978043 0.326228392127075 0.160216213947453
0.142810328276605 0.284790978973157 0.197632627052263 0.374766065697975
0.0440531982030756 0.216598213856077 0.338924521065663 0.400424066875184
0.453014397803671 0.104033656485963 0.422236400008307 0.020715545702059
0.188796339250677 0.349347700552733 0.238734591999468 0.223121368197123
0.366577212523199 0.154851789992722 0.314020160357506 0.164550837126574
0.276058583123834 0.356882410737179 0.173004517455713 0.194054488683275
0.38394129312088 0.183440736503842 0.202726670412817 0.229891299962461
0.310847549284196 0.171570136347399 0.232646851270021 0.284935463098384
0.342461348448955 0.323524652425007 0.195433241062515 0.138580758063522
0.343602107140705 0.226554219432291 0.376088522638596 0.053755150788408
0.13035849831002 0.53650068570292 0.087269970186795 0.245870845800265
0.492173119874973 0.306508669681681 0.0493930954543497 0.151925114988996
0.373990438649715 0.197038050541399 0.417006108870713 0.011965401938173
0.190252762222911 0.275083312669527 0.257591709247326 0.277072215860236
