0.315368878218502 0.0518603652139078 0.51036644026194 0.12240431630565
0.126360185024186 0.0560160907241871 0.71181431306609 0.105809411185537
0.14237873915869 0.243239288554936 0.338888770502233 0.275493201784141
0.438061859495882 0.215774948480842 0.307767406429616 0.0383957855936605
0.215717224822137 0.330643940712326 0.235660902969597 0.21797793149594
0.346455579881394 0.200237228561631 0.112783370078648 0.340523821478327
0.240044643303949 0.180712834362936 0.383809750713629 0.195432771619487
0.161781761523953 0.399489575160755 0.0377594187608346 0.400969244554457
0.310201771124763 0.335288933119278 0.130757255906926 0.223752039849033
0.332688060652618 0.164159285286331 0.221738648328267 0.281414005732784
0.360837375912066 0.294108301904458 0.126385566746134 0.218668755437341
0.262352403481891 0.316587280739271 0.309592636146823 0.111467679632015
0.226488067954162 0.218823063138131 0.250102979504946 0.304585889402761
0.331700103534006 0.278883218756166 0.0761087045476864 0.313307973162141
0.0255427273147956 0.16560248156844 0.45706951524012 0.351785275876644
0.1890744274766 0.310399804320608 0.268380505734985 0.232145262467807
0.417967942481711 0.0928885338758318 0.230618220007113 0.258525303635344
0.417493495720322 0.150505354200806 0.0408950684626803 0.391106081616192
0.308763420152189 0.312253291401809 0.0635873236063642 0.315395964839638
0.150689169296616 0.332391355969051 0.239565965883949 0.277353508850384
0.397721309308604 0.0677309161964605 0.161262270134585 0.373285504360351
0.432655017873391 0.100253490715854 0.154126871638148 0.312964619772608
0.224705891443944 0.258725914878797 0.345961883188185 0.170606310489074
0.15089248093302 0.437079101009185 0.360938371965845 0.0510900460919497
0.102598924614054 0.392271943677487 0.122938900839096 0.382190230869363
0.333747330804268 0.630842772544408 0.0240326943661509 0.0113772022851725
0.262535677044155 0.0388309331015087 0.238670447647424 0.459962942206913
0.366703880384947 0.289217557706123 0.0406157938984895 0.30346276801044
0.240446410779924 0.268287606090159 0.125951478254939 0.365314504874979
0.375161233289365 0.154017032212978 0.116354137182979 0.354467597314678
0.208485155314879 0.0228260235679397 0.352136438898834 0.416552382218347
0.666376836348579 0.10280681278853 0.0485843113844895 0.182232039478402
0.0547272425141598 0.258005449588499 0.0772438095278444 0.610023498369497
0.111715766475371 0.0196487382151966 0.666773667265734 0.201861828043698
0.288115778443715 0.088036363989693 0.309974759580361 0.313873097986232
0.20963127236334 0.169101354371776 0.202384900720315 0.41888247254457
0.21873829283647 0.325302121185315 0.0566407636031832 0.399318822375031
0.0882050924632399 0.518298023529685 0.177940581099068 0.215556302908008
0.0146846083451398 0.109826848375932 0.407700531221338 0.467788012057591
0.182919019663829 0.28503878778468 0.201931071843804 0.330111120707686
0.328595415101797 0.200762552621546 0.323473786500916 0.147168245775741
0.412327713345277 0.184231813923275 0.388092644475717 0.0153478282557303
0.238696146569515 0.259875496614204 0.269975932244085 0.231452424572196
0.178965318638602 0.215590639476085 0.286190895651236 0.319253146234078
0.23819881224155 0.332318036406277 0.0851678444947876 0.344315306857386
0.397013221760889 0.200477479511592 0.229044176847199 0.17346512188032
0.454584079820627 0.0930075294939497 0.261026713242302 0.19138167744312
0.0463380233339572 0.256310071284839 0.346635195097709 0.350716710283495
0.0336902709127635 0.406650567425482 0.270125284190363 0.289533877471392
0.403825301967278 0.0505255401454863 0.226147748130911 0.319501409756325
0.118458629549792 0.340858860907012 0.166361753727452 0.374320755815744
0.378434864466106 0.25819760871392 0.0841925623689257 0.279174964451049
0.329909190032087 0.17093945989395 0.231162134240048 0.267989215833916
0.254419443776804 0.139797274496093 0.224699701194644 0.38108358053246
0.116185267363976 0.118720157373609 0.353235729522146 0.411858845740269
0.577669653903308 0.295558688021798 0.094106280658989 0.0326653774159046
0.107697005993574 0.403780504580905 0.0512653412060538 0.437257148219466
0.286141430460297 0.201398549514859 0.357577822201497 0.154882197823346
0.0221919009029824 0.525888116449084 0.262412504554695 0.189507478093239
0.360590662481889 0.376106991611956 0.125554873105959 0.137747472800196
0.134023819559432 0.169599163402647 0.651585095220688 0.0447919218172319
0.315791141531822 0.368406062548744 0.25656846938777 0.0592343265316644
0.270989064125499 0.162505349449472 0.377607303936665 0.188898282488365
0.105175908400446 0.326721158862265 0.0905975325530837 0.477505400184205
0.0446993075006192 0.275346343427184 0.308787574720551 0.371166774351646
0.372091221480044 0.238197130232542 0.0784464867213824 0.311265161566031
0.192407328854056 0.0437306794962617 0.257506184968378 0.506355806681304
0.353562806992688 0.190256335643915 0.44536367415641 0.0108171832069862
0.150889069108619 0.225950116274448 0.291715066718175 0.331445747898758
0.290643799876736 0.0165111988431267 0.680492689732917 0.0123523115472198
0.0859648540865949 0.367653309977998 0.316086061628526 0.230295774306881
0.310430981188596 0.28977669807036 0.208679519279968 0.191112801461076
0.270196255215702 0.354395918534244 0.0457802712006173 0.329627555049436
0.316560240506604 0.188055039242579 0.484922549480116 0.0104621707707004
0.451826032800807 0.269510533838631 0.121879868311267 0.156783565049294
0.206452883194462 0.279195882975577 0.32107208608949 0.193279147740471
0.139561215262869 0.60077118427407 0.21990891050921 0.0397586899538509
0.465576586913086 0.329475314675044 0.154850990458533 0.0500971079533375
0.205666377797148 0.146840442140906 0.341805968066371 0.305687211995574
0.690407842766273 0.00983259899876136 0.00819389730126068 0.291565660933705
0.35432491171719 0.176026285552338 0.163758777903106 0.305890024827365
0.305806722520027 0.322872973041367 0.181313643177884 0.190006661260721
0.258178405120077 0.0336075610777576 0.270947504308122 0.437266529494043
0.497819803848 0.0063818303580926 0.406814548155733 0.0889838176381739
0.266312662005914 0.331144189646176 0.0786594331301576 0.323883715217752
0.188685107810865 0.3999006687903 0.344263864791886 0.0671503586069482
0.293344861395629 0.128359031739232 0.500295663637376 0.0780004432277624
0.141929064881067 0.209803916389699 0.378462206247084 0.26980481248215
0.313335459330516 0.0254295816649553 0.189940531515174 0.471294427489355
0.338229062648499 0.204083144198943 0.188212169845994 0.269475623306563
0.172303001991449 0.297898694524895 0.307211390412044 0.222586913071612
0.224034070893817 0.0850767669209868 0.405230002893007 0.285659159292189
0.341342655277245 0.0652138338336692 0.287075130479441 0.306368380409645
0.198112779743139 0.0879948690289151 0.363053122749881 0.350839228478064
0.386840654823655 0.170363140964785 0.0771765456541483 0.365619658557411
0.358721794166493 0.0766352286397297 0.423001049435939 0.141641927757838
0.0202086233239567 0.416420458127734 0.363839079894611 0.199531838653698
0.228583945342065 0.290737007594952 0.392536357924917 0.088142689138066
0.357453273442804 0.162312898942609 0.13623211815359 0.344001709460997
0.0675869180610531 0.268407322575718 0.32741554785411 0.336590211509119
0.304607285334378 0.235759913242116 0.198695816137984 0.260936985285521
0.343835620694966 0.340505987741369 0.243394424547422 0.0722639670162433
0.383186935802414 0.0801478975181137 0.182334184285215 0.354330982394258
0.0822167541134152 0.268225685115415 0.28067691248023 0.36888064829094
0.174737250495176 0.185667526752897 0.418707838734494 0.220887384017434
0.0217893189616339 0.260045785758593 0.310806782341642 0.407358112938131
0.276738891327172 0.39700497687196 0.266508239843659 0.0597478919572083
0.231088119614093 0.300514556013548 0.187364025827178 0.281033298545181
0.337482052467069 0.239359825693409 0.236851899343861 0.186306222495662
0.162518678581339 0.273328836104546 0.418378668634621 0.145773816679494
0.314477379771852 0.0448838821533694 0.269016748534789 0.371621989539989
0.158256976620839 0.161660483319475 0.422493342868428 0.257589197191258
0.139827119131368 0.290474463368927 0.265195517812536 0.304502899687169
0.270533221181592 0.29422242321529 0.26725089578457 0.167993459818548
0.304128116937769 0.112927797873824 0.223600560849897 0.35934352433851
0.190451348450844 0.283852985656242 0.321131865808847 0.204563800084067
0.4036243478407 0.332995524404448 0.140276285248407 0.123103842506446
0.252859623100709 0.538587826616067 0.0248771433994911 0.183675406883734
0.340625731446595 0.0637811733442706 0.356703461462832 0.238889633746302
0.357116433825362 0.340269308658759 0.00649873923957432 0.296115518276305
0.463880840960364 0.432308363257876 0.0678609460075137 0.0359498497742468
0.270944965144203 0.273499317353039 0.230659315158186 0.224896402344572
0.361283317027285 0.0980922621636074 0.239786534507758 0.30083788630135
0.322243740537065 0.0147469611328268 0.336195372607954 0.326813925722154
0.13908242520644 0.27136310674982 0.00254318025535628 0.587011287788383
0.262204610028734 0.0957941468592781 0.233678052165389 0.408323190946599
0.257419200885068 0.022523613302889 0.216991418739226 0.503065767072817
0.331395609306832 0.354544759950811 0.155928724543582 0.158130906198776
0.353573911568274 0.117105653371706 0.303904862916122 0.225415572143899
0.586689599990905 0.294858572589014 0.0334258483501519 0.0850259790699292
0.338310788052473 0.323179801414163 0.0440919850860015 0.294417425447362
0.298273622808126 0.204423952105406 0.298322145572438 0.19898027951403
0.301885103162783 0.0902404173943329 0.444348578746995 0.163525900695889
0.457989382717067 0.367094410067735 0.125052303300086 0.0498639039151112
0.191523969995413 0.192235046147764 0.396632851796094 0.219608132060729
0.0466186631743616 0.245120646057552 0.23098033907272 0.477280351695366
0.359374429735428 0.06324648432786 0.274081806656156 0.303297279280556
0.780975139006074 0.0292722095438319 0.0820319688335543 0.10772068261654
0.0343858293924175 0.184410901876673 0.446919941796113 0.334283326934797
0.198592242681636 0.439528406214387 0.20654997670284 0.155329374401137
0.0173505222631276 0.391249165558806 0.170193532723303 0.421206779454764
0.286836452664064 0.313417900726842 0.0960500575121293 0.303695589096964
0.22948438228346 0.256857740101865 0.18422250676987 0.329435370844805
0.342152962392172 0.284865002504478 0.287720457612869 0.085261577490481
0.41876924285428 0.0659232673342116 0.0731259574294052 0.442181532382103
0.341673156940048 0.304498394873323 0.240825110398654 0.113003337787974
0.19679939567543 0.488150975892594 0.0602432407011172 0.254806387730859
0.150700721967583 0.437299879090989 0.213949232480022 0.198050166461405
0.256346805184575 0.294902399776835 0.261111307426785 0.187639487611804
0.152244240528057 0.290845536120832 0.161486878729682 0.395423344621428
0.219820243070701 0.192301833494224 0.329924717311929 0.257953206123147
0.27147603771376 0.176273330745433 0.218905267855943 0.333345363684864
0.196814784665862 0.223528007736295 0.531366255385964 0.0482909522118796
0.389326137853611 0.345553831216279 0.114455125084701 0.150664905845409
0.373777599521791 0.186453893104656 0.35866824537466 0.0811002619988932
0.158280186071731 0.303082933313646 0.376214658926595 0.162422221688028
0.338753074864934 0.21230853696378 0.232741168566671 0.216197219604615
0.258726625711786 0.320411090206025 0.231751102153965 0.189111181928224
0.165960763565214 0.233721538544008 0.333188855256598 0.26712884263418
0.304503409770865 0.2983934482564 0.00185979185774645 0.395243350114989
0.349099145071398 0.0701669869757857 0.102235848921894 0.478498019030922
0.609363162056097 0.181140860082375 0.0845972769425556 0.124898700918973
0.183054539150354 0.200928584881982 0.225459549233022 0.390557326734642
0.0481589590257545 0.0794373076972761 0.194239864382604 0.678163868894366
0.18927314622389 0.379318510369539 0.236037236071668 0.195371107334903
0.250330083620126 0.31582368396337 0.151296589826281 0.282549642590222
0.325941662724655 0.00144556309285964 0.209324627234201 0.463288146948284
0.351930799621334 0.0199531579726227 0.161385840206503 0.46673020219954
0.287822260736043 0.182651649287641 0.188471717939488 0.341054372036828
0.415893434096518 0.0775667157212292 0.0705611426530852 0.435978707529168
0.00724614243251037 0.202748714294369 0.37617847786096 0.41382666541216
0.155480314677901 0.0992559908728697 0.323430571150271 0.421833123298958
0.355679739386784 0.202636584544556 0.438167503269958 0.00351617279870163
0.00420736990562416 0.0827034896343119 0.423060362259494 0.490028778200571
0.0490355771723729 0.153196586293755 0.399519909001409 0.398247927532463
0.109931693548835 0.390566034833128 0.0495890655093711 0.449913206108666
0.259223674650708 0.159466580004966 0.23393566995508 0.347374075389246
0.13152784990138 0.32077281330693 0.330349463925921 0.217349872865768
0.328661475337553 0.296459477521437 0.184325069819536 0.190553977321474
0.276499251811247 0.00425927780429827 0.209314699337969 0.509926771046485
0.224986030075014 0.360858874289116 0.0187956089380671 0.395359486697803
0.328149185151433 0.0488775048384901 0.58797865393538 0.0349946560746965
0.328370978584054 0.294130398778266 0.108324530715577 0.269174091922103
0.227292228808743 0.418462630164332 0.259955697226931 0.094289443799994
0.335588870844612 0.228184264181272 0.407891948645577 0.0283349163285395
0.208688529080982 0.302031710498073 0.435264113590589 0.0540156468303561
0.399006515425914 0.317572704308971 0.204164772241856 0.07925600802326
0.257308193977424 0.0411862270889501 0.542140342363434 0.159365236570192
0.21323524242792 0.263735955303232 0.22931532056352 0.293713481705328
0.389966434070712 0.140675013622915 0.162109960325275 0.307248591981099
0.237281635862415 0.0928436099281949 0.331947896359042 0.337926857850349
0.409510657106431 0.316555718997516 0.0126964580317777 0.261237165864275
0.31575287674518 0.304586917936961 0.166801290677341 0.212858914640519
0.227127764409309 0.370976419989764 0.186652905459821 0.215242910141105
0.341738353210129 0.296158021621273 0.332455885225816 0.0296477399427825
0.000807709584386927 0.345091372083466 0.417792599430395 0.236308318901752
0.141951141742693 0.143990840142313 0.341281787058526 0.372776231056469
0.124236046073277 0.132069311260295 0.133971049676199 0.609723592990229
0.136814370452538 0.209901270076437 0.183834350883112 0.469450008587913
0.204603185626625 0.318295060148286 0.219967288469921 0.257134465755168
0.372042966323792 0.103167948511713 0.147669868441516 0.377119216722979
0.358126489967386 0.139500864960285 0.133116748477169 0.369255896595161
0.0546490379881377 0.586058837078027 0.266016691520024 0.0932754334138111
0.451807224112658 0.0587977703554694 0.484653361819024 0.00474164371284891
0.419542616571147 0.408309881636275 0.159483608403709 0.0126638933888689
0.177031600003193 0.0393257861414518 0.476190616006031 0.307451997849324
0.203832480055364 0.394130888094008 0.0501900504414357 0.351846581409192
0.253667281403524 0.255281780942812 0.266131803293852 0.224919134359812
0.407189987891638 0.259446111066926 0.024277474068797 0.309086426972639
0.419319162160302 0.188690832945667 0.3259837528475 0.0660062520465314
0.0177485842033456 0.205781953322664 0.566277505203664 0.210191957270326
0.204583439887407 0.453682249003568 0.101610862990011 0.240123448119014
0.274647247296939 0.126276586142903 0.271225650628308 0.32785051593185
0.385509004428296 0.247175221807222 0.310230581417798 0.0570851923466844
0.366274745734051 0.339770006643128 0.156879184513786 0.137076063109034
0.105791834215844 0.168853237443212 0.320453795264016 0.404901133076928
0.163129843929509 0.222560700653038 0.308291627608963 0.306017827808489
0.132428646082223 0.211535961000889 0.315257099865661 0.340778293051226
0.0483936738370722 0.181546897397354 0.445042458754501 0.325016970011073
0.243145180025093 0.182690867243699 0.427981151075108 0.1461828016561
0.304367305124516 0.457366085236019 0.17238624791948 0.0658803617199851
0.411032758807203 0.0551345032556 0.166507670532721 0.367325067404476
0.426974035371501 0.371714475246752 0.140842888375916 0.0604686010058314
0.358315147475931 0.224537720168091 0.213631451574937 0.203515680781041
0.377267724165066 0.131566229233435 0.211901983307154 0.279264063294345
0.290206674016019 0.0788529710601516 0.320456850303396 0.310483504620434
0.27598966986605 0.378949622168873 0.0873751837577736 0.257685524207304
0.142529960346157 0.306002930989256 0.16004591074984 0.391421197914747
0.295808787632419 0.123050490088015 0.288404858602292 0.292735863677274
0.0501171536588326 0.407058728268461 0.0790446578344731 0.463779460238233
0.358270334077612 0.45617887969637 0.00182319864534494 0.183727587580673
0.24616723992307 0.145151330092157 0.394029417394086 0.214652012590686
0.213386269057408 0.311965072182416 0.222135970326777 0.252512688433399
0.343685031601542 0.179057759896436 0.249672431319464 0.227584777182557
0.0329490475644061 0.42700301131732 0.133728843396593 0.40631909772168
0.257416353299406 0.665776111915192 0.0173351369962311 0.0594723977891708
0.271863331608772 0.321794675743249 0.197672177029787 0.208669815618192
0.3515129777944 0.0405279751758437 0.469491170687805 0.138467876341951
0.23786782926284 0.219763034992088 0.328961460424313 0.213407675320759
0.224697241007827 0.512429947665937 0.120751622345687 0.14212118898055
0.253233066560638 0.110615806958781 0.200619534385348 0.435531592095233
0.176215225359283 0.384639397426537 0.0380350570981512 0.401110320116028
0.218787363296631 0.174308525495484 0.300048547486828 0.306855563721057
0.315654659097689 0.237578772026261 0.180919916035376 0.265846652840674
0.35220439826866 0.251274744008108 0.22943043848747 0.167090419235761
0.443665761991889 0.186185766067759 0.0619209145548258 0.308227557385526
0.128434723976267 0.101841649329155 0.395828784979387 0.373894841715192
0.288566703303448 0.336919242955878 0.020856612931024 0.35365744080965
0.195530975542206 0.34230698185306 0.138927305001422 0.323234737603313
0.179765898497531 0.325181022939747 0.210115391075133 0.284937687487589
0.0413518820611667 0.35612867846617 0.271650521216152 0.330868918256511
0.127110580316037 0.24555713320381 0.354521970581066 0.272810315899087
0.228398008041335 0.120299570551755 0.412314117086092 0.238988304320818
0.36150111530566 0.25218890667222 0.30820831225817 0.0781016657639509
0.337294412731482 0.32450367789291 0.169587915435914 0.168613993939694
0.156337191241782 0.400102395630362 0.260522076143262 0.183038336984594
0.481412936304868 0.153495132301777 0.304976719338268 0.0601152120550878
0.227890975330701 0.267708415745064 0.200120416906338 0.304280192017897
0.037358638582455 0.350009732246347 0.583071166892468 0.0295604622787301
0.104282709790583 0.207718099057413 0.446196884827351 0.241802306324652
0.152580167949005 0.150495915616982 0.0159958763922806 0.680928040041732
0.124058632638186 0.32854260659056 0.328673053426024 0.218725707345231
0.15345201716039 0.352291902245381 0.397561874330832 0.0966942062633966
0.19848984568696 0.145355517144383 0.353115697761225 0.303038939407431
0.342188350288045 0.152895878289102 0.171908692643346 0.333007078779507
0.119989357211372 0.236421722155895 0.328802144052053 0.314786776580681
0.199952867200176 0.134326014970187 0.0735666227804436 0.592154495049194
0.179231270925693 0.138893302670394 0.407452783075369 0.274422643328544
0.135123027093867 0.336456412752486 0.382332059664471 0.146088500489176
0.250802674312505 0.268282561383817 0.324008836425397 0.156905927878281
0.521197095249466 0.127579449468627 0.28833870016296 0.0628847551189462
0.299748735795803 0.0650922548793222 0.292239148647111 0.342919860677764
0.114572491593847 0.480816693858361 0.0599095205412768 0.344701294006516
0.0770025308424605 0.0617938960097314 0.601316860448018 0.25988671269979
0.15268890146721 0.32353391337567 0.259117588600797 0.264659596556323
0.0210698553058805 0.332321912488417 0.278789219479462 0.367819012726241
0.318867777559133 0.285853975073498 0.15908010699925 0.236198140368119
0.00310517794229239 0.163042153286176 0.465298379123542 0.36855428964799
0.14340514252536 0.341808682375233 0.187281018156758 0.327505156942648
0.407588486677616 0.0415235060725381 0.156908544250147 0.393979462999699
0.275172622719867 0.342064143659632 0.105325091355371 0.27743814226513
0.410825448306601 0.148829419826465 0.416054894257554 0.0242902376093794
0.124369304639102 0.531899776926314 0.0809523143177345 0.262778604116849
0.258933404667098 0.391193910216875 0.008190151111424 0.341682534004603
0.256046359253474 0.348434511902686 0.374080081010384 0.0214390478334566
0.153597535806465 0.031269174335169 0.388439239289408 0.426694050568958
0.0965404926441217 0.349670626771497 0.102266070872208 0.451522809712173
0.406991357775127 0.131421299113793 0.154048971055816 0.307538372055265
0.391383979644417 0.0233280901280526 0.354234945385085 0.231052984842446
0.324735873577105 0.276469632681267 0.054565465919282 0.344229027822346
0.189702759106323 0.334643420456832 0.225442382117264 0.250211438319581
0.12905273075244 0.144268157117664 0.4586198034329 0.268059308696995
0.275512628821045 0.27498400088534 0.294156236200141 0.155347134093474
0.367619792790219 0.336580672882811 0.266373961957603 0.0294255723693666
0.269258652489866 0.200302190385562 0.280197000357185 0.250242156767387
0.0191484935572359 0.663778442757243 0.310356953394773 0.00671611029074887
0.13842414132763 0.458024091411413 0.0937510609258767 0.30980070633508
0.226908075540439 0.290409387113475 0.158829334579475 0.323853202766611
0.361039699204801 0.0656144164237134 0.214895457756215 0.35845042661527
0.0207317580631229 0.0632268119053507 0.629654924486408 0.286386505545118
0.158629351853476 0.390526706021469 0.284624817022237 0.166219125102819
0.28352743403435 0.225463375007024 0.319339573016755 0.171669617941871
0.350933978705311 0.0894088750008836 0.369573095600281 0.190084050693524
0.155568121244012 0.277521848057687 0.225983189609528 0.340926841088773
0.0145840343804751 0.447886062651715 0.288267827111247 0.249262075856563
0.520426389861112 0.413091642807342 0.0134309692592841 0.0530509980722624
0.020539716843336 0.0125595585167642 0.678304990776684 0.288595733863216
0.401648850386713 0.286266607511354 0.275534502880318 0.0365500392216147
0.0261452613421755 0.363932692100586 0.353308299729165 0.256613746828074
0.33817551093793 0.0624352095983633 0.45500549180861 0.144383787655097
0.272770844288031 0.181371306083216 0.163709572678058 0.382148276950695
0.373878494810093 0.293558694113155 0.236108684536932 0.0964541265398198
0.0489494800438771 0.460864361352647 0.0645107781888396 0.425675380414637
0.0913224330919732 0.33818029343512 0.332296499239661 0.238200774233246
0.0589888379050513 0.315315426291519 0.217503976076061 0.408191759727369
0.266480478583579 0.294674768917392 0.141154722013579 0.297690030485449
0.415981602834723 0.0842266113388037 0.1131640073753 0.386627778451173
0.428537594793639 0.302861979998241 0.0233791967039923 0.245221228504127
0.189057513951639 0.399346142713985 0.0342268639145621 0.377369479419813
0.206537230019228 0.35676249378321 0.367929371392447 0.0687709048051158
0.115163482709885 0.182457700676577 0.307324228700172 0.395054587913366
0.362685337176306 0.0693610311231662 0.120572901037344 0.447380730663184
0.343104623766779 0.108913616635584 0.145162895709979 0.402818863887658
0.241631333989751 0.287983804818801 0.287501430971556 0.182883430219892
0.277543982595367 0.0466612340668358 0.344429328920538 0.331365454417259
0.224398471577314 0.246458869295469 0.282309152445803 0.246833506681414
0.419079684735688 0.0439368986661927 0.287754897183276 0.249228519414843
0.261723249518938 0.250436966170168 0.423585534452189 0.0642542498587051
0.223722827024969 0.364178417821421 0.385272862125168 0.0268258930284421
0.588180269611689 0.212331298375011 0.0576773887572513 0.141811043256049
0.0705814025249816 0.304911613159035 0.214045456039164 0.410461528276819
0.198881719311309 0.0904227593317449 0.674750616380156 0.0359449049767901
0.47059469915217 0.0573269527932922 0.0400142556933723 0.432064092361166
0.106333565410598 0.433204620789036 0.13289830354068 0.327563510259685
0.470550959642356 0.33522049617249 0.0381665440299828 0.156062000155171
0.111615816563745 0.497886905042638 0.108951071564869 0.281546206828748
0.343504183758371 0.164336818994366 0.13843472091335 0.353724276333912
0.225006198294658 0.128949134192507 0.269759178244322 0.376285489268513
0.0647243797696233 0.498113931268713 0.244886018232655 0.192275670729009
0.157184298902776 0.417889840989114 0.186744296018921 0.238181564089189
0.413573763076717 0.259357754707178 0.238545540516476 0.0885229416996289
0.309920476145679 0.0686827149410443 0.592487380885365 0.0289094280279115
0.148868998640486 0.467227598304551 0.168414358453078 0.215489044601885
0.327153046254813 0.291635460539753 0.109915900520498 0.271295592684936
0.221845139839028 0.309342685280183 0.219248705497742 0.249563469383047
0.419664809312679 0.184116738104411 0.283050110473942 0.113168342108968
0.482441309242045 0.172912312383478 0.0827675924148681 0.261878785959609
0.239256412529784 0.58465837200025 0.164383699044039 0.011701516425927
0.104660117422613 0.410221234272319 0.327517926810409 0.157600721494659
0.319968900398964 0.122652400150448 0.305508528096454 0.251870171354134
0.158988761566565 0.508950139251666 0.288532506821115 0.0435285923606537
0.2835313985294 0.133285332379206 0.474141271853617 0.109041997237778
0.184308885953948 0.148912853464875 0.324368702331271 0.342409558249906
0.321072581658805 0.109591604396108 0.396571463099687 0.1727643508454
0.180009923746494 0.188088230633948 0.408162285779332 0.223739559840226
0.329706102262278 0.399487674691026 0.00803477882465739 0.262771444222039
0.252503028741943 0.331833175606851 0.0431516879041847 0.372512107747021
0.535914353470881 0.144582808538406 0.0970030614882654 0.222499776502447
0.26880367406963 0.305129382288454 0.154432369706198 0.271634573935717
0.0275371396651035 0.146607351827601 0.323649465025997 0.502206043481299
0.393705721084788 0.16077509789033 0.415249059588301 0.0302701214365805
0.348822893592303 0.306410633735829 0.222755111922798 0.12201136074907
0.357833251500293 0.090447433421118 0.415659913035649 0.13605940204294
0.442607327138157 0.310809897839747 0.131583028449616 0.11499974657248
0.169221679273828 0.324766074357464 0.502442604047639 0.00356964232106938
0.281158921649973 0.24645982633971 0.460648351026527 0.0117329009837911
0.00494832489841964 0.267635351126746 0.248721859910562 0.478694464064273
0.233642604786697 0.0100355354211181 0.367440094536644 0.388881765255541
0.30260051114419 0.289411845885713 0.168458157489972 0.239529485480125
0.463512013309115 0.311030831566613 0.18194837541865 0.0435087797056227
0.121075521736299 0.0683721659810769 0.457247865023882 0.353304447258742
0.274414515965723 0.256999919014838 0.258168600935305 0.210416964084134
0.367540192896684 0.208405264542153 0.0626354984987724 0.36141904406239
0.065828142168039 0.30683958188486 0.0635386699210328 0.563793606026069
0.357618922819791 0.256464916317881 0.0548844717414208 0.331031689120907
0.0507315036256382 0.426679492986378 0.45127459049183 0.0713144128961544
0.361213013106983 0.214385813068883 0.0338760286258723 0.390525145198262
0.151346838646856 0.238453522303373 0.494885387134689 0.115314251915082
0.281287205274492 0.0970790443647566 0.307132123420709 0.314501626940043
0.416493395701869 0.228897770500025 0.0669592668434551 0.28764956695465
0.168843110222355 0.297766994793833 0.280547340865939 0.252842554117872
0.187617893208032 0.357602610273298 0.205257682650133 0.249521813868538
0.246964742642601 0.245240705039296 0.220576463804386 0.287218088513717
0.0686599605697279 0.235467856671332 0.3563953507991 0.339476831959839
0.270602986680656 0.221946339082336 0.337396650692072 0.170054023544936
0.244880253769277 0.328443755795432 0.154927239839971 0.27174875059532
0.177543080842328 0.27929486331767 0.417373126650619 0.125788929189383
0.243635092271687 0.243382867326117 0.365551387406634 0.147430652995561
0.253408638620825 0.179512789371828 0.273223975968947 0.293854596038401
0.2603624883446 0.349676294336668 0.267970328418607 0.121990888900125
0.0748491099081381 0.299862639136626 0.352033450116271 0.273254800838964
0.369589564518682 0.407274978078063 0.108963901285648 0.114171556117607
0.101855564125658 0.131174695273039 0.303246279640766 0.463723460960537
0.277883886952632 0.283165279479952 0.127686139874751 0.311264693692665
0.0576318487540391 0.396429098674617 0.340169082148301 0.205769970423044
0.448727804925158 0.144423302440394 0.262941650122251 0.143907242512197
0.444538021499196 0.372381228635362 0.111689149720229 0.0713916001452125
0.31372827346453 0.00226191420175413 0.342990434097748 0.341019378235968
0.15886717862734 0.203874211666352 0.299826870900895 0.337431738805412
0.173535132269753 0.177076455167613 0.390382808222269 0.259005604340366
0.308955544242771 0.221099604127024 0.249885681667904 0.220059169962302
0.276642948612693 0.121856570061938 0.276695914420357 0.324804566905011
0.200328560446671 0.178864385377409 0.213369777769625 0.407437276406295
0.325015677984449 0.208987025123974 0.401718547400362 0.0642787494912152
0.362674115957527 0.125252392547749 0.456838956758216 0.0552345347365075
0.312741011314375 0.33475663435047 0.12594360124998 0.226558753085175
0.540789792705761 0.355364583845335 0.0616978479139808 0.0421477755349234
0.128131391440243 0.313619772477354 0.376906558097488 0.181342277984914
0.120364648277428 0.344957929396014 0.30579749678285 0.228879925543708
0.200224976559259 0.300824205424659 0.311056595431021 0.187894222585061
0.339464390162698 0.0868788969270019 0.112352336747783 0.461304376162517
0.345786238493048 0.516172673979998 0.135156087438744 0.00288500008820968
0.349422206158649 0.25507633499106 0.291720721602621 0.10378073724767
0.308325301785177 0.288176966981039 0.146387019595912 0.257110711637872
0.3014941697391 0.312767022363164 0.109280618376664 0.276458189521072
0.270411624867104 0.210750058287086 0.331052912970025 0.187785403875785
0.440542117256097 0.362181607459058 0.0217903067394659 0.175485968545379
0.00153834053301567 0.554209631752078 0.280087399023453 0.164164628691453
0.324242474107478 0.286520800658106 0.366848513647264 0.0223882115871526
0.25125065096891 0.294797912223474 0.0626123785332032 0.391339058274413
0.404659233290688 0.0907398055116757 0.145114751551309 0.359486209646328
0.472567319822827 0.201457359641567 0.12555607968978 0.200419240845826
0.0587361307582733 0.381315642306105 0.229228987118884 0.330719239816737
0.534220230421535 0.105082405685234 0.0691537585329335 0.291543605360297
0.604710360146389 0.0716587565733424 0.188836303461297 0.134794579818971
0.292849910889351 0.224065968061356 0.173127969231175 0.309956151818117
0.429877690099515 0.135388395317608 0.0186830139841493 0.416050900598728
0.145029250100329 0.31878447711478 0.247444756170925 0.288741516613966
0.421061131711518 0.0640958130030196 0.247647466435092 0.267195588850371
0.278560933326625 0.0143824109184387 0.220045492311159 0.487011163443777
0.173730106263982 0.230032596445254 0.12402139856696 0.472215898723804
0.289343969330655 0.306436101749508 0.290225399551231 0.113994529368606
0.247370349790554 0.438386116117434 0.244035789936818 0.0702077441551944
0.205599786742839 0.216112426862242 0.321524991191802 0.256762795203118
0.137628043779186 0.405601411054093 0.142244564959275 0.314525980207446
0.27201500679441 0.28845695214994 0.398663325761965 0.0408647152936846
0.226786355424549 0.0194768897575352 0.345973496618037 0.407763258199878
0.312856119417817 0.206048956372089 0.29452559019469 0.186569334015404
0.271843699817564 0.441311842433006 0.0814237993257826 0.205420658423648
0.31800600103291 0.0745669709231696 0.501460932623274 0.105966095420646
0.379243875591217 0.214305957847075 0.386324040972616 0.0201261255890922
0.440709526464169 0.371092621898691 0.00346769106666729 0.184730160570472
0.233866340347985 0.0438675522491805 0.389118731815279 0.333147375587555
0.334293727750305 0.223261366225792 0.309188229829467 0.133256676194436
0.231589322828373 0.132876544225881 0.320913636793349 0.314620496152398
0.281607725773062 0.129390602598726 0.230199947852172 0.35880172377604
0.0648763339415122 0.313658182096799 0.379661855729428 0.241803628232261
0.0180560857310606 0.0888307740574243 0.427939766972713 0.465173373238802
0.422764274883843 0.2970081563827 0.011731313504819 0.268496255228638
0.386418228321356 0.37797773238286 0.0912091613951281 0.144394877900655
0.501254584014571 0.326626709709264 0.144986693965544 0.0271320123106213
0.366663554013729 0.253213374947573 0.0331075131958299 0.347015557842868
0.283488596228371 0.173035410763944 0.374507639689155 0.16896835331853
0.346159159410277 0.230832475452497 0.198811558008845 0.224196807128382
0.16592444565058 0.399827605133337 0.363440428307167 0.0708075209089156
0.338924787813906 0.162455034617791 0.362505030010243 0.13611514755806
0.208070403787998 0.300445931052645 0.141153532780745 0.350330132378613
0.320438504307194 0.0155034453052178 0.289609472169131 0.374448578218457
0.102472474576527 0.263279936583636 0.401952632391747 0.23229495644809
0.270657076330455 0.0810075819180968 0.111267375588966 0.537067966162482
0.0689631893428183 0.218753322820124 0.326479173463848 0.385804314373209
0.186202018486003 0.365934609586075 0.27464145152304 0.173221920404881
0.252841237296745 0.617251958102214 0.126212935521551 0.00369386907949027
0.0808027181712463 0.314229151398118 0.246015462970417 0.358952667460219
0.490302858798306 0.0315895633250156 0.418642449032063 0.0594651288446159
0.13812738600334 0.250147628076588 0.258560220308365 0.353164765611707
0.381975622041936 0.0348263748258949 0.201606253169724 0.381591749962446
0.140318815043104 0.330343872926718 0.282754944265823 0.246582367764355
0.312324275907733 0.184411302149878 0.167622857442431 0.335641564499957
0.222382875114599 0.210892774534193 0.25879787237824 0.307926477972968
0.542379770875053 0.150683914251927 0.217471346597064 0.0894649682759565
0.486621439504932 0.203818220759401 0.102084297267841 0.207476042467826
0.0654947380460329 0.211311357791086 0.394469078732582 0.328724825430299
0.392173448103515 0.368190218211215 0.192837588260221 0.0467987454250496
0.475869349834441 0.293064071601391 0.00105598662162535 0.230010591942543
0.00159348735026248 0.395640253421324 0.232693854365513 0.370072404862901
0.140308912873427 0.405848887613323 0.050490476353522 0.403351723159728
0.032274128311489 0.490912579562722 0.151509878943613 0.325303413182175
0.359408702743025 0.404164551525997 0.00489931512633336 0.231527430604645
0.500477028825742 0.171355609033324 0.312186851285227 0.0159805108557065
0.393732407116659 0.040590331423564 0.235149337943751 0.330527923516026
0.41268822235157 0.211956717276292 0.310740318665638 0.0646147417064999
0.226023547346403 0.277035782592119 0.23829271049014 0.258647959571338
0.537282239119968 0.156680854427935 0.0479413862017567 0.25809552025034
0.238139696794061 0.240952105497177 0.292385544521411 0.228522653187351
0.504999224226397 0.145161169727043 0.16317506535601 0.18666454069055
0.305180469197871 0.317788570599538 0.362150962223976 0.0148799979786153
0.500500328930828 0.138869418668537 0.269861441496032 0.0907688109046033
0.0412751846294783 0.226541338227903 0.64157889528098 0.0906045818616388
0.12740235511246 0.395055218105382 0.0458641497179107 0.431678277064247
0.252539268337826 0.354130439847827 0.283819494954776 0.10951079685957
0.032509839421873 0.105083640162702 0.405822685935457 0.456583834479968
0.25239587663712 0.303307664165035 0.061609541632356 0.382686917565489
0.0282263793524101 0.189546767940131 0.445797883296148 0.33642896941131
0.332022806157483 0.195832764574671 0.317328988492756 0.15481544077509
0.176782837843617 0.271901500416643 0.141459299534237 0.409856362205503
0.0812451611135877 0.326670984701822 0.144578291988647 0.447505562195943
0.168577369150081 0.306730164782375 0.207780031257438 0.316912434810107
0.479747628753514 0.0777714183612902 0.0428785000755932 0.399602452809602
0.413957958245607 0.102718255902151 0.243614003278189 0.239709782574053
0.0974234763778862 0.289573601835249 0.496186382886065 0.116816538900799
0.0166733728070564 0.166648254838427 0.505871278843692 0.310807093510825
0.396958357338798 0.0282037433412954 0.171854392675438 0.402983506644468
0.204549350828716 0.251785424529075 0.231857976602127 0.311807248040081
0.135823926293027 0.30762633973101 0.460188970439287 0.0963607635366751
0.207606833250602 0.0589307316369148 0.639506597336951 0.0939558377755319
0.374726804037511 0.18239325046203 0.0295199983074576 0.413359947193002
0.350438421415492 0.0497955516105471 0.394246521255761 0.2055195057182
0.293534514446241 0.229742657795746 0.0607728640447898 0.415949963713224
0.327289737158305 0.508986645961175 0.117279797459779 0.0464438194207411
0.333606298531537 0.177776335273874 0.315414187794676 0.173203178399912
0.406973439107151 0.104080176960214 0.205458335096339 0.283488048836296
0.144464727499343 0.181531150816417 0.361605614031477 0.312398507652763
0.323586259392557 0.127376199349867 0.317326142753746 0.23171139850383
0.0526410347723903 0.30146330203548 0.314312453952631 0.331583209239499
0.300080884713211 0.351821784911404 0.22266715633354 0.125430174041846
0.318605052658653 0.326770735547405 0.175777078254238 0.178847133539704
0.273663860369423 0.204710193093324 0.380966290349864 0.140659656187388
0.232758663852275 0.256534837247559 0.316153099194843 0.194553399705323
0.296900529052949 0.214692659024366 0.140007923433959 0.348398888488726
0.203908240220966 0.296410081619964 0.336396615229659 0.163285062929411
0.501432587059139 0.141163066958004 0.0539144827931426 0.303489863189715
0.134366870205788 0.321377581923794 0.315456130599322 0.228799417271097
0.187994578631725 0.307167744561589 0.353516629570625 0.151321047236061
0.240370297529111 0.651416771760245 0.0656004244484774 0.0426125062621666
0.286732996091792 0.390010699320695 0.0340906203687106 0.289165684218802
0.319022170360648 0.00938232478895056 0.253915107327679 0.417680397522723
0.397636309535891 0.228595484582749 0.0904380984707352 0.283330107410625
0.230011861432447 0.247425667679244 0.288339584399844 0.234222886488464
0.420212614919994 0.0442528162635036 0.402272636247606 0.133261932568897
0.517993050053769 0.169537043889191 0.190215954617454 0.122253951439586
0.176355899843679 0.251282135494493 0.302409755670328 0.269952208991499
0.139861838820516 0.319515798487745 0.440435288140373 0.100187074551366
0.283602620070666 0.247181258685865 0.318016233065157 0.151199888178312
0.0321989083726092 0.336366971262072 0.506279388410546 0.125154731954773
0.312288593340106 0.147644151438817 0.307635195645641 0.232432059575437
0.0728292290777463 0.0187795483747811 0.790476453820519 0.117914768726953
0.302486295402802 0.0634377268479757 0.333638600487284 0.300437377261938
0.0973429362955273 0.349977560308914 0.00528257118891006 0.547396932206649
0.608339512945574 0.0695061665207469 0.0225224157302245 0.299631904803454
0.238567908614311 0.310979028440639 0.253333655422531 0.197119407522519
0.150713194988154 0.157003795883691 0.519861452132243 0.172421556995912
0.325653842001096 0.284785019822091 0.241096150850177 0.148464987326636
0.228143821763392 0.278155263006468 0.221508382668927 0.272192532561213
0.301715417359458 0.264699758873516 0.0579173296192172 0.375667494147809
0.0614596110982867 0.460268031956133 0.0240689152460384 0.454203441699542
0.460383639624673 0.162787041322025 0.138308565642314 0.238520753410988
0.231671040171753 0.0748533089288923 0.317992433638917 0.375483217260437
0.281543469428077 0.324465655838972 0.0854308988435948 0.308559975889356
0.154653927786698 0.299604962473716 0.47523738010173 0.0705037296378558
0.222186014092129 0.269232858711314 0.385288686214687 0.123292440981869
0.280217702458753 0.2631195863887 0.200988495847541 0.255674215305006
0.249294842553189 0.372247537304509 0.310152706849218 0.0683049132930842
