0.17096683696291 0.213663845489212 0.428147133469035 0.187222184078843
0.337273404636705 0.340035771538385 0.248429647542375 0.0742611762825348
0.235740072242607 0.474756932839578 0.205788293781642 0.0837147011361736
0.19984621708593 0.313452079296765 0.415815152241687 0.0708865513756175
0.0312969037372057 0.406727776069749 0.397533961590516 0.16444135860253
0.529692527735238 0.139961813033151 0.186450758346426 0.143894900885185
0.309634085945754 0.41540864647933 0.177419261883457 0.0975380056914584
0.265322734674239 0.441293342931293 0.225051202507219 0.0683327198872489
0.0919126714159701 0.0300187638559104 0.204261939350382 0.673806625377738
0.340750863447941 0.0547117996105553 0.316530872969154 0.28800646397235
0.321071520142469 0.234853844788729 0.201613803050757 0.242460832018045
0.0715463504799941 0.227433040170453 0.62736392401884 0.0736566853307127
0.297748970771723 0.286288242658368 0.317724071091321 0.098238715478589
0.284347663139703 0.302566832571762 0.307996343163757 0.105089161124778
0.300620025522969 0.0460904009687707 0.281042457433153 0.372247116075108
0.277142268002844 0.308064916110656 0.0172355833675682 0.397557232518932
0.383519568935714 0.169744016787048 0.33966698456017 0.107069429717068
0.409706341986712 0.435663553904639 0.0916497959194835 0.0629803081891662
0.385581570789157 0.0662216832010787 0.2970554761599 0.251141269849864
0.102450457384406 0.444291189952454 0.257729135932199 0.195529216730941
0.13188084596341 0.272116288985986 0.184568857632132 0.411434007418472
0.176784039377782 0.383739468980341 0.386952829621055 0.0525236620208208
0.304653558691599 0.385282563681532 0.29542762311223 0.0146362545146395
0.342360055035438 0.32216919274566 0.0718656098554398 0.263605142363462
0.4479607453674 0.269950914250639 0.170913847375481 0.111174493006479
0.373360305742145 0.304087288247568 0.0807411622519903 0.241811243758296
0.148871711746433 0.193646176829479 0.284146712438416 0.373335398985672
0.843008705134432 0.0027340375306535 0.0327265256266398 0.121530731708275
0.167953448641466 0.0566394140786979 0.0602648611309897 0.715142276148846
0.285248381457321 0.390091419691214 0.00889747936790635 0.315762719483558
0.0190020346633756 0.439302225092115 0.155357452081565 0.386338288162944
0.254974259430535 0.419081635501697 0.126990864790685 0.198953240277082
0.0390548613493832 0.286016774252922 0.674341508978616 0.000586855419079135
0.102603856103109 0.0602613003405266 0.381530518300641 0.455604325255723
0.298728984992598 0.0568623313022776 0.490505352365939 0.153903331339185
0.287141280247353 0.418516270375118 0.228385794350142 0.0659566550273873
0.215839978400115 0.39098866613219 0.308275037781034 0.0848963176866611
0.0338466183423697 0.404633178695318 0.304828095463478 0.256692107498834
0.25378392378062 0.0985129277935956 0.340667139239228 0.307036009186557
0.133316415687825 0.289924695948121 0.175860679971463 0.400898208392591
0.327844773907675 0.351938477565282 0.106311043427891 0.213905705099152
0.205629306567208 0.214269964634685 0.15252785348705 0.427572875311057
0.210316639379447 0.523270741308793 0.0753469445811292 0.19106567473063
0.400341376791671 0.199856546249619 0.358460056782651 0.0413420201760583
0.36301047640774 0.20469988657826 0.327030569972285 0.105259067041716
0.179387580030971 0.163130169946057 0.324729282850592 0.33275296717238
0.188094159572799 0.136524044852432 0.503561591684288 0.171820203890481
0.492038293777996 0.220685583282501 0.0456776301813196 0.241598492758184
0.244582241170039 0.196414790212122 0.152248715784673 0.406754252833166
0.365385462558828 0.299601439504789 0.130981855828851 0.204031242107532
0.0993544279020495 0.331442680804633 0.182061714150976 0.387141177142341
0.373775235502054 0.207830587436487 0.019415172488027 0.398979004573432
0.0531242900352534 0.166474655800301 0.352269780550814 0.428131273613632
0.244428337774073 0.399962849442286 0.0608119600852245 0.294796852698416
0.129679686595709 0.452208993620974 0.369683698828502 0.0484276209548151
0.176892373938455 0.22051000186835 0.31869762723004 0.283899996963156
0.503681494478489 0.256982456699277 0.104773907445678 0.134562141376557
0.0725417454717946 0.490052646340272 0.224292556389629 0.213113051798304
0.417226194052014 0.0156251439497716 0.128119639107953 0.439029022890261
0.180200771667424 0.22307427478554 0.165431012639263 0.431293940907773
0.166581795995553 0.556552318062381 0.0236125987373421 0.253253287204724
0.469663804288686 0.0300201253221522 0.122074982474037 0.378241087915125
0.314491856112272 0.122318742685441 0.1936424334995 0.369546967702788
0.318069478986701 0.150084638733687 0.111734629970444 0.420111252309168
0.57949818298102 0.11514305245514 0.0992828226158101 0.20607594194803
0.122832211162964 0.529452303699414 0.194872731319577 0.152842753818046
0.201911607130714 0.292344651660363 0.287644011409816 0.218099729799107
0.34302169872395 0.118030586307073 0.0719903803903107 0.466957334578667
0.313943774095111 0.207064332908733 0.276564258300142 0.202427634696014
0.210640269303543 0.572566844762267 0.164157334909755 0.0526355510244343
0.294930167917285 0.346401144263472 0.0553187943133904 0.303349893505853
0.106122474413957 0.141641612901575 0.393275506717861 0.358960405966607
0.568598184001139 0.348003645979261 0.0462841975818044 0.0371139724377955
0.341337281955942 0.442273412768252 0.139655249906613 0.0767340553691924
0.354413060068243 0.168062372621353 0.236576644102062 0.240947923208342
0.289239987325854 0.392230403155559 0.0296831966377848 0.288846412880803
0.350631285142823 0.298522854245213 0.0495121351370118 0.301333725474952
0.213564693625188 0.445985740903261 0.186898569880727 0.153550995590823
0.133532331206526 0.109253721222396 0.403878151706246 0.353335795864832
0.270171850968033 0.00168478603321719 0.419548704643007 0.308594658355743
0.140682905551882 0.444611840138453 0.302644695150026 0.112060559159639
0.581000547298694 0.17432927075417 0.170659121950488 0.0740110599966485
0.096739553600846 0.32562824163592 0.160700099264477 0.416932105498757
0.283994063284699 0.325609949684979 0.271952181180356 0.118443805849967
0.126307000046741 0.280693500253577 0.273110168840539 0.319889330859143
0.326356404513563 0.301248672068384 0.210244297955156 0.162150625462897
0.343155515685094 0.0947148443398312 0.276644772525082 0.285484867449993
0.221154557303233 0.328530974003542 0.256129726457998 0.194184742235227
0.105224512493657 0.203886393464278 0.681020093244446 0.00986900079761964
0.137213441614741 0.202977171854036 0.306816565812503 0.352992820718719
0.259089207665309 0.269970857105674 0.284425041696785 0.186514893532232
0.287762016262476 0.00955374126815486 0.4257620802369 0.276922162232469
0.223921572717766 0.212176178494701 0.259731668560788 0.304170580226745
0.570584710583586 0.0904755147148273 0.334430921548145 0.00450885315344222
0.161242110106541 0.365931019873654 0.35853085882816 0.114296011191646
0.282543925817032 0.134415721114765 0.165381661150524 0.417658691917678
0.16085616028105 0.374370084903716 0.0734796127183712 0.391294142096863
0.400501676344856 0.166038101374883 0.429863008733517 0.00359721354674407
0.37413699755871 0.00600332666821203 0.300943660502814 0.318916015270265
0.368839952748929 0.314786044643301 0.0697103811209104 0.24666362148686
0.154421146546285 0.273613099576942 0.265016039759728 0.306949714117045
0.320339440728488 0.284680183319426 0.265346275590141 0.129634100361944
0.136876940027803 0.249010157158279 0.122846486304263 0.491266416509656
0.0597008807551479 0.369628817574942 0.0408252086831837 0.529845092986726
0.185336065859343 0.301051842899014 0.268440952851662 0.245171138389981
0.0136963605251079 0.551267592680441 0.0163128950608541 0.418723151733597
0.317259423753949 0.365188231919213 0.11448371787307 0.203068626453769
0.648246444744888 0.0402612110857361 0.160728946126619 0.150763398042757
0.0774889108026311 0.157041698762233 0.412337460319223 0.353131930115913
0.213225615620734 0.17599967637185 0.0957982974385978 0.514976410568818
0.0433450831330246 0.285723185282934 0.602968234575581 0.0679634970084605
0.189299716487287 0.177637837324704 0.326282827482661 0.306779618705348
0.123715850497592 0.330307225555722 0.111779031845562 0.434197892101124
0.187648549960105 0.0987042947080328 0.329289663015163 0.3843574923167
0.186119988372975 0.357766931096902 0.379652776772793 0.0764603037573296
0.409031056086839 0.0293081808481599 0.378162049233925 0.183498713831076
0.157241392141276 0.239963521077044 0.4482085375453 0.154586549236379
0.0141699755861841 0.608441104669545 0.263818844267623 0.113570075476648
0.000150973772342348 0.378106201355957 0.489978838403321 0.13176398646838
0.245975633941038 0.162811825059406 0.222996093475123 0.368216447524433
0.379567920049984 0.373458142560355 0.0161075948542571 0.230866342535404
0.184364099475475 0.508930538696885 0.0748582481552004 0.231847113672439
0.20478955281422 0.390622261340531 0.00200781347082453 0.402580372374425
0.168814239289438 0.309546172354273 0.239209605857142 0.282429982499147
0.031207561276457 0.76377618380456 0.0275850030130765 0.177431251905906
0.0906810832845687 0.172358144552026 0.296908154509409 0.440052617653996
0.260909419071146 0.246863784279823 0.254391953229833 0.237834843419199
0.0874863612314308 0.0996065376232632 0.415702064816919 0.397205036328387
0.293945663335487 0.232375087035464 0.0491904211608443 0.424488828468205
0.330256061196604 0.321554560520714 0.0917718154494578 0.256417562833225
0.342432174015285 0.218942606660628 0.337246197431168 0.101379021892919
0.102455145475869 0.0173267323559265 0.634241447784215 0.245976674383989
0.186490344993084 0.383728656557864 0.0260824826696563 0.403698515779396
0.0458557650517284 0.345141225001022 0.285347548560273 0.323655461386977
0.238112976164324 0.34553454089988 0.29491435359249 0.121438129343306
0.0428476198552943 0.29195663456641 0.419950213384735 0.245245532193561
0.0943814275079146 0.385225450346886 0.353666060559156 0.166727061586043
0.181963042379253 0.20529041630668 0.368769999914778 0.243976541399289
0.364211501900996 0.403122276429468 0.230704231894216 0.00196198977532085
0.335916233089878 0.351170306979524 0.180774627858611 0.132138832071988
0.433734299844381 0.438711220958102 0.109400981359143 0.0181534978383743
0.330605160743299 0.0363285502697388 0.374037928264719 0.259028360722243
0.234291871688469 0.284213593986219 0.282514474895255 0.198980059430057
0.269788573342451 0.302673750135286 0.266994195720527 0.160543480801737
0.132024903350334 0.359852533418386 0.325257731486611 0.18286483174467
0.225393201516762 0.0917215456038781 0.394700942311906 0.288184310567454
0.347246291481066 0.353637225812894 0.173477762518979 0.125638720187061
0.300542123267386 0.240741957511546 0.352078364917443 0.106637554303625
0.224824820415059 0.336223955415074 0.370415992850331 0.0685352313195357
0.279028022439503 0.302543997103672 0.131366173463122 0.287061806993703
0.417160524388878 0.0364387692147507 0.51454004977466 0.0318606566217108
0.44511583284584 0.0763133506690079 0.411730438635768 0.0668403778493845
0.368917528188176 0.163081832910439 0.257887146895325 0.21011349200606
0.0362598055135999 0.508749361495401 0.126027526766286 0.328963306224713
0.372585040409417 0.118557184683368 0.238995552327195 0.26986222258002
0.258994744297753 0.176846596112461 0.2975033184123 0.266655341177486
0.363610564245507 0.131887142687975 0.416615698932065 0.087886594134454
0.0124111608235246 0.380463365279989 0.0713708153713721 0.535754658525114
0.0293415079003503 0.365307505506506 0.363149688152519 0.242201298440624
0.40388608002867 0.167798076262395 0.333029389036284 0.0952864546726508
0.139469730924129 0.309981330855875 0.286975867368769 0.263573070851226
0.290612151206631 0.276614256479267 0.430038094813742 0.00273549750035975
0.341588429257282 0.356168290277596 0.0524839783329102 0.249759302132212
0.271387312887654 0.24191791890522 0.259263900426289 0.227430867780838
0.456429339592168 0.0337020878835202 0.46246049011132 0.0474080824129916
0.416132807969752 0.419318172216489 0.0117695220177734 0.152779497795986
0.270457713981335 0.222747753029399 0.212611998175614 0.294182534813652
0.134479957913891 0.336217746376247 0.0285236735921574 0.500778622117705
0.0131180619442054 0.425126511394614 0.0721947244501182 0.489560702211062
0.093429258465248 0.0675816877639489 0.428375062965809 0.410613990804994
0.354682716464653 0.420736573119022 0.0907721480406738 0.133808562375651
0.0165679698337085 0.533614095597378 0.198346432740696 0.251471501828218
0.071162309824824 0.271809743282176 0.300861042956731 0.356166903936269
0.297277427374011 0.0187442364937842 0.207544380158752 0.476433955973453
0.259996231438767 0.289490211293729 0.102072768278401 0.348440788989103
0.0217343473754344 0.171531267387161 0.266838421365456 0.539895963871948
0.025369583496128 0.333570008870299 0.287286959403798 0.353773448229775
0.11787807712199 0.30377239129594 0.119272159620661 0.459077371961409
0.21295896269212 0.341024200380988 0.270108922685049 0.175907914241843
0.422760405499531 0.120854114396563 0.0668052479336294 0.389580232170276
0.311838775174711 0.219285075990766 0.140551502236359 0.328324646598163
0.111342569340415 0.304110361808677 0.399788882601771 0.184758186249137
0.0219471503434996 0.322521456164336 0.299961244127258 0.355570149364906
0.156963140768979 0.182249443866644 0.253486160768647 0.40730125459573
0.314378954836344 0.16744085990831 0.441072846311082 0.077107338944263
0.384280722620641 0.178844398140507 0.0490569179198614 0.387817961318991
0.0444153316851662 0.246442933004845 0.473580242648701 0.235561492661288
0.318634379206957 0.294923080513694 0.23430683884471 0.15213570143464
0.256339534206728 0.000122889347919205 0.0499995224401882 0.693538054005164
0.382161985250536 0.00409260459435038 0.288896185014062 0.324849225141051
0.360084604109948 0.184763939590001 0.148594795167746 0.306556661132304
0.260667232444331 0.240302567363089 0.233041406066359 0.265988794126222
0.195930330810711 0.150519538244015 0.199376058887421 0.454174072057853
0.138611700816469 0.352471409184085 0.0137193179010364 0.49519757209841
0.142042901960065 0.421535810977279 0.328213246748114 0.108208040314542
0.148220471924605 0.362707999622033 0.390866337099616 0.0982051913537459
0.23239763381008 0.162437394301478 0.268656378387868 0.336508593500574
0.0274006861552915 0.341796498835088 0.329221847193883 0.301580967815738
0.327258102390907 0.0728298526277236 0.371530420067126 0.228381624914243
0.0541955287420875 0.209756444898048 0.277869594743228 0.458178431616637
0.548042652056743 0.413037014964482 0.0249707080363966 0.0139496249423777
0.248408276212134 0.437677847429256 0.0838541032755795 0.23005977308303
0.249067760072287 0.116977120883185 0.165702337786762 0.468252781257767
0.408829310059282 0.414170619626138 0.119028255459711 0.0579718148548693
0.335216571669583 0.287075453730531 0.0858237394397555 0.291884235160131
0.547425052351429 0.113179388151156 0.00933193818120706 0.330063621316208
0.34265100237433 0.35875631291463 0.0247262049515701 0.273866479759469
0.0615250300485271 0.59620501710404 0.324975629294083 0.0172943235533502
0.201517815438075 0.16132638680651 0.314875608561759 0.322280189193657
0.0811344476393242 0.416984505098251 0.142217576162067 0.359663471100358
0.0789944640519007 0.234456913024849 0.0418981796679904 0.64465044325526
0.159782212269389 0.0670183541320711 0.454197057571661 0.319002376026879
0.105028288663233 0.180662788027115 0.329122549024295 0.385186374285357
0.375580267033225 0.362017566834702 0.0782983549222601 0.184103811209813
0.147482213437877 0.27883282425616 0.485452763375698 0.0882321989302647
0.466851495436917 0.240261577956587 0.275388327599933 0.0174985990065628
0.0328270217445265 0.395762679319439 0.267328347133772 0.304081951802262
0.224646990729483 0.197780456365267 0.224087548231052 0.353485004674198
0.137459235932814 0.584448339101492 0.276521574742524 0.00157085022316975
0.380798446451036 0.265526835507598 0.170671288468144 0.183003429573222
0.215980357917883 0.275915825329827 0.219811893103347 0.288291923648942
0.246551339432218 0.273627710528852 0.112128665142011 0.367692284896919
0.238375969505355 0.178608021954898 0.271170670343456 0.311845338196291
0.217277957709856 0.479943279648962 0.178709925328451 0.124068837312731
0.0169909489294749 0.139180497865685 0.340461151641227 0.503367401563613
0.224179867938086 0.402196128523321 0.103466588168416 0.270157415370177
0.74624850165616 0.190964559247808 0.026635282253094 0.0361516568429378
0.240187065674986 0.0707752508770648 0.277192175401144 0.411845508046806
0.019263033164042 0.516061729076082 0.0126768362157555 0.45199840154412
0.211378960802862 0.351512456917056 0.261046227600605 0.176062354679477
0.0899968515506846 0.595010694900989 0.151591021679086 0.16340143186924
0.390772984056595 0.228801019162022 0.0164624370551831 0.363963559726199
0.327195041795717 0.203418363803392 0.206604201168026 0.262782393232865
0.42236554033692 0.206693935822485 0.145160272819744 0.225780251020851
0.375726237989438 0.211045769833081 0.139753143440364 0.273474848737117
0.063015087290948 0.415399909894242 0.408010275281667 0.113574727533143
0.192804003452407 0.242133693228566 0.378772544709586 0.186289758609441
0.313039235890024 0.614797375144775 0.0522904902630349 0.0198728987021664
0.342411669551084 0.147822562852509 0.300671846018573 0.209093921577834
0.383183739498397 0.407117539564947 0.05169492342796 0.158003797508696
0.330103963916185 0.0377029743688821 0.41692438159333 0.215268680121603
0.153691011639275 0.518859617247759 0.118009857716574 0.209439513396393
0.257535249098551 0.0759448309624911 0.386700388070526 0.279819531868432
0.173404385621276 0.212418959612626 0.314362406095307 0.299814248670791
0.0159445454460436 0.268854922833309 0.443692223457532 0.271508308263115
0.0356148576144065 0.378356587731285 0.303206915182672 0.282821639471636
0.3287745199665 0.43539445778022 0.0356005485372866 0.200230473715993
0.34031239508221 0.0589349482130927 0.275105387920646 0.325647268784052
0.256618781667782 0.363168802820204 0.0380628270860146 0.342149588425999
0.541161350231167 0.23850037651963 0.0829124689915875 0.137425804257616
0.277294735004661 0.273544289678836 0.199162778632722 0.24999819668378
0.347314749886247 0.168182581073641 0.214474838024582 0.270027831015529
0.285195359405581 0.159271546642519 0.322452668647844 0.233080425304057
0.298674002280042 0.415012292363333 0.1601580547843 0.126155650572324
0.123808786819033 0.484762177647979 0.22744622926953 0.163982806263458
0.306330848315365 0.321265820322169 0.164973217093716 0.207430114268751
0.316155658598686 0.234330932792837 0.37927752096863 0.0702358876398471
0.25053032814703 0.121109520015798 0.36563393117234 0.262726220664833
0.0274301670045637 0.408957278413706 0.0854533522504912 0.478159202331239
0.485555022914007 0.183834032076694 0.214143807460125 0.116467137549174
0.237020436899167 0.248675432797543 0.237655895138978 0.276648235164311
0.290232042550932 0.114282589017679 0.260503015034735 0.334982353396654
0.461331253724024 0.158246504972063 0.287029023804683 0.0933932174992302
0.193917609968695 0.269195845045705 0.288402447979463 0.248484097006137
0.515277704989484 0.18584591228756 0.116139158183752 0.182737224539203
0.447734949202565 0.195908434760527 0.199121221281301 0.157235394755608
0.212858566614636 0.273242148632751 0.417044962631629 0.096854322120984
0.243383325162013 0.477113749130208 0.183936052710468 0.0955668729973104
0.348133742077246 0.0871999529466627 0.437307219201767 0.127359085774324
0.442567869295254 0.0135298156426067 0.526807433927753 0.0170948811343863
0.258629668144167 0.181192603606314 0.222378465496732 0.337799262752787
0.163365224785301 0.494809988630158 0.216137605582493 0.125687181002047
0.476894921013616 0.172459007928736 0.137575701481702 0.213070369575946
0.26049825051381 0.347565974390066 0.0805985773100709 0.311337197786053
0.387247257697828 0.30273466749584 0.0242443714274119 0.28577370337892
0.314105629329487 0.0975729984961775 0.362596325868816 0.22572504630552
0.187165210594167 0.437320915009948 0.324113864292345 0.0514000101035399
0.156352213013731 0.365585031850255 0.24675859833781 0.231304156798205
0.0283172030614636 0.314323885301589 0.402499818374531 0.254859093262417
0.176074670872258 0.21917789843331 0.2235405353045 0.381206895389933
0.18329044233307 0.359871423551216 0.226309790375688 0.230528343740026
0.348668604844722 0.0356235990350982 0.25735214380925 0.35835565231093
0.0924158784207722 0.438835301160193 0.139631129038557 0.329117691380478
0.263207938426157 0.289408065265549 0.413601246401805 0.0337827499064891
0.0770884759559028 0.090956533255198 0.370064658774096 0.461890332014803
0.360063133329235 0.327060905938356 0.265158169865158 0.0477177908672515
0.253710465241614 0.337743751596165 0.233092848672147 0.175452934490073
0.342230606764158 0.128097766739982 0.329230860885535 0.200440765610325
0.402301240412462 0.0923864613744466 0.392141712350545 0.113170585862547
0.108510181982117 0.296910964322096 0.242956642275889 0.351622211419897
0.276118046453577 0.278736279395118 0.254528936304879 0.190616737846426
0.187579271206954 0.0378799576769714 0.326944437904381 0.447596333211693
0.39722462758906 0.191137801925393 0.409645339374019 0.00199223111152698
0.491107485514078 0.2399238631574 0.192936845793976 0.0760318055345456
0.305683551387303 0.147343287991902 0.0698619326838871 0.477111227936908
0.43623107743121 0.368781285585041 0.192571124571165 0.00241651241258358
0.111794498176623 0.0923997433729083 0.397250435989776 0.398555322460692
0.206943022374075 0.090417018342786 0.382019867563773 0.320620091719366
0.25803576429797 0.369879149496377 0.00632340886735665 0.365761677338296
0.498829050875693 0.0371259439287988 0.158015085404851 0.306029919790657
0.407956906304907 0.00557029439563848 0.230704876779889 0.355767922519565
0.318240547911598 0.146104169615588 0.0802902246426087 0.455365057830206
0.610420893228439 0.157109357115298 0.22420267568987 0.00826707396639251
0.287447272324669 0.332977156368089 0.356735123008255 0.0228404482989874
0.324800693344911 0.302102749094121 0.07447194204131 0.298624615519659
0.0186561135792914 0.482297955178421 0.470637562050296 0.0284083691919921
0.182018637482168 0.404880698127889 0.156586582394558 0.256514081995385
0.731534371852987 0.157911731509969 0.0533836677835184 0.0571702288535263
0.179449029856098 0.27637438270679 0.279649845070953 0.264526742366159
0.40976234459483 0.0353326133764291 0.306184025324584 0.248721016704157
0.0142427849586475 0.084305337868431 0.783186331530312 0.118265545642609
0.352382275772231 0.269091611641444 0.30547584515483 0.0730502674314963
0.136872545425593 0.360961975682492 0.249515659848133 0.252649819043782
0.484835003441148 0.065733477513694 0.0490080411405246 0.400423477904634
0.280482462937296 0.309197119302061 0.154243584546347 0.256076833214297
0.43662698483356 0.313712846551752 0.233440114119768 0.0162200544949192
0.288152314057601 0.0141371383767455 0.295811035319924 0.40189951224573
0.278731579926001 0.286786018887907 0.337452089721799 0.097030311464293
0.53985745781913 0.243370885411249 0.0999502674652146 0.116821389304407
0.0958344720494884 0.536414034289172 0.153371424756559 0.214380068904781
0.588004753663775 0.0861342962381697 0.249466886270527 0.0763940638275285
0.477761992990236 0.0580328119906616 0.104631105550562 0.35957408946854
0.305466654436378 0.128722165273681 0.265893639009401 0.29991754128054
0.268287163058822 0.38676246943289 0.0269621741205947 0.317988193387693
0.201794833321167 0.274120982627864 0.24912209208791 0.274962091963059
0.0632594483696855 0.570146184601361 0.003051249165067 0.363543117863887
0.109046783235283 0.185434291263905 0.617364559601801 0.0881543658990109
0.133025268076845 0.239499089960841 0.146598854505815 0.480876787456499
0.0386034374825592 0.492853987286074 0.187293524076039 0.281249051155328
0.456912098288766 0.129872890099686 0.131420683842862 0.281794327768685
0.445031449763056 0.122985535494285 0.0656449245724059 0.366338090170253
0.279915093026936 0.285150825597839 0.24026945285909 0.194664628516135
0.102296281633718 0.264367641847776 0.168447085347571 0.464888991170934
0.137973746776042 0.164666041845636 0.444555548016091 0.252804663362231
0.37928267053058 0.00419184061582199 0.381392253840214 0.235133235013385
0.199908872337813 0.335805278762265 0.282289171661733 0.181996677238188
0.14689906683532 0.269184649206241 0.495118060627077 0.0887982233313617
0.191954999179807 0.4142192086459 0.169454798060875 0.224370994113417
0.321652778069962 0.460267313976555 0.0564068454162549 0.161673062537228
0.327890771322772 0.226400427596969 0.336604405802948 0.10910439527731
0.302801986074206 0.241815818058937 0.35031197031296 0.105070225553897
0.0762334136863843 0.494344874829054 0.220907598560713 0.208514112923849
0.194144377106576 0.322609819224633 0.200486474866968 0.282759328801823
0.0512452571516637 0.419069458967275 0.0608721327951809 0.46881315108588
0.155898957884213 0.21226377347885 0.349387485012408 0.282449783624529
0.428422037908296 0.12627241140678 0.13989900162635 0.305406549058574
0.102127948916273 0.153647770569645 0.326319677456394 0.417904603057689
0.0659139164811127 0.597012419687135 0.145634365513392 0.19143929831836
0.43465330402857 0.329397642187524 0.0646526515462185 0.171296402237688
0.276106238511348 0.152039016055454 0.253557502932709 0.31829724250049
0.259242252256949 0.260034767309511 0.137358730273865 0.343364250159675
0.237945781141828 0.0971037249793126 0.431633330861488 0.233317163017372
0.246949373236873 0.479911825142934 0.0230941303834668 0.250044671236725
0.197863179200358 0.403120360376532 0.34133222301819 0.0576842374049205
0.309037207939436 0.020402228195388 0.290989584997343 0.379570978867833
0.485004938071739 0.465066917417211 0.0252332262105856 0.0246949183004644
0.176146882414322 0.127825954795987 0.457154200550506 0.238872962239185
0.128685265422376 0.289565282292378 0.43027998868621 0.151469463599036
0.0726888600319818 0.349369771030187 0.207428941870841 0.37051242706699
0.310290299663476 0.311120104252726 0.250575500794696 0.128014095289102
0.337177243084219 0.168514164947519 0.1258958934144 0.368412698553862
0.331698705810765 0.274441341804976 0.108428723408368 0.285431228975891
0.0515722936982098 0.274904284801326 0.322001130667674 0.35152229083279
0.099006453576764 0.121594229513481 0.339630349920835 0.439768966988921
0.15529515452649 0.266678328446178 0.247160616959574 0.330865900067758
0.294483986004631 0.124623431906565 0.455081135644732 0.125811446444072
0.163201324056031 0.233815234233416 0.367838136701064 0.235145305009488
0.0534742079268597 0.558760787886118 0.192803535107709 0.194961469079313
0.335356246687089 0.271263398314787 0.245542243276562 0.147838111721562
0.214628320135756 0.337917801177935 0.154835987124027 0.292617891562283
0.267647103660167 0.380759540151155 0.346745171271984 0.00484818491669346
0.333930233396256 0.416312086347857 0.00285600298872821 0.246901677267159
0.370571384032061 0.195936990562507 0.281467658097713 0.152023967307718
0.0850047013173795 0.681237485925044 0.0731197551427447 0.160638057614832
0.417105701035808 0.198061527429303 0.00340976262016921 0.38142300891472
0.299557737312284 0.214145967809463 0.307177372781696 0.179118922096557
0.391443769108294 0.28251588491877 0.0208973179255849 0.305143028047351
0.041925717765391 0.354278992545121 0.229702830597298 0.37409245909219
0.345851136939583 0.293922566644576 0.173778762043724 0.186447534372117
0.336006314321251 0.359102332748135 0.256732779335465 0.0481585735951482
0.241337695956802 0.316061408739284 0.0493993436674511 0.393201551636463
0.275137141125008 0.132148450836648 0.323219823350893 0.269494584687451
0.23583829413844 0.202858691840479 0.339248909539225 0.222054104481856
0.192116902923095 0.313280939621548 0.268660849390302 0.225941308065054
0.336267676680936 0.283017266503654 0.0618879049214826 0.318827151893927
0.294912592149377 0.427680250401057 0.200328374682892 0.0770787827666743
0.313518663304456 0.0767282093669718 0.565867861352951 0.0438852659756213
0.316507168766544 0.336851188264608 0.302368764135696 0.0442728788331525
0.0355167764839779 0.340254985921093 0.492435681019914 0.131792556575015
0.247763140726491 0.303481555490486 0.125849487216514 0.322905816566508
0.27707006360046 0.168205470797733 0.207885377478412 0.346839088123395
0.185058523220278 0.693288494481632 0.0581507215341947 0.0635022607638949
0.257046205183612 0.37103838546431 0.115746468049271 0.256168941302807
0.132775190606139 0.282298054353131 0.34627888305891 0.238647871981819
0.0889138711520138 0.407380677621422 0.335206802781858 0.168498648444706
0.335963386056716 0.223862992787998 0.115602491393962 0.324571129761324
0.263023518004114 0.208401526440684 0.291490927874045 0.237084027681157
0.29800436226642 0.122243542511294 0.25062072745924 0.329131367763046
0.19619715236203 0.25023695245877 0.525556874643561 0.0280090205356395
0.38544108699224 0.322973672318623 0.210085751486319 0.0814994892028172
0.439631834490988 0.0775004854489564 0.0683306764761107 0.414537003583945
0.187249541328998 0.444283721756499 0.177537807600026 0.190928929314477
0.306031370148611 0.570676747258364 0.0692898563976175 0.0540020261954078
0.206189061601007 0.183741455424133 0.310833570323869 0.299235912650991
0.029672320212465 0.299433130458141 0.247297486390878 0.423597062938517
0.298347002146714 0.439217997500241 0.251727339523105 0.0107076608299399
0.332856288880348 0.372383866780981 0.00377218363329046 0.290987660705381
0.0785085193810712 0.382240137999019 0.394216810377322 0.145034532242588
0.334415711789471 0.214384637962819 0.112846187397378 0.338353462850333
0.447574007476267 0.214766888620379 0.255297086408023 0.0823620174953312
0.543935425355572 0.286778864379802 0.0515822444812486 0.117703465783377
0.386112636202327 0.333058476400711 0.0224225191857054 0.258406368211257
0.0999278967775398 0.448206399979734 0.163776184106558 0.288089519136167
0.0541345758977689 0.665282760183697 0.131815065161168 0.148767598757366
0.366149502147466 0.271183458660438 0.345429476125245 0.0172375630668506
0.676913021780373 0.0833126544945014 0.19902443556645 0.0407498881586761
0.283849935056016 0.368852111402889 0.0169370336578579 0.330360919883237
0.238405348322311 0.364529138368244 0.212987826329151 0.184077686980295
0.34245842396826 0.396404743547827 0.167430818585709 0.0937060138982039
0.244691096124807 0.605680424192746 0.0133014164695453 0.136327063212902
0.172655998649889 0.307897317646022 0.240041584031673 0.279405099672416
0.316176581942051 0.578134311849339 0.0609651497489414 0.0447239564596692
0.166284978069347 0.304904106054288 0.14306142766292 0.385749488213445
0.392877743488503 0.152956539833966 0.376431176949876 0.0777345397276542
0.553292284353732 0.136523587893831 0.0822825545959507 0.227901573156486
0.519177793221813 0.134129788002475 0.155196306507464 0.191496112268248
0.256113661493533 0.128157026821747 0.338231616684263 0.277497695000457
0.00122617168761943 0.174553232667909 0.324122369620915 0.500098226023556
0.202472952278845 0.132314388270949 0.397121716007087 0.268090943443119
0.396548491722478 0.346634842656353 0.0935772621761129 0.163239403445056
0.519113672070798 0.253350891457124 0.105054198599095 0.122481237872983
0.187139684903156 0.581195306123108 0.177150063775824 0.0545149451979115
0.443969201355335 0.0992106834518858 0.423594224640391 0.0332258905523881
0.513886866967166 0.066771938218756 0.371077127145493 0.0482640676685848
0.249675592872022 0.414403596570699 0.126451475161569 0.20946933539571
0.026743048594633 0.522654402626396 0.380182219211945 0.070420329567027
0.593597414312895 0.0588338023808079 0.159282921476332 0.188285861829965
0.389746677107969 0.133063790216581 0.045803049891563 0.431386482783886
0.258965262929454 0.309451345735577 0.088453431742424 0.343129959592545
0.174481915604462 0.229272564549503 0.110143397613572 0.486102122232464
0.127891134383437 0.333626620161354 0.229497267441014 0.308984978014194
0.128308647930008 0.308132855305246 0.273836884169714 0.289721612595032
0.257756796265662 0.268802544515555 0.169741705183535 0.303698954035248
0.415462979080642 0.0891809697091793 0.345396143487559 0.149959907722619
0.526216642219363 0.0545282781333006 0.0175391968704778 0.401715882776858
0.388496351263707 0.164476102250881 0.129096008679288 0.317931537806124
0.242509122260786 0.487190053279245 0.126049115086111 0.144251709373858
0.296301577248369 0.118037421586011 0.291604483163986 0.294056518001634
0.247944883409555 0.236722085698991 0.306248670936918 0.209084359954537
0.239420646882611 0.273871507264029 0.422241933402287 0.0644659124510728
0.081429927749114 0.539205890162274 0.154508622999337 0.224855559089275
0.109394497477606 0.366012711272447 0.290766100027919 0.233826691222029
0.411417909952018 0.0589701357472301 0.039490119201318 0.490121835099434
0.271382939816938 0.243375152096524 0.301936248791266 0.183305659295272
0.298616227995191 0.346774155055183 0.307723350865957 0.046886266083669
0.283983913209355 0.315486749942227 0.0549185407799952 0.345610796068423
0.538933369387787 0.0621880923839072 0.393976819712356 0.00490171851594954
0.233287707555206 0.0788748191672907 0.347915842031278 0.339921631246225
0.220032647832731 0.221719175719608 0.336130793435674 0.222117383011987
0.404858410876221 0.18054418703251 0.264696661254057 0.149900740837212
0.235946737225481 0.0220837795326352 0.384323722446388 0.357645760795496
0.304393812651068 0.308732746538983 0.357332501157188 0.029540939652761
0.319572850547915 0.157166379053011 0.378546360300448 0.144714410098625
0.296964225941597 0.335156167261608 0.0690466716764723 0.298832935120322
0.149767913203954 0.370316280472375 0.401050394313214 0.0788654120104561
0.392224716313863 0.211567953955259 0.08727547158878 0.308931858142099
0.313361347685554 0.308743008024022 0.346628506779072 0.0312671375113531
0.216215338360492 0.413339776630661 0.267792410317523 0.102652474691324
0.329794028355236 0.143099162597857 0.184366503028133 0.342740306018774
0.177045256107747 0.229253960931704 0.203521892385221 0.390178890575329
0.350949943782212 0.23816238723601 0.121793007144317 0.289094661837461
0.312326672639832 0.0304529935621897 0.353054419638544 0.304165914159434
0.0974853038284768 0.00317501159597866 0.453384835264826 0.445954849310718
0.0431982839310365 0.339959618777377 0.105287814760212 0.511554282531374
0.329826813452499 0.29840572250399 0.153486073907757 0.218281390135755
0.418471324747909 0.0687603043731887 0.353413190562891 0.159355180316011
0.148908735836758 0.427180623731984 0.164191527232249 0.259719113199009
0.0288171488946295 0.686974160697212 0.243236844791413 0.040971845616745
0.0977142422363874 0.468523999925327 0.195463825496788 0.238297932341497
0.256415637894009 0.298549329878728 0.268841264857386 0.176193767369878
0.306787045997582 0.0311531136179245 0.199914584489357 0.462145255895137
0.302572299218459 0.356644677769952 0.126513561073337 0.214269461938252
0.431098471455642 0.446031224526502 0.0749772587554554 0.0478930452624003
0.125979597096357 0.562089935188769 0.11564327197545 0.196287195739424
0.134878250472878 0.0362378410223187 0.170271729588177 0.658612178916626
0.217334831110695 0.462686561291401 0.0531335474760474 0.266845060121857
0.0762072487874546 0.400662734324659 0.348646553145522 0.174483463742365
0.159476392667817 0.171039589260877 0.616701574541025 0.0527824435302807
0.0930681102848333 0.343569186795797 0.155147342376608 0.408215360542762
0.0419648146932316 0.184645845541578 0.549929617465647 0.223459722299544
0.325703767137661 0.1002069511087 0.235099387347773 0.338989894405867
0.556624086516605 0.0936755783490618 0.160620682287564 0.189079652846769
0.367972813999563 0.491574532514852 0.0920327170649087 0.048419936420676
0.38318610832628 0.0631753336946973 0.416733978046929 0.136904579932093
0.227658934587036 0.343833589777088 0.19569122311743 0.232816252518445
0.262671434687025 0.23903765362492 0.200410524916911 0.297880386771144
0.29750020002372 0.160722909219511 0.00359893372042471 0.538177957036345
0.181537015576469 0.367922437666879 0.104699974333606 0.345840572423046
0.139995986072395 0.050311135548966 0.405636834312745 0.404056044065894
0.440018255749567 9.14026221183849e-05 0.11783570518074 0.442054636447574
0.338575895607362 0.0107134088301514 0.348762026788117 0.30194866877437
0.55133851878575 0.258038551165594 0.182412796020408 0.00821013402824807
0.239111385708354 0.22200815825005 0.263110272982454 0.275770183059142
0.135549901643421 0.433446671005368 0.103384939033894 0.327618488317316
0.456721569821392 0.0898018621724709 0.0815395691722208 0.371936998833917
0.256710602176894 0.18569816017629 0.288612598870535 0.268978638776281
0.192660409352873 0.313897163810114 0.321634452643931 0.171807974193082
0.0345279903260467 0.44821497134147 0.405252566566957 0.112004471765526
0.205064316674828 0.297034503848065 0.233508698828736 0.26439248064837
0.396915479681151 0.0966748876989797 0.240946466879393 0.265463165740477
0.148834971054045 0.129216612569771 0.571333686099037 0.150614730277147
0.262651044733112 0.1989903204519 0.325018285132951 0.213340349682037
0.093179636491614 0.443911497203101 0.10392853598612 0.358980330319165
0.249340629831374 0.139220878228313 0.0397033760077968 0.571735115932516
0.15403924309801 0.286228732024438 0.316867191976163 0.242864832901389
0.162428765367065 0.207781254336443 0.360521218791692 0.2692687615048
0.173424365607112 0.0641556577898023 0.356358934087644 0.406061042515441
0.105374533701824 0.179034953782694 0.39439822113991 0.321192291375573
0.371843253246712 0.0299445556654281 0.357647330867636 0.240564860220224
0.216205650987289 0.289414329008649 0.304328984371009 0.190051035633053
0.193908697403467 0.0539672699916151 0.417505400472109 0.334618632132809
0.166675628445097 0.275099772676078 0.241067526480478 0.317157072398347
0.0821813145558068 0.254834893630633 0.118208440249874 0.544775351563686
0.32292882779615 0.0100419349501974 0.467964420199493 0.19906481705416
0.141456508965017 0.339524796929955 0.228618074157574 0.290400619947455
0.0623174303220784 0.452938610028984 0.268947407936651 0.215796551712287
0.10083721634663 0.331682536371769 0.272886645411265 0.294593601870336
0.356982160522057 0.369734812742631 0.0690240144355072 0.204259012299805
0.144385753808504 0.179326140461737 0.31643101986828 0.359857085861479
0.338255010479196 0.351205145829333 0.131051627115998 0.179488216575473
0.134461519690855 0.296007901628878 0.352043589241846 0.21748698943842
0.528004276617481 0.197192752623004 0.23913791848328 0.0356650522762356
0.247601344320534 0.295381964797033 0.260226690613402 0.196790000269032
0.344262721290459 0.317464327748907 0.0660801426262066 0.272192808334427
0.134384976622027 0.296754201948067 0.000425890921023166 0.568434930508882
0.292143021557206 0.324637949697592 0.0716976348999565 0.311521393845246
0.251781113512423 0.265986277131009 0.28134617245298 0.200886436903588
0.1125404969358 0.0903652668445634 0.601698729332519 0.195395506887118
0.434784693918868 0.0538255369725598 0.485850925244411 0.0255388438641612
0.216082484146948 0.346326543040811 0.247895910429849 0.189695062382391
0.279225525255284 0.278125412803366 0.284973739428476 0.157675322512873
0.377466614835394 0.192063505524485 0.15445496732704 0.276014912313081
0.265585666624225 0.0305390946255857 0.295744257230882 0.408130981519308
0.311090216466984 0.164620479346541 0.207042137170236 0.317247167016239
0.201355561069605 0.300299780261174 0.151425362266121 0.346919296403101
0.36376293301045 0.241318150490437 0.317866078123883 0.0770528383752306
0.0391517438644885 0.159594243256543 0.385802176690025 0.415451836188943
0.0483293747379255 0.447901498979403 0.439738002305928 0.0640311239767434
0.277166921191925 0.566198132631727 0.107093207724666 0.0495417384516823
0.0326278650657734 0.307189560101342 0.242478344011363 0.417704230821521
0.169391840553598 0.122041451306142 0.40635545845148 0.30221124968878
0.235116294149415 0.0504397292458041 0.489041613097221 0.22540236350756
0.186956790165734 0.565935526672344 0.217563116470185 0.0295445666917379
