0.194387779747983 0.0157792755414294 0.0407465746276933 0.0833712526401138 0.232393906402138 0.0344060029168504 0.032865569112807 0.00440482933284339 0.206733963398437 0.154910846279704
0.178676046516561 0.0360148227032681 0.173747355285168 0.124170103484302 0.122980151152681 0.08901521819838 0.0149462697054416 0.00400752789921288 0.176724272247109 0.079718232807877
0.14107056631793 0.147781891264925 0.0218253721057567 0.00417230681303477 0.0996864852229787 0.170308889178864 0.0455789241327295 0.11893153720703 0.170796213965766 0.0798478137909851
0.162448268277052 0.0920690857828526 0.107162138745105 0.0379088278555438 0.0739215658696628 0.174270525118013 0.0925268810961743 0.0602678530474848 0.0349735763258298 0.164451277882282
0.135961192254102 0.0886378997017801 0.0172890941186555 0.139579160374184 0.151072065225978 0.132112140305573 0.0563664487367084 0.0828133829393427 0.0491320992794281 0.147036517064249
0.113140023243669 0.0494107803778241 0.0786519320385674 0.113971061657632 0.0844083630449188 0.168038245332583 0.0251279653933986 0.172032719367716 0.0182696182972674 0.176949291246425
0.07150358231896 0.0157141978820238 0.17197726122205 0.0672495250985066 0.127358701613803 0.118363971313915 0.0882675730323008 0.0224889863570699 0.157270218866152 0.159805982295219
0.0448498555677709 0.171939024392702 0.0597615612016517 0.160501654450581 0.00837998265551686 0.136194735222032 0.116749245930612 0.0976170226717462 0.032517114190394 0.171489803716993
0.0496083616816692 0.114940540257309 0.20141362235931 0.142070588986433 0.0648721709918 0.012862780796205 0.0184215992038361 0.196306922461492 0.0592330717653587 0.140270341496587
0.156278563746019 0.0112168982686481 0.0833159710711898 0.0771485928638613 0.134171359532321 0.0936100942273535 0.198703488972592 0.106487403463325 0.0650950113566716 0.0739726164980191
0.195428694048006 0.129675157790586 0.107406770644319 0.0826763586845674 0.0174824095792061 0.20832171370306 0.0302098056927905 0.0955114625377817 0.0337831129599184 0.0995045143597649
0.125463454595459 0.130276848883776 0.11784567597255 0.115068558845014 0.0985132148102439 0.0272715481305695 0.104368740294732 0.127188447996991 0.0729545368224923 0.0810489736481726
0.205173571687136 0.00634620819849159 0.144547413949208 0.0655436929860697 0.156165844419505 0.148320312485978 0.142629688937649 0.0740147933501822 0.0138892276134222 0.0433692463723593
0.0726846685546366 0.114146871444072 0.118175827399262 0.115254092984207 0.0291320865694446 0.12739313288202 0.0763148617680978 0.100165263679784 0.0917884468645632 0.154944747853914
0.109677875732216 0.1514219436601 0.119665475561283 0.0693763866954789 0.0576556498222699 0.0531703921981005 0.0772104115566156 0.134058239148961 0.127852883915086 0.0999107417098883
0.0789337534734316 0.0216777847213117 0.115720272970412 0.0464113046578739 0.0683573242884438 0.151540012793436 0.0861274042121277 0.14024661625718 0.15540720699077 0.135578319635013
0.0369124189580629 0.028315408565 0.149735726338033 0.180004913661039 0.140903204965926 0.0435739860123953 0.115624027480927 0.176072631206736 0.076670826906326 0.0521868559055543
0.100123551279029 0.0108698440426542 0.0151964048791602 0.000252151774661735 0.190977553354127 0.119369787765658 0.138069386156923 0.0644818607302566 0.222818592080335 0.137840867937195
0.183464118632578 0.0293634490117468 0.110088458920552 0.181808827277132 0.171940763688032 0.0420657203894772 0.0157906719886183 0.0752989598995222 0.166649621587833 0.0235294086045092
0.172833769500169 0.0935310867863891 0.0973954632262627 0.0129174440006741 0.0394060055742222 0.109543321680948 0.122184910740791 0.153179537964953 0.102218476016417 0.0967899845091728
0.0739617267775899 0.111695796847484 0.165550313821265 0.0718355408235527 0.135773511363666 0.0574717993492176 0.205781651219729 0.10390974638736 0.0568346775804102 0.0171852358297246
0.105020455525881 0.0506183491369807 0.107842568804495 0.0358088913170883 0.0536473739687373 0.171077700088889 0.0994245049218425 0.0644991752295949 0.183071918233122 0.128989062773369
0.063331675896147 0.154504248082749 0.0607578909189476 0.047699832926046 0.0241534939754949 0.00862336658859492 0.186062148860676 0.172151222066116 0.0906221621889949 0.192093958496234
0.159576843361221 0.0453195562617071 0.0898863647404203 0.065242319225167 0.152654249492907 0.013084697016843 0.119818841604848 0.0469125125551258 0.148323101438312 0.159181514303449
0.119633125605127 0.0762755111387783 0.151243597302958 0.0494043869463387 0.103855488351847 0.173577454356787 0.0842605405641611 0.0488286564538765 0.133341568405344 0.0595796708747835
0.170809406945443 0.0417954191483103 0.252419973000382 0.0258453664063753 0.0272929032758286 0.0463490284958097 0.00129195263026992 0.175539744176663 0.201134928327306 0.0575212775936119
0.196348169569705 0.0339171755837296 0.0622447689615409 0.0789570041102567 0.0736655510640486 0.0439174395073088 0.102610449214053 0.0913469100278544 0.106988094189332 0.21000443777217
0.055895511844111 0.0392917012039859 0.139674975987515 0.135193762670025 0.148390505256614 0.122888822944981 0.0256288432811554 0.0480216171129368 0.0892619363261396 0.195752323372536
0.134901807926161 0.108122722220691 0.0113543939447451 0.0801804601868501 0.055987572620668 0.105086516343108 0.10358897402714 0.17686361130389 0.0437071034296006 0.180206837997147
0.0251273756636133 0.118528640803518 0.017642903119978 0.127582776922608 0.160794778504949 0.070438340710223 0.0702444124786428 0.107354957754521 0.151052417932715 0.151233396109233
0.0168116615706281 0.0963104883679958 0.147034139147099 0.150308872911652 0.0644112283772591 0.186332676147308 0.0650880380457015 0.108919545646334 0.00664204169360019 0.158141308092422
0.145570968407474 0.0125761024688487 0.0557563295732745 0.121033534817118 0.18715218534995 0.0875601683246545 0.236463590885542 0.00398898916212826 0.141792583977717 0.0081055470332918
0.0233394900175202 0.000116329518840499 0.234468207180501 0.018759192927358 0.0780680955291912 0.0839187427912341 0.0976959186343919 0.239373126974294 0.0435810469449635 0.180679849481706
0.252583618815039 0.0368933866293727 0.141305988240694 0.00389027351280975 0.0973420102057584 0.187946264557472 0.128190127270984 0.0452760982899638 0.0866811642929209 0.0198910681849855
0.0975558033395115 0.015156261062285 0.129510719835421 0.0540094912450032 0.0803278983069283 0.114569058393346 0.135845444470731 0.0905389780068799 0.154084756447043 0.128401588892851
0.206981083420701 0.0191767957548407 0.0410741271617157 0.0964230681064252 0.122698862124857 0.0279777120594186 0.221205965579976 0.0918451826867545 0.0455239406100356 0.127093262495276
0.0284669254381119 0.157064538551915 0.175640132881607 0.0192112120155692 0.0976689515578566 0.133653952555517 0.134896788181792 0.0612931988604317 0.0288498813648536 0.163254418592347
0.162628630428017 0.000488310035146726 0.127905563685958 0.0558565225095321 0.0838453424037645 0.00910200653003215 0.151911557309698 0.14871011822364 0.156059909500616 0.103492039373596
0.0769616442648409 0.0557668608122066 0.14023614695857 0.186853393903373 0.120317538624152 0.0921478963442833 0.0508850488861458 0.0958771488868802 0.0659440285388079 0.115010292780741
0.0300134347381904 0.0352941614396943 0.11191344652873 0.0309901462959123 0.104269144277981 0.0907549628293737 0.174968648610702 0.187274347669683 0.0954751643055825 0.139046543304152
0.0100059738558869 0.0543816281284811 0.160454638509431 0.143530831451558 0.0084368608221338 0.125319809082874 0.144636569533718 0.160680983177792 0.0148751053158414 0.177677600122283
0.070004342685769 0.205223504054598 0.0406847281978878 0.00952482842407545 0.0957170003733909 0.1485953536908 0.0718900373475454 0.221501882948306 0.0124985830469523 0.124359739230675
0.121601524824661 0.240855721241978 0.0417016759424912 0.0125647823894305 0.124072562318809 0.0575488038367827 0.118460914321247 0.041950866372654 0.140030307451975 0.101212841299971
0.140185991719084 0.147344032566816 0.162291582602623 0.00489959288015367 0.150804725599479 0.0705994418880863 0.0524789522125835 0.11648846126112 0.0723859986678483 0.0825212206022065
0.0356231781969928 0.0782306495692139 0.132173553115702 0.125150832165123 0.129747217202986 0.07283880427424 0.119002285634577 0.134274294631146 0.0460147353766845 0.126944449833334
0.0555783227902478 0.167946356786386 0.133427446609008 0.169374083232571 0.115567205209557 0.0279062528876379 0.00871353825509707 0.154902716288337 0.0440128345847976 0.122571243356361
0.119353034085042 0.15635539137735 1.07843948443808e-06 0.021578560282035 0.133348822205408 0.0295093400076156 0.188985063400401 0.00827966549625458 0.261895025655278 0.0806940190511316
0.14421856441938 0.0117836994743292 0.130479133163015 0.0447779193712384 0.0745350559172413 0.113816084512282 0.115053420009713 0.0952327554731946 0.122832632957894 0.147270734701713
0.0201606514893 0.0459422250992468 0.104370837689747 0.101512399627269 0.169813640110324 0.161635342056877 0.164627076931767 0.106296185694392 0.0311191114211399 0.0945225298799368
0.111246194782877 0.203984672090433 0.145192625004005 0.153385626240364 0.0239279407691889 0.0841569108258923 0.0223388534673463 0.0640467437005997 0.0849220657093161 0.106798367409977
0.0603479665671451 0.132330134908805 0.128690179102527 0.116905212674905 0.101535426640822 0.0246956546642678 0.16357911557985 0.010885354960413 0.136005323120316 0.125025631780949
0.0669067806210443 0.0974861351017442 0.144017213737312 0.152910671509823 0.0337681802926535 0.13362669531661 0.18712674774596 0.121641381152993 0.0436812358737938 0.0188349586480665
0.155270224377903 0.149800338476875 0.135018454809246 0.0298228323481939 0.0602311292045582 0.0840651952739173 0.0468072152768691 0.148440474314217 0.082518733580269 0.108025402337951
0.00510838692907835 0.0365081292194226 0.20962516983383 0.202667845163099 0.0784437284504322 0.0114725575982188 0.0771194362648955 0.120094210232412 0.0785973914227463 0.180363144885865
0.169679060134166 0.0521544602297932 0.0359456142637467 0.122555580855595 0.00523570620077126 0.145915231268862 0.173218177640529 0.084840183496689 0.18146945662606 0.0289865292837867
0.0602571799215614 0.169344821277618 0.21882919184373 0.107905677061976 0.16424210670337 0.026682244235571 0.090440425288287 0.081095868374728 0.0647070090644216 0.016495476228738
0.221631553389039 0.0702472110239827 0.062342935036404 0.0137582513268898 0.130995160365086 0.179713153670383 0.0793263396073467 0.210098460063216 0.0300242871463452 0.00186264837130887
0.0998930610325807 0.0936796198364473 0.110146806462157 0.165898558084573 0.125524789864773 0.0232385560234444 0.163625379510346 0.121705750887061 0.0217249828031422 0.0745624954954757
0.114460576815491 0.101661655881753 0.157946029032548 0.0100918189477922 0.00136093621123919 0.121061040637446 0.165653575508208 0.0794366590340215 0.152843001154124 0.0954847067773768
0.0854578553312292 0.0633459583655955 0.119139830091675 0.131865406103687 0.0895328793216443 0.108715979462858 0.0813667044510234 0.0921735677398526 0.12712642139983 0.101275397732604
0.100896088321638 0.0508216335309446 0.131235512489907 0.0502571323220862 0.130617341725673 0.0746926269524569 0.0923145972922828 0.115739219875577 0.127300287653572 0.126125559835862
0.162869516422579 0.14665604275263 0.158920121275993 0.104503048704878 0.0555959067568043 0.051967500175401 0.0251196101231394 0.168913955683318 0.0723864639848151 0.0530678341204428
0.124837088381884 0.128533574286098 0.108458000781241 0.118110182465048 0.0347079436853148 0.0264214875396028 0.0921410277067772 0.111242634082173 0.109479723245786 0.146068337826075
0.125535676007642 0.0662967546436944 0.0271623686405082 0.11804978816556 0.0968288215545567 0.16380308710593 0.154349970663337 0.0601192468600743 0.116378709741094 0.0714755766176033
0.0176218716294293 0.175290274798855 0.0972392643930086 0.127070251845689 0.119052897852911 0.0919463036989767 0.0730096748373196 0.176014622941409 0.0243356428902544 0.0984191951121474
0.141368672203056 0.0167204914181178 0.131178631428183 0.0695649278348361 0.119981108150023 0.139369379172184 0.133002725985862 0.151122959560193 0.0369775719114245 0.0607135323361214
0.0299359652212627 0.155554769379967 0.0156235513364072 0.08376912044792 0.175097612705247 0.101481800841159 0.0360215610223758 0.123743692310637 0.132802826052691 0.145969100682333
0.0781764991043966 0.0695980840041521 0.0226068440066703 0.154853604003178 0.162971967226451 0.188396164166923 0.0071462985704924 0.117994521143822 0.0248061303233552 0.17344988745056
0.15251734804688 0.0773789426023112 0.0758509157273253 0.0791267558578092 0.189779652679873 0.0624424697402589 0.0666435995061782 0.185597901600246 0.0917960858094257 0.0188663284296927
0.183370757729151 0.000509857484230374 0.157775354350781 0.194119951730685 0.0325323938384608 0.0264854212384069 0.0894421973495807 0.0480582019799693 0.15909495186755 0.108610912431185
0.0258872034240461 0.136484606479617 0.105615906888045 0.155512971149147 0.0223269532795691 0.0887939579158534 0.0424206722752008 0.169585124024657 0.205928770436843 0.047443834127021
0.122305286130553 0.12428113018546 0.0512289616716798 0.10333995333268 0.0964949058225124 0.0621186828672296 0.133124826145551 0.16256568510961 0.0325268947739411 0.112013673960783
0.140516207816357 0.0833117346581541 0.247195953129525 0.149539141570975 0.026046723658535 0.0458732709087797 0.0524387583010675 0.131613608635084 0.0182664599570992 0.105198141364424
0.181463106965404 0.0798492535288517 0.143422362033337 0.114412669352557 0.0166294688557983 0.0687082329873351 0.0376490098326317 0.143223706156969 0.170021933576891 0.0446202567102258
0.100346490184824 0.0696455211748219 0.120721182207987 0.134290309261068 0.10421874409201 0.120942932470149 0.0862711661799625 0.0952547599237386 0.132285132974509 0.0360237615309308
0.104559872378516 0.162397835730319 0.071481441563966 0.00680243098080273 0.0190957608270259 0.163704030835864 0.0856678192643948 0.117707622544769 0.0795059106030209 0.189077275271321
0.112843410538624 0.118668253071245 0.0482861469940789 0.0181098241409023 0.182740549157866 0.109621396317507 0.115361624248707 0.0324446968399648 0.114458631134448 0.147465467556658
0.00630177927140128 0.207060374863621 0.00959838673127574 0.189227640759023 0.140435485776013 0.0821717424322014 0.0313996832782577 0.0725058966316008 0.0359516238222776 0.225347386434329
0.155889630083783 0.0769784133036324 0.00635625765126942 0.0993518238950537 0.130329250018893 0.0846752529048494 0.138550103440126 0.17043157113373 0.0220442081704509 0.115393489398212
0.0590640345107193 0.144854175565562 0.103284292890646 0.045115062246471 0.162064978399606 0.0890727430807004 0.0201202615467098 0.114298079094225 0.160699557124441 0.101426815540919
0.146447221684211 0.12612007599359 0.141251552668533 0.0327479465639335 0.117367628861931 0.00205925198520877 0.0901675494176081 0.0773346426111262 0.126981237690513 0.139522892523346
0.0954012148573167 0.139724017140668 0.138827141420017 0.0369506729269794 0.00569893969524279 0.091103825227153 0.157838903003633 0.0769457377785744 0.149326880321668 0.108182667628748
0.153459829790535 0.00867775307105569 0.020798655377893 0.0602760761789912 0.0961845252231143 0.250282253476975 0.110550617935802 0.0321503267250337 0.207639623462578 0.0599803387580215
0.151307352665905 0.13544411539933 0.104164505232399 0.117960650555434 0.151516660305391 0.114724397258405 0.0636165619858262 0.0849310857550544 0.0520551472800269 0.0242795235622285
0.133821758645697 0.13505152604065 0.12975224382449 0.183401101555925 0.0255573934133824 0.025769939707499 0.00152124368157382 0.186845376141303 0.0795366546273031 0.0987427623621761
0.0852091684596867 0.169927164646476 0.0732041796598382 0.0584703403491812 0.147533841018435 0.115944639181086 0.0270424560841586 0.127012741669764 0.0338911838998578 0.161764285031516
0.0316507203901301 0.0836381599866908 0.119632608537176 0.157365806364065 0.145595641780267 0.0536208147477024 0.0796039961869381 0.0658991913186681 0.157724166683577 0.105268894004784
0.00645005358611445 0.0236908647987072 0.0424865692232614 0.215129716891758 0.156977782357658 0.133087452887721 0.0276904841031675 0.216918584431247 0.0638039546885131 0.113764537031853
0.0684642728529802 0.131151563060317 0.137272229889449 0.0366339081510308 0.0919161992742601 0.0884899584627854 0.10008116583514 0.08229163702076 0.123425719473479 0.140273345979799
0.0732375494837167 0.177658297854045 0.197292804317521 0.0430225887827961 0.20382894444659 0.117434470810866 0.00298048053211387 0.0410307054950387 0.0609182774682259 0.0825958808090858
0.106557596549368 0.104766732505769 0.0304371898411218 0.12602398234896 0.176686172143182 0.0399619320764643 0.00536177735844945 0.126079792146166 0.156012285300966 0.128112539729553
0.146942218853553 0.107767978507628 0.116012527186344 0.0893295651316172 0.0333343788870593 0.0402842011504168 0.145263633422249 0.132670332491697 0.0555372816392162 0.132857882730219
0.115627843038786 0.145080108572122 0.109304165162071 0.0866281314306438 0.0420629494091796 0.0271110333099279 0.146519455880708 0.13925571604327 0.113856654271665 0.0745539428816258
0.053603664821767 0.125828290340079 0.0829844373976855 0.177765207980616 0.169252752605201 0.173276584926375 0.0366071203688266 0.0196930055591874 0.0537136463218447 0.107275289678419
0.0265510658793173 0.0615295195700013 0.131217698604101 0.0223427174401452 0.162269329645367 0.10384351155753 0.135172106696117 0.0088602406130917 0.214987156735834 0.133226653258495
0.00228490700253822 0.113197709484504 0.113138899599393 0.136743313881603 0.161647071529803 0.0573627835277173 0.104530576945512 0.0569303239636691 0.203688040813059 0.0504763732522012
0.126174136793141 0.0177765303162473 0.152861902893753 0.0780869010489763 0.160115607665827 0.163662913406414 0.0308286590775206 0.0346912427909305 0.161804720853867 0.0739973851533235
0.172442131024716 0.0349254533132857 0.145629883923872 0.0609144340518963 0.135962543553039 0.023652189710824 0.0302253227038412 0.0152500528098506 0.181915497535238 0.199082491373437
0.127444440845821 0.113492563954076 0.0496273615104296 0.103616989881382 0.0596629029604302 0.147089242216647 0.144776312141539 0.170816082050246 0.0140327085609886 0.0694413958784401
0.104153482041435 0.00641351519371056 0.148314408239249 0.166272839667599 0.11240090510078 0.0123886102731462 0.174060946755579 0.048321960414715 0.214177824042838 0.0134955082709465
0.0170347388525243 0.100344515846067 0.0203845246607495 0.100071801218213 0.149460462799887 0.145184161627817 0.130581381004503 0.0594007713886305 0.142528621490446 0.135009021111162
0.060874183887507 0.101408220138367 0.00824902126931729 0.0629807786160827 0.158760914012931 0.150976649951912 0.0349104138604514 0.13161502033566 0.164646211059967 0.125578586867805
0.145698286826893 0.0256304798381169 0.199572353515347 0.10860408372359 0.0312752022632336 0.0483512728682623 0.124227064045822 0.0727965167517767 0.0203374072372717 0.223507332929687
0.119228701986916 0.0407589651349547 0.103249467345295 0.153819549553931 0.10249194321191 0.033300965181578 0.147461521837272 0.0702687365216868 0.0577741649896635 0.171645984236793
0.0863892685028877 0.149961364925081 0.0186564594524796 0.115622978325914 0.0478528964902674 0.192273022868851 0.128293225207682 0.141383965180793 0.00340655543260447 0.116160263613439
0.155778773829415 0.00644062064228219 0.0366107327489422 0.180001035787366 0.0636887726752249 0.178440022642463 0.165919482608466 0.0488213916255291 0.00874654205641483 0.155552625383897
0.154715344174462 0.0479006638963292 0.113446196460631 0.108374613514822 0.12063608417121 0.153899900103265 0.0162384163316351 0.074023096826383 0.100451479288348 0.110314205232915
0.00638713066160234 0.16838727549223 0.017662641965721 0.0932186930990606 0.141254422789628 0.0251506292555309 0.179126547388977 0.0731377939397316 0.145560030765527 0.150114834641992
0.0914655133819364 0.0266778324158114 0.0334609421846455 0.216560923181471 0.0864470146514859 0.0675889752284754 0.198835005180706 0.155878259712905 0.0011718540321225 0.12191368003044
0.099218476485322 0.143195209657072 0.0578875939663665 0.0222578475736504 0.106885456640386 0.0737677151841955 0.136330408625183 0.0563855913900707 0.146318742496759 0.157752957980995
0.0184142574883625 0.0338306713608851 0.0821013268741974 0.0338390625639767 0.131260950604945 0.15668035343154 0.0807703306708739 0.105318610087481 0.231157820687555 0.126626616230183
0.0904284081242445 0.187610991504353 0.126371687780026 0.0440300621771689 0.0163004095112226 0.200431010354197 0.0550584738923453 0.0318962365315389 0.214969284367931 0.0329034357569737
0.16384655634688 0.0946916848472151 0.145353860603474 0.145268829894532 0.0585130826992375 0.0436140030102145 0.0677181130000824 0.16237002811011 0.0269803472575606 0.091643494230694
0.111376915556561 0.0377073051772776 0.237825546668938 0.133378649305147 0.101035796874346 0.0768071169662026 0.0860646666426883 0.0339673650939002 0.14597830946734 0.0358583282475989
0.115849609933167 0.153296099257505 0.102868515638813 0.0930207231764512 0.108814839458342 0.12146040982364 0.0703767600824963 0.0977500526610007 0.0525291936827366 0.0840337962858478
0.16699718914776 0.136301140776301 0.135422173610448 0.000422725429026235 0.160816126772319 0.035638728998597 0.0441346265689036 0.0170675007717558 0.140098551194929 0.163101236729961
0.0757819257270051 0.0380087544892237 0.116354768147032 0.152288887397378 0.123181509136769 0.0254880475445146 0.0689997792942315 0.168261544816608 0.111037292311935 0.120597491135302
0.152322066772797 0.0685960307074986 0.0811061781869604 0.179735372624673 0.168742385356309 0.0600452527115477 0.0436041175018437 0.0756215015400317 0.0639387408828898 0.106288353715449
0.128228670016471 0.0644667127381975 0.0422720041958807 0.11047295201731 0.162420526902994 0.0837238491811521 0.152148900713083 0.0988333750452945 0.140215083593862 0.0172179255957538
0.0496846803124893 0.140632354005451 0.0482469506998309 0.188934902310146 0.00586795304351463 0.0923359112314917 0.0900594473761872 0.0708696006951307 0.163640913465411 0.149727286860347
0.158891732652864 0.113945955115752 0.0194596826158938 0.155397552392952 0.0947938175502649 0.0365417167343102 0.159876281681989 0.129356499623368 0.124377779687258 0.00735898194534976
0.137450860232124 0.0751584563842996 0.0229550159979555 0.112602129233483 0.145086076323332 0.13015169078718 0.118005398686593 0.0463008759175301 0.0838560399991028 0.1284334564384
0.164617627093318 0.127289866774133 0.0690133439820142 0.0276774961187184 0.19141469683941 0.0222340469298978 0.00592250944902376 0.134046597974113 0.119055507974967 0.138728306864405
0.22096951937789 0.0981337027957178 0.207708811323275 0.0861221146984654 0.104365307897771 0.0279347369524408 0.124173940447325 0.026204331506992 0.0101542209801854 0.0942333140199378
0.169152591687537 0.097495982439318 0.108875056165028 0.0407767513260014 0.048573035391729 0.0926948356922083 0.0968994786971169 0.0953800482916477 0.184082891382481 0.0660693289269329
0.0513514326071648 0.0946999752309077 0.115067924936634 0.0513340824227219 0.0425480803679578 0.157146836129142 0.052644688886973 0.124089061698956 0.159230373669652 0.151887544049891
0.0799194706992473 0.201703374114689 0.0162592862607325 0.150770969918166 0.00622717518313721 0.144555697854779 0.113023284680227 0.0136729110287078 0.208318766686161 0.0655490635741525
0.0156920175369903 0.163721790105683 0.106080426236829 0.0456431172431879 0.0638393497348073 0.191266375897458 0.187419514919626 0.0403715627661398 0.15915644786479 0.026809397694489
2.47050719451668e-05 0.0745399450102679 0.0438915619179625 0.188065378334986 0.202351434697793 0.180066184194233 0.069967277747787 0.206495076361736 0.026873754211368 0.00772468245192248
0.101158674780786 0.0450251266070985 0.154134987682803 0.00605046819783665 0.10001910467771 0.124396466398411 0.0212927125720867 0.158997791762888 0.116885242791363 0.172039424529018
0.0250138682544295 0.141336543470736 0.128120268730112 0.164909169680974 0.0771935679520479 0.080235243481201 0.0227140039136085 0.137426290965984 0.108910342799498 0.114140700751409
0.0987470789429972 0.155634554185428 0.0993176321684899 0.143570766200557 0.027715582385148 0.166469129199776 0.130021349208594 0.0118872737447555 0.0671308344136299 0.099505799550625
0.111719012842023 0.0501747610345394 0.0824173493705977 0.161839274674319 0.0500655918046626 0.0951547432139473 0.149316290076187 0.101629174825131 0.139680168165656 0.0580036339929367
0.0145692707745396 0.107725681666074 0.0765758362525064 0.139298676914395 0.0602148150460316 0.162731302665803 0.173352583244473 0.145828863352896 0.0455696336996994 0.0741333363835816
0.0471129793599488 0.116338295076754 0.148302655099231 0.18527410156084 0.0922841424438134 0.00343339747002459 0.161305905011049 0.15121706914737 0.062147708164093 0.0325837466668761
0.189069297604033 0.101498161539743 0.178522120481402 0.103179662018498 0.0530508233822646 0.143325053305065 0.0591474154799226 0.0132344420644771 5.39567324652399e-05 0.15891906739213
0.115564218953462 0.101272860535528 0.031958982410138 0.0661329932084401 0.039626496827052 0.141346462737707 0.0531038150728002 0.18447278324888 0.095336325017051 0.171185061988942
0.0667142309979866 0.0116595139842988 0.0525512515519211 0.242834348505072 0.124858442075251 0.0447208781512753 0.185175917304971 0.170326048006991 0.0569362396845612 0.0442231297376714
0.200163473783283 0.124102236221318 0.0639018247827604 0.0835355271219026 0.032520840690749 0.0401220489701212 0.15960661624693 0.0927430801446309 0.146960322482186 0.056344029556119
0.230329722163489 0.0989447406875779 0.0741262572482012 0.134105376243148 0.127605788985361 0.0578021988473527 0.0301202036870079 0.0566114037606645 0.0730404746376897 0.117313833739509
0.0773658601993965 0.106195064435045 0.129394348674896 0.0710422932098753 0.17585402939146 0.10750918765686 0.122286855814552 0.0256190590996228 0.036584926445999 0.148148375072293
0.00626416602621777 0.172931459037099 0.0710745982045553 0.128253376195756 0.0301430779522737 0.0899113516664793 0.147635340370319 0.159195018694323 0.0529695692263057 0.141622042626672
0.202315354659642 0.0409602281636827 0.191475879991645 0.198715017829195 0.061323059043891 0.0670700994911995 0.0235564428874155 0.142506233501074 0.041002868051575 0.0310748163806802
0.0710440471986733 0.139266565112626 0.100435320722247 0.129212359715003 0.128284074736293 0.0679879897900322 0.113768149984542 0.145937264405272 0.0461608030786341 0.0579034252566785
0.00309914810280949 0.165296585703129 0.168692625740468 0.167364844006278 0.172723684833111 0.121578157823156 0.115667276553276 0.00585774449348219 0.0737937840797356 0.00592614866455409
0.0198927969232257 0.0107114949679817 0.131970033314152 0.046697102136545 0.213649505688475 0.108268238620779 0.126323665006269 0.131834860190526 0.0359799505918921 0.174672352560156
0.141133374645459 0.125631271857207 0.037502044144184 0.125109332839565 0.0912132024683314 0.112204704142154 0.114568747081369 0.0914242715268005 0.148018069866723 0.0131949814282063
0.0935529382039372 0.183098283550716 0.130834757075066 0.0735654543985829 0.105077600350831 0.0310920708105485 0.0565680150215378 0.140712069205278 0.048042618203986 0.137456193179517
0.023894351229041 0.173397096592736 0.0795595831912525 0.130588933126306 0.22699093606939 0.0104996865352337 0.0462947689890145 0.205425764983996 0.069342311992698 0.0340065672903326
0.11615071359009 0.151582601423004 0.0760030060355919 0.141818653924758 0.0647348913708468 0.151022156094359 0.0930245705188576 0.104704469441872 0.0841882313512542 0.0167707062493672
0.00150107344721709 0.190202421516458 0.113846949300775 0.00917928039561155 0.0937078725400774 0.0450463318506469 0.0937966002713878 0.228115482636075 0.206227929742226 0.0183760582995263
0.119005147049995 0.0345412480450719 0.125150057231926 0.138466478650984 0.0128553323039595 0.110586248041377 0.0666695327942959 0.151224074830796 0.138454749599141 0.103047131452454
0.218471831105439 0.025012462175945 0.109398243511504 0.00549908740478926 0.0408491726218976 0.157875414988066 0.0620762683782421 0.0563375217863863 0.121894661048193 0.202585336979538
0.156353004930509 0.0327729771177587 0.095522459433395 0.0975953340872105 0.178892258980473 0.10155752877591 0.118039984328089 0.109207894450729 0.0304302665208321 0.0796282913750941
0.159909350817816 0.0745585864822879 0.0419811784108447 0.0916782371256069 0.0570497219632345 0.0544971461841565 0.0935986295157264 0.122431123208908 0.130440818540232 0.173855207751187
0.252346316849086 0.0740624031229922 0.129345871214445 0.0278870885738914 0.0075122623875146 0.126605249284813 0.0312723064418173 0.101966207961503 0.0234614557982492 0.225540838365688
0.0602113455912124 0.0295530965657452 0.133239863466054 0.0889926328680614 0.168025267165857 0.0552685123160608 0.097569433980769 0.190913378677664 0.0649774283234821 0.111249041045095
0.0621726649034648 0.149760566214369 0.0648432788772921 0.159730346861713 0.0640109655902745 0.142860380530598 0.0821037815237995 0.133471990570799 0.124417661770783 0.0166283631569068
0.0779344122439936 0.104380663499802 0.114784620352147 0.07451927527373 0.0554875658801998 0.103554792847554 0.0192945279349184 0.0669975164484078 0.189821419271994 0.193225206247253
0.139714162744781 0.153281735786543 0.157636542259814 0.0920834697368897 0.0887526760066547 0.120573334242418 0.108269348494045 0.0177367228521594 0.0208610446149803 0.101090963261715
0.0634010589126194 0.0704409794672037 0.088478748318254 0.0626260618101498 0.0975240145545041 0.110175651113334 0.0439889242104664 0.154169583636492 0.122952818354733 0.186242159622244
0.153513016606875 0.175181863191201 0.171597842586519 0.136394940048504 0.047138028545221 0.0170914575490162 0.0536927852333451 0.0817080386094628 0.0398371342418101 0.123844893388046
0.123423406748704 0.0209511425430999 0.144309317148221 0.133432643359601 0.0632723017422104 0.109722320115047 0.116598320020205 0.129925893937626 0.13129579787534 0.0270688565099453
0.108157392059041 0.153594471893912 0.143980731237184 0.0606697143263625 0.0449765697190872 0.122427626968722 0.0716651149307126 0.022736324566502 0.126799583396649 0.144992470901828
0.178087295245282 0.155477859485533 0.114381783093321 0.142179145501506 0.115551849439024 0.0627608298461528 0.0947293478465551 0.0286168229474486 0.108204372447359 1.06941478181065e-05
0.0607978212099277 0.0913024409688413 0.0319390441093389 0.137834416324349 0.0275962290429713 0.18683554114798 0.191853565668242 0.149326535302931 0.102627992421188 0.0198864138042304
0.0549281887388668 0.0886214674473765 0.116160233755106 0.0242752971754978 0.192373844498427 0.185208682256673 0.0164751391761398 0.189236795969454 0.130264996420957 0.00245535456150223
0.185058208443468 0.0341314042188807 0.0254618348706394 0.0195931602457051 0.207350517327276 0.167310357902789 0.206238993386074 0.107607032666734 0.044091439695625 0.00315705124280716
0.0775309451866454 0.136951249448823 0.143509742358624 0.114080168515728 0.117249546716001 0.0599939040417561 0.16046272134439 0.10251250056549 0.0144947955573539 0.0732144262651897
0.087828978561254 0.00300343847119892 0.180785898899809 0.060962570620219 0.185952496203274 0.160943884873603 0.162408536469062 0.0503559352605644 0.0113477802517348 0.0964104803892807
0.0449536479561556 0.196728145306297 0.0665263209208656 0.105625904149471 0.162018269821387 0.0664526658135218 0.0388243148817305 0.156189351333884 0.100746406179477 0.0619349736372104
0.0483629347078646 0.0701958824462989 0.132677833275885 0.112656322479062 0.115135796355395 0.0936770152673215 0.12929575736441 0.124459746936144 0.0466823266857005 0.126856384481919
0.112919235439463 0.0919617417659587 0.145543120122556 0.0808506205405195 0.0969699559082877 0.082060358905175 0.135028629031725 0.0496990448144775 0.0712341590837886 0.133733134388049
0.15910514291974 0.121205642781985 0.0346886270264897 0.170133514741183 0.0561964208188607 0.0219637918086503 0.0382334803217751 0.158724190052497 0.136688504044146 0.103060685484672
0.231735184116751 0.140805818785065 0.020192406382912 0.00594269548077634 0.124048002901809 0.133247864449367 0.05777126288695 0.0991254738771142 0.165535264345166 0.0215960267740896
0.0584166220425866 0.142078185012362 0.17810458766845 0.0792429099927289 0.107655187635796 0.0602405577926885 0.035618492930804 0.0732647004023754 0.165113467197872 0.100265289324337
0.11564166462811 0.182981524267298 0.0596013422303595 0.114293964390674 0.0605534719594293 0.151527220817849 0.0700044464857149 0.172225601173182 0.0531098678139078 0.0200608962334764
0.106747759075766 0.15794289670974 0.0571105137398138 0.195199990589602 0.0574273378645913 0.00737690103932883 0.0528994331799843 0.0480077209538579 0.145075137851742 0.172212308995574
0.196840589907226 0.0356936273615587 0.127763977778442 0.0334850738728201 0.159518423697746 0.0813798318486896 0.122205033508291 0.0810137729588798 0.0797562899814943 0.0823433790848524
0.0917141466610605 0.0444343472875603 0.056738234813288 0.164348098572729 0.165849109714934 0.00451727129451315 0.106516263011852 0.0898253993018077 0.133962506928487 0.142094622413768
0.11291892994174 0.0290882820849681 0.144682232337749 0.109480281298668 0.0972881294676062 0.0614625886025929 0.122742954717826 0.12741094518086 0.0560314479918028 0.138894208376188
0.139265835707984 0.0402610541426976 0.149206951172591 0.150502479433984 0.138780204972745 0.0535623497547232 0.0548912084388405 0.176175679742082 0.0743567508550349 0.0229974857793177
0.0337920519419252 0.153135918644909 0.162156019580739 0.0703079439164539 0.0777528776037675 0.0801541708842395 0.0897261456622802 0.112644015761522 0.134976935608988 0.0853539203951758
0.0769381761433434 0.10759149991373 0.00576038120407033 0.0896565159069734 0.182770330630478 0.111710138442662 0.0531980579700805 0.119692900274622 0.169247357678257 0.0834346418357834
0.0806277720790719 0.137740312141456 0.0710608046583754 0.155446088936292 0.0689731974589572 0.0250529361330725 0.153034634777929 0.0611641943066394 0.0960675219709244 0.150832537537283
0.170393741333297 0.0202249234398398 0.128241101970813 0.0353299519458519 0.00100753893648242 0.148071999938323 0.125902325907206 0.167618660061363 0.139108193633578 0.0641015628332448
0.063592467257882 0.0825671979893411 0.0400327873058243 0.154302340237167 0.0909336310215258 0.0992892456031697 0.194244147710029 0.0415465168949702 0.19479244458912 0.0386992213909713
0.152558310512835 0.128920655437539 0.172766830635546 0.0865151697511276 0.0281729380741518 0.0482161815928894 0.106238453777511 0.185346014925512 0.0628728429835617 0.028392602309326
0.0348656939182224 0.035804342930281 0.19312020656912 0.0930264827251877 0.134426707616448 0.142458740522889 0.0887179350797074 0.0719671452468273 0.0913392282250322 0.114273517166285
0.0190323186753325 0.113587008973386 0.0798080340520143 0.0786450659947885 0.0686396263827173 0.132758704579922 0.144463494136932 0.104136193714394 0.109754996219487 0.149174557271027
0.0215781264212021 0.109233768989421 0.0612939562748296 0.155276369549002 0.110655304012766 0.101064259553945 0.0517809001223724 0.153971571099856 0.085586383767083 0.149559360209523
0.0937595884256165 0.0649121219085653 0.0560839451847116 0.00838172804196609 0.0158314156338859 0.0718125238379234 0.179535310571062 0.163128317978917 0.19305996647474 0.153495081942613
0.0643022026614354 0.0694270924209957 0.0291903158865951 0.0448690598635826 0.0878242449756274 0.19577252222637 0.152428585781643 0.0413076095329135 0.167892321071606 0.146986045579232
0.0607583592392381 0.14302647744252 0.115629130235797 0.0436464944648499 0.129476591115394 0.100353690081063 0.201310185262284 0.0901460104747511 0.0900870224271864 0.0255660392569168
0.0795842757547766 0.115487208387821 0.0521548159248868 0.0263390814553659 0.111769628138569 0.0421579198178545 0.142592509754238 0.128671116976836 0.170491399400387 0.130752044389265
0.0307692653353301 0.0820097064919791 0.136184349905458 0.062653443559631 0.114627211226753 0.134345095456446 0.0890736526142213 0.133028350098928 0.103474073333262 0.11383485197799
0.142368513221125 0.183266524245507 0.0450601793688475 0.115178089634321 0.156116637398826 0.00878433633836216 0.167880928437428 0.0973836904510703 0.0156178834981878 0.0683432174063254
0.0893286115816202 0.0986540352304418 0.110581858767775 0.121010994986352 0.0981550414166627 0.119825884140992 0.0104160758293208 0.0889171380093559 0.131808470915693 0.131301889121787
0.155974061059929 0.0992804144715269 0.107725887456919 0.0747562282472049 0.0271206688222242 0.113320992694542 0.137504516558549 0.0749920932211363 0.127494233337763 0.0818309041302061
0.0637656611210713 0.129699673840262 0.0856947599797274 0.196132449955151 0.224477446766206 0.126266948615844 0.118058456553948 0.0067757792516403 0.0132626505796444 0.0358661733365052
0.157964231923542 0.162596733282562 0.0344211796104794 0.0972809099422125 0.106501811600995 0.132945509295072 0.0339044056021391 0.0985045060564074 0.164086256360553 0.0117944563260378
0.146228600047972 0.134053550356765 0.187456073352301 0.140289883862193 0.0389307093966959 0.0631509935399194 0.000702518843801184 0.0962680728897649 0.165853000745816 0.0270665969647709
0.0877115249854887 0.142322808567968 0.161662705425501 0.172787417604471 0.0067318239479363 0.00572188814833775 0.0459860932343831 0.175241325484782 0.155837964797766 0.0459964478033659
0.137014245468496 0.176331529708937 0.0172126153348801 0.155318700646488 0.114020759750389 0.157789135629089 0.114414991896736 0.0788548595581283 0.0139939236914251 0.0350492383154311
0.120035567698592 0.0569911133066538 0.0747979466420429 0.0601881279058318 0.0286492678212809 0.14221100724655 0.0637199234259274 0.188147641106541 0.19284139494638 0.0724180099002002
0.103965022246414 0.206126749443013 0.117110610768547 0.0373190311269983 0.0685209473871109 0.0864604974421811 0.0334551410904431 0.125918342532403 0.196688154687317 0.0244355032755722
0.0323955919205702 0.129428071089234 0.193319158476617 0.0418901140405085 0.0734654638003414 0.107286133034999 0.157640830304299 0.0175552535463865 0.119550254415393 0.127469129371653
0.150289259969609 0.0764586010760769 0.114120274637479 0.134990833715045 0.0136736825483422 0.0459372165013875 0.129210767072993 0.147951181099655 0.0929888457491988 0.0943793376302138
0.149753886530846 0.0995221143768267 0.138684336045302 0.0318326667268511 0.018450918437308 0.077138219767627 0.114515070045682 0.0874227550396735 0.151445164710812 0.131234868319071
0.107625959298348 0.092357575485962 0.166948690374708 0.012743450094895 0.172857554423762 0.0830764291047438 0.100153245180072 0.0537287329630943 0.042260109917974 0.168248253156441
0.0853226382418268 0.112474628480763 0.145087327546692 0.0381908220843066 0.0994079870527459 0.111747340749266 0.151553449872953 0.0528206011038208 0.0915400556265096 0.111855149241116
0.110994289341283 0.152982825962397 0.0707749493273892 0.140254835458658 0.0940277732544824 0.079523820176033 0.0280523796326401 0.124310464748384 0.190693564056736 0.00838509804199784
0.0873061779292103 0.126287717734366 0.116073730750206 0.129721979430106 0.00540556605192533 0.092892471240799 0.0607582290842178 0.0219355726357497 0.178508711454284 0.181109843689136
0.136122826994261 0.129479968759694 0.133541224661129 0.0773726314321222 0.100497948415987 0.0506099064872053 0.0987868967753322 0.152380533718593 0.107370476663259 0.0138375860924171
0.115749883636964 0.116059543443099 0.141425887184796 0.0398184630921909 0.0258711725717058 0.116095648084063 0.171743970939487 0.132199920052423 0.0253705540475125 0.115664956947759
0.20845382483498 0.0339932091304506 0.00291645091307798 0.0557961656074466 0.220421023529994 0.164994653208463 0.073211499855534 0.0421617677999573 0.186582264683534 0.0114691404365625
0.0452962224788218 0.0535293068223352 0.12601827610047 0.0624183605142531 0.0950349296659559 0.14699902804199 0.116713089756311 0.19852017139103 0.0203397177217421 0.135130897507092
