0.207054239827232 0.184197113679523 0.239973151866228 0.0636068154121625 0.0349611446858808 0.0782647132357271 0.17844353836511 0.0134992829281357
0.0236294509393329 0.0423332808887937 0.15903825893221 0.347002343453262 0.300396949026308 0.0491231670975183 0.077210627498697 0.00126592216387866
0.144952109050442 0.166177114392618 0.0117459967854143 0.0902810148152828 0.232200308389448 0.1390883596003 0.187168851663952 0.0283862453025428
0.173886356440935 0.0651220079817148 0.0527867845161903 0.220122804563366 0.119092476204491 0.0436728753055403 0.155295747455543 0.17002094753222
0.0726000129327024 0.100120110498921 0.185552587825376 0.186064813322854 0.189121085403257 0.0393711281777171 0.159323741352316 0.0678465204868564
0.127655125096578 0.0979603680953207 0.15628996749194 0.104071354827534 0.0430545294588647 0.210911296022893 0.0995545970565652 0.160502761950304
0.166224250065369 0.124544874107162 0.135568976956474 0.0758676871314774 0.204929033268981 0.143852445007699 0.145841840733777 0.00317089272905996
0.202346525905404 0.0103613921877572 0.167084634122826 0.179317520196709 0.109616189207167 0.139031884716241 0.109006199992608 0.0832356536712883
0.00615997838046254 0.180914080465314 0.162861355903017 0.126253100932909 0.0674144219037766 0.20324849072953 0.167073317013679 0.0860752546713116
0.221857812177136 0.154526168298991 0.0358318229117859 0.127544766240816 0.0502333053359954 0.0491240156701316 0.200538879848006 0.160343229517138
0.122405228206008 0.228501291128735 0.0891719989954058 0.235310253444835 0.0937320134096496 0.0373776323681314 0.0294394091534698 0.164062173293766
0.115181437773738 0.17248917547436 0.0775146026398798 0.0286841093568753 0.124432217229228 0.219028265930745 0.163054195471956 0.0996159961232167
0.24533033799323 0.0557427294781976 0.0417738814004222 0.131476995745194 0.0540590893241774 0.0302880931534353 0.202420982823469 0.238907890081875
0.190374553792527 0.0992819073898867 0.167047318489841 0.139224057944003 0.119086267152754 0.0502734842270017 0.0959756621411436 0.138736748862842
0.136503783985588 0.126103395345452 0.0459665636296102 0.0813613236379766 0.240799923149963 0.0170190538951487 0.130746911229385 0.221499045126876
0.0673072012705588 0.105273553450544 0.156216292955577 0.168479993623782 0.182582194777077 0.127856488138174 0.0345697587608874 0.1577145170234
0.0182918583638448 0.148917776556794 0.16457454913505 0.163398604909237 0.113894835894297 0.1297084043377 0.100883287242805 0.160330683560271
0.0759568445030651 0.322628384978944 0.0762057939932137 0.0104512255976172 0.08907101091513 0.0149672883789147 0.203915492847449 0.206803958785666
0.0283133229031118 0.0955512655141103 0.0569452654067652 0.213527330073358 0.153042400496578 0.156413371660939 0.253871947482365 0.0423350964627723
0.209149162929291 0.285450127733345 0.104673243256446 0.0474494754557242 0.0333571195282926 0.186096304964561 0.0753980021676825 0.0584265639646579
0.201593185925927 0.178813536747091 0.145814873914571 0.0233145772392126 0.0279897120121387 0.126268256477724 0.192735862763245 0.10346999492009
0.0885230220381093 0.144894953585698 0.202610923591871 0.139178595450749 0.0583107928562302 0.157341481431575 0.0180074112768 0.191132819768968
0.114010161855996 0.197735100323631 0.121054766895325 0.170210261227645 0.0900977094223077 0.0461339301923002 0.0886830625652018 0.172075007517594
0.232513223778403 0.090246372110919 0.0207768313771553 0.279514004076936 0.00043933640339739 0.00666134156765427 0.206508357168429 0.163340533517107
0.225174165782045 0.165758107190597 0.0367876452261202 0.0830094817370309 0.111062932730536 0.0625713007806438 0.0533987666859393 0.262237599867088
0.0753257861390427 0.114682207167151 0.11725258463477 0.111939000109877 0.105144579303004 0.14033242366801 0.13038926104031 0.204934157937835
0.220720869916576 0.219631950357815 0.080567942820746 0.00409669503123011 0.116999665996025 0.103261360890548 0.133205402613661 0.121516112373399
0.192332177365129 0.254748674895279 0.0330437329443224 0.0678109055534609 0.0852413516839182 0.139125625720632 0.128124559009784 0.0995729728274744
0.0786420461153592 0.0878219850719376 0.117224904654534 0.25315963445923 0.185438680519406 0.15603841271932 0.120391869588466 0.00128246687174704
0.115726691962933 0.0732170422538119 0.27261230963742 0.126479175732506 0.0610681701684446 0.171250739566982 0.0883891914464854 0.0912566792314173
0.0488520645629421 0.15690509024229 0.00721801853911509 0.14722516585589 0.195024157188773 0.0630019062727548 0.179919198088248 0.201854399249987
0.158165041380643 0.101597652900619 0.0434064322134002 0.258054837181427 0.158012874715106 0.0747478715335825 0.183277490214606 0.0227377998606167
0.225191155228776 0.0239155870338234 0.196185426340484 0.044666095860051 0.109271127254539 0.0884473614521253 0.166050836543556 0.146272410286645
0.204794639473572 0.129106928247026 0.0526739821236696 0.0585012535049571 0.143570770037406 0.0548623307884101 0.187319941424392 0.169170154400566
0.060595952159509 0.0379947353355833 0.194352155537914 0.177658593570794 0.0287827518819827 0.258558976550083 0.100496348292228 0.141560486671906
0.116195507704735 0.0263769426345423 0.146605561300507 0.111466063435445 0.233495469212117 0.00590735131226968 0.0977541053012887 0.262198999099096
0.00135665738426137 0.260338527005533 0.19820165839003 0.0707175433386974 0.0863587813037895 0.0103923819385826 0.254056425490976 0.11857802514813
0.135864291248789 0.0627797462673389 0.16226884747664 0.144340213790795 0.188437827205465 0.055555250982714 0.131491539455224 0.119262283573034
0.122136341328951 0.208918800993794 0.181210824423224 0.0220300775825452 0.12393986228329 0.153008895440346 0.131411866139795 0.0573433318080545
0.202701610920559 0.0116569559644704 0.134165332581558 0.11399705974995 0.162859577434572 0.0561784679889802 0.145223511053083 0.173217484306828
0.07238190775738 0.139576944346957 0.145749139275177 0.0542443999602837 0.192516421062459 0.13579593596478 0.184693177647821 0.0750420739851416
0.0256672935785137 0.201647123471329 0.216720149731902 0.0399121792961697 0.176312642548446 0.0438674833243448 0.10850077044686 0.187372357602435
0.259352991408842 0.0772896978271261 0.0194911644463932 0.229032285306477 0.0706986394059633 0.0299474667687661 0.276391244320079 0.0377965105163531
0.186037090973868 0.164274984740132 0.208767755658825 0.00758544293822283 0.11793286336179 0.0458039893535554 0.204984109653625 0.0646137633199824
0.105240765053423 0.137083395648125 0.126137130578173 0.13245522844072 0.0750546988139617 0.0553024653968875 0.178023411816637 0.190702904252072
0.00432685657429276 0.0884478151228932 0.278334060309385 0.156183244581371 0.077149584110196 0.117614767903365 0.156713340498431 0.121230330900067
0.204025502791095 0.108639968681836 0.107747110264401 0.209386278304856 0.179785180653435 0.102741042447573 0.0758186829886297 0.0118562338681732
0.062801645614363 0.244772289473383 0.139740103570703 0.0776821977172868 0.209120310006815 0.118062346551714 0.0918131169004238 0.0560079901653116
0.0636190997204411 0.193819211730223 0.0385374363075598 0.237641025341804 0.16110496026307 0.0562450998569405 0.0468025772291036 0.202230589550857
0.163036472791373 0.150110599352673 0.0613564930078802 0.0920069115489454 0.158073193420965 0.0133665847413561 0.155112688915229 0.206937056221579
0.0414002354443475 0.120175312572584 0.157913475785963 0.0946782367075666 0.182496633475333 0.106492789880707 0.117200210278076 0.179643105855424
0.00076179786350224 0.104719696239876 0.227212237923776 0.265203753935004 0.101666159168282 0.198881036084198 0.0289518402532903 0.0726034785320721
0.184138450052756 0.189419234226915 0.0739595613677362 0.00920695133008584 0.0712498046250839 0.0620133568470303 0.139828386541313 0.270184255009081
0.200927012767859 0.199646525629539 0.146961672659367 0.113552517331637 0.0938239539123089 0.112650449641085 0.0654166948767893 0.0670211731814151
0.0800632279859171 0.240973404091738 0.115978807982058 0.126839868373823 0.0341635075259545 0.045862774322074 0.138737373945154 0.217381035773281
0.0310426414981711 0.106548944239856 0.045442014441756 0.0794022697499366 0.10706546226346 0.202525682234148 0.220701004592771 0.207271980979902
0.151195290225908 0.0267483341721556 0.298092110024666 0.0250037240012085 0.224819697703847 0.0612048001862338 0.0576297779493172 0.155306265736664
0.119537866864752 0.0838408920963798 0.198425445132145 0.101204623113609 0.196147078496995 0.168046096639675 0.0600744037327559 0.0727235939236876
0.209930687943605 0.00837720219716314 0.188793019199292 0.136230513203858 0.0651333553338772 0.126068136659435 0.245971363741116 0.0194957217216535
0.00476634255000919 0.159764900659798 0.186456153639643 0.185091757395824 0.0808091831945314 0.133550970113449 0.158475354660758 0.0910853377859875
0.0202629087264972 0.0939355808144565 0.236503884452325 0.192420925964238 0.170739950825792 0.139583423238583 0.12975862641258 0.0167946995655285
0.0519225257981512 0.0484612624067664 0.109428019992379 0.188883571523669 0.106256718466686 0.204246506177244 0.27545644095129 0.0153449546838134
0.185844985201749 0.241183509141868 0.00151165018637281 0.172979759975254 0.113042792320563 0.0129688262501136 0.0783518291418745 0.194116647782204
0.178275153283259 0.0761935806363669 0.174081147370557 0.18448135237951 0.137487443491216 0.0596906919377927 0.185075398172776 0.00471523272852192
0.219210293175538 0.139621621941427 0.0106675116178808 0.142889260608116 0.178753328863595 0.0219062165835599 0.187981445622822 0.0989703215870613
0.020134221491601 0.0740546508998209 0.206046048383518 0.17586613430031 0.196510792103465 0.10637913727178 0.106680624550531 0.114328390998973
0.0655395195595732 0.15611990696443 0.0906688968171074 0.125604118803448 0.331936572213655 0.183670646105722 0.0336067982228072 0.0128535413132574
0.0139984090393062 0.202215767435394 0.150396856070604 0.224903386230515 0.0952480057821336 0.0384559833044182 0.184516142884207 0.0902654492534222
0.201381228342735 0.115049165213619 0.143486309300794 0.0770016834845314 0.146154470949616 0.126678762580936 0.0143877988738378 0.175860581253931
0.0509763399099412 0.0419120805996954 0.198361830617394 0.204790950809892 0.00402098761007166 0.21953998975009 0.162616460452535 0.11778136025038
0.238986557999551 0.0279792182393517 0.100558138550769 0.0480936464070512 0.190491651065166 0.194615067779003 0.09413041184391 0.105145308115198
0.11887355974048 0.0823852892567463 0.124695420596539 0.103505208866705 0.143280742334459 0.293799634703053 0.0444675730728235 0.0889925714291942
0.0765302604076313 0.0233701317514996 0.146869383237565 0.213485479928093 0.16492049421017 0.176586053135416 0.138762682858124 0.0594755144715004
0.192544366709828 0.127307812494566 0.10385896001226 0.0643373629039295 0.111874386829693 0.0621691658983263 0.143619385620026 0.19428855953137
0.0425102462700416 0.282818002862052 0.00462892766701332 0.0298245811882614 0.226834727070762 0.212419898752506 0.171032967105277 0.0299306490840871
0.112003947862212 0.118382108885606 0.158558082473299 0.139594097885453 0.0239964405737331 0.161717269956575 0.18534804753133 0.100400004831791
0.0789869806693037 0.123436719303206 0.135008666020681 0.0223404953479406 0.172134694802234 0.1480411430317 0.187854250084347 0.132197050740587
0.0193699744314272 0.0624093517419817 0.029136160204817 0.142289182081584 0.163631081637737 0.124595393960097 0.18568775531097 0.272881100631386
0.0858782822387223 0.161646360704915 0.181296459076071 0.180131455395302 0.0452557972617319 0.11367769189386 0.0999622017278834 0.132151751701515
0.017644716994361 0.140452344144767 0.130918175645997 0.159255454101394 0.199397539292131 0.1226284999323 0.112218579511783 0.117484690377268
0.269082584162587 0.0579615438292331 0.116875022985434 0.184399962645691 0.0364129431597255 0.155762134883188 0.0804255190917155 0.0990802892424267
0.229083279251634 0.195382604934587 0.0815403945129092 0.028050823679861 0.0459508933652971 0.114270025964147 0.171278590794425 0.134443387497139
0.200744713565495 0.0289555234630384 0.162339831409056 0.174647088783328 0.065624461400191 0.105374288770989 0.180239604451347 0.0820744881565553
0.0327096547549637 0.128612620505442 0.0687254444454657 0.245484274212576 0.18876821917391 0.186693969770562 0.0695731810448828 0.0794326360921979
0.169474496495577 0.130682657017322 0.203496530048961 0.0261813108824117 0.237363068152286 0.137817267308978 0.079409031559706 0.0155756385347584
0.0343756422670867 0.0437124082723331 0.193655779848491 0.154683352230217 0.268918069278857 0.061178041259509 0.101257737870372 0.142218968973134
0.129762933042373 0.141571373712721 0.139455272244457 0.100912187121985 0.0121879283982973 0.104877519902269 0.192767900822333 0.178464884755565
0.0903233413730742 0.137509066454776 0.214320731193929 0.00616003309911631 0.00561148370693387 0.259316398454038 0.17731746607034 0.109441479647793
0.0356251209589995 0.176318767136148 0.0898169645753436 0.200793242456669 0.15928121417394 0.171246893103513 0.0249131618805631 0.142004635714824
0.121254375098804 0.00282188951479985 0.0338888626901492 0.0575568823833808 0.0625777589469508 0.282472474121438 0.251543286175494 0.187884471068984
0.174637346249562 0.198427964638184 0.108724499229298 0.0285726156206285 0.0216083210225174 0.307875407374369 0.0305767911423637 0.129577054723077
0.144101615366826 0.13370418231856 0.118377541034802 0.0744535007170508 0.130572798329211 0.163417405209634 0.125777483669681 0.109595473354236
0.0660022203392058 0.0382888388950846 0.0816939407170461 0.26019485530177 0.107315262044897 0.184065871627948 0.0514182234788199 0.211020787595229
0.0128365859439698 0.060783476832563 0.245256586041526 0.062299594093415 0.14557862784405 0.266260435676068 0.171041311107625 0.0359433824607836
0.0624236264813769 0.343097384985706 0.266244165715556 0.0202081515838548 0.0590729184765601 0.198255970360253 0.0343238573126583 0.016373925084035
0.0618182557562511 0.0737040267407432 0.220937554264016 0.153030073865145 0.0748060733990312 0.0776200758174158 0.168553670455458 0.16953026970194
0.196367243217111 0.170357207272313 0.0614450386650134 0.0613307127942102 0.190243247152268 0.100699528171408 0.0612709531239746 0.158286069603701
0.202036665225546 0.053505284633719 0.185478856326378 0.231647345951366 0.137773850467858 0.108185927727936 0.00191427710359941 0.0794577925635968
0.128998184764607 0.0842476749866739 0.17845085207177 0.192790442325308 0.0673807228372624 0.104844250688481 0.118046394246514 0.125241478079384
0.138301771420062 0.114380029994565 0.205972089706818 0.0738510588365439 0.165061503237607 0.0222097098891581 0.12301953372548 0.157204303189765
0.170834412851772 0.0857516570751188 0.183698410308185 0.165240080671116 0.206601752590577 0.167599176435321 0.00913390301335987 0.0111406070545494
0.0863868008651905 0.233577257885013 0.104944490405549 0.230411987735897 0.0667983364591176 0.152602158372381 0.0370565596576875 0.0882224086191639
0.146403137432275 0.243424384340386 0.0379341121868516 0.158652716752752 0.108360581498607 0.0305640789778573 0.0456886963156972 0.228972292495575
0.106225099853238 0.232259285271367 0.16808367184491 0.128921126086175 0.0184677395416424 0.125154420234435 0.138889448135896 0.0819992090323364
0.109326638800982 0.140907728768708 0.105758609390919 0.114546400101175 0.129202010040022 0.119382875729989 0.137880604373458 0.142995132794747
0.0681882894036067 0.229481321821505 0.243684103752005 0.0188358209741732 0.0730102442229101 0.0900339830054407 0.0359824466852367 0.240783790135123
0.181523005052078 0.164636614647223 0.115946707927149 0.207310953405499 0.0776895913172629 0.0310669437869374 0.0828341628766293 0.138992020987221
0.279722603093193 0.173919264624616 0.015652334289582 0.0927736953270594 0.160132717904573 0.0401725904991147 0.160951011157366 0.0766757831044953
0.158788305765438 0.157727734222004 0.16141657285436 0.0775945416159956 0.038966600436624 0.0713552104692905 0.153435730534815 0.180715304101473
0.234454347745612 0.0257314677000525 0.0230401309986509 0.0282409197387142 0.235303867299127 0.146501198613037 0.103814871704296 0.20291319620051
0.193944236783185 0.223478689916476 0.125287396659062 0.113741617408529 0.0443287276365325 0.0303513517681173 0.0717859348668156 0.197082044961283
0.0943300499583268 0.0754188108911241 0.162512390110614 0.158819545649299 0.129485295697794 0.153705981646683 0.111891546876161 0.113836379169998
0.138612285813776 0.266151924633117 0.152801713350219 0.155836671165736 0.00729716821745344 0.213766329348025 0.0153375086983003 0.0501963987733736
0.210874845014527 0.00139185514418794 0.0431442299330336 0.109787196350201 0.225057052136474 0.199209730269175 0.111920650269357 0.0986144408830444
0.102304481731553 0.0721503743791064 0.199817544547796 0.114000178829138 0.228746087053215 0.00162269818330629 0.0603521417249427 0.221006493550943
0.218838016845035 0.168887948004124 0.139689784820585 0.0183768169349433 0.139929124710027 0.151913229203938 0.114361721462903 0.0480033580184463
0.122961432183593 0.155915547946557 0.0806601550547917 0.135119009972563 0.03883895441203 0.241211441417149 0.150743584691697 0.0745498743216187
0.207828246200995 0.0725311331487307 0.211467296823952 0.0625599539996264 0.109078642629583 0.0796025235609641 0.0516779588096136 0.205254244826535
0.20304900094169 0.217386367475181 0.0215266588225611 0.0772268589897898 0.119905300396357 0.0123632836761725 0.0693138142861556 0.279228715412093
0.282668943052332 0.034241981253223 0.0918870008688369 0.0400403062477871 0.250904735907436 0.0843286535607829 0.0159854580475215 0.199942921062081
0.133975382750306 0.0450533824673339 0.0773678819111013 0.020451050713612 0.104817188459898 0.223031293170347 0.244957256203041 0.15034656432436
0.218235678654158 0.05586510831547 0.0399876202580337 0.24416332625881 0.267530993314833 0.0310340491708122 0.0481529138111583 0.0950303102167246
0.198773705522895 0.137256419298649 0.201536217997861 0.0166194345241448 0.163207635349202 0.157510614057376 0.0972624841672599 0.0278334890826125
0.161220915588777 0.149411072255469 0.143674404572843 0.150125345577676 0.0471022118573346 0.0543191187197421 0.189241719327705 0.104905212100453
0.21748565595384 0.0987795105091788 0.169908862780378 0.0449241743320757 0.197287603349711 0.0691351450959174 0.104517624067533 0.0979614239113669
0.0542118474322138 0.0629672742804518 0.213555693549684 0.018771256249403 0.202518473997245 0.181978807420174 0.0973326060521325 0.168664041018695
0.135400692898671 0.12205955689486 0.119696202532722 0.101194980971486 0.188667551222967 0.0645499499856973 0.10864521788519 0.159785847608407
0.127842020686963 0.107057905438022 0.0157178225485452 0.108055167092603 0.193112264209545 0.232731602019081 0.210866200783837 0.00461701722140472
0.0382514333566973 0.24802032320963 0.0536210595527159 0.155248146764429 0.047673477518985 0.108476965041551 0.333663460682373 0.015045133873619
0.109193768058094 0.0890191529985419 0.15220376730537 0.103293349080381 0.140593315612995 0.141852430803995 0.126751813204557 0.137092402936067
0.0527984668876089 0.195426086005945 0.111983353404976 0.0480531913679016 0.141015181480007 0.187615310471715 0.132480507742762 0.130627902639085
0.199984650110179 0.2354807869789 0.0271103910021457 0.193443429394143 0.0636054592198041 0.13142939136763 0.131291356918362 0.0176545350088363
0.0827891035588888 0.193623846495222 0.101112427822151 0.0731157221869278 0.193782069258049 0.021915497901524 0.22132923340857 0.112332099368666
0.181076612217064 0.120847662524282 0.157079855293938 0.135582637760155 0.21032229437373 0.0328012429386833 0.141399335642252 0.0208903592498964
0.0961788651214908 0.166334324575753 0.204259456987628 0.217075713827431 0.175693440402323 0.00679293463018687 0.0119376506686263 0.121727613786561
0.221441402997429 0.214879917672579 0.0134150430750431 0.0548575982370149 0.102815855026562 0.0574396915287139 0.182977473729567 0.152173017733092
0.133893413997214 0.0233247021774003 0.25343936149176 0.221572350306293 0.0683778419331322 0.110777588429408 0.0441817226608457 0.144433019003947
0.153878178669124 0.055460351815149 0.1995735485004 0.109243607016423 0.189428381955928 0.158329351589304 0.000401613852469429 0.133684966601203
0.0529635635814907 0.0639022472790153 0.196609229400167 0.182140895081888 0.0792172749892385 0.128981113705994 0.128145316261941 0.168040359700266
0.0347761830734373 0.176333837864052 0.182419117273139 0.108606790441185 0.156695730558145 0.0976265227537857 0.0197931488875389 0.223748669148718
0.139394706833465 0.189781617389334 0.025120748696979 0.213343268377033 0.0680668718700055 0.0555659251177275 0.1461947527822 0.162532108933256
0.158913367123535 0.057421322994974 0.161225266659092 0.06822545095168 0.0088679849935184 0.20337214541052 0.238851274125099 0.103123187741583
0.0181620769136621 0.0983982484677714 0.00449768883439174 0.178115213377588 0.144655368518313 0.184224955331635 0.18711311663947 0.184833331917169
0.0672657106900671 0.153469613703869 0.223261942771179 0.0738188431471067 0.171073936697533 0.118969972321259 0.0359061797845128 0.156233800884474
0.139973819923498 0.0185463103394104 0.149775439493497 0.00130004341929652 0.215736172728471 0.225014071697879 0.075519789393639 0.174134353004309
0.0783932661592766 0.203435911125994 0.225973949215572 0.0174303907009985 0.0948746193458924 0.0797867370974008 0.0858525489375407 0.214252577417325
0.0994356397789157 0.16561902585814 0.287654497054974 0.149284191088125 0.110391076209786 0.0443387105048657 0.0917674193340757 0.0515094401711175
0.0563846514745023 0.0846875661532931 0.145399090223013 0.192037735073856 0.203209021136495 0.0998594500615309 0.0278855558963148 0.190536929980995
0.24863084076069 0.122243797688009 0.060919675677329 0.154702668322269 0.253213378055619 0.0582165016400109 0.0736924887430141 0.0283806491130582
0.175894001258275 0.100835767230712 0.160367435268198 0.0361487101095736 0.00123605541289748 0.189485044126066 0.181352821265498 0.154680165328781
0.00167576552875512 0.0398721904399842 0.19817469115263 0.209828770727464 0.170527705883958 0.115506581894687 0.11318548186497 0.151228812507553
0.129704563212711 0.171449862472201 0.25113136531785 0.108506165277182 0.152328194937921 0.130947760769175 0.0545726484653128 0.00135943954764805
0.304142001341562 0.0935303132673464 0.101915746214108 0.111772042043873 0.0402690596555139 0.260243152366496 0.0819136590333262 0.00621402607777423
0.189639170817313 0.119104724919906 0.254537544854737 0.0809135141662104 0.160732446849109 0.114974830351902 0.032458251602946 0.0476395164378766
0.00600785358677451 0.230675794130395 0.266711804879854 0.0466711287779991 0.037762265109163 0.0132646417953796 0.255752727388822 0.143153784331613
0.13887869872523 0.168268572764445 0.0343187816741648 0.0791038242018656 0.295996789554224 0.197281280243178 0.0613446199299773 0.0248074329069162
0.163257178496678 0.0352346508541099 0.182115805708108 0.235434871465282 0.0516656189225435 0.00840536647838235 0.120130845169565 0.20375566290533
0.0625623805229915 0.205913925651208 0.0713405695284794 0.126595516513092 0.136263310699697 0.0968508431892018 0.0581647196719927 0.242308734223338
0.207695865792787 0.141233987448555 0.190848177087251 0.160033118656399 0.0790089045302108 0.0528381021497666 0.098440229572164 0.0699016147628668
0.0919824208629994 0.222375242685886 0.204800641673787 0.0710290953479907 0.192778662200112 0.167058038282324 0.0226542198481523 0.0273216790987488
0.0490214563016163 0.124230144656252 0.103542427266606 0.132645574892295 0.0246691873979794 0.264137429096712 0.175427313085158 0.126326467303382
0.0134606688355703 0.153368674944823 0.210413197738487 0.0638494922911011 0.125842664895331 0.0651307432519245 0.216546131250863 0.1513884267919
0.0278188641811485 0.0842023265015568 0.190792265477745 0.0745584494340159 0.110447370859865 0.231376695284222 0.2335386380912 0.0472653901702462
0.189845848814376 0.114973063116565 0.0439273150156404 0.138610295546396 0.196745995353532 0.132768694469447 0.114520357983597 0.0686084297004472
0.0429489036324149 0.166118174241838 0.0621841692305233 0.0842119320431033 0.224567137157909 0.259562754342438 0.039692373588646 0.120714555763128
0.017236343547598 0.117025404236557 0.13112533566508 0.173126860461942 0.0737696185607434 0.287169339544115 0.100896217173628 0.0996508808103364
0.0200407902409727 0.162131643018191 0.112391641603562 0.214121802490901 0.0213680213980035 0.168305380776915 0.11468875693666 0.186951963534794
0.117556205606221 0.137361235369658 0.0406229842697382 0.142662893989384 0.0614640400895626 0.182975661603501 0.16782701861617 0.149529960455765
0.061956086095373 0.0306251669687745 0.24322029244624 0.202881512023156 0.196782633671999 0.0336413195968241 0.00473991834759226 0.226153070850041
0.0272707591600336 0.0218148048354638 0.229982454654393 0.201022607281839 0.097314308924309 0.200478441709314 0.17953536060293 0.0425812628317176
0.0193907606867155 0.142947687432371 0.157944656779303 0.201953740191641 0.120094777551209 0.0868712104290944 0.0824070462226763 0.188390120706989
0.163568034813288 0.0733395628947304 0.116940161525076 0.0946483314657817 0.129890053760006 0.0638116971232442 0.132896099253152 0.224906059164722
0.210891572742513 0.148164872184068 0.076669585236876 0.109561366752736 0.00986265356366771 0.116292448935772 0.120803587547114 0.207753913037252
0.213243940920422 0.0529673959688869 0.173536388979395 0.0514601530682283 0.0882072444117944 0.180556431685958 0.16576395185181 0.0742644931135055
0.166273027948275 0.198822864378088 0.0907281957855473 0.0826131761299627 0.27725893987984 0.0324035533689631 0.042082059448359 0.109818183060964
0.09690718666255 0.200182018751987 0.0375730229019954 0.0626587624914886 0.0540500871304625 0.221186838541984 0.130436075850985 0.197006007668548
0.161223253025211 0.0442592429644934 0.0505349808239926 0.146943865606205 0.211595567460439 0.14311631821267 0.159075516566681 0.0832512553403084
0.0556400286578311 0.154370541989662 0.0335714307821416 0.125600857947106 0.250404358425994 0.0371492743107588 0.224355540746001 0.118907967140506
0.098173725938211 0.120373334066826 0.0896442373927741 0.23554151443723 0.165014800732893 0.065845991345904 0.16382329124045 0.061583104845711
0.138512761894353 0.163116212676384 0.0820189079219566 0.125644868682752 0.0992032620898768 0.14650024133984 0.089575803520539 0.155427941874298
0.13429494861038 0.146462427779154 0.153310155834236 0.120730243718227 0.116916427637579 0.10488775329234 0.0779108372198096 0.145487205908275
0.115601265226512 0.162893007435688 0.19833414983495 0.0135378720837098 0.0563290643602622 0.193729248083852 0.151571801832098 0.108003591142929
0.0089266223236192 0.0690217334434407 0.140957739794415 0.20024638865222 0.195108932566163 0.0495520357902947 0.210300027572287 0.12588651985756
0.0449024239862861 0.192117214113243 0.0824457872824182 0.0812910861074062 0.112597736792145 0.264901994239498 0.199140197065276 0.022603560413727
0.0331237887817879 0.2069026813548 0.0603979488731047 0.228352476667587 0.146994565047364 0.0324849086159009 0.139308805944606 0.152434824714849
0.180120870424617 0.147732409103218 0.191315624964299 0.092135210097579 0.0715234189638523 0.129406055704458 0.146998638050105 0.0407677726918713
0.150892554341604 0.0115718107749452 0.127598325564892 0.197459027269854 0.123441065690758 0.133594857424007 0.0861610069952565 0.169281351938683
0.151289339830196 0.172230791791228 0.095707365596565 0.125390916133714 0.0773325235523855 0.0957830619079273 0.126415528212156 0.155850472975829
0.103499586987745 0.00510828386844318 0.241355174820051 0.010286466406802 0.230899393123233 0.0405818333313489 0.1217342181526 0.246535043309777
0.179666499054278 0.0218101324300216 0.164504381545106 0.174480829686017 0.170036988397168 0.133319117503355 0.0218595188337419 0.134322532550312
0.107178708439706 0.0730471340502595 0.017262666256225 0.258534794835267 0.0637844318246457 0.250886187473589 0.0643141487504083 0.1649919283699
0.118854724379494 0.0458750944478612 0.080888229328057 0.153112899186367 0.131481205499985 0.156406050874319 0.147234690103831 0.166147106180086
0.0599503615769409 0.0281573688460414 0.188634570688791 0.100963308025653 0.257981192724501 0.224462998619294 0.0517834398062106 0.0880667597125684
0.0030574027597367 0.239393407149916 0.0909920193514923 0.075619576646477 0.0352145774795755 0.0156486406330631 0.287482848660339 0.2525915273194
0.169491358435075 0.0896124938837205 0.19477192204174 0.168070094956255 0.147455499251459 0.138911548049984 0.0673587614061532 0.0243283219756139
0.0701860401567719 0.0663884179091704 0.140433965695969 0.233509331874297 0.0711097655512362 0.111864358493846 0.0379731688468471 0.268534951471863
0.00500055541809793 0.205249952484298 0.198060701338469 0.0583960042156335 0.123281713854669 0.157029468563289 0.236633661179137 0.0163479429464063
0.0998930544984806 0.171899053428084 0.0362426354940181 0.137992010032101 0.157516239543003 0.0552273120800193 0.188317910399675 0.152911784524619
0.250166594584106 0.165467674185294 0.0819238598770668 0.0909158129512613 0.0187662078128428 0.213840469663529 0.0111736300833477 0.167745750842553
0.0922952236459127 0.0412891420497387 0.158364104749756 0.0904421045907514 0.161400562520289 0.145200158140791 0.216946743545681 0.0940619607570796
0.0108869158049549 0.213890024658656 0.0606143669873585 0.19650232631396 0.153515924078874 0.128454489068132 0.105742881744981 0.130393071343082
0.134239255360969 0.104411338015824 0.100769557457734 0.0661953345874333 0.0959325961082693 0.188876876635604 0.104437632214858 0.205137409619307
0.146085515634918 0.230598816407421 0.0136877287119195 0.147169955839141 0.0274351786796333 0.22038338252368 0.161304795325349 0.0533346268779375
0.0757691573974876 0.0427685209136906 0.15853698298554 0.166591056533115 0.172634161899471 0.171368262409684 0.0210088149764314 0.19132304288458
0.152078530814872 0.0407267847343591 0.0915273118028166 0.161478686862366 0.16749782004186 0.0405782843833603 0.18988924259567 0.156223338764696
0.0929954868869199 0.218724708685511 0.212484498541656 0.00845439626792759 0.170201383242436 0.110354615020674 0.171054275573416 0.0157306357814582
0.139962941317783 0.0159027959944081 0.0970620218106509 0.221263761725764 0.0944734383756397 0.0407237725459309 0.182066272437711 0.208544995792113
0.145503530805955 0.0900949469776058 0.138904606059818 0.0165318851361876 0.235220036335882 0.205182486245353 0.107794882140577 0.0607676262986221
0.0242106071614058 0.0794454574903936 0.215546396344878 0.0290993609888926 0.0395208034756096 0.25918262528661 0.107520708801871 0.24547404045034
0.0672092542935865 0.155328178383565 0.139776957622828 0.151987605200359 0.0241971858981872 0.184885338099843 0.134901758374811 0.141713722126821
0.0908366559330344 0.0666027131329718 0.0641525667103466 0.0458810262423907 0.166368671243314 0.264299922903227 0.224323892318053 0.0775345515166621
0.258777074904619 0.126402113449364 0.0233938766170713 0.00767664069740409 0.0573221310432635 0.27981957285353 0.207987475849814 0.0386211145849339
0.0833016612876166 0.248457701776659 0.107727857154477 0.210678773638024 0.0340187576598274 0.192746615268101 0.115754969443644 0.00731366377164986
0.11065831799455 0.136637427427262 0.0653653028199293 0.112322353932537 0.140775383365218 0.166240899273227 0.0908724251553398 0.177127890031937
0.228343725228103 0.0652297980693335 0.22849373965217 0.00183865193659359 0.177138025022571 0.0954522618797908 0.0896051596839874 0.113898638527451
0.00771991509650517 0.225683480644477 0.163025261874201 0.105287462215015 0.163560929554216 0.0989984915750853 0.169346587238832 0.0663778718016688
0.117746754179549 0.104601630416435 0.0994283363320846 0.116656622087009 0.100548989318211 0.13460251836069 0.175149208893881 0.151265940412139
0.205895794691029 0.0730852354454855 0.0224818800892262 0.216340669260827 0.139435081987053 0.113638588312959 0.0151548242127792 0.213967926000641
0.230626383607355 0.233669386473654 0.273561269541579 0.0789695103271593 0.0782271738870504 0.00797954761667153 0.0455472835237343 0.0514194450227959
0.0784866785762699 0.146040760890543 0.00597702332855252 0.110579256816418 0.0242263069693841 0.257635256399903 0.148503173700725 0.228551543318204
0.137093815775315 0.151543239553799 0.158473985573629 0.0901522646940598 0.104832017217652 0.0811315194691792 0.17547713513021 0.101296022586157
0.0673882101155538 0.167744300101616 0.0208274294967631 0.230100286600213 0.182087409258471 0.101818299557814 0.126241949794077 0.103792115075492
0.0562280402345697 0.0220105785798492 0.212444324103881 0.0149746359912259 0.161310829486968 0.105102822601051 0.193658157915643 0.234270611086813
0.17075475858134 0.334795836706623 0.0198137212429758 0.111661688339781 0.0112773645511959 0.0295685947869685 0.10585538033525 0.216272655455867
0.0917074361633956 0.148361327257236 0.0689215490859292 0.117297002158531 0.146070477842698 0.140550018019911 0.149374918845687 0.137717270626611
0.127865619952329 0.0712119904875543 0.0912830859945084 0.138219947108398 0.131935710186045 0.143169605282127 0.124261829879974 0.172052211109064
0.0108802729070468 0.148839631914016 0.196940491474546 0.128327755373412 0.112283058199054 0.015972121236526 0.300529456873539 0.0862272120218592
0.0279122862305294 0.150453536056011 0.191629393029494 0.00233402841961607 0.191091020908397 0.261372319322588 0.173837203763232 0.00137021227013319
0.160418832110523 0.0539976221068989 0.0385284820120412 0.0204800603785834 0.236861986108009 0.19839770911871 0.195079519468962 0.0962357886962733
0.117508224118611 0.100781534419118 0.227283374044579 0.228546044096255 0.00121841912406681 0.0619077748184131 0.184750318990917 0.0780043103880395
0.122873854305771 0.197170624669559 0.225609376078845 0.212633906080463 0.151243420304543 0.0131228480137839 0.0258496703221666 0.0514963002248693
0.120895798274881 0.20938198868175 0.0176601719740618 0.13282511936123 0.147293216939359 0.138483607491514 0.113264514945549 0.120195582331655
0.184600425192014 0.0764316294713749 0.0501841644236847 0.169125638766392 0.0955808999541911 0.201452637522248 0.15980982974089 0.0628147749292058
0.141431054914485 0.0554093120049489 0.112470304772374 0.174025939253659 0.023329388835723 0.210037305413474 0.0564986521795244 0.226798042625812
0.0287638312164523 0.181962511686573 0.152109366547847 0.124380392079891 0.183322939300739 0.233055483877015 0.00967003003926833 0.0867354452522141
0.175840749126874 0.0783010607438343 0.157785616117289 0.0927270347334124 0.15913829962088 0.160258384518182 0.167612585927481 0.00833626921204737
0.0221706065469679 0.128774700865941 0.195198618552125 0.126826789156931 0.207970734394433 0.253967616599952 0.0551588352704694 0.00993209861318005
0.0706369986018513 0.115580050933614 0.122861185843121 0.315847963749912 0.0664497045651316 0.150796528766391 0.103552452627473 0.054275114912506
0.103032343793503 0.266402188259585 0.142272576357762 0.173406840574136 0.0799777681643862 0.0630652436131271 0.164689346180323 0.00715369305717803
0.100555164864184 0.0442254441675844 0.169147887059509 0.00633612124840202 0.0989016110502723 0.284326411194152 0.0225264831822165 0.273980877233681
0.0955896414723631 0.0889407719773624 0.00446226467600581 0.126601557835312 0.0839535687873552 0.164048965216805 0.430197743485591 0.00620548654920537
0.0215158158384047 0.212246582314881 0.0207061241702584 0.0380981978258074 0.142490739598187 0.16389799223849 0.15473669027895 0.246307857735021
0.150618611273407 0.0416575444240561 0.154233873966619 0.135694549054806 0.0388940607889741 0.166340182104068 0.173894120086472 0.138667058301599
0.16409522682587 0.109544508985716 0.126728950553386 0.0547157571357312 0.167852223333353 0.0895780848698934 0.196036109147708 0.0914491391483425
0.243754879109687 0.175990867404983 0.0933053588400704 0.207174630913789 0.0639501404430014 0.0955011367185194 0.0904212443092454 0.0299017422607045
0.233865127914854 0.0687884199344895 0.054219943462626 0.258796928417633 0.06441073552231 0.125095555709985 0.142102701866684 0.0527205871714193
0.101747381415881 0.00616513478382751 0.0192341402271281 0.232008182481782 0.125817069308015 0.0797845635693059 0.179110641558553 0.256132886655507
0.0795373486605852 0.0835553793953206 0.119944140075385 0.198477495908101 0.192528389538474 0.10488094740782 0.0951533825665935 0.12592291644772
0.0466177569484015 0.191321697115888 0.1010665199251 0.229677356050467 0.0141271274095626 0.119900046888937 0.110368933625863 0.186920562035782
0.171704073730635 0.0518795910559178 0.154914739077339 0.153018607045155 0.13929730915036 0.136716780878734 0.167256194963721 0.0252127040981382
0.0998737721353929 0.218283079007786 0.144482417246457 0.0831058041669644 0.128279919214734 0.142034442074664 0.142239434949068 0.0417011312049333
0.202692687173921 0.21638561759651 0.0489685246853904 0.149758102499386 0.0156012631797224 0.14612139606187 0.218794203737379 0.00167820506582137
0.112602967961335 0.21053651399358 0.124457011977184 0.182891647059188 0.118530354715719 0.0388765853762234 0.0939793987433216 0.118125520173449
0.0140880385961904 0.0721253008315434 0.260566457085847 0.221680813319933 0.030958966737785 0.074272744133793 0.114886781654783 0.211420897640126
0.0603314014150722 0.112074833264969 0.157013790490545 0.0917258382389353 0.0623408274654974 0.193181045376136 0.19273524636614 0.130597017382706
0.0794108369606935 0.139507344333351 0.219775848454818 0.186150492046323 0.0189068423769845 0.00677389943911312 0.188132915186724 0.161341821201993
0.156122937239863 0.108212871580819 0.277735970702406 0.129513194267441 0.126756522450275 0.0141957369159679 0.153964537138317 0.0334982297049109
0.0868633544469875 0.221758025783398 0.248753054109104 0.0932453069317714 0.23962307956595 0.0801968293776658 0.0242919457760236 0.00526840400910013
0.090732852574491 0.204315914992903 0.0675993220493511 0.231396728160709 0.0374171975118356 0.104256611094283 0.137029631476364 0.127251742140064
0.197501067911983 0.118975873206853 0.106823284426388 0.0825152109523017 0.0106532151263569 0.236437759488691 0.0130964158498209 0.233997173037604
0.0999031207877448 0.150857590845099 0.241389943839115 0.184182725305235 0.0130165680064612 0.154144723094068 0.0459935849482587 0.110511743174019
0.0339941271422932 0.00582882741086872 0.0788361954716308 0.235805121936556 0.19866691381327 0.204519352827654 0.101168523680345 0.141180937717382
0.165616364730607 0.0615295572283568 0.0694723352145602 0.0125888216909972 0.15638253780892 0.171163331969161 0.196608263133082 0.166638788224316
0.221742394008183 0.180137903627938 0.0342656841430884 0.130175330123298 0.227955545257372 0.0686770702227424 0.0730929108297823 0.0639531617875961
0.0975141772812143 0.148690819268156 0.15939363198433 0.0676066143461305 0.159332416266356 0.01783046719356 0.179610378621839 0.170021495038414
0.058593679206037 0.206252935541442 0.207257931855699 0.159126237728316 0.202422082285653 0.0140882773121494 0.0527184460065516 0.0995404100641518
0.143783043212525 0.178855640233853 0.17588702273488 0.148219725474559 0.178277766273818 0.0463958542641825 0.121080075842386 0.00750087196379595
0.00281574312096143 0.0922878504298974 0.222542606597628 0.140998287103543 0.0472360821797129 0.151246459242566 0.111910812114466 0.230962159211227
0.11025927436115 0.201169891815318 0.0939238322212842 0.0209951272510605 0.110870999069652 0.166402754948853 0.198347875575045 0.0980302447576369
0.108677987619655 0.0538341842903572 0.132413413794911 0.178213270291919 0.136254462318444 0.00752940408001084 0.194239269491074 0.188838008113628
0.085513944825641 0.00448978007689777 0.200268506881051 0.0798164939731755 0.0765335745369675 0.319647841686344 0.188359893009918 0.0453699650100042
0.0487471496878532 0.075943429564082 0.167340968250158 0.20288654908445 0.146394082269868 0.0281479330637787 0.111932955547713 0.218606932532098
0.0791022342094516 0.0725034519609869 0.0987334723851886 0.10917485382762 0.241616768020472 0.150884598177123 0.107775641712509 0.140208979706649
