0.32880906610863 0.109456815789564 0.234772507058656 0.20425803749874 0.12270357354441
0.308578852359584 0.130915186201476 0.256868155186394 0.0877255498542452 0.215912256398301
0.124963059714704 0.101302115896088 0.123077347543522 0.280537843745139 0.370119633100547
0.0126014762258003 0.164182881097281 0.114163595646908 0.35711243678333 0.351939610246681
0.2645493096335 0.146710375367446 0.180248325788057 0.150326803073788 0.258165186137209
0.240458957280942 0.316921233826315 0.073461268168851 0.301337484874536 0.0678210558493572
0.414068838080117 0.0947600215239641 0.08710852140518 0.31277534532187 0.0912872736688699
0.246745482450956 0.00349340591241909 0.200796578686164 0.32544464149257 0.223519891457891
0.097670008693473 0.359007970003394 0.202745841267111 0.304260443378694 0.0363157366573275
0.35479604437523 0.0273593695284921 0.236764667195559 0.0169957120493265 0.364084206851393
0.198775406263307 0.41600012990546 0.0786225718930043 0.199590653247694 0.107011238690535
0.324518727277769 0.0137611293254712 0.273366613839184 0.160219572129378 0.228133957428197
0.0998127264510272 0.233133942079853 0.339157837670333 0.186658610418359 0.141236883380428
0.219666747309466 0.265071863686352 0.0260351088181108 0.188315202909528 0.300911077276543
0.253575358072885 0.278825806717885 0.148274106507248 0.218394442329851 0.100930286372131
0.109137654692998 0.31355171098868 0.0528106887119047 0.279795797451756 0.244704148154662
0.488014667186119 0.299835261477163 0.0986688506193531 0.049579307612343 0.0639019131050212
0.229450509043959 0.214363535978741 0.245967065062042 0.0732217378345828 0.236997152080675
0.129610731320015 0.0685754926527594 0.252116780938224 0.343993643683513 0.205703351405488
0.328960136403445 0.10137029609959 0.128726916257061 0.393154683232317 0.0477879680075874
0.0663746049001958 0.244842162284866 0.185529374471466 0.312709269130265 0.190544589213208
0.176774040820775 0.336108581315748 0.134168150819609 0.349265118129534 0.00368410891433486
0.0833664423549476 0.15627715632193 0.401881459520582 0.303845103055879 0.0546298387466615
0.148653482659055 0.0206782785403396 0.313298845757606 0.418196089382551 0.0991733036604485
0.400561757104433 0.368268003343583 0.0245693436761109 0.00119470460760832 0.205406191268265
0.21386522072111 0.256216950345577 0.129931422798087 0.19715393976297 0.202832466372255
0.0726471329593613 0.158568661326094 0.272511807595805 0.221167145455294 0.275105252663446
0.247046569591367 0.329034493683201 0.0991850470986078 0.292537281005076 0.0321966086217487
0.11851298449715 0.0763435639100563 0.200125155077868 0.276524824874641 0.328493471640284
0.079675977974857 0.0325646544438136 0.32889913639376 0.315245617394971 0.243614613792598
0.0870897329419005 0.168776285449478 0.0798792343973873 0.38679444472251 0.277460302488724
0.185816534387748 0.288259692511179 0.242911995002014 0.0632488153833858 0.219762962715673
0.389099942996841 0.0613686673174526 0.171607804729608 0.246029723356304 0.131893861599793
0.0688335126701761 0.175754054383121 0.174921497536318 0.272831507030105 0.30765942838028
0.204605304296306 0.213661116428507 0.251353573841427 0.212660618594856 0.117719386838903
0.298822071191716 0.154394066942319 0.231402792066858 0.0688738110077252 0.246507258791381
0.27683497178267 0.117707617349226 0.0735553422263268 0.3343329538925 0.197569114749278
0.33111761622752 0.0867876666083716 0.210490955535202 0.18489825840864 0.186705503220266
0.115670229414267 0.214902873849631 0.236363439216779 0.218817684880217 0.214245772639106
0.256378473495775 0.309172931329645 0.0040278292297407 0.218552411604819 0.21186835434002
0.155595515682855 0.16671263084258 0.101203208232108 0.0388009664055734 0.537687678836884
0.350457824130786 0.349946727906392 0.132479786561002 0.0317181671454283 0.135397494256391
0.196113972622781 0.14310678313543 0.289365398740312 0.138141656832925 0.233272188668553
0.304616823444513 0.173755163331063 0.460879408440868 0.0187051061131838 0.0420434986703718
0.143642174072762 0.24260985805112 0.0751654910895517 0.405736467994461 0.132846008792106
0.257697318101881 0.20008639268917 0.258441755321287 0.199514987160497 0.0842595467271655
0.0709126796945557 0.484015186055483 0.123289117853407 0.0386091898437283 0.283173826552825
0.31927614663056 0.0922464689480629 0.13157976876126 0.124060406286796 0.332837209373321
0.394077831630636 0.150281139989148 0.335685823014052 0.0887708563744659 0.0311843489916978
0.527625420311924 0.0416112505487507 0.0336012756875817 0.339699190382211 0.0574628630695334
0.172195720589111 0.207696684409979 0.209224061854323 0.00381212805859269 0.407071405087994
0.280831750694478 0.275779357084375 0.0837571303741785 0.161257795143958 0.198373966703011
0.320728854891092 0.11403372034273 0.226644925266466 0.0458921251131382 0.292700374386575
0.103707729616921 0.270054931501274 0.136702108954558 0.257177102829385 0.232358127097862
0.149100323176603 0.279631935382047 0.120749470624807 0.143435350843188 0.307082919973355
0.444547625189285 0.156371520375481 0.278089138635356 0.0148982577519653 0.106093458047913
0.174357877102474 0.374706553164106 0.056273551599419 0.0487416366047973 0.345920381529203
0.0391684757872362 0.265608623375189 0.313059996588703 0.111261676901718 0.270901227347155
0.238164091146889 0.208648363576177 0.190753232363524 0.239564976590689 0.122869336322722
0.259357356088702 0.28427246454469 0.205538646459342 0.236383002661684 0.014448530245581
0.0763256216109175 0.0654212189840825 0.214511494540757 0.327805893251995 0.315935771612248
0.215191790903769 0.179818715474931 0.22147032208687 0.0388409211685712 0.344678250365858
0.169902572526742 0.0228054459573634 0.233734113659061 0.297530425869992 0.276027441986842
0.114072628222219 0.232647650438587 0.242699075810252 0.204594643641415 0.205986001887527
0.104954615212973 0.19846651869343 0.304257266073297 0.0876245820828817 0.304697017937418
0.0819215830138062 0.248601141264032 0.167898144293243 0.292399455586257 0.209179675842662
0.0531907646133699 0.0956416628323021 0.283459202408598 0.351095847517145 0.216612522628585
0.105228889357057 0.0233838713984496 0.393072162838062 0.330112160409556 0.148202915996875
0.115421632609099 0.0551853197913999 0.251743325393566 0.198478790981487 0.379170931224447
0.21793883815795 0.318817851932957 0.0995660906577298 0.0586029855412131 0.30507423371015
0.258326755478614 0.267259445590206 0.162225475378537 0.123466960332191 0.188721363220451
0.246036271289124 0.282716820042503 0.145299761027451 0.12612060058542 0.199826547055502
0.191059420267166 0.669323106403267 0.0327538533877746 0.00289529265774879 0.103968327284044
0.418905664467175 0.0349745265169085 0.0687572731544706 0.315007856852594 0.162354679008852
0.373218087100166 0.275615956255241 0.329471533878125 0.00497300165468236 0.0167214211117861
0.157654634310258 0.289358631935118 0.189976914841465 0.162502333809785 0.200507485103373
0.0175903978587199 0.327823965123939 0.00417394250382046 0.583348578251556 0.0670631162619644
0.0454691481202606 0.372113106845828 0.060425844832641 0.0992198786568022 0.422772021544468
0.400879640633512 0.2737382810754 0.22510499253023 0.0061985542960375 0.0940785314648202
0.652448327282281 0.191311949320365 0.0120283089155088 0.0423940705452702 0.101817343936576
0.100427189018455 0.327887670354695 0.114194096625867 0.192659754585037 0.264831289415946
0.237367959299334 0.28947239996942 0.0251288699743292 0.205382379974661 0.242648390782255
0.306148271502828 0.25178335345505 0.209153673417301 0.14438765125013 0.0885270503746904
0.459515210040294 0.0311179818520712 0.197121974180323 0.19503813055144 0.117206703375871
0.3304569822719 0.0511024021410979 0.0382478826986385 0.251324117045632 0.328868615842732
0.0898655724035154 0.234351802580026 0.171441575814666 0.311610419119089 0.192730630082704
0.138281847863638 0.286066553480674 0.188582750057095 0.198357767799249 0.188711080799343
0.0978027945530704 0.268888716172121 0.33397942732184 0.0753791909650595 0.223949870987909
0.294268682940334 0.101402607630989 0.19571765053962 0.229563942159939 0.179047116729118
0.250490802538676 0.0533862121839875 0.414177890061458 0.00547972710849979 0.276465368107379
0.203483618368695 0.161680309396164 0.191648696605608 0.0481610472463569 0.395026328383177
0.13017803104425 0.319959542574992 0.199405508145891 0.313688422097932 0.0367684961369348
0.051039397713654 0.344482364409509 0.406559611270157 0.0928382780955649 0.105080348511114
0.0930938102278234 0.192909243072775 0.240988203120697 0.245191933131274 0.227816810447429
0.120716394071919 0.117927828373635 0.00816809772628484 0.437544297133047 0.315643382695114
0.0134004032961473 0.370655073180235 0.183442635108299 0.206332984444498 0.226168903970821
0.109186839132815 0.328935889760544 0.19096245191765 0.342393426054478 0.0285213931345129
0.133182171145913 0.181616708955355 0.0961586561345697 0.293267035443752 0.29577542832041
0.161958838235627 0.344901319978197 0.10248080840529 0.250234063580183 0.140424969800703
0.508970579160178 0.030048051353572 0.0255876537988616 0.226500846087637 0.208892869599751
0.328091199026555 0.341851223118703 0.122248751420007 0.0511043056299034 0.156704520804832
0.293498893708497 0.236542075650855 0.256625870617464 0.179508473042232 0.0338246869809514
0.171538330163694 0.222298287571365 0.211358541570554 0.183883707171046 0.21092113352334
0.28062151686973 0.0478148171134203 0.341300768756571 0.212731198589421 0.117531698670858
0.410252776712135 0.0895703285570015 0.064522476906969 0.119236059696956 0.316418358126938
0.133576588159819 0.0824630487750093 0.382316254115939 0.0230703011748446 0.378573807774388
0.0893499793782403 0.148313335033508 0.290440657823364 0.0732714728198695 0.398624554945018
0.134498616134347 0.210127618388262 0.410339968336509 0.186658671624258 0.0583751255166243
0.154809585553393 0.253831194114742 0.0513827982337621 0.215331859171829 0.324644562926274
0.29640865020608 0.211207952274622 0.0943874218034368 0.315835801747448 0.0821601739684142
0.0019945614433065 0.00530604142648272 0.283435415149224 0.216596136170267 0.49266784581072
0.10528344518961 0.0447419747729939 0.242502396404499 0.341347386583534 0.266124797049363
0.101512216091238 0.452090671418489 0.0966478327086377 0.0440352024562432 0.305714077325393
0.186050736555461 0.172934997917613 0.21422072180008 0.187290823792896 0.23950271993395
0.220555679515569 0.180522241780193 0.238838631299589 0.203902745698677 0.156180701705972
0.342782814914383 0.0476937359923801 0.0212713211590832 0.108852883406292 0.479399244527861
0.0828545126068574 0.403794659306749 0.350248416315285 0.100051843169801 0.0630505686013074
0.290576509048008 0.0873234436344493 0.22058347854058 0.205711776872831 0.195804791904131
0.432719712424682 0.0223031579498231 0.257991054182346 0.176622637744227 0.110363437698922
0.093185129867055 0.306474160920744 0.179251990531626 0.0360781969903363 0.385010521690239
0.344019620458164 0.133504779444956 0.276503942082412 0.0681000815543108 0.177871576460158
0.0909181724536234 0.277414740044931 0.266104055110184 0.272892692926831 0.0926703394644302
0.120663683491628 0.0132142664211868 0.173360468547254 0.27918792432225 0.413573657217681
0.331000699007225 0.239342886184365 0.255226926101288 0.0572166252611721 0.117212863445951
0.151185137963411 0.0852348225996896 0.363127307190057 0.203925733477785 0.196526998769056
0.284060695102197 0.243852527295652 0.347899631918871 0.031270709154121 0.0929164365291601
0.256823479411382 0.116527319676266 0.240365085808703 0.356240843663971 0.030043271439679
0.119019255531404 0.156924317488648 0.178570629876528 0.222539820047721 0.322945977055699
0.179596056540743 0.266838477309321 0.239418249063894 0.102859559544493 0.211287657541548
0.125839923891763 0.323175636769084 0.317338830587536 0.043348591631236 0.190297017120381
0.192689687602997 0.266249058135504 0.0257669269395223 0.497642256538859 0.0176520707831178
0.0253053228301823 0.243415985477476 0.2417405858743 0.198673747371933 0.290864358446109
0.115891952488847 0.281294609135643 0.254646014461917 0.0480675776856642 0.300099846227929
0.137255039762317 0.166483960776445 0.368878280376754 0.297733167704566 0.0296495513799183
0.381342693770417 0.350183313086323 0.208530585637576 0.00506880997373603 0.054874597531949
0.125935128157654 0.249248516478478 0.193173738896383 0.222887477204676 0.208755139262809
0.343345487287021 0.33437210422928 0.00530434621562753 0.13693429511756 0.180043767150512
0.223434316066436 0.300363684414495 0.225556934630666 0.0166029000006776 0.234042164887726
0.311812099062611 0.056256647404239 0.154949025591215 0.211709361604414 0.265272866337521
0.0597513578803153 0.380269980014123 0.212654645028422 0.210967066865513 0.136356950211627
0.240178999959101 0.124317991863047 0.348779507513438 0.211784117516194 0.0749393831482198
0.205071529049809 0.0742321894037697 0.261816360811947 0.17639976445844 0.282480156276035
0.0479011285537797 0.245802944631455 0.216631161112332 0.0644706650325493 0.425194100669884
0.247795161215676 0.273819178211132 0.161082780464919 0.105001468211025 0.212301411897247
0.10326458815189 0.131652576787667 0.315091272052319 0.206373291725904 0.24361827128222
0.122729073332182 0.0397701269968831 0.0489670167632445 0.264653587480918 0.523880195426773
0.117088841257109 0.228082482472207 0.0601415084423401 0.273619281415722 0.321067886412622
0.359074127273579 0.0830927136461017 0.311255915960586 0.167230129776936 0.0793471133427975
0.0894273700175394 0.193344529698059 0.273505076529078 0.245057858371029 0.198665165384295
0.241998476678321 0.186176651096781 0.268655803421447 0.267009176261376 0.0361598925420751
0.10844842066108 0.157157931658444 0.233707311894255 0.275327421735636 0.225358914050584
0.260775166114333 0.255505802423198 0.0171979956904591 0.195674602039126 0.270846433732884
0.281419929333511 0.341245088816015 0.0914072147722071 0.283193130944825 0.00273463613344261
0.144123806620247 0.345629256877704 0.118233870853368 0.356394882069504 0.0356181835791772
0.223670960946211 0.386249200821462 0.124733484942033 0.249125869316436 0.0162204839738582
0.126836594529032 0.307088249362066 0.189005852872384 0.200788304806801 0.176280998429716
0.0542212688161847 0.36202348935372 0.122137345179021 0.435316674752472 0.0263012218986022
0.0678974514937531 0.205219489750308 0.119065909030559 0.334233052332591 0.273584097392788
0.181488712891616 0.0931259356224383 0.309561114156722 0.206604888673159 0.209219348656065
0.283222390849192 0.0530697138820288 0.210619043640735 0.129920386697542 0.323168464930502
0.138863282115277 0.194877326254847 0.455243491791942 0.00842890824746262 0.202586991590471
0.0315102652771817 0.205933731868342 0.408676742024762 0.265698630032182 0.0881806307975329
0.107049406052903 0.119328041687152 0.117928236721738 0.210589903459675 0.445104412078531
0.147295263626612 0.317597713555695 0.225551035334076 0.0391931461921411 0.270362841291477
0.252117024559067 0.0296305309195608 0.328604711177147 0.355078649440279 0.0345690839039463
0.108783146468727 0.140757585994398 0.342309375954898 0.0593214709978126 0.348828420584164
0.280916105923308 0.279609331286601 0.122456893334651 0.0101471842626354 0.306870485192805
0.163812092792054 0.0409525986325223 0.184501871783087 0.324131377808115 0.286602058984222
0.190451113472807 0.265879799032681 0.121325833525017 0.316995694963778 0.105347559005718
0.188060058051234 0.148858441695313 0.117927224290817 0.161998584736389 0.383155691226248
0.17121753895695 0.532763557657766 0.0640390419681972 0.115299575969728 0.116680285447358
0.0555356686499281 0.295074886461137 0.124007225129644 0.401190892767479 0.124191326991812
0.247726997340201 0.116211240339536 0.0997949883047096 0.266464959233911 0.269801814781643
0.220924408428182 0.021626718414236 0.0562138265516978 0.249937487647393 0.45129755895849
0.0698801303132445 0.211968034336826 0.237893440834414 0.300930844560733 0.179327549954783
0.121379188789626 0.143779294312531 0.11523377740897 0.314162369302069 0.305445370186803
0.0248375231396906 0.199022882317764 0.290612122504799 0.26122351712333 0.224303954914417
0.106601710125696 0.0106539867076866 0.310904358288228 0.273868151920682 0.297971792957708
0.0650477879488391 0.11762581379934 0.336140189253594 0.341465786436974 0.139720422561252
0.0391175093252826 0.294369746543475 0.189503782708977 0.292580241186749 0.184428720235516
0.310575010505717 0.344050489719203 0.046335461573285 0.260061744761994 0.0389772934398012
0.0946931969048403 0.319114473213092 0.21124910786699 0.1721394623103 0.202803759704777
0.198508116338193 0.267329931235923 0.0677911921495296 0.160317177548845 0.30605358272751
0.0173817836923453 0.258273899430246 0.363726272505697 0.0155167305877576 0.345101313783953
0.348489614961203 0.177594442218849 0.360468955589114 0.0473077405424763 0.0661392466883585
0.193271228462181 0.144822107781938 0.166694387670794 0.233742170102974 0.261470105982113
0.157161599935613 0.0681154400176057 0.209844595156217 0.341823411610432 0.223054953280133
0.323010404989946 0.109477053878786 0.176339420830905 0.285367841170478 0.105805279129884
0.00466667605786481 0.00895160260649655 0.370718333727427 0.516609723351875 0.099053664256336
0.135530448951826 0.223684839257348 0.129774936555136 0.350252855097207 0.160756920138483
0.295540816412756 0.0493780879177243 0.353889421361153 0.0443039397715741 0.256887734536793
0.0446719861951344 0.0966947822389592 0.231180720081401 0.487190998951653 0.140261512532852
0.373653581165535 0.0702724900781733 0.287726767961119 0.0391901093820274 0.229157051413145
0.248093683590201 0.0747095461116653 0.17257800221474 0.0234095731159939 0.4812091949674
0.0295434635863937 0.139542217931979 0.111837473926103 0.323369443623638 0.395707400931887
0.286248620876814 0.278939506220968 0.20652180874257 0.15464335015642 0.0736467140032279
0.339994924158825 0.102930206628297 0.00468610463480023 0.3442878194228 0.208100945155277
0.126373204867709 0.251881992825543 0.00877917895467694 0.194823316576307 0.418142306775764
0.15736991957974 0.0207332057095703 0.20960453497346 0.145091253792447 0.467201085944783
0.00994910380227194 0.416430788298939 0.213594628333929 0.0472054437484041 0.312820035816456
0.32080627281648 0.257729966883341 0.122859816743628 0.115673440422342 0.182930503134209
0.291426236986642 0.320507737214236 0.271805829333345 0.0352456241022283 0.0810145723635492
0.197989950214868 0.0633122275682911 0.384189907438494 0.299197080512771 0.0553108342655754
0.0634491719550696 0.0587071460010948 0.239656435831545 0.297475397651587 0.340711848560703
0.211656842052818 0.206914824452994 0.294184593818039 0.270953635484121 0.016290104192029
0.258480956788394 0.249671818010241 0.162974472296729 0.153036551225893 0.175836201678744
0.0714444442032675 0.270508879884361 0.220002233787459 0.221214490488313 0.2168299516366
0.135083283155739 0.392091633462585 0.00765574286279747 0.278631595713245 0.186537744805634
0.464921984837151 0.23565943779001 0.0952090918785941 0.00995023112859511 0.19425925436565
0.123695187484988 0.321944830535142 0.036071606613007 0.217550865769157 0.300737509597706
0.164526687340576 0.0403868673556201 0.332204300411023 0.368131573065399 0.0947505718273811
0.142684699420652 0.436629285699166 0.0783049918514939 0.115705501484355 0.226675521544333
0.029033136096638 0.373742842309817 0.238495927356295 0.317502636458794 0.0412254577784566
0.559609809291891 0.26553079659784 0.0165522152704437 0.0383379648173895 0.119969214022437
0.264430281260838 0.259338819253737 0.220543187655699 0.163765614246175 0.0919220975835502
0.247639747767851 0.0601728894179077 0.25045753476625 0.0448953196178509 0.39683450843014
0.160142820683153 0.180622038558333 0.203295492500962 0.231226341881063 0.22471330637649
0.0235812465895013 0.133188805316317 0.382507673968925 0.203774222235163 0.256948051890094
0.241707792633988 0.0177780019993769 0.257497534021127 0.174768600700518 0.30824807064499
0.31373973148784 0.0762625728445995 0.00645671361724617 0.230686166705867 0.372854815344448
0.256018218404922 0.139200656217264 0.201526505428962 0.192712124937382 0.21054249501147
0.328506425990228 0.159813150174897 0.196818038696302 0.302955198052364 0.0119071870862094
0.258917332762409 0.10663126188175 0.0269301870140525 0.293036433897684 0.314484784444105
0.200994802206159 0.0309036913059947 0.155734625596671 0.102640941432415 0.50972593945876
0.246255999273832 0.0394792770453355 0.348681886108255 0.203170449993703 0.162412387578875
0.214370049086401 0.343474112736657 0.216827686041675 0.008340829336625 0.216987322798641
0.0731511160885552 0.28753526012884 0.157838990712285 0.247186325988835 0.234288307081485
0.186970920344775 0.104306865854336 0.0277563554143742 0.344845456306188 0.336120402080326
0.0394835993656043 0.329684588598347 0.11337356449326 0.193788518442712 0.323669729100077
0.00787209791034623 0.0308214354536881 0.377267928094716 0.0396894216104608 0.544349116930789
0.30685721295938 0.209652015859372 0.226748946608391 0.243827202910281 0.0129146216625771
0.240437470946378 0.23207094270935 0.245047653274706 0.137366433632319 0.145077499437247
0.051098560073425 0.283316720188394 0.0948059457075159 0.233369516435724 0.337409257594942
0.185722788125604 0.269377473657821 0.160856478934279 0.149761175406434 0.234282083875863
0.0181019551517868 0.288227050431518 0.204532117075567 0.361480922828464 0.127657954512665
0.110233087315913 0.0189468588777792 0.170724164214346 0.346917289312865 0.353178600279097
0.313624645949265 0.192474268764804 0.0154746645662807 0.468071445748106 0.0103549749715442
0.218772737840015 0.170623990395644 0.448917898071669 0.0658728254451167 0.0958125482475555
0.155786835509347 0.352945476782368 0.177610020135255 0.0210080404185771 0.292649627154452
0.261608801477315 0.0365377884046311 0.298767921319324 0.0726766337533488 0.330408855045381
0.0834568664980079 0.380372024056354 0.0822890087516545 0.222065176144063 0.23181692454992
0.0292185294974243 0.192147088090497 0.250011127081202 0.322471824205728 0.206151431125149
0.219324506661586 0.348710351483754 0.0666935642082522 0.113741898691532 0.251529678954876
0.189375079359142 0.226517573422256 0.177742688127833 0.191325892630462 0.215038766460306
0.157263377073242 0.282414182265062 0.0190584192544062 0.225529210527028 0.315734810880262
0.0867085496962044 0.266755575249137 0.0501513619905388 0.162875905604347 0.433508607459773
0.207041911611768 0.115274402123867 0.225698450050099 0.150523758494989 0.301461477719277
0.298451706911067 0.0459033537768414 0.203099737353779 0.163743770182181 0.288801431776132
0.00241250089009818 0.0285016141375257 0.352083934590429 0.261869642685505 0.355132307696442
0.232583505989974 0.361312875124115 0.00936881876469162 0.0239423186579358 0.372792481463284
0.307916179144451 0.0469593242079853 0.290459885911414 0.166624745054157 0.188039865681992
0.190503151073328 0.0539209590341053 0.133983013003048 0.388499286550023 0.233093590339495
0.347284587716726 0.0744042534883047 0.452454722003547 0.0272284946548484 0.0986279421365738
0.187010853723092 0.0621764120586644 0.368434261344051 0.283551195230821 0.0988272776433703
0.313497887334143 0.162505730458031 0.245970538554764 0.250409501237138 0.0276163424159242
0.403042551685499 0.0507708327332248 0.190456235340072 0.244910575331467 0.110819804909737
0.140205674587952 0.291436247635305 0.0268647826772753 0.275280597001411 0.266212698098057
0.187757926002821 0.304126550639355 0.126925431993009 0.256413799129647 0.124776292235169
0.334369081929833 0.273020347751471 0.0153217517863163 0.261536318429943 0.115752500102437
0.441445769485655 0.0257355983341951 0.144795189251458 0.146270929965154 0.241752512963537
0.341118980971397 0.306704716557431 0.1139771315294 0.223818080074531 0.0143810908672417
0.213882591895411 0.295616469212173 0.253402108090699 0.0454047329353705 0.191694097866346
0.392957595241847 0.17878360882031 0.00573534553840995 0.285057711821269 0.137465738578164
0.0703408162499599 0.132869037619868 0.33908712101071 0.233379424062271 0.22432360105719
0.317666253173961 0.338326910541795 0.222024474146487 0.0821506049744266 0.0398317571633292
0.0140704787837355 0.297014211253777 0.0198736155867944 0.353782387149544 0.315259307226149
0.328341071071928 0.0912535061722548 0.195376108710087 0.294398047244628 0.0906312668011033
0.222058689985309 0.244049941909945 0.179744353027507 0.275421836858268 0.078725178218971
0.0847174210837271 0.468319650769983 0.330667685435556 0.0469194048001132 0.0693758379106207
0.102239113663049 0.267131348323757 0.130527340793044 0.382507626012614 0.117594571207536
0.208722573803378 0.253251366957549 0.170919325090901 0.182873079530094 0.184233654618078
0.0720540200958903 0.3950486781608 0.0398057118712248 0.363031101221408 0.130060488650677
0.0661936581120596 0.300070458440193 0.177936996786954 0.216075656287755 0.239723230373038
0.353424740852503 0.0398261441475867 0.0877151369968127 0.194489427685454 0.324544550317643
0.222472179345293 0.30953271679502 0.211745168442238 0.179241644208952 0.0770082912084962
0.202133329665161 0.296692673553814 0.0532402362785107 0.284310361526026 0.163623398976488
0.193710968041978 0.212009520455246 0.174171561345468 0.208752816199827 0.211355133957481
0.121888422873384 0.333216165001442 0.160091291939673 0.359143511041088 0.0256606091444131
0.191772070614353 0.196119680374198 0.330226015421461 0.117354677727403 0.164527555862585
0.24463791832864 0.0943377129536548 0.220937743854587 0.21559693226847 0.224489692594648
0.143362001909863 0.113565092856334 0.262661643192191 0.253161491079123 0.227249770962488
0.0900952315566704 0.00690381859967258 0.554492599982697 0.212659796910301 0.135848552950659
0.239944519816995 0.11264637858144 0.188261443314234 0.225935379293611 0.23321227899372
0.299305994790545 0.215421708498456 0.012868886261194 0.39141687747861 0.0809865329711946
0.347638177583412 0.0896090413277838 0.335256329996631 0.221043303342578 0.00645314774959501
0.305748833725719 0.179725935258725 0.158294448761918 0.120799148005881 0.235431634247758
0.266608048397228 0.110098811279659 0.0435010609380314 0.290715680027561 0.289076399357521
0.283734530633989 0.0693100469021387 0.274850704335466 0.00776588260593037 0.364338835522476
0.445732625278577 0.393814684379594 0.00446082940034991 0.00896437068704651 0.147027490254432
0.114448653576274 0.022932376951813 0.314672193127627 0.236341502037732 0.311605274306554
0.0496604551667433 0.267933403430461 0.214090989188517 0.219473658450965 0.248841493763314
0.0657305702840531 0.281632037059136 0.123622914588208 0.221814192275247 0.307200285793356
0.19950664153431 0.214838258836382 0.213915562070306 0.188890068686248 0.182849468872754
0.0908274804790112 0.129482656947501 0.405319833078989 0.205449339283684 0.168920690210815
0.184364269638056 0.117517509073949 0.329705850936414 0.0398710526955578 0.328541317656023
0.084065489561141 0.293892351915403 0.186323014806174 0.273505960607306 0.162213183109976
0.181299485010288 0.409104546836338 0.137827217063532 0.0933817296496821 0.178387021440161
0.261311972696343 0.240936181333509 0.113107680988584 0.235062668233002 0.149581496748562
0.0925045851113866 0.20833421901451 0.251547334611832 0.243071405818427 0.204542455443845
0.0803201667150352 0.188061475324696 0.115833530465346 0.152396572722448 0.463388254772475
0.337165330277089 0.0222329335314923 0.171343770072817 0.265353140549077 0.203904825569525
0.25530772416294 0.05236850215692 0.433988367034818 0.14132536695815 0.117010039687172
0.202768330118675 0.228971627564491 0.306666828398577 0.11973118971578 0.141862024202476
0.248161556326 0.0122860212268496 0.24940573375747 0.256828181226769 0.233318507462911
0.158075742526161 0.343646133197502 0.373924496672283 0.0519397675093946 0.0724138600946593
0.00936018090811419 0.268219166022862 0.153134655715565 0.173867500025764 0.395418497327694
0.175918933555465 0.045559924545918 0.35461213250066 0.372337714287141 0.0515712951108165
0.278232299910484 0.138051855962546 0.237162206601231 0.18108236439948 0.165471273126259
0.137135073735267 0.326462710033336 0.335316319396758 0.191465051328493 0.00962084550614511
0.0741671751410621 0.183713707048626 0.339350454425178 0.309758039341107 0.0930106240440267
0.120750845899049 0.154558797052085 0.150003158479611 0.545859271596031 0.0288279269732228
0.327526327654647 0.00258894335662548 0.248048203617178 0.41539073552382 0.00644578984772904
0.335351782247478 0.30783890051696 0.0358244994735006 0.259731961220462 0.0612528565415984
0.0492570091131184 0.170851408006056 0.331384868531904 0.219347312072243 0.229159402276678
0.0663842612802189 0.224652218589253 0.304822774004417 0.218604340366721 0.185536405759391
0.358689904276759 0.333969252618332 0.0398168891023404 0.258029469349333 0.00949448465323568
0.213548402837441 0.149238570639599 0.105197666153825 0.292887014042792 0.239128346326343
0.402777507884928 0.134646086913313 0.0211645493246005 0.299340905043046 0.142070950834113
0.121671671040865 0.0325679184949654 0.436679481389569 0.401955211341339 0.00712571773326166
0.0880832115035068 0.215173398685059 0.246012851828089 0.260254402052534 0.19047613593081
0.15228303561159 0.240871590771593 0.086442882483326 0.170680343123132 0.349722148010359
0.105692529067874 0.289740079174699 0.195584580535673 0.194951232818843 0.214031578402911
0.14545786359826 0.125794478061751 0.305071666491035 0.0837885680115535 0.339887423837401
0.24015403876006 0.0269656032647597 0.0244117416443475 0.175799016624522 0.532669599706311
0.256128751465692 0.0458645658425589 0.249788902071195 0.0653965221988132 0.382821258421741
0.281152934600428 0.0823538152203909 0.207036264814632 0.154291080132809 0.27516590523174
0.104253922145574 0.0580685404954764 0.234391011393269 0.394891365232056 0.208395160733625
0.178332994569255 0.101463932744264 0.215819039171142 0.304633675036766 0.199750358478574
0.0420030247888058 0.242302138588659 0.0540072586819044 0.344225315624644 0.317462262315987
0.0488194625072387 0.497464789321322 0.295923729208962 0.119305775313718 0.0384862436487594
0.0442116922500187 0.256089745049658 0.299421543531687 0.163585356639863 0.236691662528774
0.0997687208787113 0.191580244664307 0.214896582624604 0.288438946736835 0.205315505095542
0.464800769322797 0.032003552747588 0.216609477756126 0.209821371822877 0.076764828350612
0.44095525189511 0.0346826859873498 0.084822312996565 0.0398555165603368 0.399684232560638
0.0777277564327941 0.466245502427653 0.229531920281916 0.211451856508762 0.0150429643488752
0.391029520524336 0.141727263517381 0.0323866881041103 0.0728050127989344 0.362051515055238
0.090499585322177 0.243529762971391 0.0406663436497956 0.320728821515267 0.304575486541369
0.120234048490542 0.403168904086093 0.364488438490361 0.00260310866104789 0.109505500271956
0.308218704123912 0.00559973682596053 0.420670405487586 0.168433445505753 0.0970777080567882
0.318858756010207 0.0854897931650783 0.403482155717278 0.0359343123090149 0.156234982798422
0.304377395510414 0.116185200753538 0.0705201001918384 0.186247749136445 0.322669554407764
0.123001301792705 0.0361325145471727 0.371049676581068 0.123886656301519 0.345929850777535
0.0277815025139262 0.0380811392275299 0.485293241664844 0.190073366681365 0.258770749912334
0.191721657955074 0.201645945191468 0.198516590334768 0.283774056637511 0.124341749881178
0.29891847429606 0.222623949104303 0.120465160432936 0.142851999995335 0.215140416171366
0.144219784548862 0.0714545163841398 0.233025312990502 0.225311804532727 0.325988581543769
0.268690895192373 0.339753852297361 0.270751469224408 0.0746643416099672 0.0461394416758907
0.0689782136398645 0.318628772933399 0.210458524581 0.394102894968756 0.00783159387698021
0.101406259524204 0.0231321283168595 0.113241644192826 0.359367698729704 0.402852269236406
0.0765137639732081 0.357972774652414 0.264802766748708 0.181339455586356 0.119371239039314
0.322608131385239 0.136147330232528 0.318068786432411 0.0342761460852217 0.188899605864599
0.126058057680344 0.147950449646866 0.441221662621017 0.101983015818524 0.182786814233249
0.30740888546779 0.0902187016484789 0.409314888541145 0.148216094110414 0.0448414302321716
0.00498984274028239 0.292742520754163 0.277501634993627 0.253531224786108 0.171234776725819
0.108180851379727 0.286288207283954 0.0544444726109898 0.21115774089066 0.339928727834669
0.22695277041179 0.124036787468652 0.266837646813569 0.124572763275227 0.257600032030762
0.128606751827625 0.155299632337975 0.18592079774789 0.357971861502786 0.172200956583724
0.263714215176758 0.393245527272361 0.152730264360911 0.181007914532791 0.00930207865718067
0.0634775353038322 0.0462708463524263 0.327811423418192 0.272047049057955 0.290393145867594
0.13763959227977 0.287089623686452 0.272458752202537 0.244091581664774 0.0587204501664666
0.303234931519747 0.186606514136787 0.408372397214512 0.00186798251471163 0.0999181746142425
0.0947089977054862 0.44435484506837 0.261495078201136 0.0103435920171403 0.189097487007867
0.0827097784577136 0.285149776663759 0.1852891119627 0.249852786137494 0.196998546778334
0.0577425652821102 0.315004868833979 0.131886338483053 0.488573023519211 0.00679320388164776
0.296048950346478 0.131926045379613 0.251708264589418 0.298506153735937 0.0218105859485532
0.321271444007081 0.235766852765262 0.0933086475388136 0.316906019818647 0.0327470358701968
0.0893055337718269 0.215651989867007 0.0939535059841792 0.332168415766672 0.268920554610315
0.122066519823755 0.131414572729919 0.309155892143666 0.108909989876288 0.328453025426372
0.16884174931476 0.276849824127548 0.246694825481112 0.0659201298899696 0.241693471186609
0.138376770349093 0.311820280078966 0.114594131539903 0.162898793940037 0.272310024092001
0.00336003862256263 0.287822053343534 0.187532694871431 0.146663961917977 0.374621251244495
0.161240530746572 0.2790956527965 0.149688666152248 0.171632915015466 0.238342235289214
0.11586561728028 0.268282257841297 0.257918419314 0.231605258438403 0.12632844712602
0.222936465502493 0.160171995627594 0.222062412855225 0.154725560093036 0.240103565921653
0.107569325408239 0.0325325507304316 0.330870112398605 0.0293241210905864 0.499703890372138
0.245399143060365 0.57594799497415 0.0259207922424649 0.138875588314168 0.0138564814088522
0.184465743806358 0.350045417343333 0.0758007285789938 0.314729899750935 0.0749582105203806
0.165397177949522 0.185236656122389 0.221827514959997 0.215856709953206 0.211681941014885
0.117578300407038 0.154397424851982 0.340215954117734 0.0722163707561267 0.315591949867119
0.134515246903921 0.174040380938902 0.182825194711101 0.202826957384472 0.305792220061604
0.197954685406027 0.0199583830827229 0.245242642548194 0.240173819169133 0.296670469793924
0.10364099902298 0.170720498998256 0.293198492025855 0.105031560782769 0.32740844917014
0.168484922403396 0.0353823654506893 0.267706872080369 0.271922758140959 0.256503081924587
0.246966134062379 0.112071957338511 0.085606072808669 0.232014479363353 0.323341356427087
0.0931696666928856 0.261790130187047 0.0582700326485078 0.396197038277025 0.190573132194534
0.168135010103277 0.229784662553985 0.303729947705056 0.0460733479500992 0.252277031687582
0.159223536561913 0.191901075574388 0.141266009620044 0.128558925416741 0.379050452826914
0.215864129202128 0.134451504501222 0.159480327834706 0.361488293160682 0.128715745301262
0.0350844083285146 0.148595551392461 0.266947121109859 0.266028173015816 0.28334474615335
0.236849222026087 0.221410571987153 0.285858866836212 0.232607132484225 0.0232742066663225
0.0774698471345126 0.132548489834305 0.30192087407369 0.0571011541304593 0.430959634827034
0.23264281720797 0.084628176631455 0.3498155718101 0.0645172249713195 0.268396209379155
0.0386103800851778 0.243806017137751 0.415364414790277 0.249660254762508 0.0525589332242868
0.312183879567618 0.185649998485762 0.187685954917334 0.0622966200879396 0.252183546941347
0.164643431759606 0.29347565475215 0.153171490075993 0.131452466125474 0.257256957286777
0.314564802885828 0.385530690672476 0.134072495200479 0.154731265642421 0.0111007455987953
0.106860973255912 0.246883469777774 0.213945643533753 0.266052631342682 0.166257282089878
0.20507299750038 0.205287416636831 0.232583421197391 0.324071640150762 0.0329845245146365
0.190002309006332 0.0042069430212214 0.304988509936574 0.028434169888337 0.472368068147535
0.0915068063286548 0.246168366789755 0.186999299049704 0.245313724066168 0.230011803765719
0.128610387503645 0.0711630518503292 0.287138351006621 0.331658489116896 0.181429720522509
0.15762746650492 0.168188122655136 0.315868246820351 0.073230590897604 0.285085573121989
0.259668258003749 0.0193722060970461 0.101236981374205 0.181635714076097 0.438086840448903
0.109044386422213 0.433886073603994 0.0180733716832178 0.160403139760956 0.278593028529618
0.0680424955983777 0.351905640986256 0.25480706430772 0.27036151475781 0.0548832843498361
0.347678633326831 0.180091100525072 0.0318408083165952 0.332085389246911 0.108304068584591
0.305117554953186 0.0622457324917075 0.101382993264151 0.258541705786988 0.272712013503968
0.261895871426928 0.272948593604877 0.291830513782455 0.14645319764253 0.0268718235432103
0.234686526862242 0.220553285335405 0.230706346268767 0.238664588079194 0.0753892534543926
0.0490612298108148 0.189449724901999 0.327420452301585 0.1062826362232 0.327785956762401
0.251297896325503 0.119999823987028 0.134535293270087 0.271685423629985 0.222481562787396
0.125342841994691 0.159278279966311 0.287391813446304 0.278682622013553 0.149304442579141
0.211936658130415 0.313959066768136 0.0345413259206237 0.291582970762117 0.147979978418709
0.0416688755777823 0.162802129340415 0.194052835096973 0.294539609614751 0.306936550370078
0.243892476953251 0.22238171128861 0.212888854524241 0.183495546482307 0.137341410751592
0.289227323418647 0.262603893219629 0.0993364171444243 0.286034143729911 0.0627982224873891
0.278562148929579 0.325104732876524 0.0898043895177504 0.159026489672091 0.147502239004056
0.32942016234697 0.0503135081630871 0.420688978872655 0.147822289717387 0.0517550608999012
0.0269143940526497 0.0174239395877828 0.35415728628171 0.0785232687420684 0.52298111133579
0.327897964307032 0.22980414763728 0.076604935778912 0.156751415200466 0.20894153707631
0.184603909326751 0.183821510889369 0.201411220914005 0.194342021134137 0.235821337735738
0.18486202819091 0.124934353511883 0.237884069033609 0.277627639240217 0.174691910023381
0.102132546480683 0.278301254699285 0.301661677889349 0.182083895798914 0.135820625131769
0.450117021570528 0.133147734441917 0.0300870244542317 0.13519636577301 0.251451853760313
0.368950449320879 0.0507804189627259 0.385551900942039 0.141402909498563 0.0533143212757936
0.270907674121112 0.0853124719339509 0.249812198352632 0.150627144172898 0.243340511419407
0.320076137999117 0.213631064562135 0.322594536225102 0.141399498274589 0.00229876293905712
0.121967347575451 0.249009148194393 0.581206189216936 0.0405345097904654 0.00728280522275432
0.19760506030874 0.0414298602446492 0.307216478451737 0.265075254567201 0.188673346427672
0.282681212628748 0.273558724669068 0.101015194449823 0.15285352827703 0.189891339975332
0.00592892209575229 0.337177522151297 0.309886351187817 0.078622393186821 0.268384811378313
0.110919552786199 0.279155889739309 0.0357086331836654 0.260464572284986 0.313751352005841
0.26384992723492 0.130561692072 0.379858856018219 0.108613219979398 0.117116304695463
0.0709844201786934 0.199890150460201 0.313532111583036 0.251916229268898 0.163677088509171
0.303977472441724 0.221291019692528 0.134630779440318 0.0491831273155202 0.29091760110991
0.0875147697892626 0.282185129466472 0.205134114283156 0.267083116619152 0.158082869841958
0.108684502976547 0.306201493864575 0.173056259743597 0.0435627781464261 0.368494965268855
0.269413021665081 0.449642982680782 0.0136171797620171 0.245784301398257 0.0215425144938628
0.0956202334492952 0.0327645806825597 0.0538020666676962 0.390671506915617 0.427141612284832
0.094251646007104 0.665403167015521 0.130904230146364 0.00814364234677917 0.101297314484231
