0.208230800761897 0.264537274749232 0.174010494853976 0.238019996958638 0.0801018515433625 0.0350995811328948
0.248111446325317 0.105255436653966 0.221348461919879 0.229861166906602 0.183861067804662 0.0115624203895743
0.0916600384993385 0.0287047332559702 0.245486694280858 0.193733743422631 0.127456522052067 0.312958268489135
0.189763987672646 0.191893368656548 0.16899341280873 0.366307340494088 0.0485871828655337 0.0344547075024548
0.264027570121708 0.0902638597472539 0.0239947091947306 0.11094337255085 0.26175316857951 0.249017319805948
0.25663125328702 0.292482006403673 0.025598133314225 0.0499466551036819 0.166452948006974 0.208889003884426
0.191428220880549 0.0726816234133141 0.301779587453823 0.0179522181796621 0.144140149352478 0.272018200720174
0.248521424292436 0.0297787779382123 0.414418945938603 0.241074470392023 0.0549724210649521 0.0112339603737735
0.151188891889642 0.028263733282327 0.229381504407154 0.248651931881243 0.151590113059212 0.190923825480422
0.140793160557888 0.110793023484863 0.204055250239731 0.23540434375589 0.24313562342911 0.0658185985325179
0.401248641279797 0.00749049406534136 0.107937018317143 0.183092442983051 0.129034466793836 0.171196936560831
0.0911815383470854 0.136777321944476 0.268833836542138 0.0937502812743237 0.219983892186095 0.189473129705881
0.218068116784339 0.227831552615899 0.265865639058229 0.148126322990929 0.0959750776694045 0.0441332908811994
0.0199421299378779 0.266090045789866 0.175051316876899 0.0265728222355351 0.291605520112172 0.22073816504765
0.119748758494453 0.120851774621104 0.184675035211468 0.282497776261436 0.111096913262581 0.181129742148958
0.275312153656501 0.0464771443113294 0.0372561588360501 0.177217266313666 0.142329275694859 0.321408001187594
0.00745471563652083 0.120004881185123 0.21744468502521 0.146392815095024 0.304389421985064 0.204313481073059
0.0408445846932148 0.176324130454839 0.302281341211072 0.0689233142279064 0.150663629676883 0.260962999736085
0.209512822225014 0.0909863793225326 0.170853533950999 0.00636384482821228 0.285024130126117 0.237259289547125
0.168880727239541 0.0635665476882216 0.242303601242562 0.36166317391518 0.116422298805531 0.0471636511089638
0.0325499381648043 0.22349649122004 0.171123865608363 0.169188488558812 0.270389012403628 0.133252204044352
0.205645125312737 0.063678829982135 0.222128193434824 0.0128567464703571 0.212470946809869 0.283220157990077
0.0905034296984193 0.0217290942142717 0.360365049297049 0.000726003668949127 0.150514166566342 0.376162256554969
0.303855343657319 0.220133622512865 0.135968886971244 0.0708333084696487 0.221699299227574 0.0475095391613482
0.234259530803854 0.252945346991288 0.161171262055645 0.146675533878245 0.160691206692101 0.0442571195788673
0.171670613465355 0.0444928525059323 0.352428150183412 0.306526489503663 0.0269724152294879 0.0979094791121505
0.236054667531247 0.138972712212486 0.00750477021939095 0.279979268382205 0.0131803982471364 0.324308183407534
0.252083536457467 0.166713033641826 0.0640028556264463 0.0397049160769976 0.275239447985899 0.202256210211364
0.238533499634723 0.262949876112747 0.0686283501826478 0.0205577096193841 0.198893712865167 0.210436851585331
0.21630773315473 0.0633194886747907 0.290548544465273 0.0635562267951474 0.339053457910123 0.0272145489999363
0.103557665110093 0.323337323214418 0.059542392680457 0.132440761371811 0.0390100423904146 0.342111815232807
0.0230894155714996 0.0566131897115779 0.0599202521439307 0.321841840036358 0.282512549025067 0.256022753511566
0.176001910880242 0.208862670734687 0.392112082064858 0.000203506993389211 0.0255930412433838 0.19722678808344
0.0141311279641144 0.0814376371180804 0.206097876316353 0.212476823680484 0.180821907263068 0.3050346276579
0.247770363600975 0.317034210163586 0.0107795684785906 0.205087059374491 0.0509387330988135 0.168390065283543
0.0444886828826773 0.299581152130594 0.0702424689712117 0.0994760833567047 0.191832830217708 0.294378782441104
0.244628460401757 0.0726786306960568 0.273436302294111 0.0678788588878669 0.089029453784187 0.252348293936022
0.299215067437569 0.181944453629912 0.0981753919507948 0.00502100967498849 0.327328496884943 0.0883155804217924
0.148242090349736 0.25564725864261 0.152031602994698 0.228503041534684 0.167692999964699 0.0478830065135733
0.116502069806334 0.285034603223711 0.268587256892278 0.1559928170518 0.11768424483626 0.0561990081896177
0.391737048837247 0.16777134877077 0.0462351435326298 0.0332400025924348 0.0934888465402347 0.267527609726684
0.188883026370324 0.199608430221501 0.114224757174202 0.187216402234499 0.178211747819499 0.131855636179975
0.0843473330455028 0.229390085889068 0.197289452931275 0.0739946275241603 0.0763815919731411 0.338596908636853
0.0173855356709265 0.295088192324779 0.266902824273415 0.287638699296151 0.10500853665553 0.0279762117791978
0.0061116192580418 0.126620800028242 0.258454796507999 0.145740035401271 0.299258409817769 0.163814338986677
0.253323286392409 0.168193666498622 0.070013127940035 0.113414479362419 0.162954599042061 0.232100840764454
0.0879085645714968 0.305124504846858 0.17174904104979 0.108462818712632 0.168336489957368 0.158418580861855
0.0909473086476757 0.292645060106163 0.370021013418517 0.0393301949394377 0.206552606330351 0.000503816557855776
0.116893078775604 0.20226872002613 0.241630939143266 0.24993130760691 0.0643753160597441 0.124900638388346
0.328388214242248 0.212805631235452 0.00310883129916274 0.27023374965878 0.126385235700734 0.0590783378636227
0.263565374990934 0.0383169717264833 0.0502272712384929 0.201351047073188 0.129067302114501 0.317472032856401
0.0883551896771478 0.267082806495279 0.0434736220039719 0.251735214133768 0.247076182744518 0.102276984945315
0.224743538593555 0.228993748863091 0.0852040193142348 0.137419529936769 0.152842843477396 0.170796319814953
0.143718226528119 0.119810680892423 0.0380203441704696 0.267124506013629 0.185309832694917 0.246016409700443
0.285447118127959 0.177190035468243 0.0385576230758873 0.10547724353418 0.247212952000853 0.146115027792879
0.183684622180531 0.24031108803344 0.0706971080110643 0.151290172348983 0.262965878769286 0.0910511306566965
0.0954735444327348 0.0991964862422407 0.278620658573666 0.183468527543563 0.0830270548065194 0.260213728401276
0.0755453623789696 0.110584139288726 0.17297293530215 0.243637787664352 0.36984601324029 0.0274137621255132
0.189257257945259 0.246599091072952 0.0789678663852913 0.0871557098153619 0.258685284854396 0.139334789926741
0.0778575974980614 0.107481937085805 0.310684125265683 0.116286394569526 0.245538520071806 0.142151425509119
0.0607503670823695 0.277268861794234 0.0862907156545347 0.045665963440028 0.250707466244883 0.279316625783951
0.173680661833584 0.192587870415877 0.216058352555344 0.0553927613534285 0.296552010293639 0.0657283435481268
0.264437183217981 0.092140200879374 0.310578697320465 0.0151208309669754 0.3107443832569 0.00697870435830504
0.238805914728849 0.236570544657146 0.115215787566043 0.110883058619469 0.261273608985845 0.0372510854426479
0.0927640634454201 0.0611798191365229 0.291846224440845 0.269967563254186 0.0127069464781987 0.271535383244827
0.0387827400194883 0.266891400618692 0.473952487026337 0.0130345783826656 0.152793947582374 0.0545448463704427
0.126561987060705 0.0576084111600168 0.376198554210558 0.194530151769371 0.0224721976705161 0.222628698128833
0.0253767584610508 0.180736220741655 0.292437868138435 0.238382421695453 0.243943663773278 0.0191230671901289
0.12763969239113 0.0222886624483047 0.185522280136749 0.345431321328286 0.287885010906373 0.0312330327891569
0.025725706366896 0.230242224873157 0.282786965764458 0.144486164519653 0.0594249729280439 0.257333965547791
0.147180123483686 0.166320331623533 0.168980856295913 0.171123019095869 0.168741873000061 0.177653796500939
0.197663447938578 0.312816796880731 0.123016327208684 0.0933152979424237 0.0834137085684424 0.189774421461141
0.135291128675029 0.186355969191972 0.365954942554663 0.125050710117553 0.0906896446461692 0.0966576048146136
0.0848510909216789 0.113214278527963 0.0165872049593398 0.202839108259115 0.555213549159919 0.0272947681719836
0.0990733337512696 0.0553712809096627 0.229894670859805 0.302183560939769 0.311077502302954 0.00239965123653997
0.200881540930498 0.209555607041239 0.0482555161998149 0.168230399737191 0.185719034402962 0.187357901688295
0.00105786757032885 0.451074720038807 0.131373421334876 0.0346150072951658 0.0800261768552177 0.301852806905604
0.405790387829322 0.00364454623668537 0.0803900763720974 0.122248074213065 0.186177507760878 0.201749407587952
0.205706634892182 0.204114454756474 0.225094511651536 0.212614139971157 0.00159010410063819 0.150880154628012
0.143325924147006 0.294087371313922 0.0652361145933194 0.185695820801174 0.203351299569799 0.108303469574779
0.146921406038667 0.301780658623483 0.350727854524837 0.0494684908725527 0.0895036295747677 0.061597960365693
0.184552738948424 0.331142447257683 0.137543687390335 0.211284011119418 0.103974121319591 0.031502993964548
0.00879140741378111 0.159428441994948 0.10575755989406 0.266309316913637 0.266114416675893 0.19359885710768
0.180357271504574 0.250441410504442 0.0209420095153129 0.121683068915778 0.0674239316483306 0.359152307911563
0.150622850451572 0.134703200895624 0.117497893195719 0.288683980825831 0.224977574407509 0.0835145002237446
0.223492753247589 0.125104727426018 0.175601605687988 0.127356106298185 0.122851794321295 0.225593013018926
0.280924796082369 0.00631081440611182 0.287919052134511 0.227847796120708 0.0963834840722148 0.100614057184085
0.187139866602236 0.283324203834022 0.0822886483956575 0.137726507675703 0.0673729180638395 0.242147855428542
0.154780261378259 0.157364621745855 0.163436816814265 0.155143147398462 0.301486637621323 0.0677885150418363
0.17862887358875 0.277952650698354 0.195710598522137 0.0895499754830537 0.236299099233506 0.0218588024742
0.210778113116928 0.000214185090473186 0.06044075141117 0.282795582014426 0.339350572429722 0.106420795937281
0.145521059649631 0.0765779996400958 0.168253238685113 0.292060187956895 0.0393893901505373 0.278198123917728
0.199261186404954 0.0313338689163552 0.104984217462549 0.253189020919311 0.213073231741213 0.198158474555618
0.198666475157765 0.0564120694721142 0.195902012639527 0.137648769988621 0.232585891824989 0.178784780916985
0.164468999190377 0.342658031722993 0.10234069432344 0.0653051399377905 0.0516029958904011 0.273624138934999
0.192255956574713 0.0808391317250609 0.213882930900585 0.164656251226697 0.15212341204726 0.196242317525684
0.0677548064409006 0.050415965535356 0.345796998865883 0.224211869617766 0.0670959056918786 0.244724453848216
0.222909133000116 0.049714051405412 0.228308450625199 0.151728597720577 0.00282524490208966 0.344514522346607
0.0341070339233473 0.259599111556386 0.163393431439129 0.208625816483844 0.0755022933786985 0.258772313218595
0.0834888745210096 0.195224101964409 0.109142524350271 0.247661560027319 0.106947377881636 0.257535561255355
0.15769324810427 0.0830013994995589 0.153735635735253 0.18087365141631 0.0545990998360607 0.370096965408547
0.255079023304686 0.00490363693065135 0.110398145218962 0.376889583511713 0.0717167959329029 0.181012815101084
0.0788767624368345 0.237052244243202 0.0788941392030166 0.063362998535619 0.258532223986029 0.283281631595299
0.220121134691746 0.0917643016070178 0.0860385483948407 0.183391057440466 0.153647397496878 0.265037560369051
0.129834233454842 0.26184705928073 0.160540190752985 0.0202837585805222 0.136986116875171 0.290508641055749
0.140640849531058 0.166427688612335 0.236522491913226 0.0079668062962187 0.28437394323603 0.164068220411132
0.180189388231545 0.116585611923824 0.228097353089434 0.0341021405098302 0.253470503615553 0.187555002629815
0.140523785156617 0.189739454358233 0.0332986257294768 0.195570640653809 0.120449439498063 0.320418054603802
0.250500738386515 0.149254423377524 0.267912764176828 0.00743026494298574 0.231806758599872 0.093095050516275
0.150174781466941 0.20137611458424 0.209305385059156 0.0921683679291563 0.216646834976633 0.130328515983874
0.0706957080081208 0.0415922728190923 0.319536255687943 0.242211721608149 0.2203994106021 0.105564631274595
0.0548719429534562 0.194720768482386 0.357991242501605 0.0443124969811431 0.34672896455509 0.00137458452631985
0.024597802632971 0.264894160209113 0.269097159222333 0.228283167434387 0.209788448170276 0.00333926233092023
0.0242981614567845 0.0294378874300096 0.312240302313924 0.0413816790392752 0.316294958436113 0.276347011323893
0.155489035594552 0.0138618643246646 0.198404203839322 0.00110372702771713 0.316877071651651 0.314264097562094
0.0788773910661268 0.171848968016438 0.167845224330364 0.21820954658351 0.171882706197645 0.191336163805916
0.410711232805378 0.229575298884536 0.110435973400386 0.240122960928719 0.00724479352110714 0.00190974045987482
0.144896059881673 0.101075379581865 0.185229795790908 0.169334800650272 0.1644112510857 0.235052713009582
0.134465396820197 0.0961850439181856 0.261970363086204 0.00875610904938463 0.276248928419975 0.222374158706053
0.188069625354839 0.248223069250285 0.136139082072904 0.200429635544835 0.0364587814142334 0.190679806362904
0.042979384991884 0.0107913919031334 0.0977215588248101 0.265303627843375 0.232671145519208 0.35053289091759
0.207447527763611 0.228840965164093 0.052635383813081 0.187726586933701 0.307936621709124 0.0154129146163908
0.0923691494244867 0.172775830882559 0.240093859259974 0.21136153810714 0.20620193011331 0.0771976922125308
0.0448775300615938 0.0792990360538378 0.246023481376205 0.153932849759239 0.295323585765205 0.180543516983919
0.166194800415654 0.072005528547271 0.161478453414271 0.147378530940477 0.243700419096551 0.209242267585777
0.226497362733512 0.153717037113217 0.177872504211606 0.0275756074537554 0.235776425241559 0.178561063246351
0.064533203169264 0.217602490230518 0.271576004093824 0.202341084877931 0.212905456696706 0.0310417609317579
0.212837799364172 0.162430196293513 0.30681947819883 0.105816720299256 0.180497315499207 0.0315984903450221
0.291068662356248 0.268958402084985 0.180833089837129 0.0752755723476904 0.0177733280749366 0.166090945299011
0.0689406284946259 0.119683831183892 0.344518250753568 0.0768945270199457 0.237259502338844 0.152703260209124
0.158812867653732 0.104546222026984 0.173368655319062 0.277626474480427 0.251822706319357 0.033823074200438
0.07529508447187 0.178643737438959 0.216666888969017 0.173346811157581 0.10758391303209 0.248463564930483
0.191222384963622 0.0536506672690957 0.320742886553752 0.208562581801542 0.127419888086804 0.0984015913251844
0.106752439425618 0.0623378653875257 0.0399670892677292 0.253609420064426 0.305428190172414 0.231904995682287
0.0580702482271424 0.292276394374705 0.0667959169115871 0.136299847457954 0.152403230307426 0.294154362721186
0.233890991821939 0.0762870789277345 0.151155533696762 0.174927788775637 0.149912478694579 0.213826128083349
0.0689591838503456 0.294928885029812 0.161480823957689 0.0413045891760926 0.304421119361844 0.128905398624217
0.501568798812848 0.132101628068814 0.212840029680252 0.0776164331550769 0.0585806249679468 0.0172924853150619
0.2256432349189 0.1322633087413 0.0718597228601461 0.256899366262808 0.151832524758297 0.16150184245855
0.35527615713184 0.0371507703054121 0.115221147708061 0.188968596790843 0.255634969783601 0.047748358280242
0.263018433988101 0.105683579806293 0.296525809586827 0.178711978493032 0.064196729679269 0.0918634684464776
0.296458175785248 0.111025813365338 0.0659864363181811 0.23777736141954 0.149594668234295 0.139157544877397
0.100198091694981 0.258751185242838 0.25466312215235 0.0448373480009858 0.120252560907027 0.221297692001818
0.0914583539550197 0.26710776595278 0.0771349042853671 0.275162237621759 0.267207678277983 0.0219290599070914
0.144027733296962 0.216876326898618 0.185232492553254 0.0732853759542486 0.317744447577596 0.0628336237193208
0.241311674144788 0.0606211571495402 0.124608730807065 0.269714871014347 0.116152597805079 0.187590969079181
0.212289481373803 0.0562766048532706 0.135442121619237 0.0637303871331875 0.159276382342931 0.372985022677571
0.05397907067314 0.104187120854654 0.403370253904624 0.0188306597990257 0.0630631047208155 0.35656979004774
0.00982127546133115 0.214284444564674 0.0973774082503456 0.318594039907448 0.0669202814466755 0.293002550369525
0.174678474614322 0.168908320912052 0.179380496359418 0.203664666263954 0.135735657235672 0.137632384614583
0.248660432452532 0.254173032181172 0.2544605751764 0.0308767403181245 0.198993518500209 0.0128357013715629
0.243177668908495 0.115068129915663 0.20435573061972 0.264522874653457 0.0117096847079105 0.161165911194753
0.188065437944822 0.23816554343857 0.0552900305817686 0.13649077945642 0.227574334325055 0.154413874253364
0.207885355308832 0.149501478310024 0.143300774640522 0.217742746539671 0.183240402645346 0.0983292425556059
0.185005034192101 0.271946949227972 0.0131234681259351 0.154464691805375 0.18277864189773 0.192681214750888
0.164551404619326 0.126844091200314 0.213809261743725 0.205521178798296 0.109990912624854 0.179283151013486
0.0713281413910693 0.25820980805216 0.101393490014891 0.250331231283769 0.20077386161755 0.11796346764056
0.118855361658665 0.257748919119396 0.150077091365585 0.108402173636462 0.258580246919529 0.106336207300364
0.173388290731267 0.0284992842071548 0.167997843417582 0.324867524728961 0.114049892563154 0.191197164351882
0.106783023800074 0.115152706759175 0.00875234892789904 0.324926846764949 0.283501721911571 0.160883351836331
0.144057118688303 0.187998371951203 0.192147450467861 0.132670377888834 0.107382239773624 0.235744441230175
0.215395527377008 0.112596880622818 0.163433932101817 0.183538084778203 0.0472658312259853 0.277769743894168
0.0195691622429232 0.236737869814071 0.031971539077033 0.288349193206631 0.226037409686358 0.197334825972984
0.241325825629686 0.0981759993854341 0.0128272572038742 0.256166194595224 0.268440209363526 0.123064513822256
0.289608923106727 0.183821893618222 0.069400138579062 0.279732270432908 0.157386500856578 0.020050273406504
0.205379362454715 0.238396736502822 0.287649308477136 0.00693897225404957 0.226526068250142 0.0351095520611352
0.339885326836835 0.0876830023471631 0.187353564480539 0.235230693057877 0.137481493860193 0.0123659194173924
0.153190144954693 0.192508799399384 0.0784778237303547 0.0708328049831551 0.342121179366419 0.162869247565994
0.0606708361751534 0.0654567549436557 0.037187612354912 0.321121859767639 0.162494006217372 0.353068930541268
0.0347014209609923 0.267035794778594 0.146562458135134 0.357816587643926 0.131081747096548 0.0628019913848057
0.214819167190991 0.218954571628456 0.0995535527311636 0.125713574991368 0.255287822759414 0.0856713106986069
0.201474775237223 0.182548968385091 0.147478262228726 0.14019366578542 0.163895240973689 0.164409087389851
0.0829521525855663 0.171508947965531 0.125779683479563 0.25405289848056 0.148308581766463 0.217397735722317
0.253708368841852 0.0937270286316638 0.00379333621827749 0.252322976674986 0.324802643781123 0.0716456458520981
0.0403333631898628 0.23816167649691 0.290598569849588 0.0115999783030634 0.22160820457786 0.197698207582716
0.0102689881545267 0.0781663270678756 0.253440192298672 0.330034816951039 0.111806379086843 0.216283296441044
0.314036728824679 0.233476917021815 0.0709154377846212 0.0963275471261567 0.00118316102240373 0.284060208220324
0.068453935610111 0.105251839397835 0.140187817253883 0.0430895983643882 0.601388706740922 0.0416281026328609
0.190785625788731 0.170354642356219 0.0860726175204429 0.338685896877117 0.112394958194003 0.101706259263487
0.255512477734671 0.217756602040185 0.0717699028868901 0.203928522652827 0.218158684401205 0.0328738102842232
0.0124436554016527 0.156128470268667 0.107418965339161 0.229131601248605 0.257661165175488 0.237216142566427
0.224396773215171 0.145896868001689 0.198099441864331 0.0812637742758182 0.151656720946681 0.198686421696311
0.249568812787661 0.157460120889835 0.224631545604325 0.130727273939553 0.070131134709533 0.167481112069093
0.237627727546809 0.0598485925859709 0.234348373823968 0.187448279262853 0.0684917911955068 0.212235235584891
0.241597488584445 0.0181167423651443 0.209927034403571 0.238362216003549 0.164963240169699 0.127033278473592
0.128021380555629 0.27587845897164 0.0173334897688721 0.300946033460396 0.101147523143749 0.176673114099715
0.134286641887185 0.235213485945985 0.207218361425695 0.122057411025637 0.152239291421966 0.148984808293532
0.205305474881336 0.0985755806998525 0.0607529137552699 0.171522739581749 0.267234558372948 0.196608732708845
0.262842725765888 0.00504835806077627 0.239973510001026 0.146840533054338 0.191084256714462 0.15421061640351
0.0244654398129166 0.253104074198728 0.253460493352214 0.157689582904255 0.192138545775301 0.119141863956585
0.210109966185664 0.228317915873769 0.273878924490304 0.149884162159631 0.129305620097673 0.00850341119295951
0.187063956503359 0.102334848347904 0.175698899961621 0.0857980566497384 0.246473975377413 0.202630263159965
0.183593024601468 0.321378469893235 0.157237092913942 0.186120056230936 0.0801433544102622 0.0715280019501561
0.297952493375448 0.00123965923048663 0.407362389938852 0.158054456641181 0.011616295418622 0.12377470539541
0.0446529743078667 0.244025484645531 0.100664307638083 0.0669499217594444 0.324034898845641 0.219672412803434
0.0188780430261134 0.263872328568097 0.00234231566369545 0.332041836962575 0.22784514642317 0.15502032935635
0.102578184392905 0.240201527350078 0.0784235073187632 0.245429532332494 0.164394749155888 0.168972499449872
0.216070492343563 0.230192168165124 0.248115660762345 0.124357492156345 0.078566527447578 0.102697659125046
0.33764471881941 0.121871488194899 0.0669491299551535 0.118911073966555 0.318607677719453 0.0360159113445291
0.0398968235558701 0.307383745359928 0.255044383259666 0.196849689095707 0.186423164789281 0.0144021939395479
0.0774875154575586 0.17371682311172 0.281314065197005 0.255603612447488 0.147229826648192 0.0646481571380363
0.0916003700774604 0.250043593164512 0.0347301121857553 0.129078734684299 0.292865566883126 0.201681623004847
0.20337425740556 0.253639785226567 0.0739131721085309 0.273941320102373 0.00603482716202331 0.189096637994946
0.21849579955092 0.0985493570959642 0.233026577761559 0.181493060019596 0.166094881563644 0.102340324008316
0.0653461713996502 0.173604626543969 0.283736211879257 0.117966150236907 0.290923591676538 0.0684232482636788
0.11838411032539 0.0821117724299598 0.342843549886281 0.123900350013652 0.020171304233208 0.312588913111509
0.177154881593283 0.0468248348212048 0.246341726950508 0.210873539616818 0.216351437263231 0.102453579754955
0.181411228338459 0.0501632708937429 0.461287983620048 0.0203557662273789 0.146192851688794 0.140588899231577
0.200676663980309 0.199455698043545 0.292066239844789 0.0817552818561902 0.0975477809127538 0.128498335362413
0.232481622986589 0.134558737884213 0.230472976832168 0.0373146396034455 0.204389226273383 0.160782796420202
0.0160058330208899 0.0832227763623928 0.307746277324717 0.331273698175227 0.0323925802299783 0.229358834886794
0.328291247899329 0.267451076955833 0.17267910496696 0.100122571186101 0.120359340627201 0.0110966583645758
0.217929576824198 0.251950001491019 0.0661086134774503 0.0191391693717881 0.224209471189046 0.220663167646498
0.0589664383557108 0.273778231735223 0.15800717239833 0.238775146415007 0.264477487810209 0.00599552328552017
0.360508685358569 0.00870202170198142 0.363842893291196 0.0430165074843598 0.0406165898411752 0.183313302322718
0.343345796412086 0.127772582214954 0.159635154216594 0.0594160455483659 0.0732673491985402 0.23656307240946
0.00488713666479024 0.117903171538744 0.222321690079682 0.26817985080699 0.257642991535699 0.129065159374095
0.177348341168932 0.283512919862845 0.187203224449435 0.157625627166219 0.0955800830025028 0.098729804350067
0.176265681055955 0.185438635601229 0.0882926112044633 0.0292773047684919 0.206727091941066 0.313998675428795
0.296511626563409 0.0831910700127017 0.132348706587624 0.393184022734218 0.00489042940416817 0.0898741446978792
0.160631402662859 0.192242573356889 0.153271932387067 0.18766879321329 0.173831493274701 0.132353805105194
0.223790262219879 0.251673555640101 0.279377236875852 0.0174569389397294 0.173356502940811 0.0543455033836279
0.252641062340849 0.203714864518986 0.083363848585899 0.104598814464272 0.0224850404870595 0.333196369602934
0.0188230412905853 0.175471870825306 0.0599580218686265 0.301941114307853 0.146504311635612 0.297301640072017
0.151076772951462 0.0472849237801819 0.274609258048388 0.3265342440251 0.0145486764406179 0.185946124754251
0.0429617907091481 0.417793366181727 0.150138983234821 0.169620365049348 0.113066036266452 0.106419458558503
0.190855944724519 0.143344113752304 0.16720543155594 0.0981189577498983 0.214488098785224 0.185987453432115
0.247475704224743 0.0460132125132125 0.156266956856535 0.229291637438327 0.289067886181244 0.0318846027859384
0.1376369079119 0.320068708624374 0.0714872532243461 0.213376657326211 0.0028939243927699 0.254536548520399
0.0828657604654911 0.20606725340209 0.125427729670716 0.141806250839829 0.147697189951446 0.296135815670428
0.359006003407194 0.163084914790293 0.276645833111421 0.105991758896651 0.036035132759559 0.0592363570348813
0.161330816462595 0.246669940696754 0.215950984999626 0.0822446246421306 0.0623036662600358 0.231499966938859
0.114637485892935 0.0646168369730467 0.239780978864033 0.2138316645987 0.196594471230959 0.170538562440327
0.244349352756857 0.126641544264465 0.151933885456532 0.18392064866999 0.0973315311040442 0.195823037748112
0.0952491066821781 0.401260052007368 0.0245077413058734 0.0735099396134076 0.00610062780705275 0.39937253258412
0.0290378456722427 0.22233448934625 0.110207597096117 0.26916009599162 0.206555958941497 0.162704012952273
0.189670757360359 0.203405554729615 0.11390045900449 0.19605656859936 0.206160011395737 0.0908066489104395
0.0943355413651927 0.239771862213848 0.191857006872206 0.0127497635346356 0.239539425513362 0.221746400500756
0.223535866463827 0.196812048522412 0.183267721117485 0.115661480204616 0.221433334847925 0.0592895488437341
0.0425950057206604 0.103796122543925 0.315097219960565 0.0154148276573472 0.275370854270857 0.247725969846646
0.0318381887231069 0.212658112956589 0.225854794227026 0.229452105629122 0.205035457563113 0.0951613409010434
0.253216624408854 0.18333503006996 0.2214187963619 0.0886505237050418 0.105805153794502 0.147573871659741
0.0201184832655072 0.192820252756855 0.329254674271427 0.156267105866338 0.0476348342127798 0.253904649627093
0.237993802806378 0.214387650790668 0.207112541089314 0.244127984768811 0.027989194761556 0.0683888257832727
0.278815617211388 0.315227564767106 0.0965194055328091 0.247849070218488 0.0391001439061832 0.0224881983640257
0.118821516007877 0.209110362573588 0.204846158034004 0.115096626972726 0.23278908930295 0.119336247108854
0.0878379464369241 0.165400753710332 0.0970515717692854 0.305188395811935 0.0264924732753033 0.31802885899622
0.0513047219345183 0.101231575276248 0.161139242332808 0.295322400689362 0.303710589778707 0.0872914699883562
0.204149329470493 0.280446641160492 0.153389792312422 0.185926879724598 0.0730684207800938 0.103018936551902
0.302474373760632 0.255525891237941 0.0603108272796375 0.307821191179997 0.0119518937158291 0.061915822825963
0.358231064683025 0.0523961927466857 0.12080477815611 0.156798822549863 0.246666124316828 0.0651030175474887
0.126502814234116 0.156750832084299 0.230454981866014 0.0371138275923977 0.314045236496678 0.135132307726496
0.0350615762905758 0.218789852650101 0.319819270137138 0.0327304956451381 0.0132954081424221 0.380303397134625
0.181623380210552 0.138274817617564 0.125873140673271 0.0188798371163446 0.493989379808947 0.0413594445733219
0.148757849671453 0.205081632986845 0.147538072369455 0.242339799033694 0.0228200156948081 0.233462630243745
0.112510636344416 0.331471793174153 0.03974704676172 0.191800809485948 0.0544505786589245 0.270019135574838
0.139765657953877 0.00704998663656342 0.0145875716797777 0.477299242066765 0.313937314071992 0.0473602275910243
0.251036235938354 0.227577045589836 0.0361355572136502 0.130097603860322 0.053682103579539 0.301471453818298
0.213912035131065 0.217527549390369 0.250941631994154 0.123581506943541 0.160634606979449 0.0334026695614215
0.117913738135215 0.196942327629509 0.0446889158506506 0.14068683640391 0.0780014912952962 0.421766690685419
0.110933151791484 0.412965276874844 0.143122987468416 0.0729413572803009 0.00713004946577417 0.25290717711918
0.266543525147955 0.139654072909433 0.228376555994718 0.211074037672764 0.138399504834451 0.0159523034406774
0.251204442951851 0.210067493607789 0.198641346099725 0.0704592313210212 0.225012970984406 0.0446145150352078
0.160034831029002 0.053036491649345 0.156198566983097 0.219330154559228 0.157617015485637 0.253782940293692
0.177317249478419 0.19101175502419 0.0541715073695784 0.201845857359472 0.263811435216144 0.111842195552196
0.282965068571033 0.247490204940993 0.0842936296336095 0.0150489549206875 0.0525734846699351 0.317628657263741
0.220846125642856 0.0369902329971546 0.294603976544181 0.146728164139104 0.051106957454153 0.249724543222552
0.163435503741443 0.249040267186552 0.262421167415901 0.158588668036933 0.0114068759139761 0.155107517705195
0.251114849196623 0.136419494077723 0.132722374557808 0.186317409900245 0.0969702629274893 0.196455609340112
0.0207190639855804 0.116769496353365 0.224641841353436 0.238253648290808 0.00526560179427158 0.394350348222538
0.152020757284695 0.188359408949367 0.158437579094271 0.0515250162562808 0.221921747986358 0.227735490429028
0.166177590796088 0.0878589088697346 0.121808812180539 0.139634923715456 0.278060082469593 0.206459681968589
0.181298490164906 0.221789355990825 0.212693128278154 0.047909060106835 0.206686615339811 0.12962335011947
0.0640060733709434 0.228430922352037 0.320944103608506 0.135853832712281 0.137005705755782 0.113759362200449
0.0424336069583929 0.457059504369127 0.154334280852928 0.210660635943345 0.00628355513623483 0.129228416739973
0.318234844056474 0.113747226671977 0.15408214821259 0.0262545736300763 0.246118975785951 0.141562231642932
0.0833426472379997 0.210632940489575 0.249398045205203 0.0110057843538228 0.243406823124338 0.202213759589062
0.00118078409368538 0.293114537460909 0.241440526753176 0.139811867655935 0.159177144597832 0.165275139438463
0.200559419330544 0.0927646212594521 0.284978874678683 0.258340519812215 0.0751256391717781 0.0882309257473286
0.0421170712764957 0.174874654149333 0.167748063993516 0.257060215454673 0.235876391402255 0.122323603723728
0.14650261975494 0.283830889375914 0.0454865337604996 0.15028610320718 0.262352914773976 0.111540939127491
0.235503366253043 0.166823519161791 0.046636181778585 0.155286809492974 0.189515572032155 0.206234551281452
0.0746663645002105 0.00501901079915827 0.260893243815245 0.317503518407124 0.280896615834064 0.061021246644198
0.00748038225229917 0.176857600156325 0.308127570891676 0.311900263977038 0.0400205449329922 0.155613637789669
0.0548881333418152 0.0514684417194217 0.301490682574157 0.0692390879175223 0.220246879293922 0.302666775153161
0.00691779108981484 0.122571230742402 0.336796350727218 0.331654497076658 0.144246529179 0.0578136011849077
0.0962659699318186 0.11895631785754 0.105226798421609 0.0879873291432457 0.251884750364726 0.33967883428106
0.0425549715347413 0.0880905374564404 0.179576646521453 0.272206290229522 0.229626764202697 0.187944790055147
0.00192626916623844 0.257501485523352 0.300221381441444 0.038387923238128 0.220494116794598 0.181468823836239
0.16786537924419 0.202546321366869 0.104156527652892 0.163893398135187 0.228815802068485 0.132722571532378
0.35431672972744 0.00220780745496499 0.234039945500541 0.0652324980060073 0.17461807827126 0.169584941039787
0.245592535063476 0.146151898488026 0.0189785395169434 0.192135115840331 0.181600758449567 0.215541152641657
0.186548617112856 0.161546081317607 0.05974672233429 0.142699027161626 0.190699054060083 0.258760498013538
0.0996465873167762 0.117814131466485 0.0182174797317502 0.030323471612901 0.14999137129967 0.584006958572418
0.204097783305405 0.139357557141828 0.00615365035638559 0.267971374265516 0.104816761509281 0.277602873421584
0.280775330429542 0.15947950870317 0.242035956080295 0.0593520340878461 0.133974031712541 0.124383138986607
0.191016406854355 0.241145000603361 0.128549845736621 0.204261298281028 0.175399379145704 0.0596280693789313
0.261747797362731 0.184137200361026 0.0695272089492907 0.233233631150549 0.0631032684488549 0.188250893727549
0.112313372369648 0.257349431336523 0.0659888205303693 0.283055205052255 0.16673820981213 0.114554960899074
0.172771508070277 0.112942150809506 0.178806983730894 0.255998015867366 0.00722491391002601 0.272256427611931
0.284436477242379 0.158727292549013 0.0841104797002929 0.0139524636101019 0.244927161455403 0.21384612544281
0.137002336465973 0.204068841996681 0.0545719150281653 0.302818503597 0.220986065162355 0.0805523377498265
0.21133377611155 0.217015699542793 0.0174724542044602 0.202759704150702 0.108355364185762 0.243063001804733
0.0702828092177193 0.28106258334215 0.0100602266058523 0.168873332685672 0.354169625683507 0.115551422465099
0.389579349449634 0.0717619727080332 0.15784006193119 0.172904870117075 0.187775687046317 0.0201380587477501
0.193129746837428 0.0324578429525525 0.0834982079739305 0.0783267102331626 0.387585440783931 0.225002051218995
0.146892475891141 0.181493771024489 0.192077186321468 0.165261899050042 0.176192043772245 0.138082623940614
0.0206344995042379 0.280624867377026 0.21788237595945 0.274231800075269 0.0539195901074921 0.152706866976525
0.179318684094084 0.214240122342493 0.0873895432928808 0.0615121862298843 0.233371939981953 0.224167524058704
0.273365370414856 0.256061075401303 0.150296570624408 0.207747597604605 0.0342898337227643 0.0782395522320636
0.203847383289922 0.25566504384745 0.184502702101847 0.14251105850362 0.0211153268168743 0.192358485440287
0.200409190474563 0.0160298865912225 0.121947257798197 0.227401096003473 0.392242766381498 0.041969802751046
0.25133473875345 0.0505921522109583 0.0940971002783134 0.110688688820041 0.206400637795459 0.286886682141777
0.0290559731471553 0.311578776389256 0.292451092695898 0.177146947503146 0.0638183719876001 0.125948838276944
0.175272574640978 0.112311468659338 0.0676588036648527 0.261742490629748 0.0978751628198492 0.285139499585234
0.0500911516117823 0.080861540206847 0.276181233275603 0.37331888764841 0.0832908239382266 0.136256363319131
0.111987442950106 0.226301903891518 0.198099621048879 0.0437366459142626 0.18370937955029 0.236165006644945
0.358096452023542 0.263210885883566 0.259119386556631 0.000223450572290906 0.0488171896941895 0.0705326352697808
0.300986613323641 0.0279060275998671 0.00209530612333079 0.271269079622513 0.23270703776909 0.165035935561558
0.174367855900581 0.189201722222866 0.0614094734889773 0.178714503646876 0.218404016714251 0.177902428026449
0.0499675285544461 0.311311881227548 0.00745581178941395 0.337905900028393 0.246247067057765 0.0471118113424341
0.0195231215422471 0.171098882803737 0.275561671588122 0.224825847719658 0.0949256974468406 0.214064778899396
0.126077327230665 0.245862970795196 0.105323326603226 0.053460847034624 0.226480514029007 0.242795014307282
0.247189789974706 0.156998010748462 0.13109311936021 0.0788193949429505 0.0813336044992354 0.304566080474436
0.168670586040502 0.181657992410403 0.203957135030277 0.0978308903759905 0.246056392474296 0.101827003668532
0.287443179754186 0.161667790704452 0.0945583536669041 0.262116971359252 0.01964230156651 0.174571402948696
0.347867696658224 0.349803414455327 0.053137495068513 0.149716802299943 0.0413919141594692 0.0580826773585233
0.220708850479372 0.177842073088512 0.0870722270857167 0.206762550782514 0.225709953103617 0.0819043454602683
0.0901312233090358 0.220741953228734 0.254708931264155 0.201160490315669 0.186389336449244 0.0468680654331625
0.0132179015657431 0.206085622231184 0.160331593702583 0.199792346386258 0.205649733110067 0.214922803004165
0.0263179358098508 0.208179235794941 0.15237508608794 0.236467084359711 0.176949138730299 0.199711519217259
0.410123434468594 0.377739579881848 0.00458768149655588 0.147076935746638 0.0496213035117779 0.0108510648945866
0.1097027747573 0.0898805121566391 0.168869678269805 0.148416599651929 0.323404208467357 0.15972622669697
0.177188869867617 0.265650850684089 0.137760132272315 0.00266829996834145 0.228108682820942 0.188623164386696
0.0959326091240466 0.033433666728673 0.0158227302469987 0.316432796208343 0.200518366712576 0.337859830979363
0.0581238283556628 0.280001810844281 0.294551249769879 0.0871028774596322 0.0511307600989565 0.229089473471589
0.0799806232240465 0.182812038843131 0.0244884047169681 0.0672413852208755 0.309014741650172 0.336462806344807
0.0374707112708905 0.044219892618125 0.358752952208608 0.0298342378482685 0.104438878982887 0.425283327071222
0.156963760810634 0.137446948291232 0.00443899746602591 0.236880633203927 0.270437758706707 0.193831901521474
0.202631116962233 0.126743965252293 0.235687948342428 0.285682943020642 0.0101369198770408 0.139117106545363
0.292802333827236 0.310341491872135 0.00853778558465687 0.195217186636385 0.0619910829237257 0.131110119155863
0.0587415133985436 0.258238660761955 0.236794345030607 0.105555343845822 0.138688472078525 0.201981664884547
0.0094924687354177 0.0385961533496981 0.220100730943557 0.22481311870173 0.317337034673611 0.189660493595985
0.0726937509354481 0.227865550777955 0.286584266428888 0.0234888658613277 0.336156495547689 0.0532110704486923
0.0971418222217251 0.215643045749571 0.266365113333648 0.274810966139407 0.0559086415022465 0.0901304110534021
0.0460299084025468 0.415880779781823 0.283273904074431 0.0301265449483317 0.180787702619735 0.0439011601731334
0.124587128396138 0.235384389486925 0.191687664101676 0.222866740558397 0.20519518386174 0.0202788935951245
0.0615258755665347 0.215817479244914 0.177381043566874 0.240168907956021 0.0936878887385889 0.211418804927068
0.19228250656601 0.167859845410044 0.109966639090825 0.174092614799063 0.251879736550201 0.103918657583855
0.139151524755033 0.0857567646966958 0.159755852729602 0.0409394689388552 0.268588338302357 0.305808050577457
0.202426099625039 0.103950558330373 0.320101128741505 0.152522239335771 0.110104921728423 0.11089505223889
0.111134593422774 0.133936102046434 0.304395503635808 0.268839392816734 0.164693276818664 0.0170011312595869
0.225604843305518 0.16306379759163 0.11477762531794 0.241456459214625 0.108324498041434 0.146772776528854
0.12619987643604 0.0372022140536568 0.238790472785268 0.161914355595713 0.259460109605776 0.176432971523546
0.252884645065055 0.191454977035736 0.0836743294804839 0.128781484891979 0.0798124481852644 0.263392115341482
0.158017872149184 0.204858170506971 0.15312156798165 0.0912379703317122 0.220200614759757 0.172563804270726
0.321814754923493 0.0747600528959094 0.273599690286142 0.033793800877808 0.243320580020266 0.0527111209963813
0.223551702478892 0.0331084729884697 0.0938607384347395 0.0538880221597061 0.296509668575377 0.299081395362816
0.196484102740697 0.154949934262174 0.17308467149102 0.14286939662276 0.106162935345856 0.226448959537493
0.0498955542465819 0.0669823263720917 0.191703116676106 0.34508960204188 0.125884754392716 0.220444646270624
0.0997433187011502 0.177398747557532 0.155541112491909 0.243559172880512 0.0585310521328401 0.265226596236056
0.189054898542243 0.260641659600722 0.109806681463548 0.0538360812271058 0.196302042392177 0.190358636774205
0.250746102297057 0.196643810308544 0.0715431509366374 0.133951374747259 0.125830767115494 0.221284794595009
0.137264895751696 0.175273299616707 0.00673919081418652 0.213678614462316 0.210179511334417 0.256864488020676
0.275122199743441 0.0740146461819019 0.0303839319802506 0.0873703978667497 0.252228643773446 0.280880180454211
0.143410059048176 0.287827492148147 0.147776697704466 0.0796863190844972 0.23924235438787 0.102057077626844
