0.254352867927258 0.273545412060572 0.0215534878192027 0.00901341123405183 0.133000675783044 0.00532424019141894 0.179223924412581 0.123985980571872
0.239531097828177 0.234204227894671 0.0238245672065859 0.0328921344630292 0.0779815503818274 0.123366443456867 0.20889797033729 0.0593020084315525
0.16532879290424 0.172405194900716 0.0250137730586598 0.12126782237358 0.0975355963746277 0.130488821098059 0.148809759292833 0.139150239997284
0.0694482449038037 0.211306919807532 0.171313158221311 0.036976698388123 0.198637843313205 0.190575613728345 0.0935074344236056 0.0282340872140742
0.173049670286039 0.103466723688504 0.11354339509374 0.121396646841577 0.169632914868603 0.0402849427052219 0.199983413938269 0.0786422925780459
0.142111312548086 0.0509727726969182 0.0730035848592081 0.197729268260133 0.222078742879453 0.105835306357113 0.185361412218541 0.0229076001805478
0.210622678934537 0.0398010861935403 0.0549893507795581 0.0250270549071603 0.073889337696236 0.203043729107751 0.152407847448512 0.240218914932705
0.0771340819408213 0.172960257418498 0.235635923239547 0.23402003361463 0.0203392393048053 0.133201512325945 0.0288881595398652 0.0978207926158882
0.169783989218925 0.0397316192221731 0.12151531296192 0.123584971711491 0.181175236607003 0.255103696948849 0.0342930543934104 0.0748121189362286
0.270314684247668 0.0222539978227845 0.114472335151637 0.199595336413932 0.0526464423949536 0.265799903467536 0.0703048775588641 0.00461242294262526
0.00680411688078706 0.224921716210992 0.20329620001495 0.00203235969795204 0.104798959916429 0.145555565525419 0.0841542087284097 0.228436873025062
0.0504523345457539 0.0486159903352784 0.126450105445086 0.156704551060898 0.168349730015945 0.189523357183609 0.0855852108788368 0.174318720534593
0.129895776036249 0.191900516824414 0.0648214127178067 0.106701895222592 0.0869677916019372 0.149891427919204 0.133197863256538 0.13662331642126
0.000405485397674144 0.145205261998856 0.17371117877279 0.162296855059309 0.153688077224954 0.0268593136729627 0.15977011331525 0.178063714558204
0.192563711131493 0.11576384448603 0.189059120760846 0.067508659908984 0.0931327568234848 0.0786884712937237 0.118966357727284 0.144317077868154
0.188431164432783 0.0338193026434026 0.0907839684435964 0.171365617492482 0.0845222979300257 0.0983047062304208 0.173326766464628 0.159446176362661
0.0994728851706221 0.205863965970939 0.0198892711327965 0.0267465070188933 0.152063097548105 0.101190297221462 0.153940612086689 0.240833363850494
0.052535141054813 0.108807053475969 0.20028507265836 0.154820381363149 0.0784626888594055 0.13393081002644 0.142550698863185 0.128608153698677
0.193539347422874 0.0914022228891217 0.0378047941801449 0.144710120338124 0.192153805476373 0.132708618204933 0.0700653824277666 0.137615709060662
0.0508114268902194 0.105410276693056 0.120894512144942 0.233928256495597 0.196105793259568 0.048852196066509 0.180137045474585 0.0638604929755229
0.146118436901632 0.219222293685609 0.110629647795571 0.231029962391679 0.169927537732835 0.0296906814671465 0.00689906026333678 0.0864823797621903
0.20090329164968 0.0485800550245098 0.0507227713360295 0.240156320560949 0.249664318161196 0.00423510891390841 0.0667260897832658 0.139012044570462
0.191528004649872 0.088614631546237 0.0492829613627445 0.151826496828478 0.125450374789196 0.128497002970301 0.0760491811123389 0.188751346740832
0.140949242460153 0.0632757982032974 0.0237209649284469 0.067854209149327 0.237197365524029 0.131815943630993 0.32310164137309 0.0120848347306652
0.0845397653324881 0.208265307003402 0.0353290193505392 0.108084706812039 0.139305179651864 0.100026292588281 0.156601724055659 0.167848005205726
0.0111880786686581 0.233534773790944 0.108701814160101 0.262013403546132 0.0374139936475472 0.090165563418798 0.251822304293838 0.00516006847398122
0.167194203993826 0.0864181954823446 0.0149385615223651 0.0303865850823857 0.190739217682741 0.125155857565391 0.191818772017211 0.193348606653736
0.0009134438868716 0.0679170940322068 0.122711775108959 0.140645335151441 0.297807862199489 0.0320266062347763 0.200280275596085 0.137697607790172
0.0500943549101661 0.143731315757241 0.129237602003659 0.140141526401612 0.182834524297915 0.0729403635085165 0.164847672295975 0.116172640824917
0.0104061294559477 0.0799552188671838 0.251934301533151 0.211946600624493 0.0517124324308881 0.0549455937743833 0.214418504644747 0.124681218669206
0.174249958326533 0.112216292140309 0.0283751070625 0.18238056418659 0.183224698710833 0.147220553746422 0.135644856217116 0.0366879696096959
0.15605758794297 0.147468942324917 0.14088570547791 0.172998473558804 0.0801515678363574 0.0993266736778045 0.157393704254863 0.0457173449263737
0.137453166635148 0.194980201145663 0.0802258364773795 0.0599825603209049 0.098166676400732 0.143940908555086 0.207101914960185 0.0781487355049015
0.12159738775192 0.117481351642819 0.164020837565266 0.0705836475716412 0.153506457681303 0.149172904636752 0.108258276761035 0.115379136389264
0.240277233049184 0.066934266417185 0.038911015791963 0.156286666067309 0.201558165942706 0.21960473162625 0.026059335289805 0.0503685858155979
0.0988144451077834 0.0702857626218801 0.143982741126726 0.170031289001095 0.124243155938117 0.0335439169464574 0.19813369474636 0.160964994511581
0.181230507195657 0.177193241075332 0.221226383253517 0.108393920458507 0.0994680114764868 0.129440905971291 0.0672153419804151 0.0158316885887937
0.206555859073508 0.169210819219013 0.150750755302429 0.0521862365881671 0.190005653937559 0.105374252591453 0.0115817457017617 0.114334677586109
0.195577642198252 0.200529554154403 0.0388505692340962 0.00964017555701576 0.120317287743398 0.129069906128059 0.119215341032784 0.186799523951993
0.108239178113706 0.236654233523375 0.275088566288731 0.0604567373215519 0.129686170302519 0.059724530457908 0.0575707658389218 0.0725798181532873
0.0438444727769825 0.232626455919236 0.0895266435788793 0.174579564204528 0.0268232078801061 0.186174946096995 0.0418672104655877 0.204557499077685
0.0857170388571836 0.18815966648017 0.152606560163497 0.15598158833329 0.0142930123359437 0.125676565322676 0.184932348179283 0.0926332203279567
0.15074222058102 0.127552333370798 0.182924342981696 0.124132915915837 0.104445855296681 0.107325891274963 0.167393042996431 0.0354833975825737
0.141045472891692 0.21572733145669 0.153519131110035 0.0491022206976487 0.0619751201963381 0.114680201910007 0.227206395673002 0.0367441260645873
0.105398907015535 0.176012601764554 0.0426597482829678 0.0457184950329619 0.224496747656078 0.20541783834511 0.0307496707545822 0.169545991148212
0.219748521747192 0.0846040599605211 0.0108188873855155 0.21620432994594 0.169482774560182 0.149831512675839 0.0941591509611221 0.0551507627636885
0.224588064322767 0.0428436576032254 0.0281499100940437 0.197106347064435 0.0803705149663128 0.158888237695542 0.212986685346564 0.0550665829071113
0.158149396605364 0.027349079160359 0.0263522824539505 0.192076246151147 0.156571099063259 0.0828440620923173 0.170205389940665 0.186452444532938
0.145751077644807 0.20507477899703 0.157584351574639 0.0361328040204226 0.0663629695345007 0.171021895996448 0.0831132041430633 0.134958918089089
0.140945265757315 0.0801818629515958 0.0343987331270974 0.044191869985696 0.151276045797272 0.225160615354777 0.135073639982417 0.188771967043829
0.156596129694985 0.241657758492401 0.133876582329469 0.0129140542594963 0.0553157508353804 0.331798188328261 0.0230309333431473 0.0448106027168593
0.022830448879678 0.133453798758869 0.171065671028549 0.161841387276944 0.169521115217842 0.0710262474722776 0.130076383660502 0.140184947705339
0.0752252351938248 0.138393190799296 0.176032838252463 0.147260445287482 0.176050279595991 0.0440307689454635 0.075151277296149 0.16785596462933
0.000940492284571934 0.0128924630520774 0.210372539734772 0.220454476324878 0.202053917930717 0.0494859074025669 0.0811951195301897 0.222605083740226
0.0923842304640017 0.144079671143021 0.122035354980903 0.0816082794088612 0.186625801615991 0.0621517998704176 0.187059794594687 0.124055067922119
0.131261201842062 0.00740864941645054 0.123509997032777 0.203166854414971 0.040151859494194 0.207619231095296 0.176131503493699 0.110750703210551
0.138242221757835 0.101404991288589 0.123772686652691 0.176082930979291 0.0508907115508209 0.209572159501245 0.137895208495816 0.0621390897737108
0.167559035404207 0.175379578797073 0.164207816951489 0.099352928994406 0.111610788616063 0.15457024668265 0.0768423533355058 0.050477251218606
0.127476242466207 0.0296240392868898 0.161612480303727 0.0985590789343817 0.227429258319943 0.0992212727275337 0.090476993212236 0.165600634749082
0.00596837655546118 0.0517903580793751 0.00885946746815646 0.272028211552415 0.0216539860168784 0.233563363728287 0.325508723163201 0.0806275134362256
0.00745485652776639 0.0744190123896757 0.209748967242317 0.117414359929376 0.0676775763657913 0.174873664662522 0.237892724106942 0.11051883877561
0.112024059992692 0.144536756612437 0.0734568852767697 0.169270970856352 0.207701243202888 0.105663579251718 0.0497406685945791 0.137605836212564
0.170288413762245 0.207908246205997 0.0449806221459977 0.0176690509969151 0.165750118588855 0.0322641143983491 0.20565271065504 0.155486723246601
0.00776337745280466 0.131266038766107 0.138176838717941 0.0315658854214204 0.219763247652969 0.193587058922809 0.0706985214705596 0.207179031595389
0.120707194862641 0.157268212075449 0.0582946612068846 0.136773308845215 0.161969694265322 0.129453920722041 0.0346245080009636 0.200908500021484
0.0692432663232943 0.314818573432372 0.10768641186405 0.0188264402598607 0.0820339157408802 0.155506226223625 0.161629303826167 0.0902558623297511
0.0910307384818108 0.0273685622093213 0.229524635753539 0.177259749149752 0.140318336208996 0.0696391993686492 0.190634688195533 0.074224090632399
0.0417340348067339 0.170097573288081 0.081740808564371 0.0198457301064111 0.12274060833288 0.146534890443713 0.176804292190679 0.240502062267131
0.0814204116391579 0.0507947552165267 0.072851478959765 0.163854621975428 0.116422669695505 0.206371099608318 0.11662497555998 0.191659987345319
0.0438708919750892 0.102413940992958 0.153641864944134 0.00603819645578174 0.180972277955665 0.187895795668723 0.17396202385935 0.1512050081483
0.139080027293635 0.0485988867976799 0.277445174728519 0.0492803575087466 0.122474387226008 0.130404756659934 0.170974501832346 0.0617419079531309
0.166306620310339 0.178552866899939 0.187431221005617 0.161281721534679 0.10650387907074 0.106983814274741 0.064918457288269 0.028021419615675
0.0564598451541581 0.22171060598 0.0246233915083983 0.226967593500791 0.153670382838298 0.258292932778152 0.0555368572864239 0.00273839095377848
0.197243112233927 0.28605983443977 0.00156100986517938 0.0631873673229033 0.0188926391767285 0.0395960777230629 0.118796117601854 0.274663841636575
0.173991274087094 0.141428947944188 0.11474720971783 0.1224189515517 0.0714188254212732 0.0436951222560387 0.113909721291395 0.218389947730481
0.19534464565228 0.0429578292885531 0.116338281673619 0.194809870219921 0.182173334308974 0.0894259161195313 0.0155394619546455 0.163410660782476
0.043870168169288 0.0251601547209649 0.270260199711668 0.122199208763629 0.025204784265495 0.0267566857970176 0.306312511385847 0.18023628718609
0.0537063689913181 0.199684392023765 0.14586950691955 0.00907830837806261 0.139568482597115 0.192039692393982 0.0685251874372731 0.191528061258934
0.0715353412791408 0.040736032399526 0.202100525745521 0.186713097279185 0.167864431204186 0.204061023637073 0.0362173506486652 0.0907721978067026
0.159199165594808 0.129927704164426 0.12668457519792 0.0811158311729655 0.000386561726233685 0.208974404663344 0.120705479366149 0.173006278114154
0.345489767518612 0.128781250379775 0.0674393800168805 0.00938384424210122 0.0754335789945121 0.0788639790585696 0.0116476463642813 0.282960553425268
0.0861507272685082 0.00769012051228112 0.197338835889146 0.15459570371386 0.2244206996759 0.0460850413678561 0.182094132114961 0.101624739457488
0.0155810142230844 0.111213807101279 0.0714337814353815 0.14223826527922 0.05098441940744 0.252597141332063 0.291657709289953 0.0642938619315783
0.192847591991076 0.108966961735865 0.0888983346572993 0.112636708942092 0.108955156112115 0.156686264549633 0.122742636986616 0.108266345025304
0.0883970865840937 0.275546490525929 0.167422369316185 0.0220411893953868 0.0117429840013907 0.196087378601159 0.197559792949148 0.0412027086267084
0.174253675389241 0.0289065602053367 0.0984428874026631 0.0843054989716138 0.117814493323861 0.159153935942133 0.12420033407199 0.212922614693161
0.20953923343494 0.142922532086918 0.0295160204083308 0.0966674357163577 0.244740754208433 0.113003929005806 0.0424750621892295 0.121135032949985
0.134597130173424 0.150856522952467 0.100947327760853 0.0903712869828839 0.153136248589472 0.114412441334364 0.117224789257267 0.138454252949269
0.0575045277345583 0.0412776319366876 0.143783043502958 0.0979560893250717 0.19618370359659 0.119116334987502 0.170968574161987 0.173210094754644
0.116380527531076 0.169720504531609 0.041447417309312 0.013169296444583 0.132668204254301 0.179031689870154 0.131921049241296 0.215661310817669
0.177470393922621 0.105841550286198 0.0154990438752675 0.0774521762168781 0.125898639502746 0.139408538146153 0.200617247332685 0.157812410717452
0.0014373867236389 0.116886509273871 0.0410411308337772 0.0802996677154273 0.288031219600781 0.150147573635674 0.153041898181604 0.169114614035226
0.11362415898547 0.128675823563369 0.1780820450896 0.0664623161213144 0.0202413528520645 0.12684691840092 0.153805089712302 0.212262295274959
0.16725759877314 0.171517527961032 0.089733899162696 0.0493387771638825 0.0789678369451482 0.116126124466688 0.150821998310761 0.176236237216653
0.0357327857897988 0.192073358738198 0.0464488333431918 0.123138675529923 0.0544411694557882 0.165913283747108 0.176228706686912 0.206023186709081
0.123488714135342 0.0614978797082786 0.193020335464815 0.00348219492253546 0.0429906813114162 0.210068981931779 0.199731800795159 0.165719411730675
0.214386474490911 0.158579290462604 0.189599014549301 0.127316163004371 0.0113998080218698 0.0232132065963446 0.124369498202695 0.151136544671903
0.0694380563419991 0.235651544954309 0.128370979698337 0.0040578397352194 0.00702510571470733 0.238040951134843 0.0526203615762457 0.264795160844339
0.11866921161172 0.0519587755826558 0.0323569165062257 0.187025824264877 0.148092713657018 0.193317844880365 0.0997792280232913 0.168799485473847
0.00869476133879294 0.17898856411363 0.0294454584770123 0.0765244885031383 0.230578301222153 0.146819905765877 0.108468251896294 0.220480268683103
0.023879126589685 0.241411439703973 0.122787233020071 0.146130678921807 0.0435659643141153 0.165750596298432 0.0742158844720563 0.18225907667986
0.128018955447454 0.0800331250765944 0.118319899323763 0.0338695704340797 0.218346491104381 0.184074528951228 0.0618854012136365 0.175452028448863
0.208667348087975 0.212426128054827 0.0251415587959196 0.0513813590810682 0.14255146976423 0.188679920589222 0.164353762471703 0.00679845315505538
0.0524070132697056 0.163826728738469 0.168738064744584 0.0544831539684469 0.091096382936431 0.272353787845468 0.196547323077212 0.000547545419682724
0.0364484936000861 0.115001653505204 0.117028281259816 0.289391992888092 0.00739054600048902 0.0582375755207805 0.29723850878511 0.0792629484404231
0.249668940903889 0.00781413358200452 0.259933529290235 0.00739158483297388 0.167610493285934 0.0540585424995832 0.166902945667504 0.0866198299378756
0.0909359290888829 0.146711253753159 0.0593574532311516 0.186659763377137 0.0567720616741091 0.273640183455205 0.076956588495516 0.10896676692484
0.0726222722154067 0.0207824839759893 0.206434612950677 0.076931909720096 0.0990394995948779 0.162959458356043 0.0621938381703103 0.2990359250166
0.111649752923094 0.0772194914115715 0.108070505139238 0.169987394476645 0.18008476766016 0.122145612508342 0.0368811317325804 0.193961344148368
0.0562374284895653 0.0784289269593945 0.169913078874027 0.115803448165007 0.0816438255252691 0.11871184819576 0.302772810579061 0.0764886332119159
0.0105596122091449 0.159094979846928 0.00439239672259635 0.140922504389284 0.13209970468038 0.0771371192909112 0.230088757403618 0.245704925457137
0.143788936138914 0.144999454377246 0.142564968954388 0.0681589356536116 0.170819502855088 0.191633926544406 0.049258559272495 0.0887757162038508
0.0108063194054436 0.1304625875514 0.132658346494614 0.0704549233473555 0.0796964816423493 0.0439781676248005 0.0581909075249007 0.473752266409136
0.084310461808842 0.0883453046403439 0.184040747358243 0.179071033150789 0.0439424688829159 0.115601838004344 0.125668884794014 0.179019261360508
0.12011801400581 0.153594855966794 0.198178222231277 0.153997681511974 0.166448541085456 0.0211300495140819 0.178544297675669 0.00798833800893901
0.143231586266406 0.175271244752661 0.108372465607965 0.134087860085794 0.124444300122321 0.09665351649421 0.12349164170992 0.0944473849607233
0.19185033515926 0.192896578176354 0.0255390310377194 0.188529755696512 0.093688760361689 0.0412683943857278 0.174215295193731 0.0920118499890067
0.0555266478059833 0.0377397503531651 0.0919575056709757 0.198042789883858 0.180970721047596 0.0647559647193037 0.18542087973601 0.185585740783108
0.149367939543202 0.157660535164126 0.13550918353334 0.115737048995259 0.0786139798585345 0.129144953228714 0.157994345090541 0.0759720145862829
0.0764961501982688 0.237589663261327 0.173025698773606 0.0534803663380618 0.102042443216349 0.086559916106505 0.146980741572552 0.12382502053333
0.157219265992217 0.0281006914412369 0.0758625582128725 0.0316226010417043 0.141469591690401 0.163212386027323 0.196735249986379 0.205777655607867
0.197343986998528 0.187623537266893 0.247327360638756 0.0874198767519144 0.00794692676721327 0.041911038768267 0.00703018066463377 0.223397092143794
0.141509722446847 0.0590610186166547 0.137566212682834 0.0871533678581881 0.166756943164583 0.0981892626472366 0.208806156048327 0.100957316535329
0.227698453493919 0.103107242045538 0.178580475552244 0.0844872429320424 0.193112487366892 0.104980650148495 0.0968677749677755 0.0111656734930938
0.0978981776239359 0.060798749294872 0.0935903566623359 0.155268990383881 0.060122286566667 0.2234809121224 0.147830932533071 0.161009594812836
0.204445742679758 0.00427574413050307 0.174800592418933 0.07746071130602 0.16854255760699 0.134929089526004 0.0286221174604758 0.206923444871316
0.20656434918314 0.133176653663704 0.123591531406778 0.169238344274006 0.0177295835130331 0.0452046244120489 0.169907671191903 0.134587242355387
0.050270463929004 0.201285135231054 0.0852915078435733 0.210156288101796 0.162755241620587 0.0869156585773251 0.0461294577343482 0.157196246962313
0.137516045837167 0.125831196384818 0.215788261391313 0.100970680941289 0.0893873077844175 0.100601598549703 0.103395316414915 0.126509592696378
0.0483775417466256 0.132760615729551 0.244969704883601 0.00910399185780453 0.179414458241069 0.165527363681527 0.0273653600814155 0.192480963778407
0.147624701091927 0.118620881817534 0.0612879747231012 0.227576796547889 0.0840243316461058 0.273381628184248 0.00675654383169597 0.080727142157499
0.00516701918444838 0.212738676783945 0.0461576380286471 0.148351203268867 0.209940452693602 0.15693869010106 0.211777247986096 0.00892907195333565
0.152742654508981 0.0933234820206999 0.150951563574367 0.133763941144429 0.229936568294131 0.0467584313301161 0.0601633263762978 0.132360032750978
0.159626433677983 0.0321908279922983 0.121355125452282 0.18640293083048 0.148543385797998 0.204259752054878 0.13631325578388 0.0113082884102006
0.224411483476436 0.0139698626640209 0.116988264505588 0.104699132400033 0.22909666469981 0.0487331171089019 0.223594469678341 0.0385070054668687
0.0882337602895107 0.18476162728669 0.190260425873983 0.167858517253025 0.107419889443721 0.163914825169002 0.00687305674560026 0.0906778979384682
0.158045570114379 0.141980791831413 0.164548241210664 0.146414416506134 0.0583122912841505 0.166151835792956 0.134149935589513 0.0303969176707912
0.144879358063209 0.178725383587907 0.0606234915680199 0.165403493646491 0.119596013472553 0.100883770478722 0.136418002411926 0.0934704867711727
0.10032371369867 0.18494546834012 0.192448935734039 0.120716348169295 0.0343387284746239 0.0644889480614218 0.175170079988661 0.127567777533169
0.0748581252607781 0.0231787051612654 0.315106594707103 0.021089184578688 0.338680051976177 0.0136280847868549 0.100309448805998 0.113149804723136
0.00888498147727585 0.145265412135714 0.0910833922677228 0.164444651893004 0.139877830978723 0.0811541219841342 0.202109981941209 0.167179627322217
0.112042119978121 0.170044421368375 0.118304088145317 0.154437660182974 0.0985441064564716 0.14583585732584 0.00780562426460971 0.192986122278292
0.246022049655291 0.174006650421097 0.0512260491222124 0.137408701145818 0.0131655944844582 0.09665746287075 0.045641854358842 0.235871637941532
0.213415169431628 0.0595517617410117 0.173690320388256 0.0533513326549449 0.185623199920409 0.0151156430444193 0.0985088142006882 0.200743758618642
0.0502208618330969 0.100369829838084 0.192339987739002 0.150601444575667 0.197748168070825 0.145266376462242 0.103394372051728 0.0600589594293539
0.201022534485583 0.179346080445159 0.00668978339195707 0.0743239172117885 0.151235287365403 0.128436959143602 0.13022839052106 0.128717047435446
0.0122021989861463 0.334922090976341 0.190996552793105 0.141156640533534 0.0719483758407981 0.0428329852971846 0.0453663709806069 0.160574784592284
0.15894607358034 0.0166046310021811 0.168553434418976 0.078304500416307 0.115024961010425 0.169064587009982 0.151022697353222 0.142479115208567
0.143048347943885 0.0404439836050815 0.23791493553308 0.225496824302561 0.054352111817201 0.08281169103779 0.119454097566602 0.0964780081937986
0.164321632680326 0.0510676345226478 0.0206323674462849 0.0162025764291013 0.226438769441749 0.0201370440158077 0.248384784166473 0.25281519129761
0.204666285587906 0.045566746092936 0.0853015295286127 0.227960590298828 0.0233421027173006 0.12737933341331 0.0792479417163822 0.206535470644726
0.0238567920920655 0.216181275438799 0.194760202539668 0.00594751525569945 0.130457422260561 0.156790769234278 0.0858683427215326 0.186137680457396
0.038690288236127 0.087190103034774 0.154733941330786 0.140964364930228 0.0292431336784514 0.127455832063759 0.14577226961802 0.275950067107854
0.0829969832198159 0.205015732658588 0.0157983313257055 0.189378139478222 0.194433318200996 0.153497661606246 0.0495594197147705 0.109320413795656
0.176007914995196 0.172957986779893 0.134594431492501 0.112301137549162 0.121179740927589 0.0329415876242126 0.117453057801415 0.132564142830031
0.0451281331626877 0.178130350942563 0.136493527883324 0.235787021060137 0.0804884688447583 0.121085459737862 0.0132441095796185 0.18964292878905
0.009287997059985 0.201113246284302 0.150720435631428 0.113633739095081 0.0367535447602262 0.204677208153086 0.114072982598682 0.16974084641721
0.159060985791142 0.161540981448841 0.197818468180081 0.0363957401626508 0.169634646610205 0.0584044601892153 0.123361537268461 0.0937831803494039
0.21095856779421 0.172445506597651 0.00504248926669257 0.00901455387138086 0.157601299308304 0.201180016559388 0.206505006005308 0.0372525605970655
0.0368756624177543 0.187988002874916 0.172548117238232 0.177373329986287 0.136350378224627 0.00414645633411119 0.119333341945754 0.165384710978319
0.0115495338056572 0.0166856711005014 0.0736965254718659 0.211803573645911 0.160125963731255 0.205558238558761 0.118578489314987 0.202002004371061
0.192138003709196 0.186877357441534 0.050320782441838 0.122459670755776 0.0831379479962427 0.101710496667058 0.111993636075478 0.151362104912876
0.124604506236811 0.130407746009005 0.153978849793472 0.147468685454701 0.0305612830672453 0.193640946886228 0.166451095235056 0.0528868873174809
0.0641643176806991 0.110535950539883 0.0413737692072469 0.225951066513515 0.244375553616659 0.155258321261562 0.00434445459898824 0.153996566581447
0.0778885141871348 0.0774100365753946 0.13693003953657 0.176848456583336 0.162392669558734 0.154506609528195 0.101121890643079 0.112901783387556
0.0419806273177692 0.10169967789401 0.0735155509010515 0.139830288687482 0.213656893486486 0.103251090330591 0.183143969106824 0.142921902275786
0.0866275028516682 0.114041551748081 0.00186743293180397 0.107440790200385 0.195979725315043 0.259124777217256 0.179379705898108 0.0555385138376552
0.0292532709764386 0.136162256279816 0.0687339305554514 0.121193657115832 0.138193096977419 0.230242777572115 0.0649638272460045 0.211257183276924
0.0957790836605267 0.169671886211739 0.144505443790641 0.0611531309597628 0.0367387814122254 0.166877854472737 0.141831611321868 0.183442208170499
0.181885809829268 0.150964105079043 0.0611723690427633 0.085423561074855 0.186728506688766 0.168396234878776 0.0150312833080077 0.150398130098522
0.0819789475432146 0.066250513358136 0.252880613885146 0.032058164822788 0.186355927102765 0.0840836290699358 0.0714817626056851 0.224910441612329
0.12867962612133 0.127667025521072 0.23437476087457 0.224294397988816 0.0359773402791649 0.0651271290636372 0.0593597379412855 0.124519982210123
0.149371111546763 0.304542543451949 0.0893941678316207 0.0212647101206376 0.0396966440302243 0.0741219185808622 0.0828266063958691 0.238782298042075
0.0586456485927911 0.235417206455185 0.0823762487415109 0.222790761449374 0.134047590371586 0.0455307822585074 0.00662008555414227 0.214571676576903
0.10879701488731 0.178204882701813 0.082394245396465 0.0229811091014746 0.269996636762538 0.276487092270537 0.00252804350297584 0.0586109753768866
0.0107871183878738 0.179335391863958 0.11716343484675 0.0777002376651186 0.174998040455625 0.217136571762588 0.190337612242433 0.0325415927756536
0.00161111188872899 0.253932740986651 0.0551955760148446 0.282020139790749 0.20277183818451 0.0172411704297158 0.0853849536246053 0.101842469080196
0.0313718510381261 0.182288866532545 0.138112427883272 0.0387863303050218 0.025456730773814 0.122803457779671 0.260384205331459 0.200796130356091
0.21071827971893 0.186432580970928 0.217361244956818 0.0299518872978542 0.179124279236888 0.0603314324142876 0.00925855670741418 0.106821738696881
0.0745053926733091 0.170007844078469 0.0273078753323004 0.213429145531776 0.160779654727713 0.139412278619914 0.0218571532723789 0.192700655764139
0.0605452838884121 0.198058091515107 0.0961794504726242 0.0160160311978128 0.0670234946292074 0.207853542655601 0.0413693637316934 0.312954741909542
0.08757123245829 0.116522042548189 0.183413213679147 0.0110721416727103 0.0530023837316802 0.183808452868896 0.1474954541312 0.217115078909888
0.319927112767218 0.00470159831971262 0.353783039799774 0.0207482395608758 0.0771085447453501 0.0306064137561574 0.074751895842596 0.118373155208316
0.0273689984716522 0.207412062881969 0.111128693731336 0.181675669546598 0.242813382972908 0.154112759048005 0.0234927924186419 0.0519956409288892
0.0145438034558484 0.0759627117359123 0.111065038820886 0.170377158760204 0.162440197693058 0.142617226337121 0.163601647717978 0.159392215478993
0.236034482848173 0.233270786772992 0.0664106461988396 0.195723007286275 0.172257687903218 0.00408548459253999 0.0189602094711494 0.073257694926813
0.164943580354289 0.0897605403696389 0.177218228775224 0.0798174620153921 0.178677354203367 0.0899947006575938 0.0164612275311616 0.203126906093334
0.198862964578757 0.0793726578712476 0.0662543773321941 0.085043271430385 0.0558086971079025 0.186868815955707 0.236641254518443 0.0911479612053641
0.127660187542254 0.0455478285943311 0.113639704656285 0.193758290250393 0.138344560556812 0.12018393038678 0.034239004712864 0.226626493300281
0.231896536929055 0.0830827037561913 0.171258256833035 0.0584902740353912 0.0497869865632028 0.22209200181758 0.165464696462989 0.017928543602555
0.0243406308099498 0.221787345325642 0.156119754229102 0.207517079665648 0.0582916336566356 0.0637857584211134 0.160347327631032 0.107810470260877
0.0744912387789177 0.0786890815317412 0.226314465973792 0.237884052175331 0.189564578681319 0.092740042011426 0.0294812721125263 0.0708352687349473
0.0492946120844625 0.129050695663398 5.11931411663269e-05 0.0915266519231658 0.290359405048947 0.303194390956035 0.115909631724555 0.0206134194582708
0.0185584677666919 0.0948046642247097 0.221551319955463 0.211924821483329 0.00433366305581092 0.132155721314557 0.189355484626558 0.127315857572881
0.156594331329412 0.142903423291748 0.0759738723804813 0.0249100486054535 0.184565815518974 0.108763988650454 0.146936074991307 0.159352445232169
0.166847028162453 0.0110686419760886 0.207108982060748 0.0477445209585203 0.0910828342566089 0.115856744341231 0.189697644002025 0.170593604242326
0.078340504581437 0.0976074848320075 0.00971107516494768 0.285685989337756 0.290892233417809 0.126929214395388 0.100959309903885 0.00987418836676968
0.139805747002232 0.0738204794243666 0.167109392040973 0.173984281367812 0.0636423113156918 0.0919274175099946 0.141103257143622 0.148607114195308
0.217448315412754 0.0610008334117753 0.220590808245258 0.116494119924091 0.119982222690592 0.0324350206831077 0.184890741084155 0.0471579385482676
0.087109349038016 0.14839351951586 0.171950650194053 0.160237581068937 0.0876122516207013 0.0499857822684809 0.258014886160545 0.0366959801334072
0.0255689194755225 0.272099470974002 0.0850426361988517 0.214142214902191 0.095263678968349 0.0969183610540534 0.176091711455889 0.0348730069711408
0.21278212836123 0.0562885063943622 0.230986285581895 0.0240074011652772 0.0660895980856862 0.093687122074659 0.0451286375313833 0.271030320805508
0.0825916524507875 0.0400518973481959 0.0376180747244874 0.126921247589457 0.284802801258132 0.0888985869624322 0.0832837342707067 0.255832005395801
0.267337182702264 0.300604134661096 0.0282988375640846 0.309349803884255 0.00401012439770689 0.0117305496897453 0.0072516608089419 0.0714177062919058
0.202278437869207 0.0495443825082298 0.183003685992983 0.11678123436426 0.0131722071169808 0.0686133531298223 0.20178523552097 0.164821463497548
0.0744740018644746 0.13559724340933 0.128609645264581 0.0376634989337511 0.113176888015912 0.148006437567997 0.244264877900565 0.11820740704339
0.120327659663142 0.203495683230308 0.0377762868827045 0.144175908732505 0.0335505274204949 0.295032647063504 0.138502793765114 0.0271384932422267
0.0178509968803196 0.186905210984321 0.219872883851417 0.118932321708136 0.065823144462135 0.131498971629221 0.095554755288722 0.163561715195729
0.111734097706543 0.154254829015771 0.224317953548629 0.0142956756848759 0.229231861922136 0.150236578324263 0.0656557198185192 0.0502732839792622
0.120729163434769 0.102407524573855 0.0600345706149892 0.199307240856224 0.197265998444435 0.0211534105133312 0.121857365219201 0.177244726343196
0.00961524972016299 0.139028466829153 0.24066992982486 0.133503771434836 0.052475446507948 0.0324868579564586 0.231170701332432 0.16104957639415
0.132618388261719 0.0371100616633102 0.237515321524337 0.229418531424641 0.0214467591520175 0.0707266278915332 0.0975513073670871 0.173613002715356
0.140415408081957 0.0876284873513665 0.197191212642808 0.175448853770787 0.0123228669669774 0.217951524363498 0.00523899501445627 0.163802651808151
0.222177130587254 0.0409282661366213 0.167821841521603 0.216771563080153 0.15530987631247 0.0202006811797654 0.0995539419981856 0.077236699183948
0.156413184688779 0.0400545350990834 0.120774281655509 0.041811980813962 0.270694147949914 0.0393581170929782 0.142349776683956 0.188543976015818
0.0806587177152242 0.179532282189096 0.197832311750533 0.0312039388529133 0.124441655346758 0.0172278845617112 0.195116712610782 0.173986496972982
0.0368532184675829 0.059844252789112 0.223502179309377 0.232334897248447 0.077987252450386 0.0148451627505772 0.21266487902327 0.141968157961248
0.109126965047643 0.115814066259707 0.0535475967291228 0.0468572875619838 0.100130782499285 0.113772536815327 0.226547813348528 0.234202951738404
0.0399112787259306 0.169083888525612 0.229432420974453 0.231868620660825 0.0108278921791668 0.235114577310524 0.0817401192820125 0.00202120234147674
0.265236264774763 0.207003435597411 0.0222063301372055 0.165646028339458 0.0554752506083191 0.104163253576189 0.098581068660556 0.0816883683060977
0.183521538953089 0.121023504166993 0.204458209857203 0.111168899482134 0.106568588340492 0.0686621272098275 0.054247538933335 0.150349593056926
0.169218540357468 0.00408925367462601 0.189592902521946 0.139907485833583 0.025221484214162 0.172353870691294 0.113150814733071 0.186465647973849
0.0716055449592193 0.0896850267066762 0.245780696333635 0.20458287089752 0.18732506979778 0.0443905282978476 0.0459110934517192 0.110719169555603
0.0812324172443643 0.129151402627656 0.287653199058791 0.0282533079618905 0.0801080239478724 0.0972522752558841 0.244493960749653 0.0518554131538879
0.160911943127792 0.0815974905837699 0.118220330403524 0.163411179987387 0.0976813870911493 0.172263729132588 0.127551130192802 0.078362809480988
0.0185487818799394 0.192833224191813 0.0506155820582056 0.00498261861713987 0.240551407917242 0.146198452780889 0.175685478159306 0.170584454395465
0.220465534836244 0.0301745357679669 0.0559206301075644 0.191000210669546 0.147172931080174 0.00978964982534342 0.199500134803968 0.145976372909193
0.0038405011305477 0.215736654711979 0.0583943896805434 0.142605433121144 0.0331240882878133 0.117029277543109 0.219006331715032 0.210263323809832
0.0229744923547585 0.135765046847455 0.0439686181927783 0.222450404918502 0.0263009705609329 0.210619692943393 0.0246934305269484 0.313227343655232
0.221300684866825 0.20697972634479 0.218572801261131 0.0249611619670188 0.0433344245827092 0.0674847482698817 0.111738220712272 0.105628231995372
0.239282123445234 0.152874770929343 0.0403353711258299 0.0619604900652492 0.168471199905792 0.0441247995626905 0.0124797797846869 0.280471465181175
0.0288594284072825 0.20300382384585 0.264617442820683 0.0516894908005899 0.177556153804261 0.0420437895407231 0.0685904541757762 0.163639416604834
0.26581885193429 0.0374128597992502 0.236142501333626 0.00138747235259522 0.162105035848722 0.16395151545109 0.0883925506862419 0.0447892125941859
0.0208761997561309 0.0663528775869336 0.059233099259007 0.0598248867497229 0.164549649271628 0.198480742311762 0.221513563383031 0.209168981681784
0.0045436668379512 0.0254068028284446 0.175871423719423 0.203595998790074 0.0516740177251364 0.274455164903257 0.226084150038672 0.0383687751570415
0.0189318991355603 0.254992654961498 0.173455536177686 0.0091683069506488 0.172576506267476 0.0639417467338838 0.113110909604013 0.193822440169235
0.122198999794843 0.219826892603145 0.107066790736573 0.0189696579302021 0.136301944645469 0.208581337999861 0.0303646214988048 0.156689754791102
0.25725574999497 0.260361568100876 0.106820316668288 0.214895375616695 0.0302694912171922 0.0144459737839619 0.114213639361591 0.00173788525642643
0.000305996501777077 0.118190415897448 0.0424181233126058 0.144182986401484 0.120770940375877 0.249021641998113 0.224797544157096 0.100312351355598
0.174691134187527 0.17091782157948 0.161730037865116 0.0834354784939253 0.13769486059387 0.070474609016485 0.15820392368503 0.0428521345785664
0.0264416807163155 0.138221015825232 0.0336372669669125 0.241429040942562 0.105929696941502 0.274213373508011 0.0108670336966517 0.169260891402813
0.116076423531666 0.0510058287731794 0.0777131431593427 0.237465952713958 0.0243679777040079 0.203349390323926 0.212491872367581 0.0775294114263399
0.0624141777862812 0.17430195697206 0.134729256219138 0.167743889420685 0.0538345670987969 0.132162018352326 0.156210279408142 0.11860385474257
0.165011323467974 0.00551623447681906 0.247395749818922 0.0806496190423616 0.0549668290112972 0.130963851527446 0.233839872525048 0.0816565201301317
0.0605375241861389 0.100562909952113 0.24351613854458 0.209020786290332 0.0496232412901559 0.126539880855155 0.119499912340002 0.0906996065415231
0.173725070233908 0.0809431869570864 0.215296077941114 0.0746800577442563 0.0358149303885853 0.235352540288627 0.14239771526768 0.0417904211787423
0.154595597789922 0.00911465115337689 0.192532496370137 0.240400900436188 0.0911622808711032 0.209529966224568 0.0311114062566402 0.0715527008980658
0.00316219223926468 0.0898118278657544 0.19457873799431 0.225854124212158 0.176196001109473 0.0196251738540439 0.091840838208709 0.198931104516287
0.153823851458287 0.117777349563297 0.146686122720357 0.138098404416104 0.137047459569525 0.129343715360259 0.112435368740309 0.0647877281718622
0.0448202384065478 0.171826912163972 0.140487633244465 0.155261834024325 0.27449159811062 0.00780195974166681 0.0739920230530076 0.131317801255396
0.244904883645262 0.13065323080097 0.220916667820357 0.0634280883237658 0.0115548746593428 0.0119879265898021 0.20584172086542 0.11071260729508
0.164412339322899 0.0821351338785144 0.132025373281473 0.124185042049799 0.00896007586456552 0.141367709799306 0.0708154659035464 0.276098859899897
0.132717233869337 0.0401663474154859 0.204947349490787 0.0387339037703666 0.0321889009707788 0.188976200828371 0.168064755685794 0.194205307969079
0.00787043141444538 0.0487909242722612 0.117231555174042 0.248145914891624 0.152904808677745 0.247059588735672 0.0872374429469711 0.0907593338872395
0.0244988842481356 0.1732089589293 0.00309587136742399 0.199326642042925 0.159217316734298 0.204235387460997 0.0835979238326737 0.152819015384247
0.192258325589534 0.0285057931246291 0.206160688316336 0.0256961213844407 0.209065799536556 0.0527353832107203 0.147744917995681 0.137832970842103
0.171837869341607 0.200043681925058 0.0929623882669655 0.0326364496377345 0.108114521132612 0.0652079181485154 0.164579707241362 0.164617464306146
0.159479653851849 0.213138458377517 0.0701735377989168 0.0827420652188257 0.190243885094545 0.12566766142607 0.103062829059684 0.0554919091725918
0.0430151503657047 0.186267138254611 0.162333151937594 0.195105900661809 0.0787307168714422 0.0209974037755038 0.17341928046779 0.140131257665545
0.168150311858997 0.171086979098068 0.167228976595429 0.079735644073043 0.116575120620672 0.0259527147353035 0.143824100640967 0.127446152377521
0.0568056176138669 0.059569848215923 0.10123516231949 0.162588838140898 0.177439928646936 0.225245311923358 0.0362552251492278 0.180860067990301
0.16750209309631 0.137907872908812 0.082225677822282 0.249701307602412 0.072815979221449 0.0421386824431171 0.0895277680851196 0.158180618820497
0.128139039973806 0.138240201916738 0.146650104630509 0.0672256243408366 0.202972892055578 0.146980978596507 0.0908590178733178 0.078932140612706
0.0851951262864494 0.0141353467472602 0.170104201655281 0.12551343471284 0.198131306760156 0.153318071091726 0.0531617524883442 0.200440760257944
0.121465879516774 0.0304558567385017 0.211942096774112 0.158168543886781 0.11430562828545 0.177397108310729 0.105709684758285 0.0805552017293674
0.196088446334801 0.112275138473112 0.0960219318649241 0.0822065863062927 0.211712691083117 0.0188746744118618 0.266533995409015 0.0162865361168756
0.105560063416029 0.0284803624857339 0.270803743048634 0.0846801409268533 0.126108940723471 0.0211119424820536 0.198774287605365 0.164480519311859
0.0623604897347193 0.147936230001463 0.0516121735247509 0.0337983964989224 0.122068233719222 0.211859718220765 0.225774129237472 0.144590629062686
0.159197131613919 0.0674110132287568 0.100304184653505 0.0567696060560797 0.0777130330115052 0.0546686786236748 0.273971202720288 0.209965150092271
0.222510359716993 0.0750323244437663 0.143324594740748 0.128247115734792 0.226921596612894 0.083263433144653 0.0521770587009706 0.0685235169051827
0.177515889327227 0.192765368469528 0.116433768380965 0.237297139678524 0.118020594472348 0.0347164039481516 0.0894342371577456 0.033816598565511
0.105043553896636 0.193173706158997 0.130337248471017 0.0787904293547914 0.216912690810371 0.142574806423807 0.0367242302647515 0.096443334619629
0.170932306693098 0.155231105727946 0.211533825353295 0.0104499380393063 0.105097576943864 0.19459731166157 0.0124767491932466 0.139681186387674
