0.182049856275675 0.00560453331990995 0.212827192035655 0.16952533188337 0.089642293756236 0.0363516052027432 0.110346567426092 0.036108143241935 0.156926052243519 0.000618424614864101
0.069406461263925 0.0859305146073143 0.0156958674605065 0.0680439045035753 0.129713468489952 0.0831302613848804 0.386277199216495 0.0652158105149984 0.0132291153980622 0.0833573971602907
0.119587165801902 0.0833538258271384 0.0916694824947825 0.167682861614414 0.158682295971519 0.0820019522430109 0.00598094841795537 0.100075811117676 0.0636712138735021 0.127294442638099
0.0971812933449177 0.0264178206388749 0.0601102858186389 0.0327833220339779 0.101600592544275 0.144121735030699 0.0689355540574164 0.188741458926061 0.180856028358346 0.0992519092467933
0.0164827017048445 0.124997269746283 0.184412511648208 0.189580515490432 0.0277117058891786 0.0195444490528398 0.0517185608693427 0.0482663870776319 0.282578350927359 0.0547075475938806
0.0383670665980704 0.189286769163629 0.182656595174278 0.0346880312920942 0.00555617459091712 0.0811054076158799 0.120303502032805 0.107265204798175 0.0956367102207062 0.145134538513445
0.0855991636346271 0.0249767663719595 0.048105782715361 0.17777227147521 0.107881433583498 0.126411270646842 0.0891654977002269 0.121883957721744 0.0433838084023704 0.174820047748161
0.0533394069409897 0.0336102520783973 0.0448553732841141 0.11697798178753 0.0876201436731342 0.102850250169814 0.100765355957019 0.149665603041983 0.184644092436291 0.125671540630728
0.0477872241776796 0.13767732781908 0.0502337224638131 0.19079637873799 0.0521337410445083 0.186125787679471 0.0798289047532834 0.0756651966261621 0.126982110962885 0.0527696057351262
0.199108950817471 0.140997201265686 0.0748968802976242 0.134158609178179 0.0941692081754842 0.0180421000222276 0.0738496373094813 0.0275048935505714 0.144042075344522 0.0932304440387528
0.0564221388031804 0.120495908845203 0.159727180661059 0.125038463270138 0.148882363748946 0.000826165722609465 0.167065889899223 0.0838707597209749 0.0158495099543428 0.121821619374324
0.115345450151366 0.0913667415028448 0.0399796375166164 0.172824277411709 0.0946444661992618 0.0281888139696957 0.132302658144893 0.102901545759564 0.161760175380784 0.0606862339632654
0.0593242892085401 0.0896716769043339 0.0641135514552549 0.138871014044532 0.205608043777666 0.168399528702715 0.0167768771855312 0.0867185007670533 0.0990273910323369 0.0714891269220368
0.169653810306141 0.086853125423047 0.122713490108426 0.00468806976548848 0.025780106599391 0.192483634029106 0.157718353267903 0.0269914811808364 0.0546357031817186 0.158482226137942
0.151758294466995 0.136089200291545 0.119016272097964 0.159654932050639 0.0039229762675487 0.0575598039954799 0.0245337642225204 0.151595369800633 0.0410496740873262 0.154819712719348
0.119090755191126 0.196972122465226 0.128666155327971 0.00157242363389348 0.066724338039567 0.0629965917050917 0.109523327291623 0.109883140638416 0.127455736050316 0.0771154096567692
0.0459141577709115 0.170365842776957 0.0724079498964511 0.12811218039338 0.0297513235191141 0.0839124072910426 0.0652120246491652 0.107248791395942 0.177337623162085 0.119737699144951
0.0604528771014862 0.13495403578318 0.0689152738463716 0.145147611817929 0.145041282035318 0.159763244262425 0.0846067119780761 0.0410974932320515 0.0249832080234673 0.135038261919695
0.0805672984461507 0.0804817574195905 0.124373121096454 0.00993218984470671 0.0807172377629394 0.120915495568765 0.188298786663012 0.0707287793522408 0.0514033518328253 0.192581982013315
0.082120381869044 0.0799298033976606 0.069647924261961 0.0356781749035768 0.212639236834686 0.169795871216639 0.055018267623585 0.209400627729614 0.0385352604271846 0.0472344517360486
0.411262102769491 0.0247073236136767 0.204648242289855 0.0790726887904701 0.000266637229730189 0.0673038622281065 0.0475426164585766 0.0161168875708407 0.116073485364833 0.0330061536844207
0.0430879734896336 0.0234635073515103 0.0797940119751119 0.161983821974036 0.2053497083217 0.0815962882166192 0.0710055065935564 0.206146094013319 0.0674277585091546 0.0601453295553588
0.0312674136956305 0.144032616796126 0.0461593596237488 0.175112103328582 0.147743838629593 0.0183143511391408 0.0511106631522096 0.102500181034569 0.151839481102252 0.131919991498149
0.0843690749024758 0.0968852867749499 0.0980286763768528 0.196121074723021 0.056679202299383 0.104565426536571 0.164235407411116 0.0184189577470552 0.0289095983850841 0.151787294843491
0.147875861917162 0.171264286348584 0.0382325079868664 0.0652427863864151 0.157631951737354 0.0856727875649825 0.118635171084045 0.0618171788294181 0.0315309711483437 0.12209649699683
0.13100603329356 0.153208035291385 0.0775807683284159 0.108241144533773 0.143835520353364 0.0472869890987074 0.148209813468167 0.0658033435575937 0.109369865954247 0.0154584861207863
0.00525404754371047 0.189710479451377 0.0647643493136091 0.16993714139435 0.155662686915529 0.131509811566237 0.140807309810099 0.0468540289950823 0.0343022062869841 0.0611979387230216
0.156932872159284 0.0607058606316602 0.139499070095774 0.0191319893550107 0.203764902245645 0.0724245083492997 0.141954429772056 0.0470451112508278 0.0144226386369165 0.144118617503527
0.153130879215476 0.0307614823700739 0.146320117090204 0.059558156232838 0.152783901970847 0.14615651738712 0.118056581263364 0.0230431812961506 0.108237359549692 0.061951823624235
0.0164630460177839 0.15769953080738 0.0994995190041371 0.0784830500561477 0.00234869339538866 0.17926248108236 0.0287932888921583 0.192679665676513 0.168197155079353 0.0765735699887783
0.0802946825852003 0.0905112273597619 0.115796309806019 0.141337276614379 0.216473107973695 0.0258588583672305 0.00263018356836479 0.0641546860193498 0.214326610378582 0.0486170573274171
0.109074113893737 0.133059385398585 0.133114469734878 0.114692484697787 0.175172845414851 0.142898784740081 0.115060369697881 0.00788650501162592 0.044029023373671 0.0250120180369018
0.145985021832016 0.102820837787109 0.166976738802239 0.15937704386202 0.125411436951413 0.0226241511728178 0.024536342022401 0.0929436039591137 0.0293874406871548 0.129937382923716
0.0356539086477334 0.12413531378733 0.186858915945762 0.166985016240063 0.044487485308739 0.110389725812987 0.034855780053302 0.0124309126482361 0.18520765917995 0.0989952823758967
0.0431034503743442 0.216031562295066 0.00242652977779654 0.108977585173832 0.0268045617702975 0.161540856995339 0.253236488088459 0.0536297828792472 0.00106366773281706 0.133185514912801
0.103712519188085 0.108192005316071 0.0910936273001128 0.0665755052195537 0.191798181734602 0.0351432688839129 0.0146661890893379 0.102814036401646 0.106506056693829 0.179498610172849
0.169984422367835 0.00371393071249676 0.0151927340798593 0.0572159043970424 0.0836390008711576 0.105718884996679 0.20429723310344 0.144051829635659 0.179795069064328 0.0363909907715032
0.0940858375549915 0.0651388545350121 0.127815303214026 0.0248274689128967 0.180087238567498 0.0809632486165432 0.124736603221821 0.1824153920183 0.0597106174432309 0.0602194359156803
0.0199481137324017 0.173644554455505 0.167521239214816 0.0116988134451185 0.0242339403050128 0.0137960076419068 0.123789835483243 0.237293755911869 0.183432790018535 0.0446409497915931
0.0400850314751713 0.0485187320062901 0.0538053171115509 0.167235009940969 0.111683612377465 0.144866055027794 0.0330309017147056 0.159843968117332 0.152709473103764 0.088221899124958
0.126264530888661 0.0894617474723591 0.0693645197939644 0.0204410589817352 0.161201269718355 0.126150512425854 0.143448635651771 0.100914331755283 0.153165188959948 0.00958820435206914
0.0304041308412735 0.211436700697858 0.170410634083937 0.146147828600737 0.0729059605470092 0.174048334754619 0.000806346304930654 0.123538466647821 0.0193887832323367 0.0509128142894784
0.0465518345134363 0.0970957363471234 0.110769850646821 0.177567370832708 0.0335618594160574 0.119343029682986 0.0690753031512595 0.086955616238053 0.155323046759637 0.103756352411918
0.0496086417119531 0.0754671246014556 0.154983715784125 0.0874675151951883 0.0621632734522704 0.147110457487169 0.117410814809419 0.148993062693828 0.123036305341397 0.033759088923194
0.130830981695765 0.0717432359781139 0.0955037906057904 0.00261402684758271 0.240800758164308 0.0213209919021844 0.264629478240626 0.000597893223317779 0.139379633224054 0.0325792101182579
0.0917647676348454 0.0968286235845019 0.0854088327753219 0.0971753498459195 0.0923814821295209 0.0344152504101076 0.149844883595412 0.125141867570615 0.104619602701032 0.122419339752723
0.112245515839788 0.073494269492386 0.0720855680080136 0.103892301768884 0.0969507012605917 0.146047327360882 0.141695645155413 0.132598787204137 0.0645758612719343 0.0564140226379692
0.143654399883691 0.00187447195901745 0.0716677999130903 0.19105621624104 0.0536537315184489 0.0733522201227281 0.0838837278373917 0.194797218325296 0.148135862889612 0.0379243513096849
0.0193412383457328 0.0258181932860499 0.123137116552083 0.116380589011644 0.132577215447394 0.154403585920566 0.065941190607016 0.177924622266217 0.0939532566205158 0.090522991942782
0.164156794012473 0.185922518066327 0.0120023224524527 0.168471387181257 0.087049579865346 0.092366500597254 0.0794128720150304 0.109036107218589 0.0232002898811097 0.0783816287101605
0.031812043994882 0.180216412628117 0.0372732520856823 0.00385653361164292 0.0737664974576121 0.0104471717784237 0.137093371833256 0.164954368673299 0.178061455188187 0.182518892748898
0.218251782901599 0.218604310044716 0.0105431440959569 0.046541170261643 0.0868405413423239 0.0967595111692221 0.0193207185925811 0.113679214543723 0.0557022316143783 0.133757375433858
0.0345813000804743 0.10063364231773 0.0281322683833964 0.0338285065439823 0.192252328064293 0.130325724067579 0.125782376472498 0.00631500839170634 0.154462811141455 0.193686034536886
0.0464322897530141 0.054880552509177 0.0824287496743078 0.145463454155291 0.140189683102888 0.0306429390618336 0.131851363057501 0.103396280179759 0.187482245827965 0.0772324426782648
0.172829807396112 0.140651959662762 0.151971628946345 0.0664451036670274 0.104942136943008 0.11958789119679 0.0641130310059365 0.0538012929152605 0.0647868772578094 0.0608702710089497
0.0657001546532692 0.145985488262969 0.0537018625248658 0.127202167193734 0.117179506922938 0.0312832662486512 0.106587191465038 0.204241901729215 0.00746485584363364 0.140653605155687
0.0481312013180575 0.108517735561688 0.197937826178139 0.0037553960233428 0.0528514104290933 0.176640583146089 0.121675513299274 0.0760562265319504 0.0350783455894523 0.179355761922913
0.0667658605530352 0.159793720250775 0.149366428070701 0.00792694144892612 0.087229161825043 0.0702543699471844 0.0935704087639938 0.143322719283019 0.107445387762865 0.114325002094457
0.192054784247968 0.141316040148309 0.171321629866986 0.00727670994760929 0.089716158950812 0.0206427806180592 0.15494883661024 0.0184102210679729 0.104053045053239 0.100259793488804
0.0116386065886884 0.0611248392774435 0.189764702433352 0.14771092141025 0.145163239153957 0.0415603684391729 0.0106157192686748 0.156423162774844 0.00896841187931681 0.227030028774301
0.0034286130396673 0.159973253833354 0.00779341232827952 0.0831746227886889 0.0945141465322427 0.0823067801910476 0.167239139584382 0.157698779998959 0.0951597807981813 0.148711470905197
0.0212306430646909 0.0637897306749835 0.0304753785352139 0.0428461270838045 0.191667643032926 0.111001417131666 0.109307959337458 0.135177205034359 0.187543187894528 0.10696070821037
0.150107783613672 0.0315908081613613 0.145754540462626 0.105213766495406 0.0917267131307535 0.0922024080864488 0.0263011255279737 0.105874278400477 0.110983795916316 0.140244780204966
0.0606839500266561 0.108282776087747 0.126651245887043 0.136027614717942 0.156862068656681 0.0609638715059331 0.0596083569275608 0.0207111796626045 0.141208258207234 0.129000678320598
0.128630799628005 0.013103738129074 0.182859649309071 0.100221899321563 0.0465487120522743 0.136880417551714 0.0412168322730181 0.161645641345763 0.116956683789133 0.0719356266003846
0.109452075111768 0.117472151365849 0.116152402752143 0.0961901478093719 0.0836708835232379 0.128636692132894 0.0200753444361434 0.1113647301891 0.0947786187671961 0.122206953912297
0.123722451423888 0.0672490787508786 0.177738751829966 0.113135928157931 0.129714032370052 0.126102697407363 0.0888499717529212 0.0150632315961064 0.0544529791141522 0.103970877596741
0.215174470340818 0.0131173102018312 0.0502324182977088 0.083262054097359 0.0423286794270383 0.029639548880607 0.2035767644676 0.0327590451890596 0.086122073450624 0.243787635647355
0.0990440531854845 0.109126503214201 0.0943776184409265 0.0735669459195245 0.0135376827380514 0.0820942001118393 0.172837280351336 0.102994397316016 0.137098605785124 0.115322712937497
0.0748965374525246 0.0267589691517593 0.0902563744035525 0.053619186946727 0.0880665702227671 0.0478652371263919 0.240835130922767 0.0249384742572372 0.259015372719467 0.0937481467968061
0.0674204161893953 0.0801456549510125 0.173003409802675 0.178613820191767 0.061409214651859 0.0527264824025122 0.116289989101612 0.180238602300642 0.0201337067566381 0.0700187036518865
0.0529691113027931 0.126077664113952 0.143002398189235 0.0151209201616415 0.149697040615146 0.131568377545608 0.132735436629566 0.0822469235744224 0.068536216371295 0.0980459114963396
0.135651859193747 0.0872223652019246 0.120772856269893 0.108971235788222 0.137603245109462 0.15308419072842 0.0338256177310712 0.128205371264518 0.0233507807608964 0.0713124779518464
0.0399035356745199 0.106459532334671 0.0389003644542195 0.121954492247417 0.117876812133876 0.113026324013532 0.207388229023361 0.0084321011688932 0.138114033925576 0.107944575023935
0.103079774824918 0.0711328509991209 0.109089419283912 0.198241528238667 0.0356678396067033 0.1020361418047 0.139953527875079 0.0713806679087859 0.0935885500946269 0.0758296993634875
0.126189652935509 0.0292876259902993 0.184215018913309 0.179444105660477 0.152981806183463 0.116240913682514 0.068092834966165 0.058232808105906 0.0137797256073113 0.0715355079550457
0.0278719657396317 0.171288638699118 0.0655365392971815 0.143353169522504 0.166075817480377 0.0256943746589436 0.131611587320764 0.123815608525687 0.112244573661381 0.0325077250944124
0.16826978872228 0.168667074193356 0.0834196111393009 0.112843000193084 0.167601183451535 0.0156250903455432 0.0236280454221373 0.00466970365550396 0.198343152244122 0.0569333506331377
0.0250879820874218 0.114691421215863 0.0901932289394351 0.166744650732031 0.0923391842155646 0.0942798558687259 0.171954202846999 0.0881503256210934 0.140220460187504 0.0163386882853619
0.0408620493820137 0.159585454672621 0.0737763424175992 0.00812934562696674 0.186402743985196 0.212018628728303 0.0911569347771906 0.00473991714314972 0.180586219645713 0.0427423636212468
0.0930020423754997 0.0446955277856146 0.0787680588164795 0.114069665456986 0.146075672237003 0.0696343380302813 0.188125603130166 0.0240530157029965 0.200874833875822 0.040701242589152
0.0315439048302959 0.0798736511760663 0.15091250425905 0.0161695295166478 0.167317921874613 0.0156093383735553 0.130149487830713 0.228908766834113 0.124888793698587 0.0546261016063584
0.0821455687560507 0.153562186924211 0.111482189710125 0.0284423509198371 0.0876603246023424 0.147298765486635 0.143508886102954 0.105075361278447 0.0552959243068444 0.0855284419125537
0.19463042082614 0.00415851639807261 0.0407386140215604 0.0406287055719234 0.0478553194914803 0.117077292404183 0.0653694748770205 0.137197714616408 0.171090448858249 0.181253492934962
0.207665373180059 0.084016252603856 0.0244594177702681 0.143870535115757 0.10132750547891 0.0344264181287851 0.0133321688503607 0.188855543857869 0.137558452016977 0.0644883329971576
0.0489146324829933 0.115769516212138 0.115434207976711 0.19346198978988 0.119833018592106 0.145485108339593 0.0195335363016289 0.167657911304683 0.0351372011393632 0.0387728778609032
0.163663008577947 0.1139796813543 0.0272789033262712 0.112205444224264 0.0603286824452642 0.0616195737975075 0.147436836227622 0.014611031514039 0.134461090737591 0.164415747795194
0.0705945051412262 0.0911403081569763 0.184508222643201 0.104315927688429 0.00646524042287728 0.0345302849531186 0.190832178314956 0.172526348929616 0.131429153311067 0.0136578304385334
0.153391571590139 0.156265513155062 0.169224042928139 0.0556773379275903 0.0102440779549037 0.053920021794544 0.197017648008289 0.014605509214083 0.0901435173605242 0.0995107600667266
0.116635848956375 0.106558076168634 0.0628995422341154 0.0945978745733583 0.13368428993255 0.0396826347426776 0.165620585466692 0.108227835931949 0.0310284253640126 0.141064886629637
0.124690984833911 0.108466820234611 0.135242262953417 0.0263389476401854 0.137244628367053 0.148798670485618 0.142565842315104 0.0227592302879408 0.114590670481649 0.0393019424005095
0.194820500762816 0.157152852187869 0.0353530945382569 0.0503347773002855 0.0604943890142932 0.0648843899122751 0.0873689381010954 0.118723993107864 0.163276854496173 0.0675902105790722
0.128037338891748 0.178536376905294 0.263409340801666 0.0273687738081744 0.0714988744836415 0.190572239485821 0.0139682967031331 0.0614541474007185 0.0570416678113973 0.00811294370840699
0.0949927528257351 0.0885586101869058 0.0121903612637015 0.17337429262904 0.116026248518598 0.147375607252874 0.143338085019577 0.127303411684083 0.0754663693648592 0.0213742612546263
0.148535627789574 0.152326596224689 0.0722207363339484 0.0612761436553329 0.108692945206467 0.110179366559885 0.122225340164443 0.0392505735313866 0.0267976440489316 0.158495026485342
0.137088833723108 0.181771321940572 0.00165845184411274 0.0501936387219348 0.19023476452091 0.00444852058638641 0.0380058752386267 0.168654133919579 0.149209654069139 0.0787348054356326
0.163363591706595 0.0112539774834141 0.0801735919668097 0.0907992982148659 0.0192070744709331 0.115638339237039 0.221568055223447 0.226804254077448 0.0485440683950587 0.0226477492243894
0.141680732310359 0.147507957928072 0.156933553547301 0.0427668603438067 0.112166433024321 0.0763549681478231 0.0747349128478394 0.158417376464392 0.0885770486925759 0.000860156693509794
0.027930156488472 0.05329455929612 0.0352558262677599 0.0118586567141978 0.0966878102087311 0.178993734948536 0.22466619745018 0.213050523399846 0.0281633525731445 0.130099182653013
0.152211757012026 0.0596737415445029 0.0877695753033111 0.0217702423102183 0.0204483193847278 0.137123833813235 0.0674465466169035 0.0951230585832466 0.19535402623989 0.163078899191939
0.0913395162363814 0.0641970784655281 0.116961666584463 0.135595897431875 0.100435653467962 0.0687562725495414 0.126498944412981 0.140385584184164 0.0811754463450234 0.074653940322081
0.0819713601241933 0.00432488885633712 0.143074945162628 0.0901353893192908 0.171540603096265 0.105876058430278 0.0390176087077412 0.079936062230494 0.114914029508126 0.169209054564647
0.0676154043999887 0.207850043808715 0.0522210632412794 0.125917333882163 0.111439902866842 0.0598006297486859 0.0858903947005818 0.12568096322176 0.125956764306164 0.037627499823821
0.0955255549702189 0.0470232395620868 0.112245025630785 0.162195845448826 0.0484587579828977 0.102844844967039 0.124177721313138 0.112711259536409 0.124772768871288 0.0700449817173111
0.0298411973426393 0.0765263896296783 0.144772144082806 0.00103227396166286 0.11823445170851 0.13136231661614 0.106980321013614 0.108921259010027 0.140507011624571 0.141822635010351
0.110770502264684 0.152725796613101 0.07697069659202 0.160038558127984 0.0286797087964006 0.161910277915095 0.0693352559556849 0.143465253392466 0.060835439536269 0.035268510806296
0.119640051834356 0.000376360350051815 0.16339250048979 0.0406564916371535 0.111941765446306 0.141580929403918 0.123534217040771 0.129467882258222 0.00919010195126944 0.160219699588163
0.161969298595242 0.0162848830518074 0.105128150685391 0.197710002278892 0.017197304593724 0.112082857606906 0.0863147750535902 0.0788823944473524 0.0112199065716353 0.21321042711546
0.181014437884361 0.0188337919778484 0.0538305826451091 0.195693919055173 0.00214725086498144 0.16268001309678 0.120657992745026 0.053924746840721 0.0338063086544691 0.177410956235532
0.0733897308398944 0.190835129949126 0.0455525552074564 0.121828763767437 0.168756790551867 0.0201473502965735 0.0929312613266408 0.100008931561248 0.180859243584982 0.00569024291477475
0.16607519929969 0.0840348936922838 0.0389911346016153 0.181132321923671 0.00942292540576444 0.0377335130503618 0.156644188504748 0.0246006987228497 0.0777933789606253 0.22357174583839
0.136107273526547 0.0848620794910305 0.0134107259973241 0.0946037436335486 0.0520813652300036 0.134004291950135 0.175631791139231 0.0232495042799293 0.140524073617066 0.145525151135186
0.0819213661823581 0.0991667668408896 0.039093918869376 0.117774001264308 0.139954596341106 0.111386280738166 0.136255633614186 0.138493992479879 0.0610362433952559 0.0749172002744749
0.148095739746807 0.0648013384686198 0.210902944663454 0.0584755215124883 0.0228856834033576 0.11135764873401 0.0573644061087886 0.154395228235347 0.169636969559561 0.0020845195675667
0.102478445662828 0.0956602330643028 0.0283492638399469 0.102912169731281 0.0713196459729549 0.0793384415779929 0.14448490814763 0.10461591518382 0.12924754885202 0.141593427967223
0.198968076634039 0.0859373496193243 0.0279680180956804 0.0652171579765106 0.148448766139264 0.0707928899799526 0.122930539074111 0.120720818147172 0.0952390369396652 0.0637773473942804
0.0709661172901621 0.0717080754698507 0.155586734128468 0.0876538132117508 0.0231599224618547 0.155375690351386 0.0798989299435706 0.163438786555055 0.0312165093601643 0.160995421227738
0.109029247864514 0.0913680897071403 0.131348946711178 0.0759811529975921 0.138774498460119 0.0332026879079503 0.063079118219228 0.0764920604563425 0.160568011251781 0.120156186424154
0.0741556595652347 0.170551014203845 0.0647663321679884 0.0138704542439002 0.1771391064465 0.0682574732459859 0.0050055100620485 0.152245367761098 0.176186633473411 0.0978224488299881
0.107918722241051 0.055840620435849 0.157144367481978 0.0352255803039031 0.125162063669479 0.0805659199739112 0.126295190935566 0.123012587795897 0.0660990062699799 0.122735940892386
0.146385709438384 0.118150205781243 0.15318761667794 0.00322803036511746 0.0490459135116815 0.208199126848496 0.176056509558413 0.0804010428719072 0.00903275111756689 0.0563130938292508
0.305591477644877 0.103864073355398 0.0865674480188364 0.0232606738350232 0.00963223540141354 0.067439359149636 0.107210698605816 0.029745765114159 0.162640131102496 0.104048137772345
0.128897884755268 0.162004686465941 0.0488401271664083 0.0889065623450117 0.0782721994145761 0.111018778565758 0.0910203671935827 0.0991891996564863 0.0900052843962433 0.101844910040726
0.0541402938887642 0.171650303100185 0.125647405903651 0.21172504392434 0.03539224398906 0.128315207747908 0.0515650405546263 0.163810761256363 0.00609435269272478 0.0516593469423776
0.0833643226587628 0.14645387235435 0.149188879335706 0.149544072203027 0.0269588527355211 0.139036849400297 0.0107169209014712 0.0914554853760347 0.0925515370638332 0.110729207970998
0.0801085187740854 0.0267009084409766 0.110310297465217 0.156518785622173 0.0647748847970894 0.14015201669167 0.0621814447247006 0.0462278002282976 0.184924897069044 0.128100446186747
0.166101454062844 0.158062087234047 0.00495582514453712 0.103059204403747 0.184621961142309 0.0188986213654351 0.0808331379185768 0.142921592508815 0.0239736873599549 0.116572428859733
0.138446377666261 0.127814397741388 0.109198141599473 0.0755441006231517 0.0844965198089157 0.00668681561103439 0.0588639601006752 0.139371275517093 0.135366862646998 0.12421154868501
0.136050286565438 0.00529391252692666 0.00964689242480753 0.014182385869705 0.0110909597873102 0.054807160437897 0.23451428589996 0.203033130139883 0.0289522816729586 0.302428704675114
0.132868973661929 0.201668625701936 0.0671033626047087 0.143393828352908 0.155581012435368 0.0350699033059101 0.126699618550707 0.020354955813858 0.0985309718106989 0.0187287477619755
0.189752813977552 0.0219891188119282 0.108818718482012 0.030627541900911 0.0898567976393931 0.112373441253873 0.131144484001644 0.0979202959881352 0.00590268199773129 0.21161410594682
0.0792163115383237 0.157844539989476 0.0185483294331645 0.0823966609809024 0.00551619093878256 0.114343359143814 0.122550231419391 0.208332604479437 0.0759479743475067 0.135303797729202
0.068266352634717 0.136459008741928 0.0962160762379751 0.173986335760787 0.0279189570627527 0.0614315247696295 0.0327341962825463 0.032387980868921 0.187454435201115 0.183145132439629
0.132564999996953 0.152402622179351 0.0306060916357016 0.10186045417651 0.0507989363650199 0.0356499395596067 0.0955152935761312 0.135952834524095 0.14696016171742 0.117688666269211
0.097783469342658 0.125387984000489 0.153331022845828 0.103527236536542 0.0427836956181362 0.0852469458438502 0.118158687071755 0.044839981444589 0.127304458057598 0.101636519238554
0.0417164631310371 0.0710475398469149 0.0906183526371349 0.145923973240572 0.206389561528456 0.148526912410038 0.0830200762957617 0.0460894657855169 0.0849938155805578 0.081673839544011
0.147077508686545 0.0908848874414051 0.133330373195882 0.0625453026678375 0.145022748746682 0.116670768242082 0.0479142049394576 0.0540557055806964 0.120384279226932 0.0821142212724797
0.127803029758098 0.0506204150287983 0.0872458454078564 0.138990709198592 0.106064304487579 0.0881925273208912 0.0773561543411495 0.0590451986149979 0.132693996859967 0.13198781898207
0.0754412794826005 0.170845334144671 0.0207876277561627 0.141762808654871 0.172119193704143 0.0287159666964516 0.00167872675036238 0.135392831784576 0.0432042598346039 0.210051971191557
0.156721103676184 0.0270964461997372 0.0921634532491954 0.138616080014934 0.159138378389393 0.00342171523473836 0.051571097354109 0.0217480251686434 0.197042564206529 0.152481136506537
0.0746016712876554 0.0759016272449585 0.129131125744058 0.0915319691972273 0.129062703043445 0.0177589744511206 0.119147358440469 0.138103815000999 0.0618615136084391 0.162899241981628
0.0540370773489505 0.151917072445835 0.115379222024367 0.121665985390172 0.138741273976785 0.12518845557522 0.0508229746753982 0.029472382692657 0.0912777401487495 0.121497815721866
0.197132447076612 0.10030820711886 0.000457198146382626 0.186009630051054 0.00529642124869604 0.0709567384865353 0.135591478446273 0.0326302656362345 0.0674566799356042 0.204160933853749
0.170795953389038 0.102731334795141 0.0704900482798506 0.0262660780805351 0.11982021633056 0.0326432727994322 0.107527243076757 0.165329828067685 0.0662290682092828 0.138166956971719
0.0930315007725111 0.171879446315677 0.0566779913302264 0.11241964973838 0.0972564709425964 0.0509270517670423 0.0932911337973291 0.119396489364455 0.113389593743895 0.0917306722278883
0.0948607183421518 0.151482334539785 0.00321628367757931 0.0142329372659906 0.130425339651449 0.134520236317175 0.0886642336796762 0.100366365772553 0.155197756845196 0.127033793908444
0.133592059985481 0.086157524446143 0.14250873632781 0.140258247204336 0.0542800949118963 0.055077177193697 0.106267874905335 0.12862231964979 0.0134148410703968 0.139821124305115
0.168630315206627 0.0760958231017386 0.199343690014138 0.0533718772784741 0.0632591511193728 0.225484999637338 0.0384203748919445 0.0904372598125928 0.0497860660755414 0.0351704428622323
0.174036511710614 0.0638657564335519 0.119135752531821 0.0334498010110315 0.147734429083675 0.0820165232279094 0.12387285892155 0.0398250478057487 0.149641569502595 0.0664217497715032
0.162582297162244 0.159198164262866 0.00101989766706161 0.0466551387430292 0.164228731530925 0.0772979356316415 0.148120468952902 0.150228999556713 0.0159127767907514 0.0747555897018668
0.0170115050689929 0.00390842776983544 0.0306097759318481 0.125790815774878 0.260504412649997 0.0846897824013222 0.191507514289963 0.152468472180067 0.0368609744130578 0.0966483195200379
0.00954909617514658 0.109427892688041 0.0845259203604255 0.101655008143443 0.0947783115073541 0.158097171083337 0.0912769863617355 0.0503068280581054 0.136284384817401 0.164098400805011
0.01301544225811 0.113293745375033 0.052890923597435 0.0287129542069126 0.0789215323873034 0.168265260104368 0.15181622539733 0.19662160954668 0.0778461333485053 0.118616173778322
0.0413198212955352 0.106412549715659 0.00759444461273022 0.168765029076518 0.0659299636990999 0.148154346814747 0.0795775151623136 0.145937103732334 0.12032465907808 0.115984566812982
0.194897750950301 0.102388105618758 0.190562207195202 0.0457277153839843 0.0538749846508274 0.101620175087617 0.158574655086594 0.019041048955009 0.109097874477528 0.0242154825941801
0.0359334460617091 0.0561163350055324 0.231137124179005 0.0619830897629315 0.129741346087927 0.039485995674845 0.0390256334658121 0.142238351546205 0.163037344124182 0.101301334091852
0.0214489580245683 0.068149997035144 0.238355110238692 0.0302362253291682 0.203164371998945 0.0363310146222416 0.0057096680837586 0.168263548938517 0.0235230068874008 0.204818098841565
0.12390801384844 0.118287650310408 0.0866512500659468 0.00461414377140614 0.0940688693446122 0.0825897907609002 0.0442205398090785 0.148530880235019 0.158017577589615 0.139111284264574
0.0895785383834735 0.0757751425532728 0.125030384263403 0.171683903649845 0.0550509328640515 0.0979645692321133 0.0864252271909294 0.096731429297118 0.115172101047055 0.0865877715187388
0.172021350912723 0.203272747096236 0.16711867425468 0.0304425757955886 0.070356460917478 0.0508837290478861 0.0940139673890738 0.0533864665321776 0.139071434825268 0.0194325932288887
0.0722109190552199 0.0489531921992464 0.0796541073435896 0.109325959152224 0.0821107806665904 0.171414376008035 0.157428416769829 0.149827597701175 0.124622673419267 0.00445197768482311
0.0102988820286239 0.129300966939869 0.073681152715623 0.0984053475581163 0.187228817482772 0.178074704527099 0.0234111360827796 0.188114930734289 0.0257331753191973 0.0857508866116303
0.0473351767789595 0.160266773627721 0.0473565886905803 0.0915732501139354 0.170450051292832 0.1142510466854 0.0315885772373693 0.130338095967362 0.186795393677036 0.0200450459288028
0.0848702180805791 0.0429062730528577 0.0662932711394765 0.159718098341544 0.214742483572669 0.0485277177982802 0.0645609978275704 0.150011071040762 0.134721153335873 0.0336487158103882
0.245089870836003 0.0783971831173358 0.0132532707399898 0.0453239451155336 0.0659068832226009 0.00956403716058642 0.177499948183905 0.082982252458328 0.0437492867487071 0.23823332241701
0.0365627858973655 0.13897327533288 0.135013023557467 0.00257981241605513 0.178770542988666 0.148643573231221 0.0631793133007445 0.000932991722527475 0.148701207633285 0.146643473919788
0.138966643822926 0.157830726020311 0.00714984963793249 0.158155835421355 0.086324874761053 0.0259468752556566 0.187467375180734 0.171973052147844 0.0308160411457865 0.0353687266064018
0.0320955516770021 0.20252818169133 0.165410624669078 0.0649665126072784 0.0493059809874013 0.0750333409687818 0.157005255123041 0.00941587634899905 0.119561180092272 0.124677495834816
0.104055312682785 0.130966908901535 0.10742035462393 0.119104393755302 0.103588213010788 0.139013543870215 0.0144096721212284 0.146466238872213 0.0702062588548665 0.0647691033071353
0.015737183074867 0.0554498933309693 0.197531817266765 0.192169230404662 0.0207087823358173 0.0853092160795969 0.0030966880481642 0.209907641038983 0.184156553286018 0.0359329951341573
0.19932341947661 0.0307337634278486 0.0531535083409228 0.0215205465948192 0.075563278351988 0.162173212675285 0.0511894994050915 0.224649681392527 0.16980571608727 0.0118873742476383
0.141761479131437 0.0429959177529497 0.0436686976185491 0.124105162575415 0.114008124558094 0.0528850703925881 0.0851809311340074 0.10392014389618 0.172096712737891 0.119377760202889
0.206402359044681 0.0873801290837638 0.128725686536742 0.0728539286937579 0.00962674469102079 0.0412528235179662 0.112803928633842 0.0761786133682783 0.117136402500689 0.147639383929258
0.185283466638193 0.12393740637031 0.0365743111508509 0.0968149398102549 0.154212604974221 0.0730786870699034 0.066047608007144 0.0935548725986244 0.0672532403175064 0.103242863062992
0.0654772755396667 0.0816117469399141 0.219969120128057 0.0190946719921416 0.000813887798690221 0.0737363698847463 0.147071401563812 0.121154099522607 0.125666012405474 0.145405414224891
0.140675272713516 0.157514654244646 0.13695533923058 0.0507284994288862 0.132338041346866 0.0436547477764222 0.0983441193863359 0.0769838430514936 0.136211836744805 0.0265936460764495
0.00224576781087485 0.104717308005182 0.0858592329379043 0.138650363383587 0.109598464848354 0.103543159143719 0.175743364284231 0.0781563291097077 0.0645608310879731 0.136925179388468
0.128123705895029 0.127071758506708 0.100675873170679 0.0518655157733855 0.0611151095278484 0.168219806800874 0.180209608867212 0.0494236357861012 0.0398299448619042 0.0934650408102593
0.0106453419909314 0.00467456637364086 0.105374258988144 0.0269101427248494 0.197227976788214 0.0101573753778105 0.158614884353775 0.182880061535585 0.135861530101998 0.167653861765052
0.113602413599867 0.103699463192173 0.0563971267653905 0.0980434585218735 0.141467610890835 0.0660041252870508 0.145232179304709 0.0968544868449951 0.062857005851847 0.115842129741259
0.0164172174668929 0.0207762556252827 0.0558069711968574 0.150213338972704 0.127068108173061 0.123805423361351 0.0601707498350708 0.181470969702073 0.165148979662405 0.0991219860043027
0.0250851201312504 0.0560945350870226 0.143406071715414 0.156556552597752 0.152654082649203 0.149510571598866 0.107452454918818 0.0747416631690039 0.0163615388781953 0.118137409254475
0.104534467639369 0.162318729336104 0.0242264207731992 0.134338649833031 0.164047280555077 0.0827003305681431 0.109593113459778 0.205255156972686 0.00826148048265295 0.00472437037995898
0.0799603665574231 0.0598677593418441 0.175008753534544 0.0358067871982691 0.0628617447288953 0.0937170161821737 0.142100935519465 0.117449876531653 0.0692802206731295 0.163946539732604
0.172512570673449 0.0991909364827713 0.124633984355836 0.00590745384358454 0.141588029321933 0.0895822873364994 0.0492681949964215 0.145932305346363 0.155961866113689 0.0154223715294541
0.169139436699914 0.0477712116242288 0.107000112405283 0.087628296596617 0.0168521705644776 0.129785053011381 0.166164691978729 0.0235505598812423 0.188117064181978 0.0639914030561499
0.146844818070394 0.0137668772586547 0.0210351715573577 0.127102111336904 0.0411691763133062 0.106700067224366 0.145200388662487 0.175069668239644 0.0155166391274856 0.207595082209401
0.0958624715799242 0.176583893226695 0.0161548663433259 0.025575396996169 0.0618935610885287 0.0342710470780805 0.103831571571991 0.15374422126261 0.160996662726804 0.171086308125872
0.0636513116865376 0.152678856535558 0.0772105440857794 0.100829054108233 0.102030397414385 0.00944094537001028 0.182145681468644 0.0720016901166764 0.170413435442082 0.0695980837720946
0.165017746806566 0.0309719599369753 0.0664432107262396 0.119975799952672 0.0530997047835089 0.0502430130727322 0.122316113348583 0.153429565986054 0.096930569924884 0.141572315461785
0.0105626157259529 0.137598191258316 0.0468498115806767 0.114918245073594 0.0578280907928138 0.0769739336336422 0.195827502651766 0.0625382268658602 0.126151209244062 0.170752173173317
0.246722003277375 0.0729726973994882 0.0539597010036949 0.0566205260822414 0.0524584400011692 0.183413255899723 0.111461270304164 0.0701501988865942 0.0706772831513404 0.0815646239942088
0.0225617710321449 0.0296004680121871 0.00906985050527355 0.164707127128412 0.0851059627105121 0.129840181184889 0.152496491589919 0.133316830966464 0.163434001066807 0.109867315803391
0.11957815158489 0.106637883142044 0.12442875217176 0.106764537102105 0.186842588729077 0.0451768344598955 0.0516344502601718 0.12843158843336 0.116044334039502 0.0144608800771941
0.156744081134316 0.0787452854718411 0.0265062822067952 0.183826635649417 0.0863928478710889 0.135244715456799 0.110430690186557 0.11009666640109 0.0651059208105832 0.0469068748115132
0.0837111162806494 0.0289179852119527 0.00854345169367024 0.0850151211092878 0.166487262180725 0.0832294697745543 0.151254604240958 0.22832918481799 0.157412663132007 0.00709914155820526
0.0414093845138994 0.103650944819186 0.176795163174239 0.0912292482548369 0.120702108003741 0.0378748911678345 0.0478899802785975 0.130143431404717 0.0637235213604851 0.186581327022463
0.0580157013603504 0.0439174244365001 0.0488016320393068 0.114254935139121 0.0647462632530067 0.160854555733847 0.121168613886999 0.0839907084264543 0.171254296365131 0.132995869359283
0.170539170855444 0.0449804891009928 0.164596315900971 0.148454837136907 0.0499404589094217 0.0865504656501964 0.0397913975782501 0.0675666711047085 0.186026615269131 0.041553578493978
0.164680861856114 0.0290276138843649 0.132729902071588 0.0882051833743422 0.0928703409509724 0.0479043112977069 0.101128539213957 0.115809176152493 0.106603504769201 0.121040566429261
0.00294086799507105 0.108287990462233 0.0745038713199321 0.135257625551931 0.0376505136095879 0.136397959891786 0.153805861773235 0.183262275881333 0.00386424096290939 0.164028792551982
0.055462474818076 0.15071438281872 0.077587952629931 0.154896334616765 0.0760873998654331 0.0418234754587333 0.156187767000649 0.129203346000386 0.0965745788845851 0.0614622879067214
0.0817573941521409 0.0999458231957516 0.0187474542037739 0.10434699347481 0.174745942940882 0.123552161212091 0.0956266729202111 0.0416203911081864 0.109361555236077 0.150295611556076
0.09615120254166 0.0322646706988746 0.0321887664893451 0.133396298313525 0.231941287405443 0.130310843336219 0.20622133812143 0.054189773801783 0.0424559675624888 0.0408798517292319
0.0860355490629841 0.0985415513795301 0.13635815583319 0.145240926483396 0.104558845886545 0.110618841161366 0.142826270461616 0.0185661099475111 0.0848700942651551 0.0723836555187064
0.205979513675575 0.005261823678737 0.0101691355208949 0.0804498418160775 0.0450742731281692 0.130949229627528 0.200904495493503 0.00817250709733369 0.107200794516332 0.20583838544585
0.0779370630492803 0.0931361007426171 0.00846267656802316 0.149462175573229 0.111011328222141 0.0309373947446097 0.111266195131133 0.121671637394083 0.143271567446997 0.152843861127887
0.138550712889207 0.158181030050402 0.00769072307792998 0.155155760745169 0.0482902720271609 0.108869958147585 0.122176568741138 0.0866077408994433 0.136520669821256 0.0379565636007088
0.109325040575632 0.157657238396232 0.16477123613276 0.0194629308946288 0.123387134162076 0.00170808236442825 0.121956391779073 0.119973193457199 0.112577951870772 0.0691808003671993
0.0107462217483944 0.109828846348643 0.0397134318822227 0.0314416141244275 0.0524207174564191 0.157210273391815 0.134690124532823 0.185058498254857 0.177825321317271 0.101064950943127
0.014368930935456 0.186894635154802 0.0139300436415689 0.00508466171932628 0.201842441251009 0.10855133975468 0.0957272120265047 0.194454867931101 0.0534439025037075 0.125701965081844
0.130491485587766 0.138861237428299 0.00227563623745424 0.161647234780736 0.00868440530602523 0.150716979582527 0.143936392654102 0.104896105246879 0.00193424938672344 0.156556273789489
0.0880026625516889 0.206722260896817 0.12604336122833 0.15350696805023 0.0136685743971361 0.0109631942218394 0.0185147418902644 0.131261861429537 0.0879229249127228 0.163393450421435
0.178576161633178 0.0700916301224993 0.162197386328257 0.0503093702670897 0.0689660755124614 0.21481438383795 0.0190903090216038 0.148047820514887 0.0377295840367895 0.0501772787252842
0.017665652011361 0.12759098458803 0.0252992868219199 0.143454287311582 0.164771495128687 0.197206969175103 0.0392161822731941 0.113776212536665 0.0583003038565565 0.112718626296901
0.129627889654152 0.0598992775099596 0.0510033829754085 0.0507439330143515 0.17839176660228 0.0174855002695889 0.200155404124872 0.0470283649261818 0.120881548276743 0.144782932646461
