0.0993159040165602 0.128547220433285 0.0162993869862321 0.126717397572568 0.108886021912491 0.127413793803739 0.0801193578041197 0.0776906669158397 0.140194256100315 0.0948159944548511
0.100536392112008 0.138775876600048 0.0511630464994118 0.211495809064433 0.161998859130452 0.111870320182509 0.0136229750008539 0.112801047957798 0.0813927347917575 0.0163429386607289
0.0605840983788423 0.133852784197088 0.142510557002946 0.0122882405834804 0.144924412083397 0.159169773606409 0.192892378671544 0.0114397569572413 0.0730394541269247 0.0692985443921284
0.192093968978733 0.0328994450189085 0.116315786035976 0.0308638783812073 0.0216940762429187 0.0311420051516616 0.167421104917228 0.0916403921866899 0.16284413376959 0.153085209317087
0.114301728561925 0.0903962083115797 0.0405761382646463 0.0381244112148456 0.133748692379899 0.0393661387912715 0.163140718193208 0.127184101367935 0.10004830981031 0.153113553104379
0.141754295401261 0.0613640048286695 0.156741282035036 0.0981057974311703 0.0257499630155194 0.192276738275235 0.0560314140087368 0.0626694783097001 0.139722665101241 0.0655843615934293
0.151990899687388 0.109495076803253 0.0739614073043211 0.150224931608233 0.159068355829246 0.0190603052481252 0.128344732617319 0.0732675475207378 0.116646249816409 0.017940493564968
0.0711534301123802 0.153708826153074 0.0611625848240445 0.138950751596699 0.156278939014984 0.00239497163427256 0.115321905897154 0.203318970019437 0.0731126768185427 0.0245969439294126
0.0359003035246869 0.0482337386792012 0.128492735973278 0.146847205303482 0.0230197765428738 0.0548771740926445 0.183777134355003 0.194489267393211 0.0523730860630274 0.131989578072591
0.0517248789665492 0.0676602650019552 0.0606574011150732 0.153561213772458 0.0751704790023729 0.16436006480851 0.143187750211687 0.0806695157775388 0.0108284466483269 0.192179984695529
0.0141396719052468 0.00976751634296769 0.154363715804521 0.184908354477559 0.10000775154362 0.0541925574934116 0.0415788819346988 0.102264454677057 0.142248971042064 0.196528124778855
0.0565593004216258 0.132740318305125 0.0503078115615619 0.102271966300299 0.150312769081763 0.0444837222821359 0.148361790708133 0.145810889514818 0.109475843676602 0.0596755881479362
0.0611974746739725 0.113990644534963 0.130987156078629 0.0828741696965686 0.0874638916233695 0.0790262738823214 0.143686652539005 0.0429714919740903 0.113723559042111 0.14407868595497
0.0882224623210187 0.0529041553115262 0.203516685884207 0.0913744631629073 0.21490771148921 0.0628768691224841 0.193203962697687 0.0460127627551676 0.0196862560321138 0.0272946712236785
0.136071569290432 0.0394692860324206 0.0220367945909577 0.14645790070349 0.121876576031622 0.13556008482187 0.131153185770417 0.0260683132782107 0.0944498591508164 0.146856430329764
0.158326260854321 0.0309731048915393 0.0269246965277393 0.0975168072559902 0.0501595398581975 0.190173819620286 0.0787128220849852 0.13555476081692 0.211740128606477 0.0199180594835442
0.110033554892553 0.120396109588775 0.104521360122019 0.0808348836796237 0.0780537267704857 0.115496154221422 0.110599007850638 0.13092623394125 0.0812257315094585 0.0679132374237754
0.0357495577449566 0.159625310537384 0.0988836319007104 0.0736166365226581 0.0628712881011311 0.163147386179647 0.113893852485775 0.149326424632827 0.00412573398119875 0.138760177913712
0.147296007266707 0.0128146216351659 0.0211853681077357 0.188476052471332 0.000802375074069978 0.165257387004075 0.101856527426924 0.170783445327667 0.184115650199251 0.00741256548707143
0.133775135873224 0.168037040720572 0.131388894314125 0.0883977720168594 0.0255418082637281 0.12946511298733 0.13278078634543 0.028060860436881 0.147098519075422 0.0154540699664294
0.131590649714133 0.14529636698132 0.19538922737167 0.0317510717126965 0.0829437495796138 0.0682555350672848 0.104773512255592 0.00258613391936311 0.033559690587841 0.203854062810486
0.142145679541835 0.100102616084274 0.00510731339004401 0.211408705948648 0.0807266995311943 0.03748948457013 0.114845142116311 0.234859345014054 0.0145510515136957 0.0587639622898144
0.00813613865561503 0.0569974778805863 0.135154899090251 0.142331536819185 0.0738400304961429 0.123299974057991 0.201465484663325 0.196543093184436 0.0337951472262173 0.0284362179262503
0.015154783426693 0.0369698119090633 0.086775279052714 0.0498342531019568 0.138680193796209 0.208443117886518 0.171690327118311 0.0963446564636009 0.0451636571132294 0.150943920131705
0.037505706090138 0.0516901567202515 0.0618877485828464 0.0569658925947224 0.127655617936864 0.114485775759546 0.020521401587329 0.181999822338154 0.171992027186832 0.175295851203317
0.179444491021296 0.0202955205729752 0.0215961955537982 0.174156944454002 0.146688812784417 0.0121864134041013 0.0743529962731853 0.146750100969859 0.0551336187555897 0.169394906210776
0.226632772880457 0.0386520137488175 0.0836263087046955 0.108521196561811 0.123111295192868 0.122214493684273 0.160527695434842 0.0237950292006806 0.0256864274403662 0.0872327671511894
0.0826409039182253 0.014311605462122 0.0823655255902977 0.14864941216722 0.157769097384825 0.0452284589191929 0.0533118378667499 0.147368382903419 0.149970262149925 0.118384513638023
0.146510293665295 0.0378903744754936 0.205401568757265 0.20860694805862 0.0475553291372926 0.0223053339649826 0.121412793731721 0.0101646326522347 0.15762711251274 0.0425256130443555
0.0883778480833075 0.115051308589329 0.00651074441362892 0.11442740710639 0.183742727860689 0.0625535092543506 0.0709461873169109 0.120100876751921 0.179675168597113 0.0586142220263599
0.0713380150556129 0.170224928833877 0.0286744354664052 0.0985449218399725 0.121226494690399 0.0721624257173215 0.144463446135004 0.121001846441782 0.0754197323703734 0.0969437534492524
0.0280025313364351 0.149108122636438 0.133177653920707 0.148038900392173 0.161277727712169 0.0818437762175889 0.0311960195492119 0.154558086119152 0.071705139136318 0.0410920429798079
0.0680882475251092 0.196021819782963 0.00924097928027811 0.212148347048598 0.21268865609743 0.0772602902854412 0.0271995012963159 0.00558647003575865 0.0282846763063801 0.163481012341725
0.005389750558703 0.00187580964890714 0.16795423123661 0.15888696219586 0.0965237533876721 0.00907626812153382 0.0959541741356812 0.188658706958029 0.0657539786078221 0.209926365149181
0.261100442771308 0.0530869867143297 0.2781692154001 0.00971379169236796 0.0550502552147832 0.024279624568084 0.25328008004115 0.0248146788960689 0.0145202004043168 0.0259847242974921
0.0890462979993054 0.0104047668241226 0.0390579713312282 0.142362928517865 0.0882986085576933 0.0709110878417361 0.12625602584503 0.145414160164889 0.145537258105797 0.142710894812334
0.0863337792735173 0.116763126833306 0.143484506972025 0.109793442636669 0.0199813296232701 0.0760907346303177 0.118330335196446 0.0573559557439591 0.211501011937537 0.0603657771529525
0.102367894866881 0.0563840529295319 0.171838085118681 0.0754171561541494 0.0968617324064418 0.193089724576604 0.104804683989927 0.00278466957687466 0.0462604465069842 0.150191553873924
0.160639045727787 0.0468823623041268 0.0454821253540293 0.174975133891628 0.128375631366955 0.111745528505019 0.116549430443177 0.0877419445279043 0.0222832017834384 0.105325596095935
0.00213349702939214 0.179503922685062 0.0801825851719407 0.0851475900662384 0.17256466499528 0.156565844453195 0.0172393166241035 0.0688838435723866 0.162522399087319 0.0752563363150831
0.135244242713769 0.0749181876913501 0.0429198668334627 0.0606603417967554 0.0274393924188807 0.144855425187294 0.16867963947654 0.111083728395968 0.188240257641753 0.0459589178442278
0.125266813672865 0.113474774163184 0.168858829856158 0.140050270205218 0.0578897284674065 0.0960427608517799 0.0770172418309515 0.0172981460271537 0.190989043171689 0.013112391753594
0.0769227624844007 0.0645422074154303 0.132285865657074 0.146701648042071 0.01004693644033 0.187346422268198 0.0752035323913721 0.141552899035549 0.132919000337722 0.0324787259278525
0.165592682320122 0.167328298609115 0.121497920414951 0.136778582828344 0.108302355889575 0.0341335118259122 0.0341697540500609 0.161635086893774 0.0677086873372905 0.0028531198308546
0.0880607700323444 0.0677455737389125 0.108924789867788 0.0243180980766171 0.203630533007386 0.188728560451982 0.101032274097407 0.101808291069973 0.106578187130191 0.00917292252739843
0.115956812528788 0.0138367004031535 0.125852027793526 0.149936497945868 0.17569016202637 0.197077587636427 0.103249944174312 0.0628365844651732 0.0180265220596669 0.0375371609667166
0.0811990924761274 0.0282122161928055 0.119782544170649 0.126907674398295 0.0668112587093659 0.152391837621034 0.0803088804546193 0.161335176867679 0.0136832503825522 0.169368068726874
0.0504871054504606 0.168200860549604 0.0787500861067299 0.174895379286183 0.0903442627148408 0.0909687370760424 0.160945880895858 0.0309326533229004 0.0952090289958283 0.0592660056015526
0.131099892330944 0.107978895777039 0.108069381736207 0.102575742533201 0.0742479610140592 0.0636466752248645 0.124966511754105 0.066464396016627 0.127712571286918 0.0932379723260346
0.00584253932853805 0.0530416330220462 0.0462335900286897 0.103903208682823 0.0852395574188803 0.00887738496127876 0.157552160113801 0.105818629023108 0.212576032141131 0.220915265279704
0.0906845764372708 0.120066022275053 0.0526656244147175 0.0180083603144552 0.130204061447042 0.122818117067168 0.144162874485779 0.0320084666307076 0.15347618165505 0.135905715272757
0.156388075486182 0.0925097477373103 0.148511332697226 0.123779591428636 0.0532691256187433 0.0714066261861824 0.152128480225097 0.0215421857005353 0.0409484632806491 0.139516371639439
0.076143601915664 0.0826748116940171 0.137277956479008 0.013013631100041 0.135724181188198 0.19723079557125 0.101747036986414 0.0139573356002871 0.157603620768178 0.0846270286969422
0.0574210566513876 0.150787526893365 0.138902514997811 0.0989193768751452 0.0672940781841246 0.101277896204746 0.0111408895384403 0.148626842134994 0.0747885194367508 0.150841299083236
0.0129030746179489 0.137131210826323 0.126979692264676 0.0316056023844806 0.113319854716133 0.12599903299721 0.0648348207921229 0.123694406911802 0.163827626511544 0.099704677977759
0.0554968133374393 0.13112388471612 0.168090277714566 0.0973941738632455 0.0218140852850258 0.091354939827486 0.120185107303593 0.0828338174304846 0.117533851365549 0.114173049156491
0.105666889548614 0.0826435977346933 0.123927162850697 0.089408684515441 0.0273795250710051 0.161193894024203 0.150926140550911 0.0927372075678169 0.0250806388207425 0.141036259315875
0.0243183953058495 0.104158863804398 0.153575458502528 0.0406110745052776 0.0213285176856859 0.0654660801994626 0.273612211305882 0.0248487193412298 0.211757783397444 0.0803228959522423
0.177994102048742 0.121926738596271 0.1567061092441 0.172876414838199 0.0287191450347935 0.0621709730477141 0.0278875398240304 0.0359552114629888 0.139010387008536 0.0767533788946263
0.0312529161010494 0.137831721877501 0.0878933576601218 0.109041008163468 0.0796801441896033 0.033005239714837 0.108955067441036 0.0986277301723256 0.168110164182286 0.145602650497772
0.0178010599675246 0.0489038152332721 0.17416927673311 0.0657774066583703 0.0925644577568825 0.119266811411132 0.101296569264501 0.16762803361011 0.101907954432996 0.110684614932101
0.140719894746942 0.0535134638042413 0.0740100775321932 0.160771434367003 0.0157530627080511 0.144336899257903 0.102234877106891 0.0589020643885547 0.120235249180196 0.129522976908025
0.0975020773578173 0.134762331673682 0.0383288988806911 0.136789538565149 0.0693967057593782 0.119415260545695 0.136060562717422 0.0908646399387759 0.0810581262448169 0.0958218583165726
0.0364376832934952 0.0761246948793871 0.15394265266708 0.0510596866592661 0.0484235078892577 0.167050661299727 0.166399285189363 0.0271497959610178 0.0587745765742886 0.214637455587117
0.145847418741703 0.0346267266986276 0.0611668913848758 0.0759831655419337 0.0357271246942721 0.177774529620693 0.158817356599235 0.0921866459534044 0.153215745148933 0.0646543956163226
0.0413744438560651 0.0887568711111463 0.115847399706884 0.155144750172383 0.118250662862703 0.132564304316344 0.00669795196381891 0.0835851856827492 0.108739430921716 0.149038999406191
0.145021427666836 0.136943804505813 0.132537579097589 0.183951588021994 0.157328799966764 0.101663758340545 0.0221983725268514 0.0701821786904007 0.000696815610200324 0.0494756755730055
0.0896778229352438 0.072424126095677 0.116626310140526 0.125455608830147 0.180460722496077 0.02614777931707 0.00268188100541297 0.121231812220631 0.0960156246539713 0.169278312305243
0.0550851419051125 0.081346023081041 0.159723971729659 0.160552271362193 0.142970193178887 0.0693557767213044 0.145918459425004 0.0965936289839461 0.0627294498987489 0.0257250837141036
0.0479414561346153 0.11558673850272 0.143033651961084 0.0697492396043354 0.151933677208603 0.146358306829727 0.0766587097143367 0.101309394429188 0.0706113134328717 0.07681751218252
0.123166927543883 0.0597699009373052 0.126880114941895 0.0744683428870657 0.0906652766067275 0.0319732243783876 0.0793934253704193 0.124467776809114 0.141286776284618 0.147928234240585
0.135267269648741 0.0611738082366056 0.044161162773488 0.0630800937715942 0.191014402670826 0.0208643719251485 0.0276089146197117 0.124644585521469 0.15799695127797 0.174188439554446
0.0485344029314689 0.150903147336921 0.0988035219424369 0.190244621046215 0.0746760848993852 0.046900377884865 0.041058976028962 0.0721893679094887 0.121451690857326 0.155237809162932
0.121969185360515 0.0729171757169274 0.107468214853692 0.00650712688587063 0.112237851000112 0.103761184554008 0.0744915345655723 0.211845723164816 0.137450035398252 0.0513519685002354
0.203923292336647 0.18105926108591 0.122874190445361 0.0975424464952366 0.148091735712816 0.0375293139157326 0.00388944802586222 0.00446900150241061 0.168514906630395 0.0321064038496293
0.0712460575765432 0.0753635407044505 0.153499346293098 0.224059686656319 0.0194893435697059 0.102603328521556 0.100734920770693 0.0976282302017549 0.144633495914712 0.0107420497911668
0.159659146200002 0.00479728150320211 0.0937170953560717 0.00900791454756177 0.0942181399414941 0.223555278149794 0.0561533268829874 0.140856605543648 0.0771808678872501 0.140854343987989
0.0652207256015195 0.0939284960975961 0.170423512686111 0.0932477357207044 0.20545378985279 0.0760526487559078 0.0385623864848322 0.115994668015214 0.0545398534076896 0.0865761833776349
0.111424114722366 0.0787975681973945 0.0754427402175918 0.140226472097593 0.0315354176125646 0.049873725867523 0.127095713556158 0.119905211034974 0.0875891295862066 0.178109907107628
0.00211511767760666 0.0181481865446986 0.208043175775758 0.0387200086303396 0.142930856556251 0.0197272855695716 0.06090531411891 0.203176124248698 0.133405769927571 0.172828160950595
0.188237064249728 0.0538396604651079 0.059431339411032 0.185814814429848 0.060763302184423 0.15605034001707 0.0735542561302378 0.0120323829755485 0.0623762021575457 0.14790063797946
0.114277292913367 0.117858512042652 0.103870911894388 0.125258467617886 0.117053930944581 0.111957468784756 0.0323092823745507 0.0832506152627574 0.0633791766158029 0.130784341549259
0.100665454001066 0.0638731379855993 0.170508034980951 0.020761478949065 0.084209826274571 0.131681205119083 0.179417172440999 0.0512938253566904 0.0305297578893675 0.167060107002608
0.0476049581603177 0.136710632872288 0.0193046416460507 0.124691926693011 0.0905517603403979 0.11968828101989 0.106814598330862 0.138535315733158 0.0795986446515 0.136499240552525
0.0802469371295358 0.0496043837670194 0.110950607654502 0.00651055139708502 0.117173455013719 0.224501113133466 0.112954685319094 0.0647027480067717 0.0562233986522814 0.177132119926526
0.0988846315170367 0.15432633337042 0.0201377604820725 0.132373266102782 0.176441057785769 0.0425831702206036 0.111277494283353 0.0488643880293489 0.0185766220866925 0.196535276121922
0.155666364235192 0.0282415459839462 0.0930755938176989 0.0663870244451153 0.109008856754432 0.127294353963703 0.0645255366434036 0.0331149701805263 0.164138700223591 0.158547053752393
0.124206588187965 0.12613957611765 0.0859764384123521 0.135625911535543 0.0841697791597785 0.159239367494182 0.0105506447257144 0.123524963357879 0.0740448460475706 0.0765218849613657
0.0656809501302154 0.118207522013118 0.0922644186658299 0.127898880983458 0.131507057836513 0.0461607629572243 0.11380174118421 0.103771740035783 0.0871367705113366 0.113570155682313
0.0788316997961259 0.185752892484957 0.0724940495650425 0.098761588092507 0.109096204752592 0.16557528929309 0.157440150965944 0.0581150459021382 0.0561690649415016 0.0177640142061014
0.144115971816744 0.100309207417106 0.024924985191126 0.040232256553511 0.113202061493882 0.219985453349401 0.0554514900236099 0.021663273775408 0.00850526286367482 0.271610037515538
0.102378356590302 0.173073673186529 0.179824417928043 0.0332364807414448 0.0468482447955607 0.0420548527107945 0.183944907352568 0.128578200154547 0.0825661753157398 0.0274946912244702
0.0458564349862988 0.195873762843131 0.0804129413878637 0.029546830575994 0.0084232313132714 0.137470702008592 0.189947537623793 0.120602509610047 0.173464419148855 0.0184016305021538
0.0248335427550975 0.0425519177499945 0.077016524747816 0.0938821871363224 0.035901234582895 0.0538948999110428 0.211498567402016 0.0545190008892462 0.226775046777383 0.179127078048187
0.161152966688681 0.0529577401108663 0.0715417274025018 0.00656818306761965 0.0779736209361118 0.18053261306978 0.133666756150018 0.182192099249912 0.0385325101864511 0.094881783138059
0.0376147112497611 0.0739968362585428 0.0776423790563175 0.153846085868339 0.143517474332122 0.156642599707808 0.0282628719954845 0.017994921850716 0.160707131117553 0.149774988563356
0.128238006241845 0.16014678720049 0.00511325099740059 0.00939615607698463 0.0626276647069242 0.027981251346371 0.223509583997728 0.199969396673495 0.103501365959173 0.0795165367995878
0.0906799057095832 0.0107868687567521 0.0500270305465074 0.111954683112039 0.0934666286954294 0.174951787572436 0.0175678219409177 0.196122348968761 0.169568040686748 0.0848748840108258
0.00254913865689438 0.147095540168866 0.02511944975865 0.128193453266517 0.119373192517626 0.0983182234448217 0.14443482663652 0.100074928545925 0.0749510774248233 0.159890169579356
0.148918584526031 0.0753109773072208 0.0806385302030142 0.0209841978972345 0.0920652957658528 0.0871201923444514 0.0698233167859253 0.136652995506559 0.164412217913671 0.124073691750039
0.0373205465072843 0.167549620371807 0.0519281173163649 0.148088987989744 0.0571879836403985 0.0372844796771829 0.113956422869976 0.0550271952272805 0.16675534333464 0.164901303065321
0.0373620052107101 0.0755276446450274 0.224186116152091 0.0340221759727017 0.00651714690644015 0.201912865591167 0.110436445789214 0.0932559675192094 0.0229559581429232 0.193823674070516
0.0323832146357057 0.0182953323771156 0.0238814485338415 0.222580830483115 0.109560499492539 0.192073121595729 0.131145341949759 0.0172559604442868 0.0690486600598509 0.183775590428058
0.15028050191027 0.152883471742988 0.0104397208660324 0.12593534531382 0.0564759696602211 0.10868678888392 0.132898939319148 0.0622984835365388 0.0834695467613435 0.116631232005718
0.0519389007136898 0.219577803676394 0.154470643581684 0.150282348851817 0.173252451372928 0.00647545159908099 0.0147762182455575 0.103513187847553 0.0480858741273039 0.0776271199839914
0.104839486873983 0.139213121989596 0.0270669992082958 0.0191205966832592 0.129085606120262 0.136777203593069 0.138532013870513 0.107023864856871 0.0930348930623101 0.105306213741843
0.0181397812636145 0.0778155663843295 0.125689462097631 0.0739859095538811 0.0408477530142746 0.15048667610832 0.164752966139114 0.113751571005646 0.098700459019681 0.135829855413507
0.117273056978461 0.189138670011879 0.119513155605673 0.15760530835271 0.0273462736275922 0.185264238678913 0.0341663203118653 0.0397653738023111 0.0967195340954231 0.033208068535173
0.0513905349395324 0.0357361791588366 0.111624526734492 0.0679523135154281 0.0492817498746031 0.175159280265096 0.0826692193901828 0.131903651738558 0.181981326414695 0.112301217968576
0.0857292961214174 0.182921033036015 0.0174091779131885 0.130072250065237 0.0431656916441789 0.0912486895546202 0.139500116759231 0.122899326210304 0.114461998306054 0.072592420389754
0.100809821707604 0.0284358308249337 0.113466840403326 0.037164164897467 0.0857213658763052 0.14341029559288 0.129111809461365 0.159531175883667 0.144409978387782 0.0579387169646711
0.00912769523548501 0.0558823720066039 0.0611032007029577 0.0968115425654413 0.199625158257236 0.00400854885616642 0.10820305417709 0.104575656514829 0.201470480071978 0.159192291612213
0.0256072539988885 0.0921650851920646 0.174143190711834 0.0617907421032756 0.192253961340635 0.110058748280072 0.0791774396771248 0.00712285710439523 0.0810133961559874 0.176667325435722
0.0556552894656022 0.135436164336645 0.186408808849993 0.0158793636198852 0.0130813221054196 0.166446063889494 0.0254708983654458 0.166403576902065 0.164028314375523 0.0711901980899273
0.135785428593954 0.151425489934482 0.0256117878237355 0.14070855920155 0.11094987514323 0.118714318227545 0.13156953673108 0.0182516000740259 0.126795252906374 0.0401881513640248
0.0473397335996152 0.0983450120442914 0.0312244849050235 0.234156768350696 0.0841871341256075 0.0252007154365817 0.00459360142400242 0.0658090600794011 0.236013669752457 0.173129820282324
0.165875817085697 0.139486937594789 0.056545680956904 0.0921475838747747 0.0480582907017879 0.137817267230669 0.086363807504452 0.119157178096587 0.0347562137816909 0.119791223172648
0.0884711614586766 0.00730496929073876 0.0727218329011873 0.0670428084962614 0.154392165186515 0.142091265076659 0.0447865650432373 0.13291051127716 0.137890435954539 0.152388285315027
0.116952709959482 0.0284011359539816 0.14070458844605 0.0848888085655971 0.0463835337740957 0.0881141613241438 0.0891580134288177 0.167815123295939 0.0808246598272479 0.156757265424645
0.0617580555523175 0.101240691211517 0.0754955447528972 0.0795871851465934 0.083336973819692 0.126119969639476 0.164633239438047 0.159519948260756 0.00726696933358041 0.141041422845124
0.121927935159348 0.189966338785987 0.0206197581191621 0.136702629599049 0.139443966081943 0.0397249834368392 0.0830465384688713 0.0352535949187306 0.18913594281334 0.04417831261673
0.0186027558020702 0.154126383740933 0.118098932418091 0.132435581267008 0.126309779433765 0.0569313182688058 0.0332058692691079 0.136715023261328 0.10702032067048 0.116554035868412
0.0995775303789972 0.00996781975710705 0.137499399306977 0.158077631313015 0.156456413600069 0.0143764949237023 0.152532235225873 0.0983355757466486 0.119625565027209 0.0535513347204022
0.173427843440165 0.0348718579057706 0.10856517021671 0.0292604985179353 0.120965448666917 0.121908591672773 0.0717831087424323 0.108615123676256 0.0459576940476907 0.184644663113351
0.140429824164249 0.208296668100928 0.0118400196838895 0.0787888534901238 0.0896998930375483 0.103268269286431 0.130443698476304 0.0936290234529721 0.0249426924451356 0.118661057862418
0.16842402235049 0.0405527884763204 0.140378724961352 0.130360664543291 0.135416754746688 0.00855246046711442 0.0722575405891284 0.120666764898851 0.0614015484723044 0.121988730494461
0.0344981008059553 0.0540839456572019 0.128828056234633 0.144463273743109 0.0152360980307965 0.134023645750669 0.10713657023651 0.133898431578182 0.139467499576842 0.108364378386101
0.1374811715433 0.0988439020194581 0.0977858713738151 0.0338776616577199 0.0110543915840015 0.143388087543413 0.144050278838674 0.118781159231459 0.143378579572156 0.0713588966360033
0.110036719928675 0.0569050845151763 0.156029899974537 0.120039494671298 0.0119566126521911 0.0609628996136448 0.153712703501816 0.125731048383869 0.072137821902377 0.132487714856416
0.121202433298936 0.00414516747522834 0.137096826889933 0.14507947933949 0.0906675301059744 0.0602597121753607 0.12684425082046 0.0303586328653424 0.113856278281741 0.170489688747535
0.158952314350553 0.0250921178931929 0.0814603418641604 0.0877043589111467 0.195019965835378 0.104730776019294 0.0853103995529491 0.122167257419907 0.0125568317079926 0.127005636445425
0.131203892480361 0.0954660342611342 0.0181386617327224 0.145041411556834 0.150005730271383 0.00861209874914347 0.140861104426347 0.0267349121392943 0.130606046446588 0.153330107936191
0.0445763426921023 0.161833038753925 0.0240677725295885 0.170734786104184 0.0144993137223037 0.154636366937854 0.171953001129565 0.0547356787676677 0.181754736799967 0.021208962562843
0.238939937053687 0.176410986191837 0.00181671179753534 0.0421747577022814 0.004348196700861 0.147812680677828 0.0086029717069306 0.203661907890713 0.0156409697194154 0.160590880558911
0.125686726543991 0.111895759223564 0.0164807636610115 0.0814668142257269 0.128727123794883 0.145547260040437 0.0430551749460291 0.1699842627681 0.0150422327367085 0.162113882059549
0.0942867581904242 0.0904913802042291 0.17655131862248 0.104580609073664 0.134130256815789 0.0497374248829295 0.0542277353037808 0.0549986372929756 0.121646316132184 0.119349563481544
0.159051113543788 0.165309003497265 0.170180266513736 0.15329724703994 0.0773257650011763 0.0212354559984633 0.0216457355167136 0.164189389405152 0.0662439873063189 0.00152203617744721
0.109342495896946 0.0567231640065762 0.123885782915704 0.0655906365376824 0.0441220302543983 0.0557503675840464 0.0777127346269938 0.19434648828584 0.185015289509562 0.0875110103822512
0.1048174535185 0.00369591157380621 0.172960956858797 0.127334578999607 0.165458753127137 0.142557868045028 0.00213455167808238 0.149021853971915 0.0854714940833312 0.0465465781437972
0.0221882598726561 0.164242555096745 0.128452344868845 0.129120132154672 0.055097223166526 0.18015064255518 0.137338216106321 0.00097008859411987 0.0325788759544938 0.149861661630441
0.144636441202298 0.12521245231306 0.133584018244258 0.0219612139731382 0.128626054517805 0.139041706730686 0.0501829427545944 0.0578146777004894 0.105876374102113 0.093064118461558
0.0758646587009241 0.0757857714588014 0.0849529236885694 0.213074141078023 0.146875415786758 0.19598476671002 0.133735742646458 0.0312460980183031 0.0156359778239957 0.026844504088147
0.149477950588214 0.152159735554843 0.11558277316008 0.149711197148925 0.0123260963439087 0.132933053400614 0.0788150374824919 0.0109447159601153 0.12420441055745 0.0738450298033581
0.0603447612198699 0.133407108451329 0.0112514072124739 0.169039213799497 0.111413897131772 0.0750157380064091 0.00392798523410003 0.121614295236772 0.172832781327937 0.141152812379841
0.0993791749976025 0.0748384380342839 0.133991350115096 0.159304856781581 0.148141607419191 0.00307181974614851 0.0781438103092425 0.115601056259631 0.102217979021684 0.0853099073155389
0.0888738806164552 0.0140871760623525 0.0722191095774811 0.0359020695513472 0.179274768519171 0.0955767504798146 0.128760844505289 0.175118570878472 0.0919244946014076 0.11826233520821
0.0930601906333032 0.11532086460563 0.0195550166161608 0.0671049351232131 0.202079507911104 0.204800086020383 0.0661923604128135 0.0237257058910304 0.174296326823675 0.0338650059626876
0.098385197104108 0.0820361022760981 0.0583740051804303 0.113769495151831 0.142457757715803 0.106514358152206 0.0236615755798132 0.124747444955209 0.132915227234496 0.117138836650006
0.0899889518234118 0.11636673104153 0.140485754817071 0.140208179041445 0.0610125226948459 0.0260195111915976 0.0594571936444214 0.154601354532849 0.113410988572366 0.0984488126404634
0.0148668975896588 0.0619642256765284 0.0478345373867638 0.192383722905769 0.0851342698015051 0.104227296139804 0.0649314527329658 0.165509994946134 0.196526353218989 0.0666212496018816
0.0478726329744466 0.0954209156859843 0.0654166541163594 0.15742770092358 0.14582084587979 0.0341863555798205 0.146892962282006 0.106932701036729 0.089095901213505 0.110933330307779
0.135241958867252 0.110607703336323 0.159052607274784 0.0285018546371143 0.0820687600218714 0.127644151321651 0.0758759299844219 0.0838040411667642 0.0671383340440737 0.130064659345746
0.186080061370229 0.0218899616767627 0.0678788085402598 0.0741441896508276 0.0115262923771543 0.206953648670037 0.121654180225294 0.0645283278303673 0.059634522902688 0.18571000675638
0.0615878306851737 0.0669720076339385 0.145072794935873 0.10857814862161 0.111093239169131 0.148536866744327 0.0661427261709763 0.0274761761354625 0.130280446109816 0.134259763793693
0.10501663773501 0.126885292341251 0.130331386719315 0.0185598589712128 0.142694944323449 0.0124999203489476 0.296543730816954 0.116240114095501 0.0460871242739683 0.00514099037439028
0.00224267084435525 0.25309846945583 0.192329292016771 0.0954893269240399 0.0729322623536942 0.0232203674151492 0.0175513876733521 0.132216225077852 0.11807096584475 0.0928490323942063
0.0958933764340746 0.0821134568499761 0.0982020175743513 0.0586817395884261 0.163959525729605 0.0241064820410038 0.0269677180844521 0.162395324018129 0.149261714188845 0.138418645491137
0.0283262904850249 0.0563191486014986 0.128924108802042 0.133433331251286 0.18620600346038 0.0867691374339617 0.0115097060292536 0.125375693481759 0.0894146539370491 0.153721926517745
0.188218271519084 0.0484239250810176 0.197086552989727 0.10966401275116 0.205337647301746 0.105537816047701 0.00801378104357628 0.0153984625548311 0.0379182308149946 0.0844012998961626
0.118977111774879 0.174287345024514 0.039233212737066 0.110561720414458 0.121590982454963 0.103029671908463 0.0375613868746212 0.104569019027508 0.0219756415190973 0.168213908264432
0.117530391675703 0.0921532321581439 0.112999026120443 0.149826347502939 0.0688751155753437 0.0955703701732979 0.00935070501882112 0.0916605114778449 0.230257740717759 0.0317765595797037
0.133528024936733 0.00835504257016795 0.13970868860608 0.0412248728052362 0.0400461346789184 0.178655466935406 0.106907084576559 0.148467470887906 0.0459708696293914 0.157136344373602
0.151451025158093 0.111529569367996 0.00126926557133251 0.150812492676306 0.102309460104174 0.0664816817420449 0.156617952779356 0.0561826888667758 0.104986633736899 0.0983592299970233
0.0291844727502554 0.0316518709185106 0.0847382985394444 0.149457828847851 0.154367693465504 0.117542510921736 0.198007047611845 0.120046007862299 0.0834525861372803 0.0315516829452749
0.157869153884202 0.0621998513198106 0.140325598528203 0.0245198879658692 0.114850008906891 0.12441341806546 0.156288957310545 0.0804611019711484 0.0736085068162945 0.065463515231576
0.0893105623373868 0.0562174683866755 0.0830442897572047 0.169362467077618 0.076667770216091 0.0381318786646793 0.146640166826825 0.0358731909872868 0.186194065980606 0.118558139765627
0.0497584234524715 0.119526373947365 0.136609912153853 0.218194953164563 0.15681167635912 0.0671310487237168 0.0961756001694212 0.0118991840788741 0.0442937934055832 0.099599034545033
0.00523290139128488 0.12668143892304 0.109301724943926 0.126973831839016 0.126667484152782 0.137365266979586 0.0664571381207854 0.0980472650188649 0.150170198045808 0.0531027505849066
0.0447049027848068 0.0282972239099569 0.0762218887983086 0.112632690574064 0.146532405391365 0.178798313207287 0.155393015099349 0.0832157945027695 0.0150914240153258 0.159112341716766
0.200637479879119 0.0959750346253486 0.0949041731680518 0.0302516065808099 0.0866510675823566 0.134392116773372 0.206522908941962 0.0288719004497275 0.106062975564807 0.0157307364344449
0.120610758611709 0.124037305190768 0.0905477166814715 0.145947839717186 0.0893829963605746 0.0901304308344047 0.0922400126758779 0.125713129146117 0.0581369174037432 0.063252893378148
0.194603569429827 0.122134977744343 0.0666271279993312 0.133965508045373 0.0267272422265982 0.0784415713484 0.168678173078587 0.0347185051493654 0.0333440687348776 0.140759256243297
0.153620290133721 0.0573832617322596 0.0778780089349804 0.103476199958093 0.151219284072484 0.156109568522789 0.0930029631609695 0.0291651245238746 0.156404294005744 0.0217410049550843
0.109582836958094 0.163641131455964 0.153185688251008 0.119084659456102 0.134798085319603 0.0128712501198397 0.124447944440088 0.0583217036973102 0.0496571918236859 0.0744095084783059
0.124098714935318 0.153465577420599 0.0266170141936993 0.109730924003643 0.149985175270729 0.0319712714380213 0.134608065267107 0.0944699826001491 0.119028950707913 0.0560243241628218
0.120981749504682 0.0280857306948205 0.0287237102343095 0.146255477540285 0.0708499356680483 0.0108524706583282 0.124268351458394 0.152434394237826 0.160032880132847 0.157515299870459
0.1933488127717 0.0141694008145841 0.074136024564612 0.188280163592521 0.0609597552379183 0.145942476996207 0.191136462254959 0.100928306047516 0.0254478464991564 0.00565075122082714
0.12294676328696 0.14093479603213 0.0715027757276883 0.115908524913785 0.108432606039604 0.125583972686281 0.126465368918087 0.0998429034071314 0.0312874192237812 0.0570948697645526
0.125004576761044 0.154622434238805 0.0111776613293905 0.0784440702952812 0.148932974040367 0.0719191702380637 0.132956726033418 0.00541370215662811 0.120624810499035 0.150903874407967
0.100458441662521 0.0630964091495418 0.0942003722280412 0.185531172784739 0.173075133730131 0.00940436745169623 0.0520608692173895 0.205658411004809 0.10157938017566 0.0149354425954705
0.0385894682797436 0.173443876798899 0.130554688524766 0.00427975732224053 0.0416146890522865 0.0419595483123615 0.128818431651319 0.161810312580915 0.0877250768816821 0.191204150595787
0.189972761558662 0.0158070866352053 0.0127793388961905 0.0185857533050447 0.00507419315975232 0.189148049223223 0.14996548286047 0.242345702987158 0.0463699017369965 0.129951729637299
0.178297309133292 0.149527620922984 0.0379333433349216 0.0711704830627445 0.0859181214042159 0.00494201274308159 0.159728401017344 0.0671723719842259 0.050743521282115 0.194566815115075
0.108080888904448 0.00657375778643693 0.139284529610171 0.152840093808031 0.109660758373194 0.141721546242458 0.1351682438976 0.187882901367467 0.000942757895656879 0.0178445221145376
0.0618014648250446 0.00697636276175139 0.166840328563156 0.00448575618750929 0.0640656687399918 0.151102053291253 0.107621713904934 0.223653259222202 0.0248542103364459 0.188599182167712
0.0948934384058112 0.0755191375261386 0.00866149757983121 0.141452501245305 0.11538452476722 0.130344315081249 0.152730360378071 0.0565887717864321 0.106970727592486 0.117454725637456
0.183535412974522 0.0627970838974512 0.065111282805119 0.153872760073328 0.0846072922328752 0.148289159593338 0.0653870287179115 0.152237791952634 0.0127699826003069 0.071392205152515
0.140986619320156 0.0634131487683307 0.146999028015147 0.0988938676313083 0.0710154569392152 0.0627166719023867 0.0415878061441467 0.161102459076566 0.0853673626336897 0.127917579569054
0.0552219092525773 0.154670001918424 0.106728959122391 0.113574346083659 0.0145588161244037 0.111622763958378 0.0512604106822961 0.0928656488914688 0.160232413181478 0.139264730784924
0.000542558845366494 0.0222910539237171 0.0731602151827779 0.176361307513391 0.255640202154107 0.260715932630086 0.00864560291460331 0.153720583311374 0.00961539010168707 0.03930715342289
0.167326884744637 0.202811603566094 0.159375153646291 0.00151134497922551 0.0176717435464164 0.129723653779976 0.000983280082769117 0.108754416616393 0.201770089392296 0.0100718296459026
0.155107285621984 0.16082400033764 0.161162280716047 0.0526507051386713 0.155320293816823 0.0910012457779348 0.0399613603283516 0.0532079392808053 0.106236531474789 0.0245283575069534
0.162181910426091 0.158472351793336 0.0695845350227916 0.111350733372055 0.0298788863387574 0.103774302056838 0.166743081509782 0.0877986177150627 0.103907092212232 0.0063084895530534
0.0722564253160503 0.0370513164324199 0.181279690771991 0.0241947186889925 0.174835642366933 0.0329982787218529 0.00918660949473486 0.150295143776798 0.193036414775038 0.124865759655189
0.111348466524972 0.160040045281451 0.148455287495151 0.201081751506812 0.0395112573868668 0.0778045727999099 0.0358839606920145 0.0301165978924376 0.120567355040304 0.0751907053800809
0.157653828556018 0.180636550418993 0.143621200803126 0.0703490177876334 0.148157068809524 0.00898321652408238 0.0600751029130347 0.0559239780831898 0.0948861945053848 0.0797138415990137
0.16005794789065 0.0698320618011133 0.0759791063482833 0.00879869751230633 0.0441600799486705 0.166693612570443 0.100268317304353 0.24938489789978 0.0652007972407039 0.0596244814836977
0.140605409453279 0.113981640909298 0.0748911126463076 0.0453711581826431 0.181858143842556 0.110191866056215 0.0383145351202864 0.147325878902423 0.0113401297457503 0.136120125141242
0.093214873675408 0.178098441128258 0.118730732067262 0.133982901263096 0.0644493586046804 0.141906083503545 0.000619880331692017 0.101650638974535 0.153091825737178 0.0142552647143446
0.115741851679794 0.0483002146834017 0.254732209800135 0.0365186288615351 0.0297635272115741 0.0543179111620457 0.0883472054147388 0.0890232855391065 0.0339579385099519 0.249297227137717
0.114493149736453 0.144727140460414 0.0608220412954466 0.116002742799237 0.0224896202183487 0.127531245836242 0.162344417481471 0.141420674267939 0.0926241722674629 0.0175447956369846
0.213461628845888 0.0490531718321608 0.20669221503512 0.00521642694431294 0.209129270145113 0.0304747307979708 0.024617477250673 0.0619304453447223 0.137724466776166 0.0617001670278727
0.0932702356512189 0.0284526924408471 0.124301271125674 0.176790561508298 0.0201145657226827 0.0525493489546696 0.144549733272099 0.167580867034826 0.159888519492446 0.0325022047972379
0.0232640129077376 0.178228783962981 0.165288669440873 0.0923378510596191 0.103259602248515 0.0670877671237235 0.133674251789711 0.000437967407083236 0.0731936596877475 0.163227434372009
0.121908748918096 0.147165696403554 0.0965160853990907 0.0553887265057339 0.139103875017617 0.149934286406663 0.0250585396937688 0.086010374057775 0.0363152701379257 0.142598397459776
0.171054816838264 0.189022762299993 0.102182217985296 0.0138567053920179 0.14294889489829 0.073068524200277 0.0585154436984924 0.0961874487603134 0.105214052418414 0.0479491335086428
0.130544731691191 0.119364842214814 0.13166558317382 0.107910699885857 0.156305539378983 0.0320597276609647 0.0879502695052171 0.137686347866569 0.0484733349777509 0.048038923644833
0.201856203074839 0.121101046449627 0.117673819756145 0.0219266349546821 0.164044195623461 0.0357288132408575 0.212093102189915 0.0641820058703376 0.0337894899429064 0.0276046888972283
0.0271860889797006 0.177565006034901 0.062375161598426 0.0867124518883571 0.0579586079723117 0.24030956769873 0.00530726507374562 0.171161054518868 0.1373651605685 0.0340596356664602
0.160033732428782 0.0367072148626093 0.0282375488196608 0.0893892494132262 0.0495098693143987 0.15488562007819 0.116102920626952 0.0505129902320932 0.174850134139809 0.139770720084279
0.0299238266146833 0.0382621747950106 0.144202162854807 0.0859082356685025 0.139284753995605 0.175751344457386 0.136758802259519 0.104537067043486 0.0348514106018715 0.110520221709129
0.177430378078422 0.0756094605566241 0.0463949636511392 0.206040467972999 0.0891733453167123 0.0108125168974892 0.064325412702964 0.173774991450316 0.11574111258449 0.0406973507888452
0.118773964323249 0.0467510087305209 0.0909685009628488 0.17098342807811 0.173963461884416 0.0337282562498621 0.13985970376512 0.0620408700376745 0.144266150910945 0.0186646550572551
0.0627342824659875 0.0333194037540054 0.021085059507968 0.19319574108716 0.110044419136518 0.0110030302609352 0.165704078485115 0.197094129711837 0.0169416314284798 0.188878224161993
0.0972987968097552 0.0178712551309284 0.024993462439286 0.164326140651478 0.137713394974875 0.0932331357198155 0.171739913000315 0.0221067407455726 0.140654015868781 0.130063144659193
0.145814635398292 0.159878034939018 0.0893166118477781 0.08114379463134 0.135210795634489 0.0393397172758795 0.117334407812366 0.00575517215285417 0.148611493792656 0.0775953365153267
