0.105862243755877 0.125156255459312 0.185316067951408 0.0570259808589492 0.0302836114358519 0.165918879026754 0.0515949307239174 0.168203493624591 0.110638537163339
0.314012315853085 0.0116717128737203 0.047535338800575 0.299081290339786 0.0246259292349074 0.154367173707788 0.08208766173023 0.0550329773002229 0.0115856001596855
0.158467777388994 0.102215531273068 0.129303483855916 0.161373067633368 0.151684257245503 0.142802385874936 0.126880291572827 0.0168488516785017 0.0104243534768858
0.100943846027536 0.131389921506193 0.00367478198050048 0.157976902043204 0.0762451731855347 0.119155516277391 0.102962427439238 0.128743758572418 0.178907672967984
0.06242944673302 0.158348407107374 0.121511770388662 0.128809721766241 0.219076258493154 0.0650161152277207 0.0675733659514581 0.150045293517931 0.0271896208144391
0.0889684807459723 0.0431476591364442 0.152720174605834 0.0600164809843961 0.144167962720753 0.0846863486917248 0.186723611730176 0.0609444488519804 0.178624832532719
0.053476182391233 0.176696261550395 0.155532762744538 0.00444647015363466 0.16767488021424 0.0453136843286016 0.134480679221607 0.128827147783168 0.133551931612583
0.227350648052825 0.0688037572448021 0.0567058854408796 0.0440367995667967 0.155491759033341 0.0786058938735049 0.075927122475723 0.0749133708286315 0.218164763483497
0.0950944147354936 0.0466217744126848 0.140149651800566 0.152340371643062 0.0730809377559589 0.11811340046766 0.157096685058283 0.0819805962203633 0.135522167905929
0.195047821601491 0.163372053189053 0.207494428380473 0.0148670777677875 0.0902330496479419 0.0273848949543892 0.0588796143580785 0.201353613078596 0.0413674470221893
0.131434378891851 0.24723245446682 0.147752442733836 0.0511207032959005 0.0280823200515544 0.0418288935504958 0.103500107421788 0.0935966347300345 0.15545206485772
0.158226501201786 0.184937137426416 0.108060466551304 0.189422463907065 0.00566790228488779 0.0598343948259756 0.170970915723695 0.0932708364823153 0.0296093815965556
0.214903447660399 0.108468406593798 0.0923982741015418 0.106684858372054 0.0257332042868408 0.0450928773979553 0.100078139839896 0.198651060088306 0.10798973165921
0.196477353134682 0.101294404846946 0.148048223458952 0.0149048162670151 0.00620459241702866 0.042396983497272 0.115019914855319 0.193608191242161 0.182045520280624
0.182605587775913 0.148824590726867 0.185884220951913 0.18834020293939 0.0116701479673047 0.0609089957843614 0.00773281466006595 0.201819687962053 0.0122137512321318
0.0295038140442088 0.00619272792277177 0.111703032811731 0.163645306747804 0.151760653881271 0.145311197764164 0.173417082279119 0.0760868682945161 0.142379316254415
0.121613985009869 0.0676485882063662 0.0797814346794077 0.0409005773800951 0.170025933537141 0.173920488952752 0.0242839765950189 0.184204794596705 0.137620221042645
0.14969986744369 0.0665425653376725 0.0387825314787422 0.255626771783093 0.247488154799909 0.000603020596506012 0.146334407301919 0.0855735143649022 0.00934916689356629
0.150542124263546 0.105655655774756 0.122675045334078 0.0723598246016227 0.0260323743092608 0.119391410096512 0.162359967057721 0.15396918049386 0.0870144180686432
0.0578564882063105 0.207585292729272 0.0282037701849575 0.149570377996843 0.0142664927582278 0.149313059071383 0.184430826031556 0.0630287485608137 0.145744944460637
0.0909725034679506 0.122682019627683 0.0812834629131249 0.167405138590203 0.173331101675197 0.158894854338049 0.0120755398665265 0.1568806349938 0.036474744527465
0.0185726753725801 0.101147505806871 0.161875322873852 0.197746622401818 0.115281095632196 0.104769033780702 0.111942100004315 0.171343121388729 0.0173225227389378
0.107644483162786 0.111834662211011 0.197413053211713 0.106216948609307 0.124052617188677 0.0973767752661199 0.0149148018253724 0.0839891277805698 0.156557530744444
0.218045781881811 0.169329392189238 0.00136644197467418 0.0376324521831636 0.146017740815926 0.196170416874167 0.0339543028062974 0.0219794309557294 0.175504040318993
0.0267418461811591 0.0499515573095064 0.185173200962151 0.0492075819486833 0.144369453206473 0.0964485108210466 0.153298137276416 0.181983509578537 0.112826202716027
0.0167088036078008 0.146664312627799 0.199877200593159 0.000699748577778154 0.129860094807489 0.144584643014072 0.0721903626102737 0.141640273396416 0.147774560765212
0.161445898009072 0.196050534003795 0.0459171655657932 0.0876604668559202 0.00867571925934301 0.133422230954333 0.0935375308500629 0.0975831948724009 0.17570725962928
0.0519246132671354 0.0810896200676926 0.132326088522545 0.106147194197927 0.0821195414167726 0.115000372839236 0.138819469558158 0.158289044742359 0.134284055388174
0.193052969022595 0.0110443732089881 0.0275495901559658 0.113270960368843 0.204289510758165 0.212181898145677 0.196974882200852 0.0258032838517832 0.0158325322871324
0.114873394949102 0.097872044622604 0.122091761177409 0.105307682436262 0.0757214702499646 0.145197475650592 0.150785737023058 0.0158235736383463 0.172326860252662
0.0330904674755737 0.167310826709365 0.200382266111285 0.0443472660780137 0.159037973095665 0.14749577239278 0.00283159395564114 0.192589822996092 0.0529140111855846
0.167200476351982 0.0211995970903241 0.236160214442516 0.167010869587206 0.0751681474665889 0.158696431014154 0.0303219798093047 0.11189911169938 0.0323431725385445
0.102386926099997 0.00466926465624276 0.0588107241776925 0.139782035059545 0.209041082003244 0.172348470650649 0.169671481741104 0.132856448147335 0.0104335674641902
0.125956689540452 0.155343972074193 0.063133116771873 0.110932282356847 0.100353940745256 0.102405996923687 0.133574133752928 0.116257804114694 0.0920420637200687
0.00843849904259281 0.236458727379905 0.20114139445305 0.00446113225452873 0.0640747946315834 0.0778690679274291 0.141417147044857 0.106147884244491 0.159991353021563
0.0835348591546974 0.159611751160121 0.024257029144701 0.129532213556297 0.139149002217826 0.116670447382837 0.127094152012392 0.0762510802703218 0.143899465100807
0.152359496073936 0.0975896467913387 0.160002798814744 0.027113777225233 0.184528100062878 0.0970511900071889 0.0988796686993371 0.170435583799564 0.0120397385257805
0.112697210530321 0.157810400190286 0.0895370557368711 0.101103389633135 0.00198087741568726 0.126291047736869 0.0677878843286251 0.161522416468607 0.181269717959598
0.0102948231729974 0.188110134398421 0.215989617128285 0.246217493786409 0.2044183560073 0.00218322219277935 0.0498102051151296 0.0406683832262207 0.0423077649724576
0.0656668032419938 0.114599125398101 0.228214832304963 0.0706618906479792 0.0617267224443271 0.138895139096397 0.16770302676666 0.00832729641876522 0.144205163680813
0.079002257944528 0.159331365205249 0.0441021387820466 0.0770438364956977 0.065235503997023 0.196845938942863 0.0538778877870399 0.186961218089274 0.137599852756278
0.112146892631592 0.20782597692937 0.0475397230495964 0.122910336918925 0.0987771445786248 0.249209108812675 0.0349144115473463 0.0459838968899438 0.080692508641927
0.00657453734186193 0.0810198304067821 0.206892912400036 0.00370249928575339 0.0775152436401279 0.127256932766045 0.235369030371356 0.0892860923550638 0.172382921432975
0.189505576142904 0.0220845747023485 0.193371429543947 0.0875280175731955 0.0955255793879218 0.0810740167737591 0.226684667141186 0.030857320022564 0.0733688187121745
0.0731327041501532 0.107427534187629 0.148045944541811 0.106871099007951 0.12569725020335 0.0813681384315676 0.12818145266023 0.120494276807617 0.108781600009692
0.0289712293074242 0.0864312548732101 0.27324415774985 0.11013706657707 0.0472719946354934 0.287099699534709 0.0537538967316789 0.0709406412521907 0.0421500593383736
0.205655475713339 0.216892169481185 0.0838387808521802 0.0145852800373412 0.0217383090127969 0.13149436021409 0.0563590160547349 0.0955334499762361 0.173903158658097
0.0487920567559447 0.189020984281213 0.120876973521346 0.185543849531109 0.188925646790496 0.0440904735598638 0.000789663779147205 0.174494686679767 0.0474656651011137
0.124651439640887 0.158034216706451 0.0385063440611157 0.0909585613015098 0.134402223595944 0.0847449437992721 0.160861069527338 0.116582876486549 0.091258324880934
0.11461533343032 0.111006026026515 0.183862705954949 0.0330788047866059 0.0411929476640508 0.0828939111633763 0.0722124863599579 0.170475845551425 0.1906619390628
0.0301601944472303 0.0440602440890433 0.180171185149564 0.182332727704818 0.0654946486927689 0.191389513960965 0.0632691445504293 0.050600733953175 0.192521607452006
0.0744721489605589 0.126133457610545 0.11273308438611 0.144329829138319 0.0499780426775527 0.125208191038583 0.125329612255869 0.15530383754571 0.0865117963867523
0.296815541765414 0.095476864994279 0.11613612150163 0.0801808336168974 0.12833775119499 0.0241792206511893 0.126289315372285 0.0282941242936046 0.104290226609711
0.141925741376841 0.103939618639684 0.134218043879556 0.117259615801213 0.0605592419320184 0.124318983236426 0.123351392708718 0.015826793488781 0.178600568936762
0.0685036296170035 0.276020617016693 0.00225875307042315 0.115380662354341 0.0392326902121354 0.0266073775672393 0.0518570498177336 0.239160736132442 0.18097848421199
0.141759530264204 0.0995245618324113 0.0363228970281637 0.115399717880162 0.190088914567561 0.104724510307601 0.0616258784889506 0.152377886748409 0.0981761028825387
0.113425154971637 0.0387994299248047 0.0224333455439483 0.118232765481697 0.147466082486549 0.168321051985545 0.12997799353135 0.169998939072752 0.0913452370017179
0.16538409833367 0.0010749973892168 0.182349345197367 0.0983522430874716 0.0825971566169907 0.170389072664662 0.0143485607113388 0.157241088347397 0.128263437651886
0.157775633738588 0.211772898486505 0.0207332514413562 0.121243785169942 0.039267282777759 0.160089510294545 0.0429028220879583 0.0611923428104694 0.185022473192878
0.056920321559213 0.232186797661693 0.224882355799523 0.0516761044259042 0.0767389434254773 0.0877778092015827 0.0810242458317084 0.186097059054928 0.00269636303997019
0.0334319808024741 0.171197295358833 0.149730426111299 0.0884036539911399 0.00791349459664743 0.122893953100027 0.202430274994391 0.0430425232777023 0.180956397767487
0.0605714876849213 0.16321328933304 0.046770112427442 0.164317760299263 0.129306985371664 0.151129909603402 0.118419595517138 0.165801180879216 0.000469678883913564
0.18620600746062 0.103645506921013 0.0813389981584295 0.0176330110312893 0.146526732619503 0.0778776224485563 0.201633742825895 0.124215427606062 0.060922950928632
0.0497168441080423 0.0481640266476352 0.202524892767016 0.168283348693643 0.0906127408821585 0.0566451792912524 0.236604993544265 0.0141085942359218 0.133339379830066
0.171701904359063 0.0885829344880516 0.129446294955458 0.163825125208597 0.145573653603155 0.0199371514171512 0.00254079584271695 0.104955422053802 0.173436718072005
0.0923837863610412 0.217226511509406 0.219076516287971 0.0534044118665266 0.0993302665707702 0.136694462246026 0.0513019751124041 0.0713660697259345 0.059216000319921
0.10888763537469 0.137109343680814 0.0486278052188064 0.0919440401115508 0.104384995968958 0.038662010661098 0.257292015092504 0.0851330335421287 0.12795912034945
0.157626597014598 0.203186181727569 0.066560483657833 0.0732429563188048 0.00046942886202158 0.106162531525369 0.111565797307199 0.222407809496986 0.0587782140896188
0.15357444582402 0.0200617509299287 0.103157288513215 0.194368212134635 0.150801166335421 0.124446672844318 0.0426797916339762 0.104425432669045 0.106485239115441
0.156642262411453 0.108869112798756 0.147912828299091 0.0596185690769229 0.05664738826214 0.11629059380289 0.0980528491642104 0.143240589593824 0.112725806590712
0.142707584333042 0.0910863241703544 0.125564040566789 0.158589741844885 0.0685124160169854 0.0315063419560041 0.0632673863653429 0.191248065014169 0.127518099732428
0.141162173649037 0.0119636728993005 0.119192889358683 0.0851330712728236 0.0918305920743382 0.148384178777062 0.160423977780835 0.136731291486827 0.105178152701094
0.202404637195695 0.072257621430435 0.137120127593859 0.147861023119335 0.145514464268279 0.0780515770254043 0.0796715303937472 0.0356144351016548 0.10150458387159
0.0753743798175168 0.00910935624548809 0.173175048442781 0.00387786155948958 0.103333540916022 0.137431804243348 0.109853734489978 0.222850358226437 0.16499391605894
0.0331715974221132 0.176484076224536 0.115223911504898 0.131684836561287 0.093418442724944 0.0257868410626999 0.146840307110361 0.179109616206868 0.0982803711822936
0.100946855437491 0.0705829797863799 0.0115697378127031 0.186491771013714 0.0553212860250196 0.240452588512248 0.26805433366882 0.0360479139491836 0.0305325337944413
0.107304449822522 0.0116615007884157 0.173806806864801 0.123013151414694 0.179533437251807 0.0663366316852286 0.195224402019604 0.0340539848642033 0.109065635288724
0.0738152542313867 0.131219908597522 0.00969415546264213 0.177491257375823 0.0231009679090729 0.177018940170441 0.216941325840925 0.111888740897238 0.0788294495149481
0.0593467222375134 0.092622845364608 0.202683765066128 0.0207881789667243 0.169663347210486 0.0993613138867835 0.220496126086884 0.061046583672684 0.0739911175081885
0.203976261325305 0.060207623136613 0.192087676141722 0.0466031487344714 0.12309743389782 0.0812390885072389 0.161201385617757 0.126778557061771 0.00480882557730246
0.171244235855422 0.0945560175883464 0.155116960225862 0.0617278531428534 0.0814142058417545 0.00945298789353498 0.131757848320382 0.149123443743045 0.145606447388801
0.00505143576233406 0.184846162032576 0.176860096438919 0.0150455130414546 0.148010291310173 0.0907406258340784 0.0782724102748563 0.125287669596471 0.175885795709138
0.0704288234572786 0.146218716900238 0.030627192759445 0.17332575437806 0.140380087637811 0.174943953534375 0.00515500392763895 0.166679096189786 0.0922413712153668
0.0998184082696262 0.0646149219717227 0.193003427359183 0.107970527463207 0.113296572003625 0.0758043070104302 0.186089398458638 0.0715222140242532 0.0878802234393155
0.0578195960983076 0.191480486518478 0.0692889424001514 0.172612306912907 0.0857545780741238 0.180573788618101 0.0239158863060444 0.103370670017022 0.115183745054866
0.135771387593113 0.142450006522423 0.0448728988975789 0.0870253972976534 0.0683150296849459 0.0405760784266873 0.133394087216219 0.186766879961069 0.16082823440031
0.0923649925879133 0.0104417004240185 0.189949111013662 0.1674475117052 0.201236404115212 0.119235188958274 0.119044756499771 0.0732681457096707 0.027012188986278
0.0243216353259653 0.172066635834088 0.12052527168245 0.112818732033113 0.0528915691645947 0.101159235149288 0.0790498203802253 0.199217240900324 0.137949859529952
0.153548894188294 0.113292488621974 0.0189004977496352 0.109227622165563 0.110209618834505 0.0713634144286562 0.0955671089586213 0.173006133854098 0.154884221198653
0.21293112696956 0.0402576508851295 0.00163233683098146 0.216852192600884 0.0934474698286948 0.198179091617078 0.177684542575451 0.018636437183733 0.0403791515084882
0.181161273857486 0.109383012331933 0.18784428145113 0.0892222235780144 0.112605091828114 0.0804843596547904 0.0655854474610549 0.112811073454076 0.0609032363834023
0.163922895466921 0.141803025094109 0.0103464525684346 0.173015968379991 0.0319184369161858 0.0621390867799848 0.162636819436896 0.0757067997882411 0.178510515569237
0.202905081561632 0.140282527420669 0.079990277459817 0.00336282834272417 0.166675724696409 0.257422752256217 0.0476002735876497 0.00163020174626476 0.100130332928618
0.229954012710765 0.122450957646109 0.0424007167971273 0.251306416522045 0.0495984804505172 0.00398469866559136 0.11098167066685 0.158908206589986 0.0304148399510094
0.0424026983254314 0.0844606572554246 0.131814609574275 0.118418017783363 0.150928677074646 0.0367608063613864 0.177592957364262 0.0727064918930722 0.18491508436814
0.0623789845770959 0.125409266005768 0.0158594401885432 0.0741932214014688 0.0637922439191703 0.150616711991344 0.109916084842314 0.177963206907335 0.219870840166961
0.139673847528694 0.100436342932893 0.134482837005906 0.143634647279772 0.108239310483088 0.108815397535219 0.0899097057189775 0.143170087190312 0.0316378243251393
0.244088202557252 0.204126549324225 0.0525459879594975 0.0456916647733187 0.0290794854075879 0.224855957588004 0.0136392298808956 0.171110869576827 0.0148620529323919
0.131876377555989 0.145929449785522 0.16561365883037 0.0786905871211232 0.00114376992627069 0.18274627309667 0.183242632779061 0.0150842957652765 0.0956729551397193
0.195238852567772 0.00894824173455287 0.268320958644272 0.194565109923681 0.0522880669681097 0.104844590822733 0.0552779555122825 0.0427942874425257 0.0777219363840717
0.0332786783858966 0.162083922049368 0.0247012891729386 0.0388853149440424 0.182380908588565 0.159875216583964 0.115218150147314 0.18287367754356 0.100702842584351
0.00061448640981954 0.123125281753189 0.104193075382006 0.132647215655698 0.107654552691294 0.188521733318559 0.179039880641665 0.136199296467883 0.0280044776798869
0.0121562461631574 0.124088627445125 0.0841809182295733 0.0432375338205851 0.116757198902843 0.0754080942502016 0.187649855787875 0.178053227235799 0.178468298164839
0.0698358110577162 0.0764070154283933 0.100308477275671 0.143770463583186 0.202752345145091 0.236164684590088 0.0711480463139435 0.0447794813729366 0.0548336752329742
0.0567175311855163 0.0496616531405083 0.0484610391313207 0.155413260727908 0.0443112199365956 0.179149664235701 0.147252088228126 0.17195223197831 0.147081311436014
0.187329115684944 0.125369411183799 0.00361517697962695 0.090139060662202 0.0946939903458303 0.15537240882192 0.0430712740398629 0.145115187151803 0.155294375130012
0.00895684410650999 0.182573064107257 0.0592680679102103 0.293067309014182 0.087636959348133 0.177667707502936 0.136684454828206 0.0208985956256428 0.0332469975569238
0.0118563007844658 0.0721451117313954 0.0141273378828264 0.154236585658085 0.0875025276517169 0.143530636848036 0.20407444919734 0.120244903951044 0.192282146295092
0.17434641109218 0.0120842866553027 0.139763128702337 0.0341743534132136 0.142886177900181 0.0856964767902965 0.178874809357143 0.0976981325394317 0.134476223549915
0.141968364146967 0.0905490766213805 0.10198988963777 0.0316452752719214 0.149369151852298 0.143476141421178 0.263434661474679 0.0104558627644708 0.0671115768093355
0.145075716169572 0.122803064260018 0.055734667202641 0.151865956717526 0.151442235407552 0.0444524162839421 0.0979296590017489 0.0378984979044074 0.192797787052593
0.147041566089825 0.0885044329000688 0.0438866959313279 0.0873524012148203 0.0572431613205421 0.12012136031124 0.174848299712144 0.148860426212711 0.13214165630732
0.0986724189164639 0.0166287883167409 0.18281373575183 0.122083282640091 0.20373161992816 0.148224516091721 0.00376485627510824 0.183507669612934 0.0405731124669512
0.0178078430213981 0.189252140865266 0.17783068149903 0.126817236558843 0.145114120030431 0.00571393722489095 0.115637450375355 0.107830420243824 0.113996170180962
0.0553750314399564 0.174376792631956 0.0566795825365077 0.0865471128361437 0.164121785896726 0.0517878487910173 0.0941934634314182 0.202697115862116 0.114221266574159
0.0856454090052637 0.166804651164451 0.0994752063720011 0.0660484492688368 0.0138140767583395 0.0798247445981718 0.0964302928745055 0.148044596110654 0.243912573847776
0.052818777223891 0.142403994642042 0.15203908467371 0.149708582066839 0.10294294445262 0.15391252837979 0.0324639868643867 0.0610186907061307 0.152691410990591
0.0794508450121137 0.228090195058643 0.0165786032651588 0.230531973332555 0.109698660975575 0.0214127107045064 0.144019766541367 0.00430135713666901 0.165915887973411
0.122819609185457 0.0493400889817549 0.199173023263851 0.0368224606301827 0.184545915120979 0.0880329189293774 0.0577602423444334 0.124081317730264 0.1374244238137
0.0567250393646676 0.0935468799412313 0.128190139234882 0.110233757529511 0.0864289951962451 0.081384075151273 0.12801209953409 0.179188726349291 0.136290287698809
0.159336548717144 0.110289263321456 0.0661308239437551 0.126346588399622 0.158899459054663 0.152766142551026 0.0742926716909797 0.0545534920317968 0.0973850102895577
0.00572603093555546 0.154983015620298 0.182824214284619 0.0512194079604805 0.0355364486352215 0.0713280657740405 0.314141893347697 0.00933871123969924 0.174902212202389
0.0552503766562541 0.148322378453613 0.126465092478619 0.0822407316779062 0.16613497629229 0.127330258469773 0.0196499422839009 0.175400561331717 0.0992056823559265
0.140075330860147 0.161677380052181 0.0952547859067923 0.0209720781240708 0.114826725119689 0.149697717825174 0.0790299600748123 0.118813223296231 0.119652798740903
0.0906101116399333 0.154003034225164 0.157537575706237 0.120680522618333 0.0025022544593221 0.091419829828524 0.182783291942886 0.16699247827007 0.0334709013095304
0.129666081956014 0.0512889426547631 0.182814106517517 0.181782129778397 0.077383849531375 0.0875213878409056 0.155422501969832 0.0268531557286262 0.10726784402257
0.0870900391691784 0.154391924358765 0.180286562872715 0.0370973421784091 0.0824286301140262 0.0615987524461296 0.119882424428845 0.0950999423546825 0.182124382077249
0.147764983157239 0.0967150827471802 0.181531251417049 0.112739952842101 0.026993553122461 0.0631403316368923 0.224663921848526 0.13004284050412 0.0164080827244316
0.0611183299056505 0.105479052900067 0.0784993530955705 0.176171420511492 0.154023980366818 0.072608938174709 0.0961207336103653 0.103116838336343 0.152861353098984
0.122688048096358 0.0509278883752062 0.167160839695707 0.0428347890052113 0.130674689417194 0.11004631763041 0.163786821876449 0.148338887141999 0.0635417187614657
0.145905870717736 0.0428121720846228 0.152491893840264 0.161913216935258 0.110742032848543 0.134060540229457 0.116705634693511 0.108893114963739 0.0264755236868696
0.233508229911759 0.0443666532352691 0.0679636027344642 0.179120523730929 0.074267297423218 0.199206209703117 0.158663550562512 0.0143790298213793 0.0285249028773518
0.167966362829232 0.0432915840393487 0.1221423888549 0.026314212950367 0.127519523179896 0.016193577215621 0.160483316719883 0.157937154159804 0.178151880050949
0.026675902227164 0.0549265826816961 0.224908339137794 0.221994917027736 0.0141622412512777 0.0681354644414277 0.0359757710863843 0.22529321658356 0.127927565562961
0.053664125827756 0.117654137151189 0.0687560948657488 0.174256535102149 0.215592031324645 0.116075448808799 0.171893524733105 0.0207661279357167 0.0613419742508918
0.0972177151556145 0.130529500454627 0.020174291821403 0.145916721137194 0.173915312432572 0.150518879031467 0.109295518443938 0.16647668582367 0.00595537569951544
0.0134549946502681 0.106449912170407 0.0275635383745232 0.167925377303436 0.23092905903411 0.218413235198227 0.057040102336809 0.104275156604656 0.073948624327564
0.0268539353125264 0.165027502368868 0.193551691317117 0.0339481247636866 0.0316949488301628 0.197948562582382 0.0126342471154667 0.203950528122466 0.134390459587326
0.117107265543462 0.164541564669282 0.0321402280924873 0.0974853992673562 0.207699579285914 0.0718973633102236 0.0251072305687417 0.205226662074091 0.0787947071884419
0.0395849725649428 0.158816673268145 0.05462126510587 0.202469142742522 0.0442064165334665 0.0115220079272677 0.128428031948064 0.255927043251837 0.104424446657886
0.194899284354163 0.0162645357767403 0.0746120874171981 0.0773130665078226 0.0352421027074208 0.0898952894632555 0.223609525747484 0.102965347506311 0.185198760519605
0.151477376061751 0.140877458372873 0.0969314166830671 0.0708051218105306 0.0643948962912327 0.0642630984078101 0.161732377454974 0.180747067701147 0.0687711872166154
0.00586596338944953 0.311196622046959 0.00635089559876461 0.120712395422257 0.0744685435922511 0.0796330154652307 0.00786272650667297 0.129388280035083 0.264521557943333
0.119013750276899 0.104131452914642 0.104754812094201 0.205674968368885 0.104895935638028 0.0772039131149524 0.148633328395083 0.00529886434973745 0.130392974847572
0.179348349266908 0.175589110366049 0.118049857651663 0.124988152579239 0.031110290190881 0.188864576798447 0.0451217792283381 0.0272698772246899 0.109658006693786
0.152595406707686 0.163240234710597 0.155354749209311 0.0875923049651485 0.0891218929683472 0.096199190417794 0.0888355307682634 0.154725386856494 0.0123353033963595
0.207192158483816 0.14560872740076 0.125252996868141 0.0111285185070573 0.104174603787147 0.110160909560794 0.211393174990267 0.0564947690556637 0.0285941413463539
0.0524518941902067 0.24043048431817 0.276155072892931 0.0848893599012038 0.155112145850195 0.045758423039665 0.0454950685323706 0.0557598333490072 0.0439477179262512
0.211357631341408 0.17442385857618 0.111402628686715 0.0240545868855502 0.164772470877381 0.137017615319255 0.0833209979332601 0.0243537718755177 0.0692964385047345
0.14554987373526 0.130814889721656 0.150211892332713 0.131803993347954 0.0712764335029479 0.0101077300738847 0.187034500203214 0.0994626542212103 0.0737380328611603
0.135343939551874 0.111689833014284 0.135344653166211 0.121090527067205 0.144362226102646 0.153894623292784 0.129452428751796 0.00997414512991302 0.0588476239232867
0.111981827123198 0.102872890950794 0.0922767757779126 0.0136704838747837 0.167195603324824 0.163859012275182 0.141216425480902 0.0480674929048804 0.158859488287523
0.0890637148973734 0.170483391679025 0.15110618055992 0.187100082029096 0.109650546589619 0.00113744235723712 0.0102319640585073 0.101274962629562 0.17995171519966
0.127469752673456 0.0916575468235381 0.0476965568277282 0.217218246854947 0.231469046079904 0.135259180923725 0.000561161074874282 0.0280708364515276 0.120597672290299
0.103560576476048 0.0168188586682504 0.0618479781194164 0.201216808912296 0.0628884916186256 0.198890702191937 0.129563741004202 0.0681746889607392 0.157038154048485
0.188845562628077 0.0234483726317058 0.12908266514745 0.204001398992629 0.13532929381862 0.00449735031607366 0.113156832968626 0.134815463998608 0.0668230594982112
0.0944604909510702 0.162941756723975 0.160738208049909 0.144571705036954 0.0127732406342011 0.0809347571031878 0.0625681422043145 0.129484859734939 0.151526839561449
0.162083181753987 0.106104696165597 0.0586562287954916 0.0920824700023465 0.144263258596831 0.0506886676240011 0.143718977845547 0.108280111358083 0.134122407858117
0.148566306855378 0.174468513164937 0.0866578866282461 0.160499833267287 0.089455947524716 0.0617419349674222 0.112892847622447 0.042133861187748 0.12358286878182
0.210817978734942 0.0683919966723798 0.0042504379483709 0.118892926163928 0.264615448573734 0.00611365896060019 0.211016818018419 0.110098655967918 0.00580207895970802
0.177732293370576 0.0350660665476135 0.11157849401226 0.107884749338376 0.127031157259221 0.125402479404159 0.029675240303003 0.23096611359169 0.0546634061731015
0.104480416897798 0.199694207605828 0.00292388093839997 0.0470645279277996 0.0169033255474014 0.113512710976638 0.200588868554045 0.214591902722878 0.100240158829211
0.0841729401986085 0.107867079119879 0.0474204328587978 0.0781245864798658 0.0605312482924227 0.144258459609604 0.18320091401397 0.189788259383616 0.104636080043237
0.147323557104706 0.0931875618511428 0.178206533863246 0.103046894552248 0.113048702052727 0.145424933417092 0.0989055970426986 0.0717517380899701 0.0491044820261701
0.136666388752139 0.0570355566832092 0.136307452169196 0.157455567061264 0.0839346924990681 0.0507683115962574 0.103367813164714 0.103962479006653 0.170501739067499
0.171997117363861 0.0997641311835352 0.0491463983072398 0.0282891594634268 0.161645992977582 0.181303220770119 0.130543700384831 0.160393747949377 0.0169165316000281
0.0927886924983699 0.150974234386438 0.0128559439555785 0.160983059355821 0.184112372236898 0.178209848175041 0.109743561845121 0.00479491174373626 0.105537375802996
0.192648249588261 0.111773045197753 0.0902801806582379 0.0502354422848137 0.0117359052801588 0.228514033593331 0.12531874990275 0.117860426026583 0.0716339674681107
0.0853912924016259 0.127587930412941 0.177389779014368 0.0465939915609913 0.139577139258556 0.115337039656115 0.0825480695051738 0.168113638517427 0.0574611196728024
0.156539913798853 0.117000569706939 0.138666770797 0.214267324389744 0.049159297841814 0.102988654269612 0.176169432724784 0.0306003877475511 0.014607648723703
0.111977308971244 0.0254483417459388 0.20137682927544 0.105527030651558 0.146398728523252 0.0471222231375997 0.10724286860886 0.0418753035172093 0.213031365568898
0.157233237841295 0.143521998273469 0.120288714281221 0.0255490488422918 0.118987160990373 0.0548799759994701 0.176308572007342 0.177054703316948 0.0261765884475902
0.109643758022866 0.171639942481532 0.162329748854304 0.161242759482237 0.158117089688352 0.0344299290452384 0.0846541443464496 0.102559331657253 0.0153832964217694
0.183113991885617 0.0265244237866499 0.143028137955243 0.0110795171031883 0.0293929926102297 0.164866216763055 0.178523538186102 0.173565912725179 0.089905268984736
0.172603945478397 0.229903910121641 0.192187894594622 0.201029437311941 0.00965174932902651 0.0327911062282627 0.0341771107408874 0.102407283021309 0.0252475631739127
0.0201110762054834 0.139002971054727 0.163518283188793 0.158486039293464 0.0866443872086044 0.104792277685884 0.071139708987782 0.155616189262886 0.100689067112376
0.109169890349258 0.115977258769165 0.115466867492994 0.155388403507438 0.136305360269178 0.112535510712034 0.0787085760941481 0.0623122828965354 0.114135849909248
0.191773102480297 0.0631983806702377 0.0646172683096118 0.016124326431188 0.1613603467273 0.113102380783433 0.188579981501357 0.0987492958321107 0.102494917264464
0.0783686562093407 0.0885976033970891 0.104619782672037 0.132516460766804 0.220947670310014 0.00601855735148666 0.0938265056576382 0.266677454939644 0.00842730869594564
0.135338397257855 0.127663170331658 0.109145146120449 0.154049287411332 0.0122669249108945 0.121789377233101 0.221494273741763 0.0735365084688233 0.0447169145241242
0.0325484288330889 0.00720112510409666 0.192736609941287 0.0575870038876031 0.121201518225623 0.193918219635578 0.193250402531978 0.0201423978494305 0.181414293991314
0.0343790592757756 0.0971885529060809 0.0142241869198089 0.0226213184694032 0.198664150644474 0.202584600870604 0.0634967089298085 0.125020490069011 0.241820931915034
0.245430375112058 0.0118111583951118 0.127580220806994 0.126298964754951 0.201052477305869 0.0100996221403297 0.0508378621100418 0.0374758353036411 0.189413484071003
0.153915778512337 0.13902715181768 0.160741200133628 0.128397467383475 0.0726064945414646 0.0824496854660559 0.0939735039412211 0.0256975694869158 0.143191148717223
0.216628833974312 0.200943111006925 0.0153283594110068 0.138765514143865 0.0410105778319362 0.104659342100554 0.0642302048822421 0.117965326673408 0.100468729975751
0.131580016330047 0.111264561162898 0.0793499380009947 0.270750023425021 0.0037929840886031 0.10132357084636 0.0565994460453002 0.0741144684421295 0.171224991658647
0.0423464476346212 0.0933145918600645 0.00354283921331169 0.021056763319629 0.251867010550714 0.141688386992432 0.119268813548892 0.0954814091448769 0.231433737735459
0.16591774532631 0.143243203779244 0.0733621694662509 0.0123065686419717 0.20476450633749 0.145419160034092 0.192572386069959 0.0365876351462582 0.0258266251984231
0.103337928622665 0.146121366486354 0.222268146437958 0.0404194261706751 0.0910062805948908 0.163337733754236 0.00597910313881139 0.0742094259366673 0.153320588857743
0.187534732825404 0.143963913065621 0.0398307215307188 0.0855768705202054 0.184949799701701 0.108975505091163 0.166400227045693 0.0520008673043316 0.0307673629151621
0.0610851141845195 0.101135237293868 0.0400147708354507 0.154675095076827 0.178281686454661 0.174522348600644 0.0884262641724059 0.0168899107423759 0.184969572639248
0.0511790915258478 0.173245100314797 0.0629105967485891 0.044177129722937 0.0948154066023365 0.177890250113425 0.0859091739489704 0.105406202959701 0.204467048063396
0.0791031766257325 0.170563662204823 0.191667726435093 0.132083743212407 0.00975208021513984 0.202497814430162 0.0906278718056582 0.122331543913963 0.0013723811570231
0.251988089198797 0.0983307438438332 0.109464072530908 0.0902024384509681 0.00753732276700417 0.196129685774508 0.150104781508253 0.0599316761945986 0.0363111897311298
0.0270484954106217 0.145339549133809 0.133907212535336 0.0473935139362484 0.211403992179141 0.168371982106307 0.203653714136139 0.027138457913762 0.0357430826486372
0.059164978401069 0.167422004486202 0.0623105615350108 0.0920500005136871 0.245619962125494 0.105991230627678 0.00641554468094911 0.0210409748248861 0.239984742805024
0.0867798502404322 0.201883964379379 0.12182383096234 0.00474370534486589 0.223880764892271 0.157114786181926 0.091891722321831 0.0600991030270785 0.0517822726498756
0.0619749765151371 0.165886618547524 0.0179467288088049 0.17396834894295 0.184393971994459 0.265414022438143 0.0857577309974243 0.0436935595105312 0.000964042245025089
0.0563717465805762 0.143423309927047 0.0839209619116347 0.117489745707392 0.0577872155093318 0.167067902744647 0.0533047405414388 0.185550254406526 0.135084122671406
0.066625953158216 0.0404064588527377 0.138078024266367 0.0644958655276526 0.0722806692524518 0.153805867992367 0.144045604252598 0.157326268432962 0.162935288264647
0.107024157315415 0.159316084066356 0.00311114436451033 0.0218463341571429 0.054728001223375 0.167625953714035 0.183176678973601 0.100866681786487 0.202304964399077
0.132461277757169 0.203471036736712 0.116467460102823 0.0522280092498813 0.247572764624979 0.0180963547363014 0.0890293523223178 0.080034684185693 0.0606390602841237
0.0823767071261548 0.0748110458534721 0.0867071190145751 0.00019012489732546 0.29421656806802 0.0713142837616303 0.108535350102937 0.169095346318129 0.112753454857756
0.0987159657422175 0.0409731930826471 0.0978869498094232 0.165532452039899 0.187907583864027 0.107190518224257 0.0167229813518128 0.178631743083288 0.106438612802429
0.153485781540913 0.12554986535438 0.141268783476659 0.139143450460307 0.0460900662604679 0.0860687918238026 0.0527098249367027 0.145829217775595 0.109854218371172
0.0810209998424166 0.0306980134744818 0.0884474429369991 0.205973356436871 0.0964557161499279 0.1084910068682 0.0687543392527343 0.229728385407837 0.0904307396305326
0.00563607221720124 0.0528823059960399 0.136496973503756 0.0165974590121255 0.201795229866891 0.244998271945574 0.0111172119685925 0.122878412381406 0.207598063108414
0.122416170070208 0.0819607240532191 0.0620118940269786 0.166154420430415 0.173248040823869 0.151742811436044 0.0541112387299592 0.114105607245532 0.0742490931837757
0.0644139515823027 0.207278828065403 0.159202748692835 0.159734967734083 0.0370164353684735 0.0458775922481654 0.147019506911468 0.143220421480344 0.0362355479169251
0.0550645466661974 0.0473639351496744 0.0495623848336805 0.261401846275663 0.129861145089725 0.0157788869568398 0.123891268303502 0.124605589338907 0.192470397385811
0.158149932006727 0.0342059385092308 0.0926235635270402 0.126997578382517 0.0914997453523722 0.0870743780338073 0.162365611497773 0.164087069329605 0.0829961833609276
0.160134438026717 0.101952237847221 0.181002320514044 0.0332015609505337 0.170618783552207 0.166559865971305 0.0081180494420939 0.140676226044423 0.0377365176514557
0.133361238126476 0.123954030150993 0.0359769508721373 0.169197460724766 0.103546920237378 0.041454615570439 0.181866814117518 0.0112036460696336 0.19943832413066
0.0615537980758443 0.145247126010365 0.106196365694847 0.158362196451239 0.0151694686837833 0.207783186020512 0.181687561094646 0.0981857859881745 0.0258145119805887
0.177818069197393 0.150365801133883 0.0231678469702238 0.0572784437357345 0.199140119807518 0.0402079968884149 0.0476232951743323 0.171449610407363 0.132948816685138
0.128753536361274 0.0788556212998474 0.0270261286461512 0.13216708061954 0.134857808060469 0.115997390661795 0.113143489126925 0.108132425247436 0.161066519976563
0.174460728255624 0.0374913345417991 0.157030818045224 0.0312004362369078 0.208315330076846 0.171560192821293 0.0354180331787809 0.143503058275432 0.0410200685680933
0.197279000225744 0.119428532552465 0.110766307318893 0.0256075460404613 0.144190124932265 0.0248477283507617 0.128714418975793 0.0642378472899826 0.184928494313633
0.0619564342783002 0.203588134281905 0.134527820524595 0.138769240476249 0.0649445192974114 0.137380983389519 0.10907013889795 0.0509624475787947 0.0988002812752756
0.17673921977806 0.079816401632354 0.0745371609111999 0.0773000754193208 0.0675538416122763 0.153546367369027 0.028160464249315 0.163429293889217 0.17891717513923
0.0834205607825801 0.00429918318868306 0.158982380069331 0.0605517816545448 0.202527539484107 0.100545031322286 0.168952693804039 0.0735154746827663 0.147205355011664
0.0211489833589797 0.15123381519137 0.0840562697800809 0.154200277960983 0.181845834296174 0.126405914191713 0.0335975683696195 0.141965165810606 0.105546171040475
0.124630840953175 0.203218318808678 0.189116025258338 0.0321161363759865 0.14910734785081 0.0966681183440738 0.0125426058236876 0.151135772212052 0.0414648343732002
0.0693966530322192 0.0222997719042652 0.00540640788287071 0.127885143382336 0.226644162216098 0.0809713317008907 0.0866929684006094 0.224630757591278 0.156072803889433
0.0843157055097922 0.144235955295555 0.106436172029963 0.056723390752396 0.0905882104423053 0.139730838717547 0.157124326520788 0.157322795741506 0.0635226049901479
0.125214988510214 0.0711282583983296 0.0328728271444619 0.182163541458791 0.160802184681321 0.162180426690406 0.117633906879008 0.0345215016337251 0.113482364603744
0.135417463688145 0.0162800563083204 0.0645511695195766 0.1286192559399 0.164605682561706 0.0456071574815064 0.223812084144139 0.184976952029376 0.0361301783273302
0.106273820792536 0.112874728957953 0.124913675245722 0.130355176755869 0.0987196310129531 0.0330707744571685 0.122215419561105 0.166386148183587 0.105190625033106
0.150483167890773 0.201280401941256 0.0122909610273515 0.114562409914529 0.0339410839224306 0.170022813802062 0.160163863050445 0.149350132486414 0.00790516596473948
0.16191212104687 0.0784663269841063 0.155358652541154 0.189550094565088 0.069881404616878 0.10527513710835 0.226964599035315 0.000308716013403345 0.0122829480888357
0.0954589245169639 0.150634762303014 0.0510370402090542 0.0525230401094407 0.190766136182971 0.101589372096872 0.0663144166783634 0.124252739062829 0.167423568840492
0.0650468479584512 0.133300491757897 0.136639685212996 0.0188326151631076 0.0393777401309534 0.153196099515872 0.126004558415427 0.220806828714705 0.106795133130592
0.200695197398185 0.0618926599431007 0.0845046928136629 0.20045396268057 0.00320454049476097 0.0703767070431171 0.171830708811864 0.0254800834535448 0.181561447361195
0.140826462343767 0.0156714058520547 0.151505967565338 0.228071638073011 0.0929757395027836 0.118618170570828 0.0757708816212349 0.0452872730572781 0.131272461413705
0.0559618448556328 0.0190077370226575 0.15190022001551 0.141331652645641 0.149954581542093 0.168402482480723 0.0242539983994309 0.116355765870106 0.172831717168207
0.018503562825681 0.126635151325849 0.162390325181381 0.145660475714547 0.245569810929969 0.0867309211460175 0.0460351290868428 0.07798830892624 0.0904863148634724
0.174841367573706 0.138480976699285 0.152315365359365 0.110940916790898 0.0477719562253041 0.0323078525982679 0.150530476481099 0.0404027608276349 0.15240832744444
0.0733819746716728 0.0504392794643184 0.110612075234986 0.164453226193933 0.015946387950317 0.195872829983404 0.154746324575955 0.185635048831787 0.0489128530936264
0.00425746370938787 0.0373555335496751 0.14539143696397 0.00362277360330749 0.210207517027522 0.0871585207418845 0.232891571847824 0.275020483187695 0.0040946993687337
0.0532724972788851 0.0486853136349503 0.0336685468094311 0.0557725265383903 0.192055667303031 0.137199153362463 0.179625515463905 0.192234262889787 0.107486516719157
0.20149213791526 0.0249236760741075 0.0980213326718613 0.0320081461933764 0.0290681922880695 0.226149274336034 0.104234381447959 0.251172850604149 0.0329300084691828
