0.194038520523733 0.131442892755721 0.147813340171457 0.106459705076445 0.0900896018572888 0.0590393601754075 0.171754117090968 0.080232901928991 0.00259047920122332 0.0165390812187647
0.114456398076728 0.100445339722925 0.0862444406337651 0.0913186493964185 0.122120826880256 0.142250554847052 0.0499388100443018 0.0807147870325216 0.0652419057971303 0.147268287568902
0.0743771291793801 0.188992638849101 0.134003975057813 0.109162544991105 0.129811919782066 0.054558261107914 0.164131246570478 0.02453654262579 0.0514173921264153 0.0690083497099375
0.152596283089789 0.149140393237311 0.0327158085391872 0.148238347806986 0.0767019575307325 0.0810281257225919 0.0875353783448664 0.011267466329583 0.127715080525636 0.133061158873317
0.152340412661572 0.123799970052842 0.0182663049860408 0.100589718489265 0.0969291537642536 0.0415112164212475 0.225590293682903 0.00347215653257223 0.100960492949001 0.136540280460303
0.0342433402028927 0.0361268082469006 0.126926122781825 0.170120940472632 0.182875389532287 0.112000883018357 0.101839363101131 0.143861206237751 0.0666454193369529 0.025360527069271
0.0658430664769549 0.143859225752432 0.0278460800453714 0.0321392528942582 0.0399290787264849 0.161756241729767 0.123162634534895 0.196889047897452 0.10531180035362 0.103263571588765
0.162749807157737 0.169060134669512 0.033645934159411 0.0734051681198939 0.140805618932792 0.108078140806809 0.0221132372224793 0.16735233141432 0.0722550469917707 0.0505345805252743
0.043453660903376 0.0446015668026164 0.152458908808238 0.10411671188544 0.0423869724786837 0.103815206512665 0.115449275379893 0.0157081830227465 0.210527905816241 0.1674816083901
0.152117157478427 0.158189927062208 0.0326989649725673 0.196268737670386 0.0109710075257191 0.169457930629072 0.0488790876330389 0.0382665460214871 0.18558880975789 0.00756183124920469
0.197073293441834 0.191687783865405 0.00100312696824032 0.0670334713679971 0.201692836513604 0.0134638132233491 0.0352700622674858 0.0946978593329177 0.138411647284995 0.0596661057341716
0.113287348794325 0.106034212234369 0.0447326512729869 0.0745308364133663 0.0668401403960936 0.0892594414026612 0.13895583203801 0.198153110743812 0.0379385006754054 0.130267926028971
0.185354969177085 0.158785785854819 0.00739382185085677 0.0527027700079684 0.0314200376733963 0.0399536114160664 0.187473267440975 0.188236470843654 0.113112833858215 0.0355664318769652
0.120547056956438 0.0596437084907131 0.103987955473722 0.0175867492855921 0.0364667854917458 0.18509117811471 0.0983441540082143 0.0940016386024691 0.200584533141893 0.0837462404345037
0.193954252673007 0.0665226202445546 0.0559453308378707 0.169116516604549 0.124949507545049 0.0332857629983579 0.088565268406104 0.0859804742310265 0.0893508275852208 0.0923294388742602
0.074244290908761 0.0937914629214836 0.124235936634701 0.149773276564273 0.11399706124077 0.143223701806361 0.0281474166937203 0.106196556475081 0.0416034616364585 0.12478683511839
0.0211033642689715 0.0954939364161955 0.0415056357037986 0.084587493100959 0.130398778138312 0.182200095092734 0.0362702202902095 0.188506959456438 0.00937691660817531 0.210556600924207
0.162013824149751 0.122072161509904 0.0535476156236903 0.0991457207838925 0.102938168274993 0.20719448613802 0.0507293740483582 0.0104296899817848 0.0796903984998384 0.112238560989768
0.140717014796738 0.239104343808031 0.186302599133533 0.0315183882437977 0.0168938798342801 0.0971933047203063 0.0765280975423543 0.159582500970788 0.0349822279494077 0.0171776430007636
0.0970085817441036 0.0551493439391292 0.0271780967441676 0.154759553358587 0.00151488428243399 0.0387367006126278 0.0453788667199964 0.281392401359281 0.0518375568205287 0.247044014419144
0.017727286802447 0.0855238653466694 0.111363076504274 0.12464218453879 0.192474266570869 0.002557863045609 0.0511321180494056 0.0236398361867843 0.214674764989681 0.176264737965471
0.118870679383719 0.096076596821872 0.0182408204406495 0.167621727635842 0.00133059712630428 0.177574133527655 0.0368053548022583 0.135984733083655 0.105199552918076 0.142295804259969
0.0428742038892367 0.174612193980553 0.100122309084163 0.0656413233870587 0.0250078820796415 0.0978604527778815 0.216235459719908 0.187405885389579 0.0247067762152359 0.0655335134767424
0.188447302061305 0.10379856867034 0.0334605701550234 0.178429306919074 0.0367474179693711 0.156328278737643 0.0680862591586701 0.0321210249274569 0.161346052583738 0.0412352188173787
0.0840111893274978 0.0818860670648694 0.162043848527687 0.123909872109629 0.102250501587414 0.110630557420952 0.163088070567001 0.0657076930138133 0.030747924706186 0.0757242756749511
0.175504196686204 0.163707329910517 0.051603278801854 0.0985377915226706 0.0267959947316126 0.166308225311601 0.195853080826124 0.0336568109800858 0.0578305319145419 0.0302027593147888
0.0357705760683845 0.0179522047444408 0.0702759236390865 0.0930577517308578 0.170666216484251 0.0705600283630929 0.164076183792712 0.139661105679456 0.116584383077286 0.121395626420433
0.0741682610655861 0.158483863653405 0.00366674010674575 0.114730210168446 0.107972065874757 0.0549925595102144 0.141135337155067 0.0690329526575076 0.150119506722631 0.12569850308564
0.0904024334295995 0.0812812585459062 0.108850871060523 0.110271800318836 0.131808574992352 0.0674265200691305 0.106902492472493 0.0929831795321797 0.156438497644699 0.0536343719342811
0.0403587941844409 0.0605322341941772 0.249659813499278 0.0445233834863186 0.0825828335799785 0.0442011066536392 0.209260070769937 0.0516036261277568 0.188693907854482 0.028584229649992
0.00824021570209972 0.086136713253215 0.0754262514456152 0.0224385914820363 0.167081951883109 0.155255398343645 0.149214637767076 0.183727285505849 0.0372928547410305 0.115186099876325
0.101177875612853 0.14932875373554 0.138989620097765 0.13165979375959 0.0893709787053303 0.0361893069682578 0.0828726785652247 0.0939443482701151 0.172371174916308 0.00409546936901717
0.122851076724762 0.0960946682296173 0.100388183221937 0.115254791070492 0.081684675080554 0.0454652076971588 0.114812227192232 0.0451722354403888 0.141300680642985 0.136976254699874
0.196481097793969 0.21405262270853 0.109497501929756 0.00527991220275802 0.155792626916374 0.0222274359648017 0.102668560349194 0.0184553291020055 0.0856420624092671 0.0899028506233442
0.105774854893711 0.132308115844693 0.123990077389429 0.0244045932535005 0.137435752894095 0.121692083495575 0.128396047930419 0.112894916676961 0.0446745641105687 0.0684289935110471
0.0682895391083523 0.116493397125185 0.0393114992726035 0.0915533002638796 0.117181795432492 0.0735559592515997 0.095396466869499 0.133668769254477 0.144672477898106 0.119876795523807
0.0155641346316919 0.0840913158373064 0.133077789278014 0.225129005777672 0.124050180021631 0.0826116062000369 0.0742901010477253 0.0565274671438048 0.0521044663548503 0.152553933707267
0.04226099137664 0.0534846729380982 0.162849794794617 0.0248576682569199 0.172068483279372 0.0698495527190279 0.0942697781520044 0.178827948734126 0.140416869851054 0.0611142398981411
0.0473062911671504 0.0481980153901807 0.120269580874496 0.204935437953934 0.0749741265882709 0.0701835324735881 0.0251381307699297 0.0272662935868244 0.201245609874789 0.180482981320837
0.21479749673831 0.1394032859581 0.0707399430175532 0.118459702660658 0.134744202518173 0.0292341377238379 0.137295233218627 0.0158366814277078 0.0953275300394428 0.0441617866975901
0.0179444508959489 0.173928667446148 0.155760193391258 0.152729955806424 0.0815072482555759 0.0845454429112007 0.0753630554788519 0.125006265241234 0.124351115979568 0.00886360459378991
0.153814307039648 0.197836903011843 0.116206616483177 0.0373834915855776 0.0552957704358926 0.028226409676326 0.030314315373946 0.169723952211485 0.00143405936861488 0.20976417481349
0.0247517218643509 0.0972528590533738 0.0192447032517411 0.0498448267536106 0.175905222111057 0.229263010295993 0.120309797223991 0.0502651437327069 0.0629343718802756 0.170228343832901
0.0217918127167589 0.0896709689654104 0.0989176678553102 0.160115981983912 0.207630720403225 0.0102362892192564 0.0292686631942171 0.218728456106813 0.131625460969681 0.0320139785854163
0.0304315100885988 0.0427776150203055 0.148978009166043 0.0979242312967577 0.119144815271514 0.150626062835519 0.126900468690056 0.106618432673443 0.115851023441734 0.0607478315160292
0.0322754718001118 0.0869471163749063 0.0917347951357874 0.133659203869422 0.0977585190243514 0.142438229108767 0.0592336885404527 0.0568452093100211 0.183864854435897 0.115242912400282
0.11196148758155 0.00349318951736476 0.0427654640360997 0.117398633743851 0.161658835153383 0.155675410627015 0.0205191654457036 0.153367928933826 0.094227355383688 0.138932529577519
0.16944173539614 0.026147451098675 0.157368173478532 0.163777892192048 0.0889503493637687 0.0301734094716615 0.0988932037283419 0.0394175259953364 0.161517132218838 0.0643131270566584
0.00439413651875732 0.0600162871901963 0.0172281971996373 0.174983463618646 0.122789426282986 0.0831489000090728 0.13721566641239 0.0949052432207906 0.172076394508209 0.133242285039315
0.0382691160195004 0.021729994510096 0.0311549716616753 0.053711195788729 0.211685274528611 0.0942539119725671 0.0886293223143365 0.0850120750066617 0.183348757165448 0.192205381032375
0.0329110584954376 0.177582145119193 0.123923962555652 0.0194967114688527 0.0271941395458026 0.115022775486897 0.0260320950733996 0.166242614227658 0.191367198493939 0.120227299533168
0.129340763601006 0.0453353619964115 0.0961099398536045 0.128427709462566 0.147040200583797 0.01066631278463 0.188636356878314 0.000595828767359743 0.100121351071734 0.153726175000578
0.0545989514096318 0.0845910505100118 0.0235606336448019 0.0316924822258374 0.0229400456994005 0.182844252079647 0.158173408647962 0.134810924661102 0.131158099568374 0.175630151553232
0.0357361775600892 0.152008208618125 0.0409971512936958 0.14647809795089 0.155928072217271 0.0438239989264699 0.123874294443463 0.0729274929071443 0.11209060618756 0.116135899895293
0.0464233385050541 0.185994338409976 0.145455626221005 0.0501719281795043 0.105002062093607 0.0263411033674497 0.157713820514387 0.159746418400621 0.115483278258427 0.00766808604997028
0.0957388594299371 0.0787495019155685 0.0338124476152031 0.0466645305641245 0.100024134335713 0.125611408504174 0.190848679376334 0.161494928458214 0.150773048433614 0.0162824613671168
0.130499590749872 0.154413644144879 0.0566127287174355 0.164295443426278 0.123025206118211 0.0196515788887395 0.0766884623942667 0.0263303116408628 0.137624783172831 0.110858250746625
0.125547472498014 0.124896809141516 0.0284367144335887 0.0225519322406259 0.170848822157157 0.151307193323916 0.18547055306486 0.0189430960761316 0.0317886620913615 0.14020874497283
0.0822672316358431 0.110775840001261 0.112419682548989 0.124327352221984 0.124412503034255 0.108015302684437 0.0508188726303421 0.0912151040488863 0.0838886427079835 0.111859468486019
0.107981225665162 0.0733176242576305 0.125993005801924 0.0506930144889384 0.100492209745536 0.0370073599594794 0.0859881281662937 0.15136839078283 0.169771110963904 0.0973879301683022
0.0363006894245711 0.147899067934041 0.066897505590416 0.0707246630131019 0.0785056251957738 0.177038506546374 0.123614188716785 0.0937299458968889 0.0339615491103253 0.171328258571724
0.00537848218233964 0.175161715251095 0.013741117854834 0.0516025447682005 0.214867360396372 0.230056417735216 0.0354266218735391 0.068183521950796 0.000704642771839644 0.204877575215768
0.0915406907493112 0.0934358463816186 0.0736226529162902 0.0994978217322808 0.110084774351871 0.0492031194802586 0.170045525252715 0.0658658821872041 0.142249541364665 0.104454145583785
0.159917828753113 0.116903941542076 0.101999825635933 0.154602276701618 0.158158160229912 0.0380612686026809 0.0389304312348467 0.142509635850387 0.04424587468739 0.0446707567620422
0.0944829037909054 0.117172043987932 0.0428971767382602 0.0899390850793547 0.0421269055075108 0.142765762375978 0.105719100458566 0.107726729328419 0.122665285089583 0.134505007643491
0.13089382466615 0.0916070411799736 0.0409247302269716 0.113641380052008 0.120958645465675 0.148947407742205 0.0430040943563559 0.0491622327773214 0.152269846240924 0.108590797292416
0.215593103555387 0.134720284860035 0.058763355906924 0.164600207750047 0.00986592802006094 0.0847201095385294 0.227413417199613 0.077665532377571 0.00700891640867033 0.0196491443831628
0.207530862223067 0.133385902216149 0.141372976161721 0.111553012939796 0.165261841000337 0.0357400933834236 0.0102037015072217 0.010762452668747 0.170458578476219 0.0137305794233188
0.141237793294763 0.127335736898909 0.0285891900807796 0.0953890386911211 0.0294810029374138 0.0605115791776143 0.104803697661859 0.0893607101987312 0.158423558725885 0.164867692332924
0.114457945199623 0.148410659700586 0.0673665091118293 0.199595751614873 0.150742743737804 0.09050168684643 0.0691588837803777 0.0776557629785759 0.010992034377223 0.0711180226526777
0.0925721118516491 0.0674628898306837 0.126955511613021 0.138723648560982 0.128498731410383 0.105066965679155 0.0504428855894757 0.0575064276335044 0.115066646146061 0.117704181685086
0.0693313839276893 0.172000060868152 0.00119706158923189 0.214266954381118 0.111830007402635 0.0270329440257795 0.0742039420368806 0.07983604329969 0.0915831699091121 0.158718432559711
0.145904007862879 0.145958552760582 0.0301919863782471 0.0914244843505644 0.134880693591239 0.125564057722811 0.0228865941668162 0.00360256945767012 0.166778921006038 0.132808132703152
0.00420132528622226 0.132931869472545 0.0305387558811843 0.232831226194465 0.0210878044610825 0.0761663242496275 0.141112969034172 0.213255137463264 0.0967961479058425 0.0510784400515944
0.0351485205485878 0.0160173891963379 0.0923386372245086 0.117216920146724 0.120830661992086 0.0270528655485945 0.190900735070432 0.201748287871904 0.155984808066258 0.0427611743345666
0.199770733000415 0.0816438262822091 0.0511914068215362 0.0711608946870946 0.0649493510892812 0.139003714689245 0.145132924241596 0.191901199774389 0.00133379141619497 0.0539121579980391
0.0876850384051959 0.00272129921703198 0.133550938013845 0.116374969667922 0.0608998500498615 0.126973983334661 0.134859491649528 0.132813533111188 0.045168397499221 0.158952499051544
0.0753556240154764 0.0521802983030476 0.0216295199191474 0.132443007919551 0.1227981648923 0.0038968705414385 0.113953769345595 0.171671256368651 0.191048120433923 0.11502336826087
0.0391667958962822 0.138076656834606 0.216927527363803 0.171803552381284 0.03039316366167 0.10852243878482 0.0546407594043231 0.081872189790996 0.0932742310359747 0.0653226848462406
0.0516932338870748 0.119561584095921 0.105244757300677 0.103638259441493 0.0954327417252977 0.130584384132629 0.0795429212930382 0.152297194735187 0.0303071527918187 0.131697770596863
0.15114409540191 0.0870644868844207 0.0294625607896189 0.0662183010984878 0.194192513210085 0.10949019585758 0.170378431330591 0.0999126093325882 0.075967087531588 0.0161697185631313
0.00469839614970818 0.200769298447842 0.168666048274242 0.123653109487644 0.00692526590294019 0.0445151066120733 0.00996467289502796 0.146488424410994 0.201683148397515 0.0926365294220136
0.161490960091686 0.00905076288342714 0.0728177686644846 0.144976318506067 0.0926688582990021 0.0523632346110071 0.175246847664481 0.052555122573085 0.0869777781786509 0.151852348528109
0.113437599092274 0.130154456502128 0.0918570158540124 0.0503009371782006 0.00513788987608627 0.121858706501682 0.0486537816092612 0.143323610684067 0.0887173958058325 0.206558606896456
0.132552171580504 0.0456886342621729 0.0425742658844488 0.132654645331088 0.0736731385427846 0.156112068222652 0.0635328851621191 0.110522930903464 0.169582898606824 0.0731063615039424
0.142434534558453 0.174705715301085 0.0425173550479927 0.129889304848088 0.129029919200397 0.0454170187235256 0.088416507671831 0.0308730419852036 0.0551746915044297 0.161541911158995
0.00378965918364554 0.197321199143698 0.0130943596549723 0.0428858459665269 0.17009705959114 0.192049132907078 0.146282236186334 0.0844428511984938 0.0261751901262061 0.123862466041905
0.071570783619084 0.102821129102257 0.122208070016399 0.154724436379377 0.162100659387241 0.127689315373781 0.0883574651735804 0.0677794930388508 0.00380220445153497 0.0989464434578949
0.0921992447728887 0.152212566151483 0.0161641535698939 0.103660228189636 0.0235765670202839 0.0539004794650207 0.197357115563045 0.104458432189456 0.0421018650323197 0.214369348045973
0.127734393230481 0.154785939162137 0.135735820877749 0.111953009949343 0.143272409055824 0.00140636934586728 0.16411433286935 0.0872106854518185 0.0494053195485978 0.0243817205088322
0.102255812849113 0.120501445177115 0.172141101312074 0.08074084317163 0.167559303274085 0.0489078219576622 0.101677104593569 0.0245271947540556 0.0898635925778883 0.0918257803328079
0.16187846128592 0.00805212637900687 0.0482501781838551 0.0557337332793073 0.128886796609132 0.0598794651261761 0.176518018872179 0.0226114829683898 0.172108333155996 0.166081404140039
0.0256631232734181 0.0687619660466844 0.0579113530568144 0.182723651535432 0.123636376888737 0.0241381908651419 0.0814607441383734 0.0960430000061104 0.161410077133501 0.178251517055787
0.0227730749342404 0.0924639501508867 0.175836500104916 0.137084768405904 0.0291027943374012 0.050110266711521 0.140024893239094 0.104081580504394 0.106525523015417 0.141996648596224
0.0155604260924449 0.201141874289827 0.106639815501963 0.12254777683664 0.139586524404525 0.198743987420001 0.057171974492963 0.05078825282655 0.0138127976624778 0.0940065704726078
0.0180530657107487 0.152151264811673 0.0317415053630395 0.0422425512972902 0.121844254131961 0.108525512616865 0.103748075144745 0.163998835828749 0.112960450820065 0.144734484274864
0.154064183705298 0.012228096213745 0.13070654461747 0.150265636764572 0.00371435121111707 0.114432927664094 0.161528227122777 0.0463836660246508 0.0927653121687285 0.133911054507547
0.129841566946136 0.12280424921498 0.0961802286135652 0.1014899683284 0.0477478194580763 0.142154149873804 0.0767111304443816 0.126288504285105 0.0784698675626992 0.0783125152728521
0.172428775496832 0.0213438851969926 0.113317709017581 0.0987804104255749 0.0915875694767811 0.0344878424944032 0.0361382703598061 0.163555934982705 0.124903345008935 0.143456257540389
0.00220527848145456 0.0170672817109702 0.0878712693329322 0.172793677240873 0.213435287815937 0.167926817660867 0.0830362925667116 0.101600098207776 0.128943426330407 0.0251205706520724
0.0969380422881434 0.141628216495929 0.133591236878181 0.0125236535887905 0.134319682772764 0.0837604980261766 0.068181318795333 0.102681469243805 0.0974558010549444 0.128920080855933
0.161846328099746 0.146574178504875 0.0756209778643501 0.0396624338573269 0.0123200613565066 0.134641995386884 0.186543651645892 0.139755419590359 0.0421184578247363 0.0609164958693246
0.11413565747257 0.124240725526609 0.0101665885148701 0.149531114137809 0.093439994737807 0.0845016387817155 0.0706398297006917 0.119518298839818 0.127186238383916 0.106639913904194
0.177292755357038 0.0177126492858062 0.192683463847526 0.177047979047338 0.0407181996917484 0.0549241930005863 0.0760381998171639 0.0825469936353522 0.0560977697889289 0.124937796528513
0.132276724207316 0.103871189877055 0.0774345809672173 0.0586168633899573 0.0515456602974762 0.095939926493265 0.165300333538241 0.12251035832166 0.0450010399973353 0.147503322910477
0.222730669141133 0.0470900022659019 0.00823292495524384 0.217468861246951 0.000121625819947638 0.00845640966573283 0.0949685132361652 0.0635182743498144 0.238960662813043 0.0984520565060671
0.176967418429157 0.222629657396644 0.0190223622026835 0.0571975156656406 0.171547923324802 0.0760493615858758 0.201358440568808 0.0333406022716069 0.0093430397879212 0.0325436787668621
0.00476059772298883 0.0138888396298529 0.218514677886149 0.144387089347277 0.170783517818964 0.175703849711977 0.00892919999453445 0.16409868152277 0.0596233863764226 0.0393101599890646
0.0906566253927773 0.0995706274856489 0.114687014158099 0.0459359242558073 0.208479834865499 0.0338474108025646 0.152195929713193 0.156542871336414 0.0640123477665169 0.0340714142234798
0.101039896806986 0.0381342754511121 0.0436062157155066 0.0729373119789021 0.0365265235018215 0.182587656319755 0.0975909434252517 0.134975048381785 0.0856181335107525 0.206983994908128
0.165413027806415 0.17926148371838 0.0947226741881962 0.187541734210756 0.00439488579013914 0.0144219648974335 0.0739100708721755 0.0725091158042283 0.0352518896095267 0.17257315310275
0.0462664049578459 0.059857458643722 0.109718479070346 0.156923139163666 0.149180624386487 0.0515974169089388 0.085328497948261 0.153969249613401 0.063141831756882 0.124016897550451
0.00378885713158798 0.175105896447661 0.0683897966171218 0.127674972884039 0.0698932878309341 0.00441375611197349 0.063466280371123 0.119527674859713 0.185244670112997 0.18249480763285
0.0160335684559125 0.0964564846055455 0.0474552747241263 0.00968101267766899 0.198414762138378 0.167763174467476 0.205761714045482 0.0396575715900673 0.170188384730085 0.048588052565259
0.0443425528152814 0.0491363911621886 0.038925382562023 0.284051423652305 0.0806611963323815 0.0948114679130625 0.0875658665647643 0.059448774268706 0.137868546537391 0.123188398191897
0.123036563770912 0.091173412739626 0.0829135348825273 0.0456784564589126 0.168532316576265 0.0987599230843729 0.121566116507527 0.0299150587706733 0.138501564423226 0.0999230527859576
0.0641339445280199 0.103992826323684 0.0263231957198212 0.054630569928758 0.108312401739243 0.10569957221608 0.148034812668509 0.128389358412271 0.0942463041564909 0.166237014307124
0.149257734063331 0.0134625031808957 0.143254030509952 0.00341810961763054 0.185957758840994 0.0418067064386579 0.0963602887237282 0.170797591310232 0.0405932435666447 0.155092033747934
0.140665213739078 0.103046785020649 0.0323219299526587 0.154789166439982 0.120011813725255 0.104916898786519 0.157464919524448 0.0214302222263713 0.0459884569282618 0.119364593656779
0.0551550085073269 0.116608200835169 0.0838282561145643 0.125517499468741 0.110990331398763 0.144778461792516 0.053140308687812 0.052121937514675 0.145200435591808 0.112659560088625
0.0860538430481503 0.0323796600287487 0.149824828745704 0.183762447478787 0.064316130521673 0.120437964754185 0.0297224634048653 0.146564804999631 0.176209880080381 0.0107279769378735
0.0562348067772392 0.0847487009755711 0.0648162743457611 0.167641786450979 0.132280068687093 0.10467802484843 0.07406302793944 0.0810347884360489 0.157781328562603 0.0767211929768352
0.0768463504933319 0.0290375730205295 0.105101572232606 0.0846557278151552 0.199751279688195 0.062150381208225 0.0179003597864181 0.177995164129721 0.110335268299807 0.136226323326011
0.150234338473034 0.114513486421878 0.106331088570721 0.0687704069911007 0.131538642302508 0.101932506615862 0.0265909149856485 0.0796181779420356 0.140551701356541 0.079918736340671
0.00367643408498556 0.0617072381052807 0.169092549862253 0.111101249337297 0.0481944447712918 0.150399274909632 0.0535158853608967 0.129940708965253 0.194878591605563 0.0774936229975479
0.148455669640186 0.0780660316807692 0.140647583535344 0.189413857602458 0.01037269661014 0.174405115779048 0.148319797908641 0.0702334531429722 0.0307797675136531 0.00930602658678744
0.1016634833976 0.167981909512696 0.018893084298501 0.0816680812579841 0.0366642894300157 0.0636245558180187 0.16313259734296 0.142593792662805 0.163809652792765 0.0599685534866539
0.00987293880231814 0.0411252301285602 0.12074420759873 0.218644601021078 0.17054767580501 0.0195012585618009 0.00686278688262988 0.088806493326756 0.120176771841839 0.203718036031279
0.164516668349754 0.130142539045157 0.0188836129213685 0.0809559371094649 0.175244700494127 0.0654299871136575 0.129398398452351 0.0121974800914375 0.0500762347842384 0.173154441638444
0.0414415979323876 0.138957693927966 0.0937403741964628 0.0619251666540261 0.204553357382382 0.0199605385021911 0.153225797842809 0.146950828033773 0.0763495719059252 0.0628950736220768
0.143214171370864 0.0287861172253906 0.130744411997413 0.138263526891766 0.0242776838403907 0.0530252963427795 0.101999117627899 0.08661295937191 0.14656368525291 0.146513030078678
0.0572417654071418 0.170498804122329 0.0866803727033851 0.073545123362957 0.0288609280835776 0.181570737219239 0.208488627441453 0.00600365740026397 0.110773660864738 0.076336323394916
0.0182200621192933 0.113814557221776 0.102028150256354 0.183580266174306 0.146797389628231 0.00267360898718913 0.122351598214781 0.0901242515527214 0.0928607909210468 0.127549324924301
0.141537107396456 0.162671429480513 0.11881870367293 0.113252259425771 0.100128114781825 0.0725614508707762 0.0783364638615365 0.161817647807887 0.0245751145316645 0.026301708170639
0.0819841008654168 0.0451869919476602 0.0715506757239245 0.041458980900975 0.138695341221345 0.129643452200752 0.15896250095232 0.0854484108036911 0.114911753648303 0.132157791735611
0.113300183495601 0.082411226376855 0.118552137741517 0.0862304360169058 0.191142780931184 0.0700812097322637 0.0105840157973961 0.161498921185849 0.100438111996613 0.0657609767258159
0.0522560934249797 0.0136351285672224 0.0898281511780119 0.0866494379695195 0.0463623405795877 0.187745543049727 0.126115288286262 0.172201376032796 0.203135398625056 0.0220712422868371
0.0409596575113647 0.170322642365618 0.00151891213835902 0.205483129876763 0.0255653388906319 0.228519542561275 0.093651276428612 0.0878009757822933 0.0356770717702627 0.110501452674821
0.163380414806139 0.139987209295199 0.0358810886579549 0.0766790899711311 0.104457752496835 0.0174517289682244 0.0669189777842625 0.129158308566524 0.128686604150164 0.137398825303566
0.161773061419512 0.00100217159288954 0.0431485367417186 0.0276943104616706 0.0372531160372809 0.0905797282189103 0.138455593914941 0.121868603341397 0.203925612033179 0.174299266238501
0.114784134045341 0.10523883030365 0.108546327597967 0.194777454290504 0.124944292152219 0.123164365389212 0.0218469776606181 0.0526411722553401 0.0709880725783093 0.0830683737268391
0.0315333283966185 0.153491647340442 0.100697926894442 0.0983250331904803 0.0651487529033328 0.0908918925374209 0.115265378565575 0.122655917986785 0.131172804798002 0.0908173173869012
0.0391003472722531 0.0633689295724044 0.0727180884317895 0.160689306839977 0.0621879720624605 0.177614035760978 0.19809867906537 0.128058315099183 0.0156313000499021 0.0825330258456823
0.195943226683389 0.095185925008153 0.00383065435037653 0.187055821531786 0.104468781993473 0.0815544484072579 0.051411745799126 0.105634226202849 0.0175141090599235 0.157401060963666
0.0117596371931096 0.046643357496462 0.221017442180617 0.0282277007939566 0.0267202287837542 0.0239178801263576 0.171902113311473 0.191523583630808 0.127852017564722 0.150436038918739
0.069076639581078 0.089440311143771 0.101234448032205 0.0765959548400009 0.0498499125373285 0.145171653055939 0.112699430768428 0.138736930999575 0.0842877080750283 0.132907010966646
0.130733840709419 0.102182447277096 0.037059863684557 0.119907261499152 0.149567727862018 0.146728647442976 0.0261184474523596 0.0509629957513568 0.152671810661325 0.0840669576597404
0.154638153137695 0.11172099772399 0.205300202681113 0.0203848288295229 0.0770182673662747 0.111151403203635 0.0330161854794052 0.128473311211547 0.0701869893924525 0.0881096609743635
0.0265560085718782 0.141180482087095 0.0735304741551388 0.117122063607753 0.177805663234991 0.118265428679218 0.165008479655424 0.116416687508833 0.0609082998507345 0.00320641264893426
0.082493457573794 0.122558350513928 0.0297146473101712 0.0393275932161914 0.191528654090256 0.0457235050866541 0.170381249039916 0.0599767675349943 0.0676419108543603 0.190653864779735
0.133939896141036 0.110183566951952 0.0942326404760844 0.0778115582360061 0.124243316508826 0.0361073545155983 0.136217168653118 0.14163166195985 0.124917889268816 0.0207149472887127
0.122162395697583 0.0671653455147761 0.0572787448505742 0.238675749944088 0.0227693674230323 0.208423642183645 0.0259597724746728 0.0154985673878064 0.0639877736826943 0.178078640841127
0.227738768864998 0.24271988642273 0.0919312873565387 0.0833784659188446 0.206483698247112 0.0240571732383187 0.00824560448401545 0.0825281763752158 0.0195829855457091 0.0133339535465179
0.142397771658102 0.00321522386481979 0.109443493901218 0.0129930046442226 0.0639857280314229 0.124526495413492 0.15234854898044 0.1342324627341 0.120170472939679 0.136686797832503
0.171362080465347 0.181830432634931 0.0505131729411209 0.115236478579147 0.0541934873521136 0.190459344222016 0.0314472280915298 0.128066895407969 0.0406035485335799 0.0362873317722453
0.134403536333301 0.0217661033412272 0.110402109255889 0.170715960165139 0.0205445216812505 0.109996826718036 0.113662466343083 0.0820820933878201 0.0937069791605631 0.142719403613691
0.160394193400371 0.126862819181789 0.0435942364837632 0.119852114502556 0.136110888655428 0.0634278201427401 0.0600377778632899 0.165716027109488 0.119223647247566 0.00478047541300913
0.102466313678985 0.0881585363192047 0.173699326550681 0.0188258566982912 0.130606229537267 0.150353458611634 0.163550465928418 0.00691036986807847 0.032374423344048 0.133055019463392
0.0776972171100519 0.211344157621431 0.00419298452737667 0.058484845210978 0.158108250805549 0.093042881130422 0.261297834698489 0.0141174230536228 0.0927025588213314 0.0290118470207492
0.0306185189064876 0.0952450488803549 0.13472004837306 0.055837745504504 0.0775015606415977 0.151137073328784 0.158956696276069 0.0617891440376948 0.0979872464652917 0.136206917586156
0.124026591506359 0.0922506992388272 0.141375186193873 0.0247341543178062 0.16607600119099 0.1369227941058 0.13538280362837 0.0806342598432504 0.0625808737401397 0.0360166362345847
0.0689975550646017 0.0220140450868007 0.133409972821788 0.20765679082638 0.191155959137444 0.00857328864866767 0.139991421508882 0.0323187893717401 0.0677512051718121 0.128130972361883
0.0138809505777905 0.0164580340858461 0.151958986615413 0.20072632492976 0.147125627189267 0.09512197326317 0.086140781833136 0.0186737781677755 0.177057645357395 0.0928558979804467
0.144499012438088 0.15419362058678 0.104518253353871 0.0777763833290884 0.102118330515696 0.00962961746510652 0.142081220012522 0.121439495469305 0.134017240929574 0.0097268258999713
0.00739386443386231 0.169229368552029 0.129220970851852 0.0200300779587754 0.0849167543454647 0.14507885586864 0.144838095837849 0.0176182058714444 0.168268180170798 0.113405626109285
0.204312392957922 0.107314550191091 0.214200071722378 0.0229922122794808 0.0659780682610107 0.00184482591548463 0.103468674898779 0.0341215982709348 0.19571023921325 0.0500573662896683
0.164614398389925 0.117514420112234 0.111942103620893 0.00223785599251482 0.132068722756233 0.0779711063457064 0.0168709091576852 0.0908091000459999 0.15185077262379 0.134120610955019
0.12877951906764 0.0441560563388112 0.164331050212966 0.152251726180667 0.0457380427355884 0.117624033540701 0.0511652555282194 0.136088221121205 0.0789194349894078 0.0809466602847941
0.0365247688317768 0.168946741377257 0.167251101771672 0.0726328789290232 0.15142189844955 0.119962772596525 0.019420578995564 0.0804574550408117 0.0497879115010151 0.133593892506805
0.0990311843305513 0.206243116312516 0.0376119486485258 0.139677450845546 0.00522286573936683 0.171105649976444 0.0677905187711379 0.00381878986117184 0.201045897888163 0.0684525776265767
0.119539988205022 0.0505161336388325 0.136985159938394 0.121823710310079 0.0836295819355089 0.0571972937814789 0.14660220540352 0.0510822809299288 0.110821359840888 0.121802286016348
0.0737173418402713 0.0172591925498424 0.089775757895683 0.0697485228874893 0.044784758573944 0.0722206330963237 0.167707752681812 0.195889199379641 0.0991629978741784 0.169733843220815
0.191760466677625 0.136375163391814 0.0426797074819028 0.22402042785441 0.0330039179422782 0.0732470961015337 0.0542558145636885 0.0522781646686049 0.0920430311987702 0.100336210119372
0.167372648670193 0.0479990335407124 0.169471923379234 0.054777279483402 0.13091172892984 0.0845431063786922 0.0287519975976643 0.064581950893282 0.0536096525947822 0.197980678532198
0.0234224887472619 0.0399297193471748 0.108061840725928 0.0614919632293697 0.179744816497578 0.203161204134977 0.199486417275286 0.0227341462805733 0.0604167173434357 0.101550686418415
0.136710886952517 0.064918484618579 0.118326539554534 0.0428276028684383 0.134270738995723 0.158437504180435 0.114829316265149 0.0468679914746177 0.0833252172506543 0.0994857178393525
0.0891169628466277 0.126411925844921 0.148066132102886 0.149190397339043 0.146841160782693 0.0315846190505477 0.0457258161238826 0.0815419019638289 0.0628078442569601 0.11871323968861
0.0734896843692115 0.10875280887964 0.157061559470362 0.119395999755651 0.0899449129549398 0.0922405316160637 0.0349394572693346 0.130016892664687 0.141638297888773 0.0525198551313365
0.149726024593438 0.0685362709775104 0.0952391352997551 0.119631699653229 0.102243685074786 0.131267293441445 0.126812748445636 0.0632916194663576 0.125123331173425 0.0181281918744179
0.0519575814285686 0.16174815120287 0.0563988135161844 0.121871940137093 0.0987437516574115 0.137776708899512 0.0766774813214826 0.0960988673643032 0.138462413489211 0.0602642909833646
0.130724121317145 0.0560567190628198 0.0887111049441158 0.0317050317939741 0.196104470232946 0.175991740619112 0.0742071369272222 0.146654990005277 0.0533999945903442 0.046444690507044
0.056202567362512 0.159542374694517 0.101555469143869 0.157566642669328 0.119494181399816 0.109137850274036 0.0192483242449736 0.0261408087057718 0.171790375377222 0.0793214061279546
0.129805070046694 0.156666497527246 0.102599555528558 0.0207638761340115 0.161973188924402 0.105240106749358 0.0757405536396708 0.117025696671286 0.0148346683553131 0.11535078642346
0.0641100581658518 0.112091271073707 0.00315614273724656 0.0821863722535467 0.179059158428368 0.0991145746277907 0.130358453199155 0.147714969444676 0.109481136130925 0.0727278639387329
0.105500718133029 0.0343044001565649 0.0839863530174652 0.191324204699701 0.19260993757462 0.163587223875323 0.106821869626827 0.0211870115206786 0.00964693536542523 0.0910313460303668
0.0517909561604577 0.146198113480106 0.0450410072732518 0.1845717133394 0.0626446588779746 0.101960422726822 0.126132656407026 0.0717082790607003 0.142107718891841 0.0678444737824205
0.00954101564275922 0.0719005552722201 0.0339373583719331 0.0401098110061431 0.16569307595294 0.192817394392919 0.142528695343729 0.0364014900475783 0.182399862777019 0.124670741192759
0.191065518576767 0.16572583110358 0.00149465944910587 0.0928424564001097 0.0235606018889915 0.192525835472273 0.0993868452026247 0.113069945175736 0.00992582216200715 0.110402484568804
0.0738474122494272 0.107537194514345 0.172347317146942 0.0756377801357472 0.0300194608418916 0.167596121128082 0.159089819113481 0.0572806008122412 0.0217551150059583 0.134889179051885
0.122701973692519 0.0879553335482898 0.152687274572336 0.0460283327779303 0.0549411521435041 0.0907246502900869 0.142363315023246 0.0686589176669925 0.0889850593531177 0.144953990931977
0.139503397037565 0.142087832673312 0.085978483512625 0.145902284130433 0.0157350772007776 0.14767631288622 0.0350058172679368 0.0974131132565133 0.0211700478800705 0.169527634154546
0.128775034013865 0.0399632810067998 0.107284302548288 0.0148012755188513 0.170103536228992 0.0993599703637118 0.14766053514568 0.105580575594625 0.144169062557755 0.0423024270214323
0.121833424344102 0.00317409986027807 0.179697157330886 0.0396557939935444 0.0350477817228902 0.154678979735815 0.127547483769329 0.148826270204018 0.0123799401452392 0.177159068893898
0.108220071965199 0.0904669300680392 0.0236911879847263 0.0177226645007064 0.038159188573177 0.105112915757802 0.174206369112412 0.16987055564644 0.0977266472353789 0.174823469156119
0.128675953971315 0.196166863160668 0.127504248116869 0.102718468971127 0.0376155616245831 0.0595527628961338 0.0617373506183165 0.157620072065994 0.00825851900847257 0.120150199566522
0.100247143628316 0.0811960376631381 0.0869205131470695 0.104640408312489 0.0218352963143537 0.159671639445155 0.138487950787183 0.0404239751851599 0.178922154386822 0.0876548811303136
0.128495182825528 0.102389732609859 0.153558396727431 0.0410669812893652 0.0524017960737753 0.0567318862695803 0.026762121420371 0.170744561051957 0.147615460793175 0.120233880938958
0.0281155523709579 0.123242207245577 0.0526563069167967 0.08695261611725 0.0159600565198636 0.0416059930813773 0.189493809923252 0.0537722352284619 0.203956923578238 0.204244299018226
0.120076195636296 0.129262397831792 0.182868526142506 0.0329374883242439 0.0563471688760828 0.036126452551108 0.054769408483092 0.140121627630675 0.149385393837576 0.0981053406866281
0.202760054678521 0.0131005355249074 0.0712888463650498 0.0269413307026695 0.0511051095559026 0.131642041838439 0.204476812400676 0.144344058958399 0.0576452090926948 0.0966960008827412
0.00756696790802473 0.0807584171444864 0.152938636085185 0.0304343902368837 0.155630963370534 0.0305765127740371 0.156250707323772 0.131794389612569 0.112480800778505 0.141568214766003
0.148918992172617 0.110265246220711 0.153682192625706 0.0511644687419671 0.064095388852163 0.00888285905605428 0.157529657791353 0.160528244472205 0.117735089578873 0.0271978604883507
0.133159835839618 0.117797549724583 0.0848393366840349 0.106314240066776 0.11646127866646 0.11790657140783 0.00831502275336334 0.130442326867601 0.0723148591965185 0.112448978793217
0.141131340095064 0.0137768740677257 0.114876112238656 0.0944941006626225 0.195589650813864 0.182673352966827 0.101560781020299 0.0254887116150766 0.0715923551529506 0.0588167213669142
0.140861132983252 0.0733337526533193 0.0303375015950428 0.130950384572673 0.157763764082984 0.132150663912361 0.149236508640961 0.0614803100534691 0.00890129194447146 0.114984689561468
0.0534610007529296 0.132923762327639 0.138630051211972 0.138499340878816 0.127888310814239 0.0880037569758729 0.093148217719462 0.00683828583579836 0.0853081052271334 0.135299168256138
0.182053125185059 0.0263527497875363 0.116747831586937 0.101199985458431 0.0807908619415682 0.041761842724256 0.0736524444878105 0.137207336668091 0.179288930826402 0.0609448913339087
0.123167350229018 0.0251448231835227 0.134817263765309 0.177602315481171 0.0805166698644943 0.14720343155376 0.000712087988256116 0.086424231045761 0.0878120247164719 0.136599802172236
0.0948574357907578 0.0596845020630206 0.187665564640408 0.104422082954175 0.108278102155827 0.00265342556100076 0.0658596912572782 0.156966364672648 0.148408164954919 0.0712046659499644
0.120642156295695 0.0691111696519197 0.0212803405341826 0.0699953791628597 0.0498813129610621 0.0673399265202493 0.0648082862944702 0.146394336726951 0.115674945037267 0.274872146815344
0.160014315563323 0.0372191047398166 0.175218222197477 0.0117317010081223 0.172163284390891 0.0801177497144041 0.142607909219539 0.00907218314669802 0.0170215189614405 0.194834011058288
0.228325846170843 0.146407026631407 0.0947100629343473 0.0781409302448221 0.0583971231296196 0.0355742479287106 0.0222824952624201 0.223343254748116 0.0586842182890788 0.0541347946606354
0.217263803778506 0.0155185728451228 0.236917429382002 0.139910174163958 0.0440447892515212 0.00339109521620418 0.128988859784483 0.0452759331005982 0.093017944832952 0.0756713976446516
0.042498254277925 0.15071287711745 0.122688366430273 0.165927101468134 0.0780848170491265 0.0968471693720352 0.0388426153683301 0.167534554501035 0.107630132601202 0.0292341118144892
0.0806676305235662 0.0721603004092422 0.0195862686776843 0.0957994963955183 0.0969079616973481 0.0446736419028214 0.186730845101985 0.0661847563332847 0.156122620175398 0.181166478783151
0.0694554300173224 0.125061307339714 0.192936125225872 0.0781353628048677 0.121511513350842 0.123372826873613 0.0513048065360739 0.0365968543236507 0.199398347227619 0.00222742630042473
