0.117894791185173 0.107789232569059 0.038951702102142 0.128218589233885 0.113754243626581 0.152292435831377 0.0967433444898659 0.138176637110327 0.106179023851589
0.0093337694546277 0.233453922085426 0.157421561279078 0.193715523959997 0.0616118993202033 0.209107141155266 0.0608514075555837 0.0634942940286207 0.0110104811611977
0.120398210138247 0.0327093498836704 0.22614587032732 0.16539535314204 0.0354097780659186 0.214603923940233 0.0834352510333579 0.0680440022329308 0.0538582612362826
0.0474496318895267 0.0129452992307266 0.194926794615651 0.228383022180848 0.0722455892777583 0.17569029530624 0.142288402389864 0.0203782017339948 0.10569276337539
0.130223264296207 0.021912570523552 0.0877629102433833 0.243510998542723 0.175547351682763 0.00642645044861333 0.0879804984973155 0.0862303939621716 0.160405561803272
0.00420416972726819 0.120406971891652 0.0534424918355327 0.102887855123462 0.117592163450109 0.0924020661305219 0.131571062137187 0.130041868399395 0.247451351304872
0.147004593316065 0.0909335676959815 0.0992430794873743 0.0803906424074742 0.00253405775011805 0.0889282824615338 0.216127735011686 0.2142549127131 0.0605831291566672
0.0602218476816207 0.262618137706197 0.0966542618712691 0.0855081743128725 0.0692208108608428 0.187156736248186 0.148986246411494 0.0874949037257313 0.00213888118178654
0.111547804998946 0.0899557336861116 0.0712720155409756 0.132866477431593 0.0885990159786691 0.11329619044615 0.145355153871926 0.123868632422464 0.123238975623165
0.162764684356033 0.164402905166929 0.0184880114011199 0.240118488514363 0.0354257717047355 0.103174664997922 0.00698577226993293 0.124495237367167 0.144144464221799
0.152634819365417 0.212567227310201 0.140375350445118 0.035772081437214 0.0801690943304086 0.192010765543583 0.0983903186683135 0.032969152692797 0.0551111902069492
0.20652793227347 0.2111052725082 0.0289870483712253 0.11794231190168 0.151152409761344 0.0782235638917169 0.0596182050018809 0.0416703709488963 0.104772885341586
0.123380589460729 0.148213712594037 0.0944942833350024 0.147659490880087 0.138744322582397 0.0552822020288711 0.0088399956245986 0.0341185590052847 0.249266844488993
0.135078619913354 0.0678867154364317 0.149341512121074 0.0227581159763337 0.14296896864615 0.154998642954557 0.018984346901861 0.165789364856622 0.142193713193617
0.0704859799241388 0.0847412191650712 0.0713113666570897 0.173266687728706 0.137876456981462 0.0173367743626689 0.164005930033762 0.146924280767509 0.134051304379593
0.115603121816747 0.0213949020856816 0.157461948613366 0.176757729996575 0.167927684314066 0.0144449048898376 0.0818182391174674 0.152851189876824 0.111740279289435
0.20774404499465 0.121142149592747 0.00821669383689313 0.125448562436135 0.0609008122647146 0.068687005643331 0.237135588218803 0.0380029331008359 0.132722209911891
0.0136745829867791 0.0426845626884739 0.161461098652334 0.0350534647318173 0.147523083426091 0.160340180700997 0.128180554732922 0.0673799411462402 0.243702530934346
0.0327743904536943 0.217024572431688 0.118859195964081 0.0109527379680323 0.160203883903509 0.146590494164048 0.201829001913384 0.0209975944626084 0.0907681287389551
0.174858850558164 0.0244763141657765 0.141715370429316 0.106214274160798 0.107963361350979 0.0767482633401365 0.0984968597018944 0.12980021942314 0.139726486869796
0.144745446463992 0.20020481467396 0.205687787933206 0.0387887359295907 0.0383006740953563 0.0780446960502348 0.0180089510004956 0.117581005167331 0.158637888685834
0.164526042152175 0.0541034149625397 0.196648426464036 0.022685410313725 0.153805321300704 0.0929184682899951 0.0609817931271068 0.163841264402787 0.0904898589869317
0.157028574786366 0.196672911327381 0.0487704484123213 0.169503147320849 0.092390564022844 0.189791839636863 0.0497385936547319 0.0589371352593388 0.037166785579305
0.0510041308546619 0.0683407483356458 0.14642178746982 0.181254681739464 0.0847215037531811 0.131673159024334 0.0195697337010475 0.195112576346308 0.121901678775537
0.0323462433946554 0.185225590507756 0.0262496099858717 0.0631141588463085 0.0195268880782725 0.205438102277062 0.133932212873991 0.177475478500629 0.156691715535454
0.0595702594507528 0.0348242167445183 0.0148824251583977 0.0569428853586407 0.186088596150265 0.0769830274125002 0.240222482000942 0.105492333488103 0.224993774235881
0.167478174712744 0.135845443270531 0.148747759610457 0.100474820375911 0.0730789217217661 0.104809050062469 0.0501062048889322 0.0660815744136081 0.15337805094358
0.174402568625988 0.00790238476357308 0.0630379360156829 0.16379393301189 0.0947555657434134 0.15690074368261 0.0970467449913785 0.0978290009930177 0.144331122172446
0.103635923017641 0.13062119677639 0.126226688778284 0.122466792212838 0.125913023170829 0.105785655206718 0.0664540414308191 0.091181027506677 0.127715651899804
0.0273991465898861 0.098248379714415 0.17790107384914 0.0445767758567253 0.181682253948056 0.0822302428503643 0.22034322840454 0.121605737182112 0.0460131616047601
0.0799021007463043 0.0664604329034603 0.107105006468871 0.139982352429036 0.191023072783356 0.147848376705277 0.071945802622189 0.176455071452647 0.0192777838888588
0.0793588821515888 0.145867043883482 0.144853276199467 0.115002056011973 0.103616818840288 0.0829037420791575 0.0866615245516179 0.103572482329569 0.138164173952858
0.0274867436720374 0.136900637569946 0.13920058890749 0.162122157009307 0.157875077271127 0.160930773819956 0.0586983035665034 0.1104624846203 0.0463232335633328
0.112173701265108 0.0278356888223523 0.0418119626726531 0.059003771064266 0.1121963529451 0.0860891796818936 0.178560670197993 0.174646220560399 0.207682452790235
0.244032251091889 0.141059653808724 0.0504841096888825 0.0313457597491754 0.111697521473403 0.122496084972776 0.0250925415585914 0.235367879009661 0.0384241986468978
0.0981487817862385 0.152101184876124 0.0185886597151363 0.174400750420872 0.0673630536788369 0.15853242888977 0.190569176231909 0.0475834146340363 0.0927125497670777
0.0753552714150014 0.115850706305167 0.089647195361485 0.0578787842981523 0.204710992269626 0.191194108979724 0.210216581046143 0.0208632577614016 0.0342831025632997
0.0672481987829709 0.101172070363976 0.00305247312368315 0.153765894211513 0.132243161650284 0.106735122139606 0.189679960051345 0.0365859628891838 0.209517156787438
0.0505594421869552 0.0507211262254455 0.0789333232303699 0.209929902779918 0.182942718081879 0.158076099914565 0.000757842611671544 0.035635731339232 0.232443813629964
0.100709754021296 0.150222934173035 0.199424876770227 0.206150190083836 0.0200207826281219 0.114040460891524 0.184535168647584 0.00878914680979754 0.0161066859745793
0.0734838788929475 0.180085181811388 0.118873745393646 0.0486866909271071 0.193735637697614 0.0300701475867824 0.101853170343468 0.0782209043709586 0.174990642976089
0.0119079272664435 0.145167192432791 0.10457010949376 0.0400148055878882 0.120305180501843 0.138696747630064 0.159814161568589 0.0944480278328087 0.185075847685812
0.12589078710234 0.134174848583597 0.115882670513244 0.11029039459512 0.101268263114077 0.134690737305932 0.0432343729642588 0.0994653047664526 0.135102621054979
0.0261431208828455 0.0340188339454295 0.167105250726199 0.116498795856277 0.165220650472742 0.0401648134291516 0.248913739287238 0.0230219494718464 0.178912845928271
0.040648497736557 0.00892346702142905 0.127127829971049 0.149438804644095 0.261417457972681 0.00118743436497283 0.216287617889327 0.0719581002994107 0.123010790100479
0.060201088659141 0.157331050245792 0.117616841304748 0.122184663424428 0.0484978463665383 0.128157660562586 0.00345051678096864 0.170198035390058 0.19236229726574
0.0379464722377847 0.0104929115468452 0.106775145890544 0.231719955739689 0.263702359536711 0.0981365745814886 0.00306592922772429 0.15214849543915 0.0960121558000632
0.0329294865400295 0.129528405647614 0.111570620005722 0.113807019102302 0.109113876978776 0.161423414072708 0.199474113036861 0.0625493310491318 0.0796037335668554
0.221429777627341 0.168519695251236 0.118196842916911 0.0145654118862259 0.188202761169619 0.0962778852596669 0.0494636515046368 0.0161463099124014 0.127197664471961
0.145657643686735 0.182605157402457 0.0513383627542555 0.0209538248010485 0.126267001977619 0.147704261242353 0.0628117495291134 0.0819505894327434 0.180711409173675
0.0928925244604791 0.0838031590280934 0.0856006180590998 0.0422206903305239 0.143932224874903 0.108185057514444 0.172689956580077 0.0609699600842771 0.209705809068103
0.170417243416153 0.0459845114423437 0.0478314902128931 0.174842470973101 0.166978755077145 0.0297340492137142 0.0607984837799966 0.16056665485743 0.142846341027224
0.0334750171109099 0.118870377607697 0.158885440873394 0.165349641822526 0.0433447820647196 0.126869835949338 0.17283306222508 0.15933207305155 0.0210397692947852
0.0533725257459775 0.0763606504260293 0.0794664764312632 0.151008386970806 0.144204515943292 0.190896153465586 0.0787411634378824 0.0443995989331863 0.181550528645977
0.16670853359733 0.172104121853131 0.0331809920931533 0.165433939459089 0.0449578101978748 0.179493144647566 0.221219174867905 0.00800201303203983 0.00890027025191023
0.0936359782457394 0.114157320829969 0.0618589249361959 0.192343026652419 0.224816004698494 0.0258683469317856 0.0686203485006079 0.124863944247284 0.0938361049575054
0.166492734442276 0.118651976851647 0.177044996416172 0.0153503187888635 0.0217573993172342 0.126197780428755 0.0345951671150912 0.154739077773214 0.185170548866747
0.169503665906544 0.10104354613833 0.0431876740476391 0.200229759788394 0.0106079355558874 0.159144312133867 0.184150839013494 0.0320007082356288 0.100131559180215
0.00434654062578985 0.257121360204032 0.104749845434693 0.168931396717006 0.228611951304454 0.0949291475076912 0.04025065682865 0.0437957728593432 0.0572633285183404
0.0330959496036059 0.0867262629633239 0.178471498759962 0.129580274187295 0.111347505999696 0.113278586216407 0.119559082892621 0.180923525016136 0.0470173143609523
0.00745435204846644 0.101026065640299 0.143711945200824 0.141611017553208 0.14156479343895 0.120379423870594 0.128882357834989 0.124894899379766 0.0904751450329039
0.0747458916301604 0.0514033559144703 0.114436874322134 0.182456250400741 0.00870035884273086 0.15701244474034 0.0743351776026561 0.185420417560082 0.151489228986686
0.17319504660938 0.0291327132356993 0.214768026545666 0.227615275027275 0.104793822666263 0.108433879433959 0.0694981741376016 0.0300606987386946 0.0425023636054622
0.0873559389281484 0.0767649027233021 0.190705955847158 0.000911301565576131 0.0742762334776807 0.164062480860119 0.0635699495301187 0.188644183340453 0.153709053727444
0.223820214741967 0.0182423329600376 0.178375083779016 0.0504867070993976 0.0742399348013894 0.184928888568867 0.00433102215051658 0.0615039353537493 0.204071880545059
0.13514796549896 0.0624556169524408 0.0767754497780815 0.035288777195918 0.0338412161654676 0.217900172705587 0.159431079886179 0.0679015729527277 0.211258148864638
0.116047892107248 0.099664616377068 0.157049665328723 0.0356573317205017 0.102891609085002 0.15206502794094 0.139077140338485 0.115270235760576 0.0822764813414557
0.0380688373116142 0.074496904961388 0.150384709041587 0.13095066490845 0.0263304208289569 0.0648631188519355 0.281234325327428 0.0963209049364365 0.137350113832204
0.0826310954996748 0.111380956446151 0.141607283446754 0.109770176888219 0.0347262951613692 0.111440907624125 0.143054711872157 0.141883601049307 0.123504972012243
0.213734075307218 0.235729233296843 0.02875234858508 0.0101963217021291 0.180988920209249 0.0681907683020828 0.0475023352050426 0.00317474023794887 0.211731257154407
0.0217891382139544 0.179487784962396 0.18980269223705 0.0251997080242392 0.18139460036696 0.064451895670131 0.172393939345883 0.132709916979861 0.0327703241995257
0.234794810599672 0.0165292869408238 0.0457833570112599 0.0339985506616084 0.177885804142659 0.119706073912526 0.268057587957463 0.0313619098831907 0.0718826188907973
0.0433979796224984 0.0591936661274568 0.191631655884188 0.0792212698532724 0.0746182919439932 0.0767619424874971 0.171520844128708 0.114596074481719 0.189058275470667
0.0765214407574144 0.192220072401787 0.0336603267272468 0.12601068515587 0.0531951636673264 0.0278727701961712 0.161825156971303 0.0953451442707437 0.233349239852138
0.0371402331511227 0.114358653364881 0.153992307848268 0.116520427957794 0.0717003914142234 0.116654266797139 0.138951901782585 0.143722766603527 0.10695905108046
0.236586567605056 0.162077894330307 0.117787582015385 0.0452667622117767 0.0576402218062544 0.0374391055512506 0.215962969223147 0.00064710440588682 0.126591792850936
0.16249162768333 0.116657688102053 0.0581228490567772 0.0752988936352868 0.173001682383418 0.0682094885623555 0.104992518278763 0.178811736149924 0.062413516148092
0.164922768527252 0.0123772462887911 0.274672370411978 0.0378272541505289 0.219606969081234 0.0477434346282198 0.118474216088536 0.014787306684236 0.109588434139226
0.00305239693442815 0.169545170893093 0.0626838219876773 0.13546189826091 0.179462546743004 0.183195770383425 0.101095662419432 0.0919110671145564 0.0735916652634752
0.147580731866039 0.0976429260900535 0.0877782575879632 0.149027973232076 0.0601547094918286 0.134991096323739 0.152670218643019 0.137393345043155 0.0327607417221272
0.0210655037413452 0.0938188377696128 0.152720554439196 0.149277682870523 0.157234220080702 0.165109417442747 0.03378331681126 0.191264945004722 0.0357255218398915
0.214548739731858 0.18911388853544 0.0801560425119051 0.0595817848058101 0.119817790872195 0.170100290036532 0.0157531021001709 0.0968544316159702 0.0540739297901192
0.228355470028947 0.160291572302197 0.00111875908381198 0.234220095213622 0.111021647207748 0.147204187199546 0.0189529355851749 0.0450048334313817 0.0538304999475709
0.108824528212229 0.0787633316578628 0.172676082511398 0.172652021335981 0.00308428467807266 0.123879039582893 0.00257063555074448 0.137858567199082 0.199691509271738
0.103792105863888 0.0488170878159683 0.180167107535122 0.096553479512194 0.136300201949439 0.0453460382173525 0.100138136813515 0.121724336300248 0.167161505992273
0.00131991845600228 0.157570896955708 0.190042547798346 0.027690631835353 0.195049163757202 0.157978613899936 0.0108132414029203 0.196184765157993 0.0633502207365397
0.0635754522588049 0.160620437896233 0.0661548109912851 0.0772697101089377 0.168663832873662 0.020957092483705 0.171888465535194 0.129826245285073 0.141043952567106
0.0560270470411122 0.0955418983369039 0.00346259900706365 0.163631816990369 0.092476638636623 0.177770573788047 0.16180749183852 0.116465703858224 0.132816230503137
0.134021588598887 0.0168841054849564 0.143665210688509 0.167482807812523 0.134658203535511 0.0779355976511048 0.147569069909559 0.129161706736474 0.0486217095824758
0.0198662269696238 0.0776383939261878 0.215861841915667 0.0816206065347971 0.200248350351688 0.0982704572395579 0.129850345109125 0.0135328207350443 0.163110957218309
0.0792785531715178 0.130032893638403 0.106865193440548 0.0140636428195902 0.166391346630693 0.10425238282119 0.135890869949828 0.157607080776127 0.105618036752102
0.108740044489229 0.150093825864762 0.103070306993026 0.131983758661668 0.121717726036039 0.0552599543007195 0.112049352193851 0.133735057467126 0.0833499739935807
0.146134011578667 0.0904030777828358 0.112624597098399 0.0479413200568496 0.19869908359772 0.0212426528576948 0.230310465959514 0.0740414036359885 0.0786033874323308
0.146310594521589 0.164744707592042 0.0683371195489056 0.0659229532212254 0.170769651825836 0.043919011414807 0.155154876218061 0.0875812460145646 0.0972598396429682
0.154106752995751 0.11604293130375 0.0937057805532857 0.0615481416626052 0.086484291372996 0.197681653853817 0.00488035857387342 0.0872317363443407 0.19831835333958
0.262552885026848 0.145694220814905 0.024684057379683 0.00643376791218658 0.0380205286735002 0.0358127712485838 0.210794859398994 0.0168350231591815 0.259171886386118
0.0808156232337219 0.129525682962786 0.130240939653658 0.0799784985250408 0.211351772444154 0.0287364971397899 0.123102655084488 0.119801557900055 0.096446773056306
0.00544220192003228 0.139741157405098 0.00644587145627433 0.0830478793452858 0.282546863910509 0.255667220044079 0.00488713584615644 0.162076547739198 0.0601451223333662
0.202760167834113 0.0505321913509159 0.16180013644828 0.083092291792652 0.0163736309702252 0.155189558690356 0.0260665179617853 0.248732164476555 0.055453340475118
0.0453971356298353 0.125406658151197 0.217846827788245 0.262322259236821 0.0241240316331431 0.129642295674717 0.109834694146101 0.0822950213585086 0.00313107638143228
0.128287395386529 0.0794431664096614 0.0629451338577783 0.111962298526635 0.0727282989631731 0.174264082421902 0.0537393736989721 0.192319015523225 0.124311235212125
0.142707984723182 0.115283178385409 0.178565963637802 0.119685078814095 0.110175438718898 0.133206639265682 0.0578185559107516 0.118844264170425 0.0237128963737553
0.121187419822022 0.153404596664513 0.00498171055856672 0.175228468430401 0.147825267180934 0.073577643203377 0.154071699812112 0.0423472174114206 0.127375976916653
0.108701923843134 0.146110772102937 0.0176243227808754 0.153568280028217 0.170311726934449 0.150535572757645 0.121337617308449 0.0340454275904641 0.097764356653829
0.0322018385381145 0.103325223772033 0.0130777345320073 0.115809916815471 0.199797502652298 0.143183661822938 0.12815507237376 0.0874307678416028 0.177018281651776
0.187742420634676 0.0275307950048513 0.069089574926131 0.18838199142914 0.05228643806429 0.173810712354007 0.228317947556924 0.0368327642146577 0.0360073558153239
0.146082987005845 0.124594219733421 0.15976343367836 0.151111551616665 0.0372606309639818 0.058940844424827 0.103151489422076 0.190194399606674 0.0289004435481518
0.140851653646536 0.0438256160383235 0.0240380645842831 0.127038711925052 0.174018834011457 0.0488128795772839 0.184010330658803 0.160810663163545 0.0965932463947177
0.120269050820616 0.124946993692484 0.0766454087749499 0.0394227059611712 0.0714126976410693 0.0361375350719853 0.0856155132476284 0.250764601633066 0.19478549315703
0.16921591985709 0.0844404328247595 0.00296139520040768 0.022822918693801 0.0592226448726002 0.24940239961775 0.0451046563103409 0.163344039819484 0.203485592803767
0.029048717170391 0.151140934234518 0.162271469251385 0.189729791760004 0.124347765264279 0.0757048065509066 0.0687923216340969 0.165885763866468 0.0330784302679523
0.11022917472453 0.144498519235618 0.102591763683765 0.0445271104944195 0.127078589434762 0.142717517274936 0.0495031340211569 0.140495842502134 0.138358348628679
0.107868105456518 0.0106163929820158 0.0862978830331464 0.130401053211533 0.2168390983826 0.10463481955848 0.204895400094017 0.085089056272844 0.0533581910088449
0.100032404953945 0.0146864548937176 0.114853220819371 0.0113698527671086 0.047459999757401 0.193792292190584 0.106567020936022 0.218328795808148 0.192909957873702
0.0536616954860996 0.190762850013385 0.0297328652106096 0.00706955411303431 0.180446864118969 0.0924998705767265 0.0695673930409604 0.185275773355913 0.190983134084302
0.0338026487177483 0.0388881200793959 0.14303655392987 0.164099721717245 0.00371029746588854 0.128922151242224 0.168895567258583 0.190375658046445 0.128269281542601
0.00844435169639831 0.065928430545085 0.0944478783771716 0.211329836328594 0.119294603532036 0.112790089132135 0.131620317542281 0.0680130030656543 0.188131489780645
0.00548337336286196 0.129330310873826 0.182464474038831 0.102610266121129 0.12933608575362 0.113888966692581 0.0610559892480787 0.168194863774685 0.107635670134387
0.0286647343588031 0.121418388007243 0.0847824877216188 0.14251079130214 0.144129903559267 0.132551011644994 0.0857153227732368 0.122138269102628 0.138089091530069
0.126992440081247 0.129796637307071 0.154030609421902 0.0157094412709893 0.118776353292485 0.0619348912023723 0.0647806085183018 0.0452863004861332 0.282692718419498
0.0946628273406813 0.107574645229608 0.0980236367497082 0.148966055716608 0.142672853890074 0.160407467895786 0.0062467970303008 0.164470917094328 0.076974799052906
0.0272865287675513 0.177425110586536 0.0480494573427528 0.156049068327654 0.155183188479313 0.152761580501267 0.104913392835801 0.0696028422406591 0.108728830918466
0.213212383440936 0.233143718787114 0.0377261726141391 0.0530778461303849 0.072328851286132 0.177051634032368 0.0736774116935633 0.118856950079125 0.0209250319362367
0.0632382793838376 0.168593750560182 0.0436589254591603 0.123000582406519 0.11563641826007 0.145941838205534 0.163296948223174 0.174087338092878 0.00254591940864439
0.0484641798277066 0.16228253318958 0.0618751129153338 0.166128752431455 0.00974851015483295 0.226886287873069 0.241277005267666 0.0491924012346099 0.0341452171057473
0.0247366884350385 0.103592860745208 0.211073197308858 0.235010512948132 0.0643491175604304 0.0145756861067584 0.104899396900585 0.106643340077065 0.135119199917925
0.172994406388706 0.205650768431709 0.0120171942041986 0.171471073109223 0.0282956226692533 0.00655790488817968 0.208500599918541 0.187249022605402 0.00726340778478805
0.0967416243393701 0.0366432358070576 0.00720974479833273 0.142537446691293 0.0530937415836468 0.198668829197374 0.132146675176213 0.251645652366595 0.0813130500401172
0.196124964896169 0.168243739955084 0.0351428670198425 0.240611465951851 0.0811218744436627 0.0703271091111804 0.153821129270559 0.0443447369774971 0.0102621123741553
0.0233459564775367 0.129584519698923 0.123936194437197 0.0661541235743921 0.159219487256531 0.248734453279726 0.0710026972172684 0.0993146093450669 0.0787079587133591
0.178977386321597 0.0891603654967774 0.0478098087360947 0.129528394063467 0.0530581998288133 0.158755696381057 0.148705530555402 0.115520699644663 0.0784839189721289
0.0747360080939659 0.0754297300864154 0.118456825817503 0.155213642595658 0.183569819813129 0.193142411968541 0.0562821147962373 0.0183201967282518 0.124849250100298
0.189534453723641 0.183361995290717 0.0698304058416889 0.0795733177119309 0.0277464784805384 0.0819190399784062 0.0205965593008603 0.166842110579169 0.180595639093048
0.101694101464105 0.235225016499967 0.149931295388817 0.0119020853083774 0.084372001771801 0.174654343909918 0.212186160290144 0.0240296459373347 0.00600534942953566
0.0892542174016734 0.0749815430878975 0.0540510328362376 0.0894287740209587 0.0336753949937345 0.179853555156298 0.207811365999303 0.146939613077955 0.124004503425942
0.140625340938905 0.0964851943159647 0.075403725685883 0.119969033243438 0.157326476418022 0.11175078170151 0.13670138343689 0.0155184038674072 0.14621966039198
0.129245444158283 0.0526405395865071 0.0244775329589665 0.0354865005210481 0.187406252630979 0.170224946121672 0.140609935755125 0.13204258622067 0.127866262046749
0.0950930385448751 0.0182817361220662 0.111434562780486 0.0688266796147586 0.146527204457591 0.112945870147257 0.165981199241302 0.129634435256276 0.151275273835388
0.112195091428308 0.181903651058621 0.0516114857313935 0.160205673923202 0.100447627316785 0.0314638352429802 0.152976861940239 0.159104131854293 0.0500916415041788
0.158339780563488 0.0639883694703685 0.184429580714557 0.154414037385218 0.0233099615632741 0.0206694088099383 0.139598987584458 0.0766377047437149 0.178612169164984
0.0845545115721672 0.0110227146039434 0.16970272383509 0.109545351641998 0.158911749700935 0.113370256090448 0.162658714984303 0.0591298441600869 0.131104133411028
0.0644555009824578 0.117433491189224 0.0720199428465924 0.123109439446321 0.106725240160659 0.139255761235529 0.0717072296253555 0.129541832950632 0.17575156156323
0.224579190423497 0.144294320144813 0.00667614420293626 0.120491936185425 0.231518523606998 0.0417202607055512 0.0909604276331965 0.127537676164092 0.012221520933491
0.123299085810786 0.151497271076856 0.00820029861115626 0.16113786829661 0.160883210354665 0.173543098326299 0.096768895674225 0.0590539395031279 0.0656163323462747
0.0211368111223082 0.0370922362457682 0.113609975072716 0.0408691761190388 0.199383692273423 0.274973352942419 0.0402906963269451 0.200277550254756 0.0723665096426255
0.179396598913935 0.0773092828050367 0.166675591929125 0.146799696202838 0.09014506513511 0.0264916088832745 0.111653113032294 0.134047342213783 0.0674817008846039
0.0181907296702929 0.0719558858204564 0.208010045108195 0.123796561854735 0.0494863136584558 0.101914032071979 0.202618354142548 0.160585273056132 0.0634428046172067
0.071611193548485 0.190624802757889 0.1730916674399 0.172325046693273 0.0336021227352872 0.11844123389296 0.0217207007148638 0.0483504325324231 0.170232799684919
0.0816934528748962 0.0848277969883095 0.0565832632882754 0.0917620821603199 0.159646238729784 0.175501772413085 0.0109481678454659 0.153797094643825 0.185240131056038
0.0585681869527409 0.0375117190317522 0.273904142648419 0.122628480316883 0.0610276471154442 0.125245419360991 0.116780600054298 0.00286740887190087 0.201466395647571
0.072950499866819 0.17495097812105 0.128143855145961 0.099586243889066 0.0271535058933229 0.187322192235676 0.139975860081232 0.149283376481702 0.0206334882851704
0.17722734817026 0.217788884797043 0.0111487962293218 0.0411553519088658 0.123791719738641 0.261652766035862 0.0441953952515649 0.100788879014155 0.0222508588542867
0.0362517866321746 0.184644675178521 0.0139541909906442 0.033049312037153 0.236658253681351 0.115522110820826 0.171631858249659 0.00250884421656124 0.20577896819311
0.147055649303303 0.0608983801895303 0.0951393579097608 0.0892744942657169 0.239265108555248 0.00221998601052944 0.101525359810961 0.17867520848668 0.0859464554682706
0.162232923696488 0.212912771795917 0.0603741374859666 0.0718398638090523 0.0286865119541463 0.0358628278891913 0.170762204231377 0.179513446800901 0.0778153123369608
0.16324540661036 0.201446406874636 0.192827406307463 0.120777102504274 0.024049337339823 0.0429024168097056 0.117092567738245 0.0437018406523096 0.0939575151631832
0.0311306162098388 0.132998009603057 0.0974409781503487 0.144032656830784 0.133769152568327 0.0843820618190992 0.10408545407135 0.118688455421465 0.153472615325731
0.151178972630868 0.0705473164122569 0.132164530780771 0.0598875705964889 0.077973503414225 0.140091250851312 0.165722619336465 0.0757279654974979 0.126706270480116
0.172697449425095 0.0881726678435648 0.14770816815185 0.149983418534427 0.177277102157322 0.0210953719846224 0.077009687934375 0.0684357367059566 0.0976203972627882
0.0885201127193045 0.120794412896219 0.0183746373437152 0.139715624954103 0.0464770779228485 0.1249371339732 0.16540617872387 0.145859113953951 0.149915707512789
0.0419408712336115 0.0349818602455616 0.0381352818640744 0.0451447139131248 0.0859503871256984 0.139394382767841 0.221529130451899 0.170387172526371 0.222536199871819
0.116114557064261 0.0614321999894565 0.0524807045649011 0.191232394486319 0.000946616846861869 0.0463645227250103 0.192883778278898 0.172964478340032 0.165580747704261
0.00150664257132244 0.0987000183320974 0.157440546732247 0.179863632066823 0.0770174441081059 0.0614510171688424 0.160808855771829 0.174258517588534 0.0889533256601982
0.0865003075294904 0.0326485290605959 0.122122320685321 0.0888873865624909 0.136794968011036 0.0140912815237196 0.199041033969437 0.144821448864918 0.17509272379299
0.0913508976643683 0.0719127121185838 0.178623267829057 0.0701556795071516 0.164499581005557 0.130645236034968 0.127966406435544 0.0376281151850658 0.127218104219705
0.0295555665673558 0.0297375132106817 0.0613474989650773 0.162777947211495 0.213714184009 0.045328464118116 0.162034131295335 0.109404078415009 0.186100616207931
0.0631711313328914 0.154763036180919 0.118969645250039 0.138234911598449 0.0732122148144166 0.00137197947864225 0.17163632859699 0.111516084914591 0.167124667833062
0.0383903580333215 0.174675947850853 0.216761213294422 0.112123344522124 0.15471730118968 0.0811232552015726 0.13918869679921 0.0307596942676226 0.0522601888411943
0.12366957626712 0.104928413781687 0.0344410431955354 0.176138816344963 0.0554073738026371 0.124137564525617 0.0776691094683753 0.231358763135688 0.072249339478378
0.0947700278472876 0.219775159709502 0.14403141258426 0.0669374457885038 0.0383352047359322 0.0444043897788959 0.179921004206386 0.106100436152116 0.105724919197116
0.156485160851682 0.0684352220711319 0.107225463686686 0.112304321261549 0.0523917777018773 0.10998585151018 0.071243981645304 0.114800995490411 0.20712722578118
0.0731348800377098 0.146071333852624 0.0583819850077972 0.19983870431107 0.100059616900461 0.0786687609137358 0.133325036240585 0.1497796367503 0.0607400459857173
0.180443026619984 0.130924307708349 0.158724542588219 0.0871038104345333 0.100815258519874 0.120888824835009 0.0937643824353666 0.00320496052268007 0.124130886335984
0.163861685254574 0.155762515464594 0.0517419968763233 0.115870342618699 0.163336962168698 0.117692878889119 0.083336156534671 0.126101138259457 0.0222963239338648
0.0718645190899692 0.100111868417414 0.00422597446709792 0.0587820639799949 0.0945886947590195 0.210068938068474 0.201892877207545 0.161800147369641 0.0966649166408439
0.0115164097574413 0.07672037037085 0.133235504774266 0.105773113182596 0.0509492875904818 0.121370883893395 0.147581474189446 0.185450142331299 0.167402813910224
0.0576084010881678 0.046437883705068 0.0706901781457545 0.164287503075128 0.0913690466675196 0.135994023667377 0.0637283320829318 0.182172048169749 0.187712583398304
0.152913755923226 0.170133831984486 0.147292604501863 0.137613047868001 0.0833142129464918 0.148345533397322 0.106582171858146 0.0128285210295277 0.0409763204909374
0.115214179405915 0.126841880238516 0.078511448067915 0.0604407963476882 0.130989070477374 0.0812187933258345 0.175091273556908 0.114855249680353 0.116837308899496
0.0413418952828789 0.038523085229793 0.130428085018864 0.159661922769668 0.119100731993303 0.137543949431695 0.108110084660537 0.107155079908181 0.15813516570508
0.0593091195114656 0.0295852482805642 0.17575008222564 0.144233463327747 0.0718772649703118 0.0358257741612666 0.104174093932911 0.203577503448038 0.175667450142056
0.201375502073645 0.153892661350564 0.0904612211595296 0.209968091290118 0.173509567469658 0.0168728246220527 0.0162652890441087 0.118038747776132 0.0196160952141928
0.0102559554770749 0.143188893224855 0.16975133431157 0.116228753804143 0.172966181585243 0.0487268935131604 0.190870293641793 0.0348994745582738 0.113112219883888
0.0267940173032596 0.00564902961878232 0.052564966113025 0.13530852237621 0.207599912426236 0.243965117653843 0.0576050843581514 0.0091912287906187 0.261322121359874
0.0471030763807179 0.209817415520522 0.0167877088515492 0.126325597261936 0.10354711703127 0.221140121304909 0.164180927877191 0.0960794268733962 0.0150186088985083
0.168376063800851 0.112046191915188 0.0652172069779334 0.0255088464230182 0.136970815733113 0.0904232061839311 0.148709374082696 0.0863022671567557 0.166446027726513
0.102089356976875 0.0519291138475995 0.172215457802727 0.0888185786804115 0.123421399658255 0.173032573451619 0.0807023049793257 0.0987792100343182 0.10901200456887
0.120761504491922 0.131633304856602 0.0851798678410829 0.125792675610381 0.0927066259230486 0.109595903127183 0.0788025512961257 0.127568081017506 0.127959485836148
0.126407763065014 0.116750138147814 0.0352401983042265 0.175623599464087 0.0277447851376551 0.0793627148647069 0.216491448406184 0.0359983676071277 0.186380985003184
0.0710617473739909 0.0393022738545324 0.136110856244071 0.00794337552298221 0.159563941028825 0.146767707205037 0.235806753379672 0.00304549862667519 0.200397846764214
0.0558681680376888 0.144848619406063 0.00935951405095752 0.0947230194799254 0.0856572177599975 0.0609274238291218 0.236048289694883 0.171798329721084 0.140769418020279
0.252034656210924 0.143084758531973 0.0315906219685682 0.106444346067954 0.200651975394718 0.0311308247287594 0.143535836702919 0.0126524976576875 0.0788744827364972
0.0220289370416585 0.0855865291303737 0.058289689182947 0.207421552158853 0.135504709527704 0.0371132868919624 0.216469129063951 0.0588882447241911 0.178697922278359
0.234938718935796 0.0406390024974354 0.000819139344636733 0.0508581670592824 0.095797852938704 0.104187663473802 0.124914388011127 0.134047082265887 0.21379798547333
0.147158259431219 0.119570613464739 0.122557361073388 0.168275099108756 0.0362161892474044 0.119587940939718 0.162007221929379 0.0702889895946178 0.054338325210778
0.13730814015391 0.160182990528055 0.114569046380561 0.14251894787573 0.00189439781022491 0.191603077333867 0.028231418687192 0.00603517484125601 0.217656806389205
0.139292585421399 0.128540568176314 0.155752680154379 0.040716263527126 0.162043733671582 0.122373457117052 0.0897737938613723 0.143696762460784 0.0178101556099927
0.118786024561647 0.0988342462990589 0.0300170863043018 0.0113539626658645 0.0875964934386283 0.202854957307646 0.112981854045349 0.226446754416296 0.111128620961209
0.0577794507092679 0.176028209913896 0.187563938254296 0.0687720057053403 0.0661485872565012 0.153767952661017 0.0502600146721875 0.10006255893468 0.139617281892815
0.214101291534881 0.0742251002827846 0.142569202301951 0.0784237594375125 0.047842882275126 0.0914560799309605 0.0859431127087323 0.111432462454737 0.154006109073316
0.0242108518650389 0.170059895285786 0.111587068717594 0.0788186086922165 0.0346470548156939 0.0109874971417384 0.259200493490912 0.113082378500218 0.197406151490803
0.0593836402586915 0.0111921092553815 0.0133519646972182 0.0386372182660668 0.286431172018824 0.144077515352209 0.0899401674352162 0.138029901433044 0.218956311283349
0.0940359433612346 0.180327222605442 0.0975164840577994 0.113015157845759 0.047042859072839 0.118385351015153 0.107546688217437 0.0619508518948485 0.180179441929488
0.159458719795079 0.0674142775876667 0.183274396553727 0.105578039866627 0.0442180681816141 0.0407532621710925 0.144327708832058 0.10765332832293 0.147322198689206
0.188472299172876 0.180673937954063 0.10514071142231 0.0816178644415469 0.0288464502691041 0.0296872722554349 0.104512559002232 0.216743420584072 0.0643054848983615
0.0608138227365001 0.138516119731391 0.137399483160931 0.1159205251801 0.110463160085526 0.0548458221516326 0.141749916625033 0.140230977850017 0.100060172478869
0.199400288849059 0.200536617420328 0.0883690620846016 0.0360562861065352 0.034647536553485 0.0406223463421394 0.0963143323856293 0.16624922196658 0.137804308291644
0.0241123779684158 0.143681191794526 0.149206127050441 0.149326995627006 0.195304815863977 0.10982418531257 0.0698077842637004 0.015573713277697 0.143162808841667
0.0304761148526673 0.127760064808761 0.12867322680654 0.21953758281675 0.126291192743493 0.0684400282691668 0.141430176416258 0.0430092750710496 0.114382338215313
0.0341458268498462 0.21442198362401 0.165359770662998 0.173524581553881 0.0512850079036514 0.102541717872701 0.0371325753368823 0.11040989554344 0.11117864065259
0.195069343435093 0.15635782292183 0.17222994462128 0.024934808755286 0.164365346039937 0.113332956210672 0.130282976619677 0.0188909440816689 0.0245358573145559
0.0339023189652577 0.188304093714654 0.133410407607561 0.0611076325124206 0.0307070014140155 0.17124508133689 0.0975644903597241 0.112311574629625 0.171447399459852
0.038369336419746 0.110992179328413 0.11730005862779 0.148606321068457 0.141716801569591 0.117443983965977 0.0254211398952218 0.152240058985104 0.1479101201397
0.131920553199462 0.183821980978856 0.102580992361608 0.162843649737763 0.0252612200722296 0.0767016607943107 0.0161762921630256 0.266457074717041 0.0342365759757031
0.165173051124537 0.00283329949811477 0.113319744467902 0.207486937332463 0.140863831415282 0.10755902894208 0.110906294529083 0.150886622403099 0.000971190287438071
0.0305550328086261 0.179138055730382 0.175739354048667 0.189937019996473 0.142043039271837 0.0218868730994223 0.106513076008763 0.101151808537322 0.0530357404985065
0.136148319895736 0.0110381886796204 0.0294839509634602 0.122473045337815 0.253093931082717 0.0674009026700885 0.128242140379677 0.121536688440203 0.130582832550683
0.032990765498692 0.156410097218017 0.167900577111497 0.142220625666395 0.0759839695927249 0.115825638758677 0.0775160528806376 0.170666813180111 0.0604854600932486
0.0137683310674151 0.163070453072046 0.00550991607073209 0.23900196999709 0.169385304469137 0.132764409257418 0.120629501343414 0.0612022031988117 0.0946679115239372
0.180154825583954 0.0904258981798042 0.139270023249409 0.00753478684231425 0.0897235910009023 0.102126836813792 0.134142399252662 0.200041476839724 0.0565801622374389
0.0323813377365919 0.21660496450106 0.186793361865361 0.039823631533559 0.124550619259682 0.207839428275175 0.0843358081922131 0.0667701271034203 0.0409007215329374
0.0561399474882536 0.0664112264449581 0.151609260184559 0.142490584543822 0.027136132706799 0.13369431325078 0.169507644869607 0.080231593644665 0.172779296866556
0.152571532700172 0.106587622119222 0.154408908665583 0.0236484682032297 0.143209056414733 0.1445531896913 0.0693877194475402 0.0937423783921976 0.111891124366023
0.0876373408233326 0.227827397621488 0.109813338187579 0.0893686057373321 0.0520248379455711 0.0674002899482242 0.0820465868854185 0.100278412926783 0.183603189924271
0.077597107302084 0.1159944192927 0.0425829704289725 0.162269241034119 0.060063828289963 0.0575500843464264 0.143313896496986 0.187037236136772 0.153591216671978
0.161306460705628 0.0395399423555532 0.147289107254216 0.187537318280429 0.167052397180583 0.0646292398901539 0.0247275643092945 0.0860118699416238 0.121906100082518
0.00323453842937913 0.225579027352681 0.0245966245548582 0.221967902071292 0.0812835769158491 0.0522081144279288 0.184387170990081 0.0768282958006036 0.129914749457327
0.0546371020447848 0.189609470912292 0.015561420295435 0.10344873399652 0.0156777431686338 0.222901954649306 0.0502257903648446 0.155011656548904 0.192926128019279
0.0800871075620243 0.0116957845942359 0.0858422090347772 0.0566678454717869 0.0776076792973298 0.219064063818158 0.208711178158849 0.117329733042275 0.142994399020563
0.0190554174981762 0.117452332132443 0.207213183914555 0.258748130464916 0.107006211031002 0.0973886119097535 0.0366971639001409 0.0728363430226562 0.0836026061263569
0.038043467078451 0.164130408622956 0.246149374955996 0.0197716637118855 0.154912378881084 0.103059352968312 0.051506843601414 0.0776744440438321 0.144752066136068
0.154561340993877 0.0465590857767367 0.0542949322028343 0.0492898629637765 0.189514626587506 0.0985563760269255 0.123397009505773 0.0965123528316513 0.187314413110919
0.0353974475624147 0.189684157009818 0.164331295797608 0.166750003268213 0.183863065496043 0.000769827169594977 0.0441485596637298 0.0637933025789759 0.151262341453602
0.247861208595054 0.0795115698046443 0.0159547023562108 0.229014127522148 0.0254238478432396 0.120478620299255 0.0651896980802377 0.163880608736449 0.052685616762761
0.0741920985488382 0.11095523714202 0.0332788343772032 0.160230985216441 0.195901556052553 0.0776038942355784 0.0105833390419068 0.129163309043149 0.20809074634231
0.146472780210501 0.0951909161575082 0.179470012013727 0.108765131326661 0.150804842231167 0.0277952852360593 0.181547792037219 0.0520695117161345 0.0578837290710221
0.0929767642962911 0.0145274904707264 0.129180580874603 0.167049753607622 0.021793517448052 0.141947582346572 0.206125010741173 0.105128907814155 0.121270392400807
0.19226257186386 0.100541836311508 0.024944034149085 0.103679074563297 0.182673450997515 0.181431919905017 0.0903532337536511 0.10511440904919 0.0189994694068784
0.11200187562043 0.194526869681868 0.0800158023485798 0.164758562938531 0.0630615015961025 0.121020352676893 0.113533854499903 0.0551191935385652 0.0959619870991283
0.0347905873152923 0.179693838181063 0.132902339315272 0.0316917447206084 0.185959035313307 0.100972703385102 0.0700182554431407 0.0577896211956329 0.206181875130582
0.00645893118805684 0.0126466311698821 0.0450041904929967 0.181835694235691 0.112991925433841 0.15630613799152 0.123620051003415 0.167135728795557 0.194000709689041
0.0114005959072589 0.134688793401384 0.0615591213342377 0.294032248808381 0.0852769260097485 0.0333863760296137 0.138738507546385 0.0457091396855516 0.195208291277439
