0.134555803992709 0.0508132248100817 0.112342894087246 0.237301307855207 0.111539498420026 0.193999584013674 0.159447686821056
0.0629554223349769 0.124266591602972 0.0945532018962921 0.286477860340387 0.21035814414032 0.102201599158773 0.119187180526278
0.220811700607177 0.153592870092255 0.0467298499460168 0.113579095048312 0.155111904346177 0.124065868083617 0.186108711876444
0.13132003108561 0.0293981743616103 0.10109038033526 0.160466898765991 0.15432329423537 0.235946319095517 0.187454902120641
0.133094682031798 0.289430771302756 0.252884045156588 0.0949762433004016 0.0685643674708085 0.134139367548214 0.0269105231894333
0.201460680723237 0.157901207277564 0.136363255538828 0.0595061425012051 0.213230937277029 0.0753211406122181 0.156216636069919
0.0389995980113549 0.185479516424708 0.199497789387197 0.1010234679994 0.158718705241902 0.142450310916776 0.173830612018663
0.12026201351505 0.200534818399276 0.0728923067616903 0.17097078414902 0.241884282865378 0.146356019391107 0.0470997749184787
0.0653685442342428 0.251376996654483 0.186288353697148 0.203121785270389 0.201503457361284 0.0387190376566504 0.0536218251258024
0.399623596904277 0.0513764634495849 0.0876073161656728 0.0859473602586077 0.0544540461239107 0.0173821277912144 0.303609089306732
0.146068741285638 0.0481935874212829 0.177497457105643 0.0379402683076162 0.291284563416129 0.0446813627139335 0.254334019749757
0.184074485175895 0.0675931075837547 0.16699526229033 0.166435114001085 0.177208657093059 0.0410797310613246 0.196613642794551
0.0678886255055186 0.258438270636176 0.13197610088393 0.20147991803979 0.00705614552566567 0.174132377710265 0.159028561698655
0.220711508947452 0.214639949692287 0.101651694871053 0.0360618638450734 0.0671306997251275 0.303728646972715 0.0560756359462918
0.140869337886151 0.258849393186921 0.193657465332499 0.142369745453033 0.0878008706802338 0.17211920469785 0.00433398276331218
0.137503777544339 0.0950570645278554 0.0048887380072811 0.15582660511979 0.145702033006561 0.231738128115752 0.229283653678422
0.193495647916214 0.26763268712121 0.0554113557343521 0.234308022824259 0.109741622328887 0.109087242347718 0.0303234217273588
0.0661388582252137 0.151585011053921 0.139168764616438 0.155541875147386 0.184296861952164 0.1279041183619 0.175364510642979
0.0856544290720785 0.191271351061141 0.00436603007232103 0.122045902486598 0.287681169296563 0.170377899370411 0.138603218640888
0.16821675307997 0.194359762252837 0.036192029161741 0.1028468736842 0.22983041631149 0.181872137747434 0.0866820277623266
0.10796158584024 0.104953404871668 0.126053437943887 0.184783928314249 0.150733102344306 0.168486753698608 0.157027786987042
0.150613962487516 0.153291341137645 0.137996436607329 0.146464672752852 0.153882016731977 0.149335445783452 0.108416124499228
0.0764018542468752 0.219925511981228 0.296446212833685 0.19779448989241 0.0858936756598999 0.0595665326726075 0.063971722713295
0.160872478119046 0.206577240889238 0.170102835276336 0.0411652482274019 0.146915632506806 0.180088680372012 0.0942778846091607
0.158198631445722 0.0729934651473323 0.126317272648348 0.219757323136664 0.0339705732125717 0.218012775964691 0.170749958444672
0.203715062486291 0.196591497289173 0.18199585292728 0.0486394316257961 0.187555767243447 0.033642777444638 0.147859610983375
0.0957975846978597 0.223800098477815 0.0836899493848325 0.215861830851498 0.0174751580519198 0.156713282869926 0.206662095666149
0.262759323797032 0.0588081287837427 0.129853944374274 0.109147280958298 0.176714957077167 0.160961216667553 0.101755148341933
0.168814988659835 0.219179905135819 0.0676982440612259 0.176404094834604 0.0930101965173326 0.17735319284371 0.0975393779474731
0.202556318154483 0.180630947308673 0.0578004613554083 0.176267292413748 0.0974157036909317 0.142971844964661 0.142357432112095
0.250912685055977 0.223836797411243 0.0116418946283843 0.0516075368468785 0.132211279697384 0.192169244979011 0.137620561381122
0.236517932953968 0.0916300595620086 0.0175036611162724 0.118452186724818 0.0599730908130724 0.245208310991936 0.230714757837925
0.194349934613999 0.173369683476699 0.118697830613575 0.0560793150152636 0.168672430948684 0.154736857699075 0.134093947632704
0.120397476897938 0.0940841148245648 0.180298641863857 0.0880964573374081 0.18950977005658 0.126768538201243 0.200845000818408
0.073516056369971 0.126458089514894 0.0130092178376033 0.183535154007441 0.125499014859977 0.100553694416737 0.377428772993377
0.245543952716585 0.0915650148220935 0.183454466593559 0.221180227902187 0.162190463644564 0.0889631032606295 0.00710277106038077
0.21479892752686 0.1580883040212 0.0756208247077835 0.14847032421901 0.151357140316822 0.193185081502807 0.0584793977055168
0.179855576340006 0.0130407685144764 0.0566969566236083 0.118894613093286 0.25748740038601 0.233315658819909 0.140709026222704
0.210753560918471 0.148975892908032 0.192780512471046 0.208148118102816 0.0908666220196007 0.114935020814271 0.0335402727657632
0.138318928318335 0.0784947546768197 0.111804763140106 0.179027396390241 0.15663336175101 0.145474680133874 0.190246115589615
0.0293176162185605 0.153046626126614 0.203353575573145 0.326699707955591 0.244853451704257 0.00781710404974818 0.0349119183720852
0.224496998663246 0.0843138581664949 0.0614243002985881 0.153384562688227 0.158519374690237 0.0972103413333069 0.2206505641599
0.164909773554847 0.155770225974813 0.166705145663372 0.0589033090757905 0.138874699661148 0.170498931952518 0.144337914117511
0.0185007194979504 0.209919437135385 0.0622658704948281 0.143772431914078 0.13222077809795 0.271266971736204 0.162053791123604
0.00552290464644094 0.206991271554804 0.067038592147994 0.238745426439549 0.2446819720242 0.0178391155162316 0.219180717670781
0.07838139796636 0.143401235210064 0.26277384685238 0.159847435037689 0.113763907599948 0.0190709665167356 0.222761210816824
0.0704355206391973 0.0843277501105434 0.241973695929474 0.0883673593435663 0.121976913519728 0.265605409615221 0.12731335084227
0.0778874879338144 0.0442214162419559 0.262223982834094 0.0763714629305888 0.194432613669341 0.205526495764484 0.139336540625722
0.173444173656427 0.134959456893333 0.133460871178312 0.274839404609315 0.0651868864346415 0.189108497839111 0.0290007093888603
0.0575343354379551 0.0923067073941712 0.141809500671426 0.174079125014032 0.0533427904415583 0.278967906880848 0.201959634160009
0.158077352292952 0.103877771067077 0.0942336450325269 0.240040386845678 0.138009413244509 0.0553836429409021 0.210377788576356
0.132074268301417 0.0319066593552398 0.275568715078264 0.0816659631994545 0.100100158720331 0.290968684057177 0.0877155512881165
0.202911424707908 0.0297728797629016 0.0427530292055353 0.193214287877042 0.245793057024975 0.177359077570515 0.108196243851124
0.191572560877273 0.148563181894899 0.209550097229398 0.0790215790984668 0.15090397166803 0.217106367003481 0.00328224222845174
0.179517785913268 0.0882498647261702 0.172351901330982 0.086904911301187 0.189678282255922 0.197515457606792 0.0857817968656793
0.181261155007002 0.148201052323229 0.212200800785029 0.107323838642277 0.267546253844536 0.0183979111358524 0.0650689882620745
0.0854198267356952 0.152450906994631 0.378149539258085 0.0460672945513851 0.155864879101207 0.018464803039468 0.163582750319529
0.186043146330889 0.0472680152136057 0.0667401719176776 0.175637262158692 0.210569785041186 0.264987570511176 0.0487540488267746
0.0846559299125256 0.201857455751289 0.0232589475817834 0.217472049610913 0.220692972409272 0.101905498879787 0.15015714585443
0.160044206194201 0.186459045711216 0.0764010155400366 0.0154819615739007 0.258240664919739 0.105515204613678 0.197857901447228
0.316285755922055 0.123023010517029 0.0176476574696469 0.0331993276166802 0.228207040057556 0.223333722348197 0.0583034860688356
0.0899401724697817 0.0423532664141779 0.223870038643616 0.153726995868411 0.178517689033067 0.151213895828732 0.160377941742214
0.177266365268212 0.0983760810760274 0.18881074949833 0.0788105508146704 0.190970594902592 0.0768872736349824 0.188878384805186
0.0899308272826166 0.229237112907736 0.0792446374798418 0.233574806389798 0.0936009631087282 0.0776640337653665 0.196747619065913
0.00784698349533068 0.14752991878663 0.188566964579375 0.208845279940045 0.279580678204073 0.0985211261217764 0.0691090488727697
0.0737319887820021 0.23492236551589 0.135005990279528 0.19602621308604 0.0861682824272828 0.239099362535989 0.0350457973732677
0.219901906870503 0.265952671539988 0.00224503016570264 0.256197520933067 0.152478200788785 0.0601696033182698 0.0430550663836853
0.0814720588464545 0.358695625875455 0.114574201326247 0.122439156364812 0.0808931712489032 0.125155424046522 0.116770362291606
0.0211250591497319 0.251255819873488 0.0722647282608779 0.194272655137371 0.257467214028607 0.202075453655692 0.00153906989423161
0.1233336178066 0.0586643420297654 0.0763175458901667 0.15129638475305 0.172313174026145 0.219457133881219 0.198617801613054
0.18702953671149 0.125709549551071 0.103348237249602 0.0399011714865305 0.216418658777977 0.0927419210409225 0.234850925182407
0.0758158010288117 0.170248240837536 0.215299682167229 0.160817706084723 0.0828713514455974 0.199677002384713 0.095270216051391
0.06708952703265 0.317036277399677 0.0643426047419848 0.228695533682011 0.118445337833792 0.155372712435927 0.049018006873958
0.177907857485312 0.0163250359604343 0.156585974260344 0.167759418145581 0.260487895453178 0.160237358482847 0.0606964602123032
0.244635705024627 0.0430053097671791 0.0190958202252751 0.24460170265879 0.121113070795558 0.0964386065124354 0.231109785016136
0.252954558459178 0.13030860223571 0.1680418167162 0.161183458171801 0.166947441156295 0.00894971511006066 0.111614408150755
0.161332238063627 0.200625373227864 0.144334659149442 0.232843262415739 0.0941409821972929 0.00468783644859782 0.162035648497437
0.217786529305798 0.16429948949917 0.0223210124712991 0.15632642438967 0.090928596700139 0.200683390628725 0.147654557005198
0.0711988511737588 0.18300065320001 0.141336255084746 0.158701038050283 0.165486340882997 0.121428232216657 0.158848629391547
0.197471951538859 0.139681924886371 0.106783316440381 0.12818934445552 0.132026688591674 0.159849993928515 0.135996780158679
0.140934330798641 0.0787405277635957 0.206364939749686 0.214791610448508 0.11097600123207 0.0446914507485158 0.203501139258983
0.104907878605259 0.0686758147296712 0.188396115507371 0.160365706659784 0.17226272028529 0.148840988168786 0.156550776043839
0.0441563505965356 0.125598388358082 0.0718550192302824 0.201060210138208 0.184839881033426 0.201701430574336 0.17078872006913
0.163108718062755 0.0393928615289688 0.083285627290397 0.241701334723622 0.156697634180976 0.138487126763201 0.177326697450079
0.12634014281773 0.409381242553398 0.112299909778628 0.198239979964511 0.0128972673903201 0.12456810093158 0.016273356563833
0.132735337708969 0.0259788412994632 0.202072940339867 0.187547328794539 0.0623539762052086 0.163233389071514 0.226078186580439
0.180366772898545 0.12829005360259 0.244369193144911 0.022549727079538 0.091222041535466 0.234415267739367 0.0987869439995827
0.197049509730118 0.237936719590355 0.183483838884873 0.0701087868411348 0.179589751428867 0.0478135630533613 0.0840178304712905
0.251065511155338 0.158194771499013 0.27376891502836 0.179507347749872 0.0985267655928231 0.000622072856938326 0.0383146161176552
0.0348712994893087 0.187276379410683 0.143103496834305 0.306179202274039 0.0539433678575396 0.0695375920606138 0.205088662073511
0.172246920601143 0.0121301418516276 0.0956543456924181 0.0658274497029502 0.225448980340943 0.182815643078824 0.245876518732094
0.162371808910951 0.128755279567264 0.291070817201261 0.156546264340462 0.0721542336536147 0.00158702589119618 0.187514570435251
0.159050963518345 0.211722149845279 0.164370638695566 0.130447960110991 0.171410271867442 0.0232370920340922 0.139760923928284
0.0923933200784404 0.270868096775837 0.163529657814537 0.1593298679765 0.0885410706777235 0.116457867476595 0.108880119200367
0.176313806176577 0.099790780288265 0.231955361117217 0.0301147631462538 0.233409683823179 0.151957918696585 0.0764576867519225
0.115407588379304 0.0481649595844905 0.298158178630899 0.132136566564997 0.381350484493377 0.000489679694250995 0.0242925426526812
0.21288910818471 0.229623149547932 0.118879507474042 0.194085591751094 0.128286711799867 0.110866383634793 0.00536954760756205
0.0813079351878848 0.244393590673603 0.109451459024842 0.132863498480675 0.18370404147556 0.128644187933735 0.1196352872237
0.148693304960979 0.231277763451166 0.123918956231944 0.129001996765306 0.0706205730196806 0.06930287082149 0.227184534749435
0.165407126029239 0.171497939569041 0.0814356560728852 0.219993557392564 0.0315607193805367 0.263900693936479 0.0662043076192549
0.192092861778712 0.199261905051341 0.146747526162972 0.253525328967145 0.143012946664781 0.0191967749329923 0.0461626564420578
0.13746584048875 0.209322090291507 0.140122039153959 0.0740088392031408 0.156426629510102 0.0823377853789706 0.20031677597357
0.189717555981112 0.0199750859307001 0.200391787556138 0.241930293292921 0.115751540976665 0.13259266956788 0.0996410666945842
0.172167288062124 0.148225755586003 0.146123881960115 0.180152623457673 0.190585145218682 0.00893598995812169 0.153809315757281
0.00582444070264716 0.102229052773371 0.314544126345703 0.00830799611492938 0.213640891461881 0.00490168786312278 0.350551804738346
0.279631711593015 0.0434446864860993 0.0342657898757958 0.105648164543838 0.160381435804069 0.325476965834713 0.0511512458624693
0.239661079301296 0.0539067030541663 0.133285067959704 0.332009075362038 0.013007083717525 0.0820978019740774 0.146033188631193
0.0840863941582012 0.170899635495039 0.17943930009908 0.183770981098021 0.149531542131862 0.0669906951495641 0.165281451868232
0.071506815497878 0.0662830408440466 0.0401276939800812 0.393428933708376 0.0815785688294682 0.0604075652103149 0.286667381929836
0.0771759060067251 0.0345399735104952 0.236284199981933 0.0125306663922156 0.446716573424098 0.0611080373535103 0.131644643331023
0.0356341288979323 0.167126382597609 0.219462318821438 0.123330663785854 0.214684960614569 0.195916043001055 0.0438455022815438
0.125582841482932 0.160398335055022 0.104801450877979 0.00736774261722309 0.227601280697499 0.182014536977097 0.192233812292248
0.0207996346137651 0.165862279489051 0.128990878299189 0.0126275189271457 0.207179954138197 0.329001474238774 0.135538260293879
0.194816224881825 0.184417606852446 0.0737965510776794 0.03660068138609 0.335680312312112 0.0279978201898107 0.146690803300036
0.117447088731654 0.210718262314546 0.0564071812777939 0.174927928350543 0.208011184927237 0.225101867406943 0.00738648699128328
0.0818960118867165 0.0731342116654703 0.135272229990209 0.0989840667877899 0.290078909962416 0.251846956467641 0.0687876132397587
0.220115409484197 0.110006181902558 0.106185605513316 0.174347887091136 0.1789180944946 0.0467925329393131 0.16363428857488
0.0752083599242325 0.147333272697184 0.172709814381363 0.228766887550454 0.0316617536246088 0.0136056190457813 0.330714292776376
0.415560330501764 0.405145712622157 0.00343676480253403 0.0402097460244955 0.0163472251633859 0.0135073200738432 0.10579290081182
0.0406210041438116 0.0883502996444504 0.0896817330665784 0.215078375778151 0.25349904670559 0.235550483992004 0.0772190566694157
0.32929402233681 0.139440580744212 0.0361120807874505 0.0613003122708767 0.276523376920929 0.0311053907855252 0.126224236154196
0.165624127917355 0.0734085579238104 0.214553019710509 0.168279514341351 0.232232566739281 0.09495581094507 0.0509464024226233
0.120761772097264 0.166531544149833 0.106025929741029 0.114661625028211 0.053133982001305 0.214339328111587 0.224545818870772
0.113362129823769 0.216081556516605 0.197822599903543 0.104376656555405 0.153728820949039 0.00894198657277647 0.205686249678863
0.109418441719996 0.195309508440128 0.27793683159486 0.117463290678165 0.0842792566871985 0.114918951607473 0.10067371927218
0.0905585966656134 0.193763057139731 0.0718619939377486 0.117214926196578 0.162839553262192 0.149050547169275 0.214711325628862
0.452183525356724 0.0209320198791896 0.0233284962137504 0.0304422993647586 0.177205632668302 0.227671287802439 0.0682367387148357
0.112677624950893 0.282785245353563 0.135625811031285 0.333131894882398 0.0396823480020842 0.00741160281739549 0.0886854729623824
0.150389931206167 0.24256558921628 0.0148017215711316 0.25524993144881 0.239274909155606 0.0878946486497673 0.00982326875223959
0.287129617857042 0.0659304322180941 0.0050961373657555 0.121904595788148 0.0968086671605444 0.420344602996148 0.00278594661426804
0.19411351982281 0.32544423309736 0.213821942520105 0.0839139972319094 0.0592592940409482 0.00613235779607854 0.117314655490789
0.0722738964343724 0.147183538329485 0.0366684807697201 0.258561057365212 0.0640686739162434 0.247037921789993 0.174206431394974
0.0776238779102811 0.103165045343315 0.14956769559414 0.135826545044333 0.162520178303554 0.179325327860227 0.19197132994415
0.0908928087496345 0.0482648204693758 0.130439339746492 0.158821868831177 0.189859586284408 0.233159571891969 0.148562004026942
0.209005164490648 0.148588757955355 0.317612144334284 0.0989629367328283 0.0331340341904557 0.181346981292718 0.0113499810037112
0.017941457512903 0.145470817630073 0.101798293359114 0.211978779946697 0.164667801189703 0.201842917808143 0.156299932553367
0.136777400515015 0.103995097447827 0.068692669978162 0.263360001847389 0.104997035096099 0.0977769736589129 0.224400821456595
0.247449996874138 0.110276744309675 0.105157849903359 0.0939676964339909 0.181584589233791 0.00409774300150115 0.257465380243546
0.0074592819983126 0.191696693503632 0.180605443496444 0.194126883566361 0.156672054876429 0.1011435865882 0.168296055970622
0.0734264984258906 0.113086235252332 0.234995444948102 0.177181040760529 0.059966534669751 0.129423694431877 0.211920551511518
0.28214614388738 0.0979220119522546 0.00155943541802249 0.00871085538128278 0.0203713127367759 0.275010883165656 0.314279357458628
0.122408933941967 0.00788666439623873 0.12519724658839 0.315988839358604 0.0114242931355268 0.0713772631133682 0.345716759465905
0.117944162297122 0.153022121544444 0.0988559657649659 0.00973297315589963 0.224770874313091 0.131908241549828 0.263765661374648
0.106153470848896 0.178147934747733 0.0431120518001881 0.149283471298788 0.234955642573742 0.0566231897990895 0.231724238931562
0.208142587480076 0.103129504691206 0.209865446638461 0.182926258447905 0.021155258436175 0.22665080893242 0.0481301353737565
0.109085727294638 0.161114235011171 0.127101311403448 0.194960717989601 0.0832649366649913 0.141552771508554 0.182920300127597
0.181072480028244 0.124958060399926 0.0757653368259096 0.20879901704883 0.164969385817165 0.084722349299581 0.159713370580344
0.0227451814677807 0.376704260751315 0.0103372880803611 0.0273275366514942 0.125353088088807 0.160414553911895 0.277118091048347
0.053493039546213 0.123058408022516 0.22072711605207 0.119593369135181 0.231222978805783 0.102436018975173 0.149469069463063
0.0914182913932713 0.0298749637574325 0.266577507111136 0.028880179595501 0.199694585546446 0.279621377605993 0.10393309499022
0.0208278348357083 0.153976057530142 0.196274527799882 0.144280506776722 0.158385128984683 0.132031770602735 0.194224173470126
0.215752732147491 0.105303263187785 0.201710857628137 0.060208704000467 0.119943501695494 0.0717993752912575 0.225281566049368
0.184561812191085 0.183122377773038 0.164429522254385 0.150658294288038 0.124031669092035 0.178154548738705 0.0150417756627147
0.374831466332446 0.0534703999739155 0.0777506268954128 0.142498784596903 0.0642774911678089 0.273828637640246 0.0133425933932675
0.0417870892546707 0.327633300545613 0.0208612953983971 0.07606010689414 0.263733022937693 0.125361616193213 0.144563568776273
0.235085630222527 0.167821245644546 0.157150885425324 0.0731730997359137 0.208885916002531 0.0917181566710634 0.0661650662980952
0.0905249721818231 0.0208146099848606 0.249662770935281 0.107761315998313 0.202958848313805 0.23252900615295 0.0957484764329669
0.234916585394599 0.129467889178395 0.000511454611354937 0.32221313045045 0.0722464412209155 0.0857291508597697 0.154915348284516
0.0198875853843585 0.0571486254021219 0.297314601648702 0.138728602228363 0.060204923722675 0.295842711038986 0.130872950574793
0.114030121057362 0.319550827077012 0.066820476156009 0.176062344698967 0.0358962200154355 0.211908564632946 0.0757314463622676
0.0231511553318808 0.173191320982019 0.227465697283817 0.041902105770169 0.220018610473201 0.200626613810256 0.113644496348657
0.0230668588901196 0.174394167134294 0.201787732976957 0.146687414214669 0.115802052390501 0.0740315604060954 0.264230213987366
0.0351879689793514 0.157764942452395 0.0579333953723601 0.165130742038937 0.226844463214883 0.20582852099951 0.151309966942563
0.0397736868933493 0.00307407779113791 0.110009134147974 0.0795824289796316 0.437471433319975 0.035061951715144 0.295027287152788
0.27039034337861 0.0266362330247663 0.213663398179817 0.168467584867177 0.0124283400606755 0.0803747334394206 0.228039367049534
0.146267072878526 0.0826017561624633 0.138119402708506 0.11196471046638 0.189683859100777 0.0419175535238225 0.289445645159526
0.130727383954074 0.033828041403779 0.199395279045667 0.0882908138273775 0.137717747701969 0.259936204997878 0.150104529069255
0.037749938937465 0.0954248469692689 0.010765331120127 0.237237875459002 0.139661322285049 0.240355310626301 0.238805374602787
0.198355327108895 0.118544945531872 0.126704784185172 0.205563582014281 0.0821090396557508 0.0288227033150415 0.239899618188988
0.134331321188716 0.135896515166984 0.198140594355867 0.0994397856766709 0.156618160092946 0.121162173943024 0.154411449575793
0.112150078211398 0.147314073019234 0.221332990150546 0.105718460357091 0.214022203745081 0.0259649754394904 0.17349721907716
0.025763999801536 0.130359462445195 0.0823333160109641 0.00346012788991385 0.171961391112546 0.29941926089222 0.286702441847625
0.154575873855903 0.0960888878853531 0.106864733699629 0.143377840107114 0.181519509993472 0.133632773185168 0.183940381273361
0.178016850608241 0.319261037683353 0.183544056101184 0.170125471713076 0.0204549850494465 0.00179210680196107 0.126805492042738
0.195988415730922 0.0987882363497358 0.28492122741127 0.0740666354537181 0.143700120724315 0.0634811892368823 0.139054175093157
0.151247524457701 0.221123871627296 0.0830453252387654 0.097443686700163 0.234299929774153 0.131848824447763 0.080990837754159
0.184462330315834 0.000298060861393389 0.109707713925285 0.184550138805019 0.169989609379451 0.203950734547479 0.147041412165539
0.153471880359042 0.287613372572331 0.0661728532789329 0.163176791179832 0.217539899319682 0.0425105862817397 0.0695146170084395
0.267465600146014 0.0952315238369289 0.0464982562406523 0.0368228033097274 0.230572817854529 0.268951614755193 0.054457383856956
0.138755217614207 0.0227706457053941 0.110013592320238 0.25751020297648 0.101055338571553 0.13394694090503 0.235948061907097
0.0509678148892174 0.0632092633704287 0.0223692643582931 0.2493886101364 0.215842178313705 0.201781601959771 0.196441266972185
0.03618755953811 0.285454488189355 0.175685510330715 0.0889631354743436 0.00569179148390671 0.286063496952722 0.121954018030847
0.025462331174653 0.24629704064593 0.135414853171232 0.26456017106375 0.0960287469652193 0.0725859891498005 0.159650867829414
0.0845815725121106 0.258070242101537 0.0892740780220293 0.252276076484146 0.125247822331529 0.155002486117379 0.0355477224312694
0.27640053521343 0.0108162675745347 0.239520354917811 0.203718401545466 0.122149981972963 0.0373473587363303 0.110047100039466
0.618018006970214 0.136340306335256 0.11991939316265 0.0268909067269243 0.0424588405812076 0.0495140750879989 0.006858471135749
0.202636980294013 0.0866974143681218 0.190241183933602 0.214876607302632 0.000616971342635687 0.0815578114540001 0.223373031304995
0.165085411846581 0.200352648325521 0.209934978066069 0.0586869796412084 0.0625784046521932 0.131119397535539 0.172242179932889
0.00899155659683947 0.0682788320009395 0.271575671533358 0.0140579691154257 0.112009158328792 0.255860939286851 0.269225873137794
0.238501032554651 0.0929535724744653 0.114485070582486 0.233391286087717 0.0164080900227665 0.201934924982471 0.102326023295443
0.225517196474703 0.11446403999261 0.174851702239646 0.313129104744571 0.0155943253239881 0.06364054284229 0.0928030883821929
0.248893101446436 0.134748125164291 0.0900811575907923 0.0511934663461933 0.0275092025636366 0.142922298967149 0.304652647921502
0.145605142967802 0.198203003288991 0.116345904012098 0.0624025676970832 0.144520260175087 0.10114151047944 0.231781611379499
0.148827274310999 0.176370184657262 0.146333715761456 0.0723899818230122 0.0866083478296147 0.188988713289488 0.180481782328168
0.0641081940456191 0.0318753608375552 0.182932583522239 0.155025943227592 0.0866720864096592 0.298881182331626 0.18050464962571
0.104537845762759 0.133620152831256 0.196198074009989 0.0810587246103925 0.143494433172592 0.176749304603596 0.164341465009415
0.0280230138846101 0.30690129036345 0.102055614553017 0.183613430001467 0.00718128057541956 0.22563338059203 0.146591990030007
0.230976276896339 0.0424720096624669 0.282773882946956 0.0831772773710402 0.0433307166413552 0.186208084103194 0.131061752378649
0.147029279700067 0.0958162158105349 0.171909249025085 0.114741862535936 0.0667231023613305 0.196809014705875 0.206971275861171
0.0210121823060773 0.240443808003217 0.283151584302106 0.0374496502731808 0.053436675419135 0.140452476525798 0.224053623170486
0.0153172280402077 0.107271742936519 0.195024457360524 0.0708929320719732 0.269490477862611 0.245725316964932 0.0962778447632332
0.0821323225470664 0.236542135285827 0.0548695544381265 0.175121743969262 0.155612455094809 0.135765403728482 0.159956384936426
0.022093028776493 0.285441802462313 0.18097398270173 0.107478414816001 0.140105941044577 0.225649248332842 0.0382575818660442
0.141338373375173 0.141373750522855 0.195015830855327 0.19318887138926 0.165624859194177 0.09239150207455 0.0710668125886591
0.173639132492539 0.2208464688454 0.0436364310804484 0.200711196392329 0.217024654984226 0.0138735126835075 0.130268603521551
0.0482034477833425 0.168027325425937 0.135878840196889 0.219566516611495 0.0774277162784223 0.224997889458209 0.125898264245705
0.243004859371981 0.0708922313701084 0.174892201843903 0.186103311492628 0.0999998639477544 0.161236942565007 0.0638705894086198
0.0387828094609867 0.0210956488861002 0.0503790563518127 0.304270747780858 0.375921533339832 0.093904398277905 0.115645805902505
0.170077347619082 0.182734799625221 0.233210611390143 0.12471446272737 0.0525613121306054 0.186342290751966 0.0503591757556126
0.103501057335017 0.319688078104575 0.139053937789781 0.0591213441322715 0.227987368867437 0.0380442846988415 0.112603929072077
0.0322756011332804 0.191065723868639 0.193969540815928 0.281307050394291 0.0651104510251391 0.118993599045887 0.117278033716835
0.244381565817675 0.0483151850777049 0.165308929489169 0.102134079356503 0.145122395195005 0.129516345778424 0.16522149928552
0.257678049238234 0.0767279172197276 0.0657882224586234 0.00229847556637844 0.104960655774106 0.266071414243204 0.226475265499726
0.0797375579169058 0.0621900518948963 0.219892200517158 0.133223625410018 0.276570183914903 0.0180041264422048 0.210382253903914
0.155061694065035 0.0354244551692399 0.227343048046197 0.0909733946455944 0.113660642366864 0.0776293250599078 0.299907440647162
0.0562282727567544 0.0862471748997991 0.0527402683232891 0.129626849782692 0.37035026969103 0.0536588627617937 0.251148301784642
0.0812935879808895 0.170571401131317 0.118065497988245 0.215701464751569 0.176545131483631 0.196906476835068 0.0409164398292801
0.371055596440271 0.0494169539690956 0.0351886532861134 0.0817945710779887 0.298225429916614 0.0360587986117246 0.128259996698193
0.273909407971656 0.099799541508563 0.0107803494817757 0.185403692944559 0.189878271759284 0.135767791201547 0.104460945132615
0.218924766600494 0.0185293173563579 0.165190645939791 0.175089646024392 0.0851273319791337 0.175387707206098 0.161750584893733
0.104515177982451 0.277306276400336 0.0788748660686483 0.150390181131125 0.280873418152135 0.0679916414235039 0.0400484388418006
0.0755915545779492 0.215132165969864 0.199077671481586 0.0144799831319755 0.0431504450352698 0.101128196727581 0.351439983075774
0.227752264856999 0.105608427504441 0.00403197007238282 0.093443291186872 0.198865006993871 0.192207841129953 0.178091198255481
0.234384688713873 0.273933944225019 0.188967650924587 0.0407666299780431 0.0154842438557376 0.223825771071501 0.0226370712312388
0.0162598511640156 0.179080334486635 0.200842958684538 0.241114695772915 0.297466154250501 0.0604193946058698 0.00481661103552649
0.365561899260735 0.0210793914374038 0.100892062665129 0.152237495943239 0.0260455815741756 0.267601099297528 0.0665824698217899
0.214009754526712 0.167172369855944 0.226968206746009 0.0546580691559584 0.0686089094733904 0.086868983328512 0.181713706913474
0.22104942095794 0.11598398429605 0.0877822655231893 0.0429476947405099 0.230346310262354 0.111335139887633 0.190555184332323
0.0757435078693705 0.155239381246222 0.0677273994007047 0.229548016217824 0.0561039655617518 0.212828022728042 0.202809706976085
0.155958920537294 0.193703971974088 0.0863816887407275 0.0148931685387887 0.28651825873155 0.0344292232852796 0.228114768192273
0.369539274563411 0.079541327655045 0.122431179563279 0.0328007698721895 0.0631648490338222 0.00685594596425481 0.325666653347998
0.0380099773602595 0.0861818816050925 0.349647699579078 0.0320742159027785 0.26615897601388 0.151718753140589 0.0762084963983222
0.227931931118089 0.123757080581872 0.126909638284406 0.155743906013252 0.19120878071326 0.00709184798585068 0.167356815303271
0.173597132857037 0.0784034684811339 0.127552580156892 0.187825887254897 0.213471756193714 0.196959662416367 0.0221895126399599
0.204227350039635 0.156147885953467 0.00759136031054011 0.22195132192551 0.174138379542624 0.223098842514346 0.0128448597138777
0.233619301779881 0.176639397456315 0.119705657826255 0.102854743247423 0.103236884384849 0.0662985612282353 0.19764545407704
0.0600312840159801 0.246538708063069 0.0116636778659658 0.165558962847542 0.206793335347806 0.272723820191156 0.0366902116684797
0.165277881200502 0.151064845435113 0.191992755553793 0.00573938775534559 0.127506679647244 0.208391302797203 0.150027147610799
0.091317501963875 0.00269416693540846 0.0650797335518747 0.183256758271008 0.128095895613478 0.265618508541761 0.263937435122594
0.173825288320961 0.113816632313195 0.136236611714939 0.136545421544026 0.185224610746097 0.116137134572709 0.138214300788072
0.267612545773345 0.18688611413152 0.157251693077245 0.0545117973060479 0.0550202751828714 0.145327773489775 0.133389801039196
0.219887363457749 0.266042247687808 0.00664751936364378 0.205144618446849 0.101977176922199 0.195190117311947 0.00511095680980429
0.00930493106633415 0.123440295828742 0.286447667928867 0.124588406516724 0.0903189258291086 0.139158181145044 0.22674159168518
0.0221452679766204 0.384448079007382 0.0682338645054226 0.240051469824359 0.158129387382951 0.0671664155215358 0.0598255157817293
0.0748870223136088 0.218730046973791 0.0503253314119582 0.1498397491903 0.0782468190658458 0.177638381514992 0.250332649529505
0.162767409456196 0.0927289758063649 0.204545361215004 0.223013019964227 0.11904739858943 0.145113514369554 0.0527843205992243
0.0832945756577933 0.27572153576386 0.0122609921747585 0.274502319109961 0.0722072575847592 0.131551741315899 0.150461578392968
0.224260670676575 0.117125625632538 0.129294909437849 0.218083034987204 0.130321148011999 0.132016109092463 0.0488985021613722
0.1247452753476 0.253798702708785 0.235739623596538 0.0227938448797348 0.0402926947214556 0.185916509135052 0.136713349610834
0.130475647392984 0.00744611337869541 0.127047337257012 0.259753262955468 0.1789412636833 0.142226895008805 0.154109480323736
0.0525158685774419 0.225358130341973 0.1627290993054 0.0701039567362273 0.194391087256194 0.206761151677501 0.0881407061052625
0.22609762722878 0.114922560845316 0.0277074111736034 0.195782230857473 0.179446071590016 0.195111512229007 0.0609325860758054
0.218704934427242 0.0439983763056051 0.261738229803159 0.189947297675009 0.0652764035892858 0.0681598992937725 0.152174858905927
0.107948948154 0.177190739326242 0.166388809596572 0.133970813395586 0.08186301729168 0.174148566161685 0.158489106074236
0.251791992625197 0.182511903493891 0.080921804226841 0.139451476940811 0.0415778239405264 0.244484349148884 0.0592606496238501
0.177850052923537 0.191061022821206 0.15711036082917 0.0492057669106183 0.157166115577801 0.103177445879251 0.164429235058417
0.179891390472849 0.137739440831048 0.157427673621399 0.131901156284557 0.137995289355369 0.190945596064717 0.0640994533700607
0.196470968001888 0.0841781907285701 0.140426015229128 0.168528651466151 0.334672888211864 0.0694037287878368 0.00631955757456249
0.0957671042933101 0.223293770518378 0.138238686355241 0.0569822101505828 0.0949195697102495 0.131738450623513 0.259060208348726
0.0123982384568164 0.00648234252678822 0.349440326177337 0.276486730455178 0.0806248296782811 0.19412438220901 0.0804431504965892
0.0713638770999599 0.0290637780460444 0.216094277337776 0.259396954470524 0.145355962322119 0.136909840880619 0.141815309842958
0.00943730399534231 0.218246525829537 0.265016187589379 0.216455231579628 0.10208846489906 0.161378409279782 0.0273778768272713
0.227267963960351 0.0254840680417438 0.175106975854305 0.148173363860281 0.144659695426289 0.177064609660016 0.102243323197014
0.0527645363723006 0.260332450219629 0.29746194448532 0.0272030757621228 0.0639884275206201 0.167212536530846 0.131037029109161
0.0814985501052749 0.134371781435113 0.176226144713667 0.192920106130208 0.201231242400507 0.062683182951003 0.151068992264228
0.023071486539492 0.30483811583542 0.192791579600672 0.059894314017814 0.323464732700385 0.066607213681416 0.0293325576248009
0.132902224799026 0.0894924582629193 0.0742336181116438 0.171811516973551 0.0657881378430575 0.215079115726517 0.250692928283286
0.0645627943202838 0.17544673258416 0.127268590135626 0.175454659499254 0.0156497385135274 0.220507477123382 0.221110007823767
0.12805219998223 0.126873166618909 0.0812393602990549 0.157206036183244 0.131594890707939 0.153094085831625 0.221940260376997
0.198264428060868 0.116755570047381 0.148466088523448 0.250941376391757 0.190932813688576 0.0887253946909293 0.00591432859704014
0.154113684421126 0.187517480857772 0.20133926261233 0.047250239641741 0.274187109601357 0.0392924738761497 0.096299748989525
0.00230496997764312 0.170342462032436 0.121073727161952 0.196431123936514 0.246477899797777 0.118596519932683 0.144773297160994
0.166464413857054 0.0023615706546199 0.0864800348333935 0.340685601005818 0.00112264229791163 0.142686136436384 0.260199600914819
0.118900713843509 0.101215485701417 0.143898254279465 0.232782772901634 0.211398578431079 0.145583068950841 0.046221125892056
0.0881199970481342 0.23262325501335 0.0665617635866788 0.1969682077375 0.0037129235064313 0.192055513290394 0.219958339817512
0.117528355401736 0.159307670112292 0.0528860124353407 0.0180015950781764 0.122853894221185 0.264552433890111 0.264870038861159
0.0758684080876646 0.0318711013825391 0.127441248452228 0.261044324368657 0.268149777105444 0.126445108624214 0.109180031979253
0.150194244597723 0.178221866367931 0.158675509847645 0.17157178663298 0.04949816098733 0.0504210304513252 0.241417401115066
0.165900316827421 0.112633926700851 0.120740532383563 0.0788597443303134 0.16424492418524 0.0845981164617245 0.273022439110887
0.186588955914904 0.0667795129936077 0.0474026479916035 0.262509416465277 0.0980730280191741 0.235022908187317 0.103623530428117
0.221266810832406 0.226057085308767 0.107965920917093 0.0707237461105223 0.117350559986837 0.256396503767124 0.000239373077250429
0.299096278872837 0.146656966493274 0.0891222379921332 0.133169254903556 0.112114579892889 0.0415824110559 0.178258270789411
0.224000834943838 0.140561427604727 0.136097288896467 0.0367891898105336 0.00582192416840608 0.268447699809254 0.188281634766775
0.202272017996787 0.0897921201007254 0.0310871443102931 0.216636683524632 0.214033420859536 0.119118982543107 0.127059630664918
0.0459676062959108 0.172029154811305 0.187983774526383 0.217953984504824 0.176898596871946 0.145003288116476 0.0541635948731557
0.0393001540017877 0.2347436248946 0.142351930970959 0.128985045395588 0.195368618974007 0.246072770100957 0.0131778556621011
0.126722064152305 0.143020787846747 0.109899511326198 0.182052572120216 0.122175404880345 0.154643721525126 0.161485938149064
0.181458540908473 0.0664667158256608 0.159537313186616 0.0890426435787868 0.116630149566418 0.295518551380257 0.0913460855537889
0.040327787374303 0.188116688204121 0.338039139747065 0.0371587902785353 0.149520752140326 0.107071581818312 0.139765260437337
0.162702977457706 0.0746531143107169 0.0130295661351663 0.0622065771853988 0.372348985109501 0.308345125354754 0.00671365444675679
0.250225467827442 0.204346857276865 0.187701831781306 0.0532011999362223 0.000558895120598472 0.249281514741693 0.0546842333158729
0.0471863395357647 0.0494735330224466 0.226639909963851 0.207884642611898 0.223464216115901 0.132811591985339 0.1125397667648
0.0822346333364398 0.140326776940524 0.102044569022514 0.116906531891188 0.0879313281734027 0.264977145623929 0.205579015012001
0.133900372251627 0.131802036512419 0.193220515535131 0.0926354258923645 0.183528293553543 0.191539633027963 0.0733737232269532
0.134328007641453 0.268790880184151 0.108853145076738 0.210117372770204 0.0437595854910247 0.0544536251016695 0.17969738373476
0.0530433879541325 0.133866902642353 0.22507725351221 0.178843275947447 0.11747881346492 0.172382002759111 0.119308363719826
0.106264672767651 0.215960385310548 0.0507343753818162 0.282595891583368 0.106437939615879 0.233800509481643 0.00420622585909508
0.0925431660000828 0.294791438442403 0.0747209232004097 0.134161850833306 0.129298727413994 0.00934252636657141 0.265141367743234
0.193712471325764 0.18687844644775 0.196696708040503 0.0582092698539306 0.202705928493653 0.082847006671343 0.078950169167056
0.244460985408915 0.123327479350441 0.0114937327255448 0.16227124942947 0.177074806088524 0.212694566606219 0.0686771803908864
0.150145000415641 0.0196208779032745 0.252549768245244 0.129215154110927 0.241890750415362 0.00741071493500336 0.199167733974548
0.194950645056664 0.0438859456665412 0.173434924400202 0.154498472890225 0.142447212802161 0.189239712560361 0.101543086623846
0.22023526111518 0.0490564644657649 0.0430632785836412 0.182488993686342 0.0260282242212835 0.232811752745455 0.246316025182334
0.194725680352501 0.0703582309883687 0.0339557704425184 0.269626448062714 0.160421683955642 0.23133376579757 0.0395784204006857
0.383013185328814 0.10840761718578 0.0552222720412566 0.138220847462103 0.00610680377987054 0.129598093029648 0.179431181172527
0.178895473738966 0.125385256021972 0.142738851409272 0.121394604797413 0.171592477650528 0.0275110354885418 0.232482300893307
0.22010029258955 0.0477151663317463 0.199111101488732 0.214463823851544 0.0889497575671325 0.154889383378593 0.0747704747927025
0.0415906108894999 0.127070629249226 0.177650178668136 0.0596314953927011 0.106092434249162 0.276824955251634 0.211139696299641
0.251605542776569 0.234472701385376 0.0481951705628481 0.0428353729734156 0.267094177067657 0.0898747687329614 0.0659222665011726
0.29092992334325 0.0589900395428792 0.242566149970135 0.148034660620989 0.0268614976247086 0.02248058627802 0.210137142620018
0.080774142385132 0.0979202445367067 0.21203606434585 0.179031186401652 0.0835423473778615 0.105891995921964 0.240804019030834
0.178013470272381 0.0161929014416787 0.16739192175991 0.0757183019617154 0.0773929352046146 0.242090068459709 0.243200400899991
0.00574053948093209 0.0782543225433806 0.120664665750202 0.052891271094776 0.221597743570884 0.287004616072589 0.233846841487236
