0.314373396410401 0.042486533063805 0.419283671005326 0.223856399520469
0.217887425413063 0.260634696179517 0.170028916394694 0.351448962012726
0.434475926447761 0.0304713316935187 0.348508358953481 0.186544382905239
0.204989955167101 0.450015475412602 0.153105781409173 0.191888788011125
0.276091378702541 0.536438438211619 0.165187636611366 0.0222825464744735
0.371882545450696 0.0460149294776088 0.320214887382235 0.26188763768946
0.252265269782087 0.323572934263558 0.301628798350944 0.122532997603411
0.315202528942033 0.160381318388418 0.0293268656403863 0.495089287029163
0.196459244036344 0.292574109399987 0.493660866041004 0.0173057805226643
0.328262722146224 0.226392890494964 0.351031397593483 0.0943129897653292
0.277072841222541 0.266430964186684 0.220316272701753 0.236179921889022
0.320511991692581 0.093367228370921 0.248548790547468 0.337571989389031
0.391502283172567 0.380298127872338 0.208903107944384 0.0192964810107112
0.313969688172925 0.304043583563809 0.0602142057380192 0.321772522525247
0.293773855779456 0.322085824340642 0.367289288180018 0.0168510316998835
0.363228764946058 0.207240791487534 0.242833152370561 0.186697291195847
0.111864403943895 0.545813908701511 0.127003672224351 0.215318015130243
0.315132958533633 0.363134699899491 0.0298598474263385 0.291872494140537
0.0120365305698658 0.448415932763222 0.186575173595018 0.352972363071895
0.254727001361797 0.250546827958031 0.315936830496473 0.178789340183699
0.0955788181231946 0.244286141898045 0.261190841269239 0.398944198709522
0.629870181276968 0.0171871532818905 0.110529683179871 0.242412982261271
0.223295330793606 0.139051500106384 0.0449576920906957 0.592695477009315
0.272769591615626 0.192960797523361 0.277094116886779 0.257175493974234
0.319446948291956 0.194355635293964 0.18489590964394 0.30130150677014
0.218080659104615 0.0687681147526865 0.505041430501197 0.208109795641502
0.414788658950268 0.352172189184408 0.000360536294194662 0.23267861557113
0.281963483355803 0.29543096111028 0.188147015159526 0.234458540374391
0.300672755256752 0.222176642869089 0.179373906709213 0.297776695164946
0.312714705871778 0.370012176184085 0.197320575715095 0.119952542229042
0.159836587313952 0.378884649912424 0.248392408996575 0.212886353777049
0.0675654963142055 0.29806222098138 0.239853856762897 0.394518425941517
0.49245677483449 0.102147500383091 0.0595726770602929 0.345823047722126
0.331511199438186 0.418796726828063 0.205916262776361 0.0437758109573896
0.304393985392571 0.21178245142732 0.0527900947530291 0.43103346842708
0.291760825767188 0.227712508801931 0.325138115749356 0.155388549681525
0.0952304355678897 0.403190159276454 0.192561523865248 0.309017881290409
0.463825854557523 0.348563146815436 0.0074882378043322 0.180122760822709
0.449736287190291 0.336414828605834 0.0813832109931397 0.132465673210736
0.0825426883344337 0.454462098652651 0.317891661788347 0.145103551224569
0.319314939361434 0.0869849303734618 0.183810575314659 0.409889554950446
0.156722108752998 0.410914982732349 0.28001362977743 0.152349278737222
0.341526695536519 0.268186748103744 0.191420531371646 0.19886602498809
0.280881479690422 0.310184262618969 0.0589477601094674 0.349986497581142
0.338948539537869 0.303724374628317 0.0827049127778872 0.274622173055927
0.140914241064427 0.413107287674618 0.234047617916367 0.211930853344588
0.258488394051963 0.501628697918524 0.192601994155604 0.0472809138739092
0.0648572775255345 0.247389185928739 0.383458016912088 0.304295519633638
0.458920995641102 0.385643184467721 0.0683660718933394 0.0870697479978371
0.159965352461996 0.361863856514464 0.267455157788356 0.210715633235183
0.253518048276527 0.289122097218405 0.277133631552868 0.1802262229522
0.316115742439123 0.300943029998798 0.00906304945980502 0.373878178102273
0.202883929117007 0.305998988449347 0.202008218695383 0.289108863738263
0.404142392453638 0.0627623692809946 0.232813799933581 0.300281438331786
0.575062109539261 0.195481765079957 0.221311417243952 0.00814470813683046
0.00833786970118881 0.517674771915879 0.0596168836071082 0.414370474775824
0.295516520592695 0.319536310258293 0.254095326126063 0.130851843022949
0.198893949446023 0.374240687534612 0.163794988308313 0.263070374711053
0.307853691224346 0.15931010566871 0.306129283280642 0.226706919826302
0.362321463184679 0.282154201001452 0.199878088573629 0.15564624724024
0.0429414593491926 0.366470512191042 0.393298207438421 0.197289821021344
0.221607674949989 0.0714550958227006 0.396201061780708 0.310736167446603
0.346391535631596 0.225276232608982 0.4169514445201 0.0113807872393223
0.314864197339217 0.196496487558401 0.120850092014191 0.36778922308819
0.13515938343228 0.264055918981002 0.106686961372839 0.494097736213878
0.190276834409448 0.362555786073816 0.326963250530419 0.120204128986318
0.127214998683011 0.517805217071451 0.293883945162403 0.0610958390831352
0.265601417880028 0.288998905439493 0.188321034206112 0.257078642474368
0.0977587482981922 0.300246999024643 0.217490056650446 0.384504196026719
0.403416560333005 0.071554649942841 0.134340176986574 0.390688612737579
0.111292316969051 0.585218273626815 0.213561949088351 0.0899274603157833
0.257480019271594 0.273544968822118 0.164839137597605 0.304135874308683
0.335799171410399 0.312515871601603 0.338030227276947 0.0136547297110502
0.0558763233736158 0.420249013944055 0.233163041474193 0.290711621208137
0.29685108319234 0.427387539756767 0.0566058319476408 0.219155545103252
0.579475399485293 0.0167330454560128 0.0577604348656504 0.346031120193044
0.355817761864203 0.190226749019955 0.376131231607217 0.0778242575086248
0.0596831652074656 0.259034190325258 0.498235274336271 0.183047370131005
0.041701762124863 0.14714019553931 0.335424870334837 0.47573317200099
0.0657773335879625 0.318546246602553 0.206341802679697 0.409334617129788
0.225908023137279 0.445912583004639 0.258947326833215 0.0692320670248675
0.394219581272958 0.121480855087339 0.412938107990184 0.0713614556495182
0.239849062369877 0.321655221896523 0.275827265470855 0.162668450262745
0.280248513152915 0.210800166315872 0.377448107489465 0.131503213041749
0.410939292335145 0.101544201660315 0.248718930752621 0.238797575251919
0.213239607866721 0.260251639308031 0.0949296202286868 0.431579132596561
0.238651127654618 0.292328615684137 0.0684979601428376 0.400522296518408
0.216109147238525 0.347801953812079 0.0306928463845056 0.40539605256489
0.0341463657810397 0.122629334039587 0.536193352450966 0.307030947728408
0.23317985862181 0.400892590561105 0.340555283780913 0.0253722670361712
0.17925400017974 0.256385000473955 0.184238050081872 0.380122949264433
0.27713215605269 0.163922149460982 0.183602439728027 0.375343254758301
0.242192403812504 0.281611975398426 0.20430716912412 0.271888451664951
0.279079584364934 0.21247743658464 0.397008920576555 0.111434058473872
0.221503754177929 0.256909298692305 0.158165328231295 0.363421618898471
0.164077887822929 0.367178687367414 0.186503497058624 0.282239927751033
0.208858697908403 0.278071978623696 0.365960167339138 0.147109156128763
0.384116076802006 0.359664862165566 0.0645742138966386 0.191644847135789
0.356410521062754 0.44533129019502 0.194653544386052 0.00360464435617442
0.0889267536599715 0.540420777491217 0.110663618057289 0.259988850791523
0.127177274758905 0.20236552078143 0.432304977838048 0.238152226621617
0.233822653285972 0.318835631649982 0.124384017071137 0.32295769799291
0.201803492503036 0.0287087510923888 0.656132644697442 0.113355111707133
0.121470363069439 0.344463168391643 0.316183932170357 0.217882536368561
0.640006827767063 0.0603251513027194 0.2394053469437 0.0602626739865177
0.0409609505106651 0.419823803476698 0.33069376520602 0.208521480806617
0.519826174864762 0.0661251773344047 0.0883612919313738 0.32568735586946
0.195196272354443 0.592571243108299 0.12657045915525 0.0856620253820086
0.202978058973997 0.184415668108162 0.343433225201467 0.269173047716375
0.469748037146591 0.016736163027065 0.125018279080116 0.388497520746228
0.354461356257873 0.245182029228744 0.00184075590791425 0.398515858605469
0.218895523962527 0.199943659733238 0.456037535560539 0.125123280743696
0.472661591267801 0.312423675984159 0.141528512640403 0.0733862201076379
0.285096952767908 0.456573176387464 0.180889055361255 0.0774408154833737
0.039114117854593 0.370683162374277 0.443112501803695 0.147090217967435
0.339501376500374 0.308112784776932 0.132245542426174 0.220140296296519
0.0808006707747708 0.236757251542847 0.124131218239458 0.558310859442923
0.278366984344272 0.380442844853661 0.187899055389389 0.153291115412678
0.32233550499829 0.301574482630943 0.115053197116875 0.261036815253891
0.340653336546251 0.194637029751806 0.138853535178647 0.325856098523296
0.0546923629480381 0.218488391018443 0.376003059871722 0.350816186161797
0.0231488133920349 0.328506047098818 0.434330994411103 0.214014145098044
0.404878197141253 0.392264141601503 0.196707912140543 0.00614974911670088
0.284072400402726 0.0360001471150338 0.253604901264663 0.426322551217577
0.0307869827804436 0.239763626485468 0.3686909834982 0.360758407235888
0.00508116539633497 0.307515357198575 0.277677983194669 0.409725494210421
0.188240957734808 0.313535303781587 0.274247909516101 0.223975828967503
0.120358464026205 0.45954950419371 0.122868121668164 0.297223910111921
0.109437658704097 0.0124589857961428 0.667037253370343 0.211066102129418
0.336589970296284 0.358191344594728 0.0636945062650549 0.241524178843934
0.472285067920838 0.00971521026418019 0.419890000536613 0.0981097212783692
0.309088225503191 0.15734343516032 0.278847788703185 0.254720550633303
0.266340116170524 0.120214222423481 0.339952794894839 0.273492866511157
0.168984461329924 0.413761222764132 0.227340381362855 0.189913934543089
0.0457295889391284 0.168523548442625 0.490153212156314 0.295593650461932
0.302492553552788 0.113138805485591 0.110931560561106 0.473437080400515
0.36823445686849 0.502355129609496 0.0183121890182616 0.111098224503752
0.278243503481337 0.134511583140232 0.288036486034756 0.299208427343676
0.276071972781691 0.132977120406835 0.0705572068206198 0.520393699990854
0.282227908723917 0.00454146034523867 0.261531654204122 0.451698976726722
0.176039775061638 0.269180329346191 0.298953629575097 0.255826266017074
0.448200013956582 0.163273767039622 0.0170145232584022 0.371511695745393
0.00143130775342248 0.564988970349254 0.176526084844872 0.257053637052452
0.0239509486975193 0.104657285985466 0.386410823502589 0.484980941814425
0.329859195045539 0.371042535817449 0.205165973217773 0.0939322959192389
0.169418036764224 0.324987196927808 0.324648270678696 0.180946495629272
0.386882971369967 0.345506155134036 0.113607460084618 0.154003413411378
0.0255089999013658 0.299955194603678 0.27401741222355 0.400518393271406
0.292060563395758 0.0874507480946124 0.313109026379308 0.307379662130322
0.377302007049015 0.0103349247055673 0.346769401795833 0.265593666449586
0.240614771732454 0.0152526597269735 0.372209311862609 0.371923256677964
0.418324154084546 0.0582831389793568 0.3654687155802 0.157923991355897
0.365104573222918 0.0149386329464517 0.0928214275818158 0.527135366248814
0.461651076798938 0.0434373560174836 0.241955841044326 0.252955726139252
0.229179795295594 0.381308330988933 0.328529069082552 0.0609828046329211
0.243176810237862 0.317116008454882 0.111682122605726 0.32802505870153
0.358446895268113 0.298074002427679 0.310359252498239 0.0331198498059695
0.330252856160693 0.151049261229393 0.304728015070637 0.213969867539277
0.0710192032055654 0.416929738747565 0.400251942719774 0.111799115327095
0.348180561470386 0.408307732881379 0.159112116273522 0.0843995893747125
0.458732920297928 0.119520271167145 0.286987975775769 0.134758832759157
0.0347672895504643 0.395876586409669 0.206440783386051 0.362915340653816
0.0306729109578633 0.335658176334261 0.312537961175453 0.321130951532423
0.261907398910376 0.321956772697157 0.274014647809759 0.142121180582708
0.101793400791992 0.301073388311639 0.341647229048257 0.255485981848112
0.38224846025204 0.496960685796885 0.118946791632992 0.00184406231808332
0.340704753462063 0.331300400194156 0.106463523978642 0.221531322365139
0.0262025278881817 0.279964570875484 0.351613135147635 0.342219766088699
0.368410491586818 0.201215475543483 0.107966594848481 0.322407438021218
0.337780337295997 0.420679126523955 0.0643847777920516 0.177155758387997
0.240124883747836 0.568982664003974 0.145660578588494 0.0452318736596952
0.0275825062879745 0.300931327783365 0.343987631166251 0.327498534762409
0.658865827278574 0.0319200073985001 0.15899267208753 0.150221493235396
0.270806266046375 0.238839059663712 0.239457055670021 0.250897618619892
0.290213743219266 0.23172708065672 0.29082377283349 0.187235403290524
0.415132878740162 0.0817585402807232 0.339020167655387 0.164088413323728
0.127141492096253 0.266647048115073 0.297555772899043 0.308655686889631
0.317833084073376 0.205479395843101 0.309744339451512 0.166943180632011
0.309584691120605 0.0244640073395049 0.0832458088173993 0.582705492722491
0.32609468840059 0.19794278217865 0.258579393804721 0.217383135616038
0.173740764759848 0.402059156896967 0.127758302362279 0.296441775980905
0.273247762112934 0.163998929100304 0.482319598142639 0.080433710644123
0.216887463507029 0.550234246030524 0.216892418491722 0.0159858719707251
0.139831886401284 0.256109977673377 0.294958156907559 0.309099979017781
0.140620995572981 0.563353494044446 0.0710764424474992 0.224949067935074
0.444636653793986 0.0518374219409918 0.29781544893821 0.205710475326812
0.404146298563137 0.25005639676462 0.260908307278843 0.0848889973933989
0.462888876734487 0.153535273601026 0.374913155893563 0.00866269377092373
0.429973736779793 0.126029170530257 0.0653357920208241 0.378661300669126
0.155209580443477 0.561426814692902 0.235481609189907 0.0478819956737134
0.193731564691677 0.331533429172264 0.243827369838427 0.230907636297632
0.198223145309908 0.0482735743079541 0.286778228973187 0.466725051408951
0.241820672664245 0.567198083656205 0.00787209289724742 0.183109150782303
0.168677913278822 0.171920949287753 0.403758534236952 0.255642603196473
0.257006574379961 0.322511905399984 0.0463122616288798 0.374169258591176
0.298191593353694 0.175728392487491 0.175095580984387 0.350984433174428
0.158371714483365 0.300033375539249 0.273820120282902 0.267774789694485
0.333814313641105 0.0313334962563083 0.312902249499981 0.321949940602606
0.341634443640391 0.276236278097115 0.146987285022131 0.235141993240363
0.063707278818837 0.249153700593309 0.298620519012594 0.38851850157526
0.229745357034114 0.406977049376882 0.303569544138738 0.0597080494502656
0.306621247113204 0.245112889379976 0.132704519232691 0.315561344274128
0.0793205754008519 0.353799319944305 0.210250958414418 0.356629146240425
0.136028701414808 0.365758486674793 0.307380113226985 0.190832698683414
0.0187477092714781 0.224590742232831 0.206177318642844 0.550484229852848
0.264511681760353 0.328957411434692 0.342740957563985 0.0637899492409699
0.534750290746029 0.194564072254253 0.224151761246962 0.0465338757527563
0.124390893761864 0.35824999091739 0.0404181739400026 0.476940941380743
0.200265707601996 0.193170219930609 0.313785151167798 0.292778921299597
0.260108658949891 0.34797575339226 0.322359998639003 0.0695555890188466
0.418065236262502 0.459478373132261 0.0145903534763036 0.107866037128933
0.628750816296312 0.148211246594077 0.0615906014698591 0.161447335639752
0.194148361021503 0.354116018149037 0.0124696458688176 0.439265974960642
0.0222943902668942 0.154620640180739 0.682268150005024 0.140816819547343
0.222794707019629 0.206439871647542 0.192223467762644 0.378541953570185
0.611616735889984 0.12405952960789 0.242443022064835 0.0218807124372916
0.054041683482819 0.704832234401608 0.102296687798899 0.138829394316674
0.508449924266073 0.195382335218551 0.225171971250704 0.0709957692646727
0.0527951253866074 0.404992771810738 0.508975033454171 0.033237069348483
0.498873312013238 0.105663398799575 0.340608227658362 0.0548550615288252
0.0876699464218129 0.410145901602281 0.393778243747708 0.108405908228199
0.298942842204123 0.460229095555407 0.0389452583703788 0.201882803870092
0.31322611522332 0.434236936650205 0.176048718866071 0.0764882292604035
0.321347145323912 0.0932134430518497 0.393106699366759 0.192332712257479
0.131754421886328 0.242584489036765 0.442190042727732 0.183471046349175
0.338389644355044 0.124842687292499 0.148896850935224 0.387870817417233
0.279884603861722 0.38542057550779 0.0405686146551852 0.294126205975303
0.0646754173796961 0.422538737206555 0.303060337443204 0.209725507970545
0.074294393297567 0.293804453323459 0.262267876655699 0.369633276723275
0.267425653706813 0.262020467985881 0.380910356567592 0.0896435217397145
0.139185342786141 0.355180920547795 0.19441289159962 0.311220845066444
0.0218461463190742 0.226165602776152 0.297938959374122 0.454049291530652
0.143650964078863 0.279659887431337 0.231958277981304 0.344730870508497
0.340217097768569 0.153784265427216 0.397499335265222 0.108499301538993
0.303036333679385 0.284126510203246 0.218429005556198 0.194408150561171
0.349000583976133 0.326978232534073 0.0775587234680851 0.246462460021708
0.268177340556555 0.205242210340776 0.22262901887215 0.30395143023052
0.196488375362306 0.615361162337674 0.174442036900474 0.013708425399546
0.376402044119319 0.234490315736522 0.254639470950245 0.134468169193914
0.153208279496352 0.00849995063481376 0.55201580699683 0.286275962872005
0.336309190694088 0.0824064193771425 0.286344322414748 0.294940067514022
0.312234057341276 0.282951003323591 0.314854369098445 0.0899605702366875
0.386057088312644 0.114449286380341 0.214135922787249 0.285357702519766
0.331252163006352 0.307827223678201 0.338735811064208 0.0221848022512388
0.51101865576321 0.268384524076891 0.093619078401882 0.126977741758016
0.252347322380242 0.23613362621808 0.249799828160767 0.261719223240912
0.143730347632794 0.0399280408895178 0.531747796727642 0.284593814750047
0.191601224573317 0.296196911439346 0.439505456701002 0.0726964072863349
0.208672092542244 0.371030073803057 0.150056226071718 0.270241607582981
0.200276967482442 0.306779836054392 0.315765109141578 0.177178087321588
0.453280720334857 0.119789559572635 0.32536256334054 0.101567156751967
0.0256839710404605 0.326531118036241 0.304405067959098 0.3433798429642
0.352129881200702 0.114448162801239 0.0232319439192066 0.510190012078852
0.0915915819803658 0.262252348566071 0.283364973412388 0.362791096041176
0.338384784118926 0.295085482622582 0.348198098415158 0.0183316348433337
0.347694487143381 0.165502487762621 0.425011012264174 0.0617920128298243
0.263131809867567 0.144889267987621 0.32711603843859 0.264862883706221
0.376082351326691 0.00944048714668841 0.324858659610828 0.289618501915792
0.194219673315392 0.00645432210204802 0.486951786181059 0.312374218401501
0.488702542591357 0.162069428994871 0.176985524405665 0.172242504008107
0.357726464337249 0.305400902556646 0.11751709879973 0.219355534306374
0.338055204738183 0.256339408455229 0.135540612801172 0.270064774005416
0.353464472591039 0.0852214437683759 0.202415669920201 0.358898413720384
0.143533803524252 0.222310853612399 0.194492261101156 0.439663081762193
0.387384769338166 0.256278387489232 0.00455816181762779 0.351778681354974
0.160809697991411 0.0286022682800464 0.461441498272178 0.349146535456365
0.113544187725141 0.489401723772921 0.28497954825259 0.112074540249348
0.404058067621526 0.138256035173113 0.313029403326353 0.144656493879008
0.0499246382898594 0.223476440444356 0.357012039899815 0.36958688136597
0.427927545340708 0.53237819143923 0.0345613197531605 0.0051329434669011
0.34571671633236 0.294750885852406 0.163202276309433 0.196330121505802
0.270670361746841 0.241863191450662 0.262909669256857 0.22455677754564
0.41313845028699 0.00180901917272233 0.460285372994373 0.124767157545914
0.166241424438876 0.098639004396398 0.353546689939536 0.38157288122519
0.234097531742407 0.245738988688097 0.265519811113628 0.254643668455869
0.508560033211114 0.0208687993400568 0.0127410926134355 0.457830074835394
0.216082370391293 0.295798606685677 0.272513863818722 0.215605159104308
0.140563345959544 0.100671201330728 0.435913649770268 0.32285180293946
0.155270034996421 0.301107232996049 0.240372544122259 0.303250187885271
0.58163123542763 0.355291782263851 0.0125330356456452 0.0505439466628741
0.229928276577216 0.0659813046830569 0.32345922567269 0.380631193067037
0.390624305699131 0.235355401251328 0.234423430368184 0.139596862681357
0.253759003492349 0.203859618678672 0.248142411501322 0.294238966327657
0.324472819192919 0.206960621889753 0.336677478814988 0.13188908010234
0.219634845417676 0.268022050578656 0.318929551937513 0.193413552066155
0.32133569949201 0.364047433121794 0.0915955444170265 0.223021322969169
0.0765814470416823 0.298909928802578 0.275163385746049 0.349345238409691
0.0292082864255294 0.78750741020929 0.00837744596657441 0.174906857398606
0.0679171724581549 0.121134437684044 0.721030910313414 0.0899174795443873
0.162528217015269 0.197761974542534 0.31434291888943 0.325366889552767
0.276077817333698 0.349129093934043 0.325684327480128 0.0491087612521307
0.387820104962364 0.27651562414963 0.280948656867844 0.0547156140201624
0.263641144322456 0.316847770333642 0.309816419819417 0.109694665524484
0.217508519948558 0.318537750567663 0.179580649017323 0.284373080466456
0.216052676302973 0.323299556453059 0.361863116465153 0.0987846507788148
0.216026491438751 0.169733469301309 0.216868345892033 0.397371693367906
0.0638495097072379 0.365320575384401 0.394252912596336 0.176577002312025
0.222969137831801 0.222187896000378 0.505485422107242 0.049357544060579
0.111165743754677 0.102554039791249 0.255962945966348 0.530317270487726
0.149174979536136 0.218159150396902 0.615749594675509 0.0169162753914535
0.117231749943249 0.289765733606013 0.251346756141575 0.341655760309163
0.11047761103867 0.128670257815387 0.541199639594093 0.219652491551851
0.244847415747123 0.13550530368874 0.313951815762386 0.30569546480175
0.30058086145055 0.293565862957837 0.131075468380587 0.274777807211026
0.297531389119778 0.159965532294727 0.246274324866956 0.29622875371854
0.206796230687258 0.456500788430311 0.0252542902584167 0.311448690624015
0.0242794803605361 0.352972482358977 0.281026809094764 0.341721228185723
0.282647598786286 0.149509627039798 0.256350812793348 0.311491961380567
0.33557015414933 0.229188610522148 0.133810046338417 0.301431188990106
0.0828639934127189 0.308142938038643 0.316676874304367 0.292316194244271
0.0864569415638264 0.304590961993306 0.192123943157599 0.416828153285268
0.0198033978620628 0.240029680324944 0.422611991540606 0.317554930272387
0.31773699296379 0.254141510385248 0.115333690345544 0.312787806305418
0.323870053541617 0.30256559219348 0.291485039417561 0.0820793148473425
0.407038305054358 0.120453980295698 0.0525640774221856 0.419943637227759
0.377317884830602 0.481147816901565 0.11526753094649 0.0262667673213433
0.210091636321977 0.284006070037187 0.132935123716914 0.372967169923922
0.296224787582477 0.243047154162754 0.259924661564633 0.200803396690136
0.396888027546948 0.144819818882068 0.141520036408661 0.316772117162323
0.0646593153621674 0.0279030623408986 0.480001229865874 0.42743639243106
0.262456898006769 0.231101958179456 0.125164276096813 0.381276867716962
0.230738744287123 0.255801758517977 0.424360616317852 0.0890988808770476
0.167472618444753 0.34239029261687 0.438726256003032 0.0514108329353455
0.355536940136093 0.32275902728988 0.159100244771377 0.16260378780265
0.333610314959951 0.0283746892178785 0.210069141114107 0.427945854708064
0.0219413451479976 0.208025978631697 0.325089363446711 0.444943312773595
0.0171511341080004 0.589692788133917 0.30656142673106 0.0865946510270226
0.123211307415584 0.225669377279243 0.316412758723856 0.334706556581317
0.183724689712534 0.0854735927137622 0.298516005142701 0.432285712431002
0.369186111023673 0.282977743585457 0.194637364645575 0.153198780745294
0.316621712885215 0.0604972270690934 0.357305535011015 0.265575525034676
0.358374248200926 0.102405838051454 0.0793532965391906 0.45986661720843
0.238029665453252 0.315107579015124 0.130975403950576 0.315887351581048
0.0834709583079831 0.346733994977302 0.331035415293646 0.238759631421069
0.272925885599164 0.250250254539194 0.2132101165833 0.263613743278342
0.447907493409408 0.405273796190903 0.131862600501125 0.0149561098985637
0.345625520429974 0.0320167511167898 0.333981111828145 0.288376616625091
0.196286810472057 0.283148586417651 0.274481242124179 0.246083360986113
0.31930522581544 0.241269041092893 0.204546000025841 0.234879733065825
0.355922956958837 0.223591300934003 0.067870379155314 0.352615362951846
0.405451203581182 0.0255342764363865 0.252265159315898 0.316749360666534
0.394716942007848 0.362444969551031 0.124825883943343 0.118012204497778
0.0113124881850413 0.0710503682871189 0.729543311379975 0.188093832147865
0.328130529206428 0.0838088725352582 0.281332919383758 0.306727678874556
0.235186044617117 0.302320464772237 0.309210166668969 0.153283323941677
0.241110425961082 0.428194509957197 0.189704064676907 0.140990999404814
0.203250900510408 0.490100093276056 0.0629275875988553 0.243721418614681
0.076456297451218 0.325267977056117 0.349586534610566 0.248689190882098
0.439516914262026 0.199984870826159 0.217891818608341 0.142606396303474
0.289603233965133 0.321882163351682 0.0810359593762073 0.307478643306978
0.424909015393394 0.0031830857100673 0.16791198937653 0.403995909520009
0.204728297618977 0.0764275090703213 0.211874875344287 0.506969317966414
0.0561788085473021 0.169702804468252 0.225447210794959 0.548671176189486
0.378485308559883 0.0766593422248835 0.0922502537134538 0.452605095501779
0.328707885497016 0.244828312032844 0.152383428639979 0.274080373830161
0.212248667679713 0.0825506093647292 0.0599119729208749 0.645288750034683
0.304315088869218 0.237686456469612 0.34110966881582 0.11688878584535
0.286277559371956 0.377436862857271 0.00334870291100989 0.332936874859763
0.279665195211686 0.360995059098053 0.131385397508419 0.227954348181842
0.123269917013617 0.131171366991672 0.272643515955136 0.472915200039575
0.275481976458368 0.341276701016944 0.088599657481535 0.294641665043153
0.00537287368016818 0.440494354065383 0.315723211337369 0.23840956091708
0.138341711000194 0.121251720078019 0.212194753319636 0.528211815602151
0.502240465021593 0.273865751128262 0.128275074406885 0.0956187094432601
0.283251130033744 0.10543319163061 0.351269519615471 0.260046158720174
0.380432114811835 0.225055542979015 0.263725653323667 0.130786688885483
0.406676704335358 0.148325311438336 0.044562323542595 0.400435660683711
0.228702451132907 0.276612995497593 0.349657556531905 0.145026996837595
0.191614735500442 0.295894309533439 0.318347651865359 0.19414330310076
0.469199945053084 0.222806556563322 0.226864063098916 0.0811294352846778
0.0176212393252856 0.236310549381062 0.295673509201442 0.45039470209221
0.208039176021619 0.194248681403717 0.0155240754410732 0.582188067133591
0.150207170372874 0.21319603572581 0.598668275208501 0.0379285186928155
0.470601060552874 0.128888570507266 0.0562906051216682 0.344219763818192
0.335788994654527 0.263818026947113 0.254866789118295 0.145526189280065
0.0219053633665339 0.420328475540457 0.060220575474792 0.497545585618217
0.128530673574332 0.377306042953115 0.36842426161965 0.125739021852902
0.293322403143873 0.204463979821574 0.227979194703495 0.274234422331058
0.420760924009322 0.350626046430277 0.116886577504198 0.111726452056202
0.18027276738088 0.100939318457192 0.544325186178994 0.174462727982934
0.0784698532673594 0.331122895049276 0.320327734201439 0.270079517481925
0.0988822193124539 0.398262289798373 0.104020006575925 0.398835484313248
0.397238593627337 0.0840361760333501 0.347590802369787 0.171134427969526
0.183017905019805 0.269982714058568 0.45595992594387 0.0910394549777559
0.257363516854429 0.27383573467995 0.209458864352008 0.259341884113612
0.257634165969338 0.34735732035815 0.372003920446065 0.0230045932264469
0.170794436472704 0.324132155809292 0.333140239121409 0.171933168596595
0.276208697991903 0.488642759873038 0.0442779029296359 0.190870639205424
0.133130684871416 0.25343475479898 0.440670905874678 0.172763654454926
0.331806954201665 0.370036328347424 0.170764206658679 0.127392510792233
0.141602325699163 0.429355354940259 0.0960080871081877 0.333034232252391
0.497872495062021 0.000163838540812427 0.443768968194765 0.0581946982024012
0.333352674337749 0.350696421417216 0.00792285492451959 0.308028049320516
0.42657958590517 0.0931826917075971 0.2256361726857 0.254601549701533
0.223911967262727 0.223512108003747 0.463637508239535 0.088938416493991
0.206590818927805 0.195472846903581 0.426168896909868 0.171767437258746
0.171108249197388 0.25660052090785 0.0332391266637034 0.539052103231059
0.356375733006368 0.148686106274649 0.296290700687565 0.198647460031419
0.105768241075034 0.125326610031871 0.378501135825638 0.390404013067456
0.103728990383785 0.462221802171967 0.0207822491462605 0.413266958297988
0.136336178400562 0.503007307831554 0.107016349587409 0.253640164180475
0.309756867813769 0.365186524165202 0.101402999123652 0.223653608897376
0.138812886193394 0.39080561160595 0.193328487754789 0.277053014445868
0.37368726349825 0.146240157390752 0.0486618225564449 0.431410756554553
0.336672251422041 0.280361821991351 0.314097899223084 0.0688680273635242
0.306090301036897 0.00524330569139177 0.480926387155644 0.207740006116067
0.149892096782924 0.296523454507659 0.191320036455012 0.362264412254405
0.066786150814835 0.314059461592335 0.276284177103647 0.342870210489183
0.147579896782767 0.325489157352114 0.193233865990483 0.333697079874636
0.250836187885895 0.208386134138416 0.484365664974146 0.0564120130015425
0.458474275445115 0.118115636283843 0.412069538301445 0.0113405499695965
0.195575279768059 0.28379295962734 0.234569028109905 0.286062732494696
0.179707187405881 0.037402025273423 0.369131063749362 0.413759723571333
0.0910078509731493 0.456080109353413 0.255786339301299 0.197125700372139
0.147724371672953 0.349833012363468 0.054470125749949 0.44797249021363
0.159118526598418 0.271436326284277 0.393212484452256 0.176232662665048
0.192889547369047 0.192101930914063 0.241110765684374 0.373897756032516
0.38570737243978 0.513882633964813 0.0815208873428138 0.018889106252593
0.0372199645805118 0.27756328690114 0.331930051612169 0.353286696906179
0.220220840824633 0.0697921274124903 0.314028516690751 0.395958515072125
0.140982176586087 0.348085643540541 0.256933180834772 0.2539989990386
0.0485949593534393 0.248824439239271 0.354136571057665 0.348444030349625
0.158825588445048 0.292539144184238 0.392227383257868 0.156407884112845
0.125368067406726 0.494279025848086 0.360090227773204 0.0202626789719842
0.271158729926328 0.340373963718147 0.0687434184231542 0.319723887932371
0.392209515189349 0.424741785780603 0.141751338069585 0.0412973609604632
0.0636239850929347 0.41639548436234 0.246943576642727 0.273036953901998
0.33940908858974 0.186385541549857 0.0403788865858216 0.433826483274582
0.410944694799506 0.350447463850044 0.0293641921852319 0.209243649165218
0.0925464580733382 0.256740179990301 0.332168178243283 0.318545183693078
0.239360772012859 0.177164711672514 0.260762164555746 0.32271235175888
0.135632800973396 0.188944556060771 0.366641269143067 0.308781373822765
0.20629934119432 0.278351860779874 0.277179707655049 0.238169090370757
0.521997077136682 0.0110324512436871 0.27022190334317 0.196748568276461
0.38537660638495 0.0259145470573011 0.224022390846589 0.36468645571116
0.199679452979455 0.366910767246461 0.422911528142959 0.0104982516311244
0.0894803923844606 0.310332089003475 0.338136146723329 0.262051371888736
0.183332469389551 0.027828617336337 0.649446686374325 0.139392226899787
0.348719247865946 0.138925082184771 0.308555818160207 0.203799851789075
0.275018812732695 0.278564129483699 0.24813634611581 0.198280711667796
0.193329977775742 0.122269220434225 0.561709309905999 0.122691491884033
0.507291644851618 0.128231968875791 0.10150789040403 0.262968495868561
0.0690098751780208 0.288603629852368 0.350636506649018 0.291749988320594
0.346479258954332 0.0413348793984549 0.00374655509318897 0.608439306554024
0.335845012641803 0.354442564852999 0.0488212915595623 0.260891130945636
0.00217828383016687 0.35295951610728 0.188351187155466 0.456511012907087
0.422534080873275 0.17202765518136 0.0986531213444369 0.306785142600929
0.398365962504293 0.281592558654849 0.234332298517972 0.0857091803228856
0.306008227704103 0.224206628661338 0.248215059919586 0.221570083714973
0.485969448610375 0.153158173198297 0.0651159898670352 0.295756388324293
0.100585156580578 0.149482413866204 0.439527684249042 0.310404745304177
0.178654937705821 0.389720052410516 0.15364451933356 0.277980490550104
0.529667529664868 0.213613502420006 0.172650553176122 0.0840684147390042
0.426699633744765 0.0460010442924993 0.42464557375914 0.102653748203595
0.206086011148881 0.0114296783617808 0.564512975010035 0.217971335479303
0.119401656292574 0.405125015019534 0.339570160846655 0.135903167841237
0.289200358320435 0.342680509706007 0.21942790840272 0.148691223570839
0.00866822958438013 0.29409418608754 0.566046720405559 0.131190863922521
0.413905726535826 0.0386380308742098 0.0945280466254725 0.452928195964492
0.193214427540036 0.676290254244034 0.109366873167918 0.0211284450480118
0.161603689580235 0.405534917438865 0.284065670277597 0.148795722703303
0.221284777482835 0.340505523017736 0.000739294110273859 0.437470405389154
0.365291941070985 0.352970820787465 0.130181585648444 0.151555652493106
0.0704595896986042 0.315618884372282 0.117943337544562 0.495978188384552
0.149157729424937 0.334348023941091 0.210581470340664 0.305912776293308
0.52589968360228 0.136492331693549 0.0612589965451951 0.276348988158977
0.360916176272867 0.0525978785515127 0.287245365627168 0.299240579548453
0.11285881846743 0.203944458123929 0.523090157922911 0.160106565485729
0.14761202348604 0.159872437755235 0.355634954341529 0.336880584417196
0.236036687792245 0.226120235278414 0.314685508488985 0.223157568440356
0.464805399851255 0.0235610561170473 0.409280447195422 0.102353096836276
0.241942208994124 0.243150649290062 0.25353298175594 0.261374159959874
0.21149645713576 0.313935429842006 0.282668429094121 0.191899683928113
0.204762660288553 0.247564005861754 0.396413251981567 0.151260081868125
0.615661659007723 0.027824180037154 0.355946654664784 0.000567506290338926
0.43071602359999 0.148170172219987 0.0688753327551044 0.352238471424919
0.415113610508299 0.240840086660979 0.268957667616988 0.0750886352137342
0.486298538255345 0.171816090226945 0.265223148463717 0.0766622230539933
0.327732994047394 0.432285265666021 0.121391168001209 0.118590572285376
0.367068199371555 0.0155228047113558 0.432204777705833 0.185204218211256
0.254569172375351 0.19517990526289 0.318329330247969 0.23192159211379
0.40050006104166 0.218783163797718 0.0590496873281893 0.321667087832432
0.075212935163849 0.017411573062721 0.371565196104792 0.535810295668638
0.000182538023373456 0.351905874204729 0.404752517223538 0.24315907054836
0.276956591897147 0.356888366041824 0.228336666517597 0.137818375543432
0.251452496567205 0.275437479619348 0.369834875200509 0.103275148612938
0.248130680837144 0.321986064988358 0.402496854034481 0.0273864001400177
0.461931210767711 0.132741520993417 0.198675526320135 0.206651741918737
0.168915439252979 0.249129591539025 0.0700970955440629 0.511857873663934
0.436634609833916 0.258260556273785 0.084760062561851 0.220344771330448
0.218722878241644 0.15585982778122 0.180325128122513 0.445092165854623
0.27006454022848 0.320186744738336 0.275282951284569 0.134465763748616
0.233388269004207 0.154708369006547 0.310824463806249 0.301078898182997
0.196490020685724 0.233512105089527 0.243952346317881 0.326045527906868
0.381964185595509 0.492990242195013 0.05757797348009 0.0674675987293883
0.18486228826454 0.389163908222767 0.368085285778615 0.0578885177340784
0.315498560003121 0.192681541609916 0.278264196587549 0.213555701799414
0.461381189639962 0.0201542032876603 0.238433599070352 0.280031008002026
0.146557073181091 0.450937595328516 0.0937094642161329 0.30879586727426
0.0612624224771055 0.263971372338914 0.348030454401359 0.326735750782621
0.297790559721616 0.210437668336781 0.0855640822262764 0.406207689715326
0.0405360567971251 0.466783021714145 0.129312059141383 0.363368862347347
0.302077174669273 0.28580159754023 0.152159745528039 0.259961482262458
0.204808274695804 0.176087322567471 0.541937648447577 0.0771667542891481
0.544115796650074 0.0216251397201659 0.431462065919085 0.00279699771067505
0.0257659911175297 0.29108290143549 0.436609231324095 0.246541876122885
0.264870513377519 0.0974155588682028 0.313260660041957 0.324453267712322
0.58335014890767 0.315306936860039 0.0753674024152299 0.0259755118170606
0.00993599110804034 0.128370984081657 0.169746181887688 0.691946842922615
0.330689604831642 0.251359897383918 0.386202320336369 0.0317481774480704
0.0878169937935371 0.369244212687172 0.360501236865462 0.182437556653829
0.394071264715689 0.10505175621967 0.106833466734991 0.39404351232965
0.358296110054476 0.321314793914096 0.197203093875053 0.123186002156375
0.171092187603474 0.221871010975094 0.308983067837411 0.298053733584021
0.0961718404171545 0.299560860547239 0.0691128183874384 0.535154480648168
0.0836211065443991 0.348037374238832 0.29247408024351 0.275867438973259
0.321236531668927 0.0630122906346717 0.171184558104744 0.444566619591657
0.137518565200576 0.00153415712244589 0.559573914353745 0.301373363323233
0.193441719443288 0.306108410292722 0.171439989734743 0.329009880529247
0.423058432094881 0.20791711593593 0.265418113500482 0.103606338468707
0.152938744827308 0.231915223795207 0.40936711333316 0.205778918044326
0.281747160844256 0.238523864759025 0.0945327503437592 0.385196224052959
0.287073222062904 0.215852420253374 0.243892707849106 0.253181649834616
0.318865240966169 0.105692504723216 0.349777759437428 0.225664494873186
0.319728943207266 0.0531390256489595 0.299895366496174 0.327236664647601
0.474206148112193 0.0509176844224603 0.184499440712428 0.290376726752918
0.66858051373306 0.246838176477724 0.0350115910641483 0.0495697187250675
0.508126008084948 0.113593688465213 0.211755728571699 0.16652457487814
0.21740895233112 0.31216924665759 0.290996804269602 0.179424996741687
0.0197572725833417 0.0824147930506913 0.449034666107459 0.448793268258508
0.340085811206595 0.0770145923034842 0.428426422888157 0.154473173601763
0.0274340716418761 0.279823039670867 0.319543154471364 0.373199734215893
0.288613635897604 0.192708615019729 0.326830081528817 0.19184766755385
0.31933765720239 0.295653538342689 0.221549922991843 0.163458881463078
0.328532504962219 0.299148582902214 0.0804384112917542 0.291880500843813
0.0964217355244217 0.383244516688994 0.186249819057935 0.33408392872865
0.0253094457915068 0.4518700236314 0.126624180205219 0.396196350371874
0.0630067583791137 0.19468365885723 0.382465250179315 0.359844332584341
0.318022390272354 0.339843770826876 0.145082559508066 0.197051279392705
0.292692626391743 0.192464746083438 0.328742189345292 0.186100438179527
0.187203597702575 0.262266692333964 0.254363936088463 0.296165773874998
0.133835615423241 0.389382852073777 0.318167739970507 0.158613792532475
0.20899946721174 0.237498184514963 0.125766738575768 0.427735609697529
0.322553869182978 0.300310085748457 0.353235379674396 0.0239006653941683
0.377504446680512 0.0157512581246998 0.246135361228825 0.360608933965963
0.225839624759611 0.112789802412452 0.318537428282608 0.34283314454533
0.0174674478901168 0.0908289716886052 0.437509935562026 0.454193644859252
0.255659200719875 0.222077175017261 0.205035071976375 0.317228552286489
0.056078117005063 0.461195090638753 0.182692670264227 0.300034122091958
0.303264008798305 0.0714681711800915 0.233466984788197 0.391800835233407
0.468559786503854 0.122033421707168 0.116491978781445 0.292914813007533
0.151079972309855 0.151337259405512 0.36556556538523 0.332017202899404
