0.195443964842558 0.0454371229479117 0.474706121238521 0.11316172258485 0.171251068386159
0.256956889826195 0.0791142685245529 0.328547018160285 0.113524054713617 0.22185776877535
0.201736042533167 0.0366494778726298 0.261066963627794 0.2203563422877 0.28019117367871
0.276996807343767 0.00419201029267334 0.105400950183368 0.296045340841507 0.317364891338685
0.316694482643284 0.229363491703336 0.00316267305314304 0.343517906406908 0.107261446193329
0.261289366462806 0.247277475390054 0.171676710761698 0.294869107563597 0.0248873398218453
0.0424554088243927 0.267633195707429 0.36400639421643 0.139996861635597 0.185908139616152
0.0584830074071207 0.568735278244558 0.264423984355624 0.0231903457335955 0.0851673842591012
0.0148849920675811 0.245106337853949 0.278737499140437 0.174319078958225 0.286952091979808
0.115343049825652 0.269352378956627 0.0611258793064695 0.198170804968731 0.35600788694252
0.182565010089131 0.20885090019659 0.229762886080067 0.19835894045458 0.180462263179632
0.14475704118017 0.307437322558402 0.127417446195322 0.221366569825769 0.199021620240337
0.21166443993993 0.0356751528036493 0.577021047059462 0.0702620089258092 0.10537735127115
0.046148640850612 0.186099408835831 0.169660344425199 0.580773104815908 0.0173185010724503
0.184919394833096 0.0893052900097857 0.429267891748035 0.00374015695868396 0.292767266450399
0.220585714055852 0.0737890472481823 0.209494456934589 0.287184879275957 0.208945902485419
0.163762072825336 0.193431180423647 0.187805407938746 0.106128197420483 0.348873141391788
0.385402358315592 0.212963205541869 0.229789178782447 0.0484526908769959 0.123392566483097
0.232706607828134 0.1481053620756 0.378109832188513 0.129595902397462 0.111482295510291
0.23969428942081 0.185119113705352 0.280766947055133 0.105026561791961 0.189393088026745
0.379431669328386 0.345197587518489 0.14471326467002 0.0837582604293503 0.0468992180537542
0.277193324857296 0.320090087871388 0.128164459781948 0.215789309889477 0.0587628175998909
0.438756215952757 0.0239180234891394 0.0161834568010137 0.42706034965829 0.0940819540987995
0.0790323844264927 0.511117530596748 0.355257584093971 0.0175746967599057 0.0370178041228831
0.351281471657353 0.0348334815174673 0.145683823268983 0.306232612307995 0.161968611248201
0.289193368869475 0.147059513167915 0.20947428516813 0.275328088567479 0.0789447442270009
0.230732142304078 0.203559016033857 0.1367620138847 0.224607425140172 0.204339402637194
0.207308454210534 0.151206646634557 0.32494730382187 0.0631224242727421 0.253415171060297
0.231452377094753 0.193217861533401 0.0626908344524002 0.344670626720299 0.167968300199148
0.151781476911138 0.152399322034879 0.213085247889113 0.227936053427553 0.254797899737316
0.400082329806384 0.0135365719760503 0.1156279203102 0.0821619123606521 0.388591265546713
0.169752650892066 0.329290836672005 0.37230913431528 0.0124175450417393 0.11622983307891
0.240177205466484 0.239305486808497 0.211565570262649 0.0860919792514863 0.222859758210883
0.0985093430681617 0.327948584126017 0.236690494777853 0.245452682982084 0.0913988950458839
0.00808629082803788 0.371166154218382 0.426334247456675 0.155383383182377 0.0390299243145282
0.0782901985887139 0.32964420604278 0.0602223051620105 0.0736282119266844 0.458215078279811
0.0381508757330746 0.103747863278258 0.269618804601851 0.246071306518091 0.342411149868725
0.125256986885758 0.156454206087969 0.0913785208352168 0.206829748077509 0.420080538113548
0.236783389086048 0.229465756876387 0.123487904099496 0.113356236081072 0.296906713856997
0.136366173965009 0.117867836689644 0.3860431252196 0.353659899664558 0.00606296446118929
0.306697209379318 0.070745418229644 0.00700629724834892 0.232466617920174 0.383084457222515
0.0364898524788045 0.252954489659983 0.437017178244421 0.234957357736829 0.038581121879962
0.233542161511566 0.198134613370812 0.285754612856214 0.0445702239116301 0.237998388349778
0.192231275536329 0.359710619882504 0.115407628423495 0.16393339229797 0.168717083859702
0.230581504774895 0.348270321112794 0.261287384208664 0.036423601880909 0.123437188022738
0.203950738780498 0.292084257439195 0.0541419059253238 0.0809430626489144 0.36888003520607
0.306669302647693 0.0666454478996355 0.190030994819731 0.412514903446274 0.0241393511866665
0.113495348125772 0.24021479295047 0.129036414149742 0.340957958595084 0.176295486178932
0.0161280411118117 0.291975338406565 0.276978552083856 0.114568771644695 0.300349296753073
0.00476312491216086 0.270180360160584 0.32388351101161 0.282840975233864 0.118332028681782
0.0260090361554637 0.262090720085607 0.248996195728145 0.161524134131291 0.301379913899492
0.171156314088563 0.311903379683337 0.12738383047571 0.0585233208083388 0.331033154944051
0.0991097206677974 0.46512751118042 0.204796623614665 0.117996497405592 0.112969647131526
0.0117587321191736 0.208172828307996 0.197572556500507 0.459841762240518 0.122654120831804
0.0796398441805554 0.331312375399662 0.287633930886912 0.0414904051535082 0.259923444379363
0.165768414436898 0.260740954089399 0.215602969837463 0.293643173022077 0.0642444886141626
0.094712319854485 0.162091275487338 0.30985186995478 0.014551354685188 0.41879318001821
0.237737881405733 0.250686591843042 0.204505763716433 0.0780318854177147 0.229037877617076
0.19558385517632 0.445393042788147 0.105114065554258 0.0769008325769868 0.177008203904289
0.0588383435276572 0.159466217949194 0.243200173696077 0.408526567891343 0.129968696935729
0.159472392756974 0.248382791885673 0.192458829677806 0.0724762175114992 0.327209768168048
0.206239214033896 0.230203209509876 0.161689060138156 0.222183373975738 0.179685142342334
0.438989527044471 0.105567166528729 0.278488225560683 0.163625883626978 0.0133291972391392
0.161512431483936 0.0720505385957384 0.260692733175657 0.26504439199223 0.240699904752439
0.0324070563253136 0.442682312470227 0.339899279193064 0.17554953303734 0.00946181897405495
0.261583525613235 0.169359737292167 0.173700088756886 0.204156474418467 0.191200173919245
0.26431933062009 0.0738221622193248 0.0384442166988026 0.0965631860877712 0.526851104374011
0.369273513678066 0.385607714280809 0.0629237680398827 0.000436574790252647 0.18175842921099
0.310078674446151 0.0885583825635316 0.20958123587246 0.189639635517647 0.20214207160021
0.312118336876179 0.16202481245834 0.143078676624104 0.0603667136142993 0.322411460427078
0.00680973332557087 0.374060115124047 0.183896006925922 0.18125353979289 0.25398060483157
0.336227416871574 0.000182668003415827 0.473290689667234 0.118197305321347 0.07210192013643
0.135506377909778 0.200350006347235 0.234345378921994 0.279248149151591 0.150550087669402
0.416156666640884 0.253781985563307 0.121805112841289 0.202147138087704 0.00610909686681702
0.227413255126243 0.136426003436928 0.194084125870388 0.205667745628384 0.236408869938057
0.184115752491706 0.610685519339805 0.143214412318262 0.0316105005881034 0.0303738152621239
0.0591345809829822 0.449707579737571 0.0462525798985214 0.416951949687467 0.0279533096934587
0.180105431043638 0.257351597642466 0.120294721759699 0.0277550684655424 0.414493181088654
0.0476896251366023 0.0951330425255192 0.316252256105792 0.444945981864332 0.0959790943677543
0.175890985131286 0.252317314653555 0.31039260372198 0.0199397971675918 0.241459299325587
0.14445097864428 0.0660769473891722 0.192396087383109 0.371447846589143 0.225628139994296
0.297678231148199 0.0946966643966988 0.0516866668982194 0.406564024795814 0.149374412761069
0.145039924049596 0.0172468114606982 0.33706563318562 0.192565336194648 0.308082295109438
0.00753411439343718 0.378918479613946 0.263294770130717 0.277348142955759 0.0729044929061412
0.167117212137708 0.150840902699857 0.154777577915822 0.22695512612797 0.300309181118643
0.228159891564575 0.266693168799571 0.245532199991959 0.149797192515685 0.10981754712821
0.129825454849231 0.221729489526387 0.355116055593347 0.0646026860470514 0.228726313983984
0.228217609475942 0.240488923983968 0.211639328537693 0.194030846860108 0.125623291142289
0.307340031873446 0.256243256757065 0.194243749737317 0.150361250182686 0.0918117114494855
0.229915839579104 0.143912632138087 0.256740060003801 0.306937708283561 0.0624937599954472
0.265132527072734 0.0546595120646217 0.0426896250877596 0.341108939285909 0.296409396488976
0.00418470095996233 0.444980653287167 0.147591150323953 0.301104810796411 0.102138684632507
0.268261681657127 0.00400952786219128 0.278438130802704 0.337811450703283 0.111479208974695
0.1377855570221 0.334099861949764 0.200663261795581 0.275490926749029 0.0519603924835257
0.010406079730269 0.13611156292831 0.282978672410268 0.272995207391435 0.297508477539718
0.247589981370804 0.174265678361805 0.197692952106012 0.0878047068900937 0.292646681271285
0.31166158837169 0.127341982332727 0.152709410689283 0.184104168485873 0.224182850120427
0.253006097218152 0.223566283718721 0.181348015659464 0.233458387398119 0.108621216005544
0.28289344815639 0.0436337417270014 0.0757311275045186 0.413133836850097 0.184607845761992
0.265867367510201 0.252281487441949 0.227527580672011 0.164495624361762 0.0898279400140776
